run, initial grid state, final grid state, mean grid cell occupancy, mean binding site occupancy, fraction of time with N TFs bound, warning
1, 111111, 111111, 0.992446549167494, 0.992446549167494, 0.0 0.0 0.0 0.0 0.0008883862618171687 0.04354393247140117 0.9555676812667818, 
2, 111111, 111111, 0.991654087463944, 0.991654087463944, 0.0 0.0 0.0 0.0 0.00015232209724596452 0.04977083102184376 0.9500768468809103, 
3, 111111, 111111, 0.9914611838963201, 0.9914611838963201, 0.0 0.0 0.0 0.0 0.0025188718946874506 0.046195152832704714 0.9512859752726078, 
4, 111111, 111110, 0.9900258216385467, 0.9900258216385467, 0.0 0.0 0.0 0.0 0.002418999597361478 0.055007070973997305 0.9425739294286414, 
5, 111111, 111111, 0.9912838890764091, 0.9912838890764091, 0.0 0.0 0.0 0.0 0.0014079182325121562 0.049480829076521494 0.9491112526909663, 
6, 111111, 111111, 0.9936249136363878, 0.9936249136363878, 0.0 0.0 0.0 0.0 0.0016921013814161045 0.03486631541884119 0.9634415831997426, 
7, 111111, 111111, 0.9922843214958916, 0.9922843214958916, 0.0 0.0 0.0 0.0 0.0010413957376338605 0.04421127954938229 0.9547473247129838, 
8, 111111, 111111, 0.9919462486286333, 0.9919462486286333, 0.0 0.0 0.0 0.0 0.0007843701740028236 0.046753767880194634 0.9524618619458026, 
9, 111111, 111111, 0.994929582596687, 0.994929582596687, 0.0 0.0 0.0 0.0 0.0017417552457890829 0.02693899392830069 0.9713192508259102, 
10, 111111, 111111, 0.9932604556235325, 0.9932604556235325, 0.0 0.0 0.0 0.0 0.0010434532808394849 0.03835035969712613 0.9606061870220344, 
11, 011111, 111111, 0.9922189601573369, 0.9922189601573369, 0.0 0.0 0.0 0.0 0.0007502666497206891 0.04518570575653733 0.954064027593742, 
12, 111111, 111111, 0.9956581024783023, 0.9956581024783023, 0.0 0.0 0.0 0.0 0.0003238081512491175 0.02540376882768696 0.974272423021064, 
13, 111111, 111111, 0.9918424976987247, 0.9918424976987247, 0.0 0.0 0.0 0.0 0.002432343298128877 0.044080327211393676 0.9534873294904774, 
14, 111111, 111111, 0.9947243741386272, 0.9947243741386272, 0.0 0.0 0.0 0.0 0.00015414228300598702 0.03134547060222408 0.96850038711477, 
15, 111111, 111111, 0.9935290514270572, 0.9935290514270572, 0.0 0.0 0.0 0.0 0.0 0.038825691437657 0.961174308562343, 
16, 111111, 111111, 0.9941306791574132, 0.9941306791574132, 0.0 0.0 0.0 0.0 0.0005557301186303568 0.0341044648182613 0.9653398050631085, 
17, 111111, 111111, 0.9936233000635531, 0.9936233000635531, 0.0 0.0 0.0 0.0 0.0007360757059992441 0.03678804820668323 0.9624758760873176, 
18, 111111, 111111, 0.9927982884490664, 0.9927982884490664, 0.0 0.0 0.0 0.0 0.0019702929846216366 0.03926968333635865 0.9587600236790197, 
19, 111111, 011111, 0.9921950819284896, 0.9921950819284896, 0.0 0.0 0.0 0.0 0.0021284451097132247 0.04257261820963564 0.9552989366806512, 
20, 111111, 111111, 0.9932335919118457, 0.9932335919118457, 0.0 0.0 0.0 0.0 6.163835020793369e-05 0.04047517182850902 0.9594631898212831, 
21, 111111, 111111, 0.9928669514803822, 0.9928669514803822, 0.0 0.0 0.0 0.0 0.0 0.042798291117707554 0.9572017088822924, 
22, 111111, 111111, 0.9935854811734468, 0.9935854811734468, 0.0 0.0 0.0 0.0 0.001586955134177457 0.03531320269096322 0.9630998421748592, 
23, 111111, 111111, 0.9936011382559078, 0.9936011382559078, 0.0 0.0 0.0 0.0 0.0015660209760918666 0.035261128512369136 0.9631728505115391, 
24, 111111, 111111, 0.9917318733429554, 0.9917318733429554, 0.0 0.0 0.0 0.0 0.002318347377514328 0.04497206518724066 0.952709587435245, 
25, 111111, 111111, 0.9929250905764219, 0.9929250905764219, 0.0 0.0 0.0 0.0 0.0 0.04244945654146782 0.9575505434585323, 
26, 111111, 111111, 0.9941937303502761, 0.9941937303502761, 0.0 0.0 0.0 0.0 0.0009057398677356948 0.03302613816287242 0.966068121969392, 
27, 111111, 111111, 0.994877960362953, 0.994877960362953, 0.0 0.0 0.0 0.0 0.0 0.030732237822282495 0.9692677621777174, 
28, 011111, 111111, 0.9954255452409714, 0.9954255452409714, 0.0 0.0 0.0 0.0 0.00026615734535469297 0.026914413863462407 0.972819428791183, 
29, 111111, 111111, 0.9912348262278752, 0.9912348262278752, 0.0 0.0 0.0 0.0 0.0015819523521659658 0.049427137928416576 0.9489909097194174, 
30, 111111, 111111, 0.9924350432926422, 0.9924350432926422, 0.0 0.0 0.0 0.0 0.000886594185338894 0.043616551873469155 0.955496853941192, 
31, 111111, 111111, 0.9918305908856596, 0.9918305908856596, 0.0 0.0 0.0 0.00022400528135988623 0.0013726716952639532 0.045599095451435104 0.9528042275719409, 
32, 111111, 111111, 0.9933376988349659, 0.9933376988349659, 0.0 0.0 0.0 0.0 0.00013907688430867237 0.039695653221587385 0.960165269894104, 
33, 111111, 111111, 0.99400622836039, 0.99400622836039, 0.0 0.0 0.0 0.0 0.0 0.035962629837659896 0.9640373701623401, 
34, 111111, 111111, 0.9915487802511126, 0.9915487802511126, 0.0 0.0 0.0 0.0 0.00022136607139371244 0.05026458635053751 0.9495140475780688, 
35, 111111, 111111, 0.9925562264281731, 0.9925562264281731, 0.0 0.0 0.0 0.0 0.0015369571216521623 0.041588727187656264 0.9568743156906916, 
36, 111111, 111111, 0.9904126451258627, 0.9904126451258627, 0.0 0.0 0.0 0.0 0.004373982893428382 0.04877616345796765 0.946849853648604, 
37, 111111, 111111, 0.9926375261850007, 0.9926375261850007, 0.0 0.0 0.0 0.0 0.0008799514105630395 0.04241494006887015 0.9567051085205668, 
38, 111111, 111111, 0.9909511948272184, 0.9909511948272184, 0.0 0.0 0.0 0.0 0.0032294118473374443 0.0478340073420152 0.9489365808106474, 
39, 111111, 111111, 0.9905690499008257, 0.9905690499008257, 0.0 0.0 0.0 0.001131590397426884 0.0029876013695212442 0.04721572666372286 0.948665081569329, 
40, 111111, 111111, 0.9953135315402488, 0.9953135315402488, 0.0 0.0 0.0 0.0 0.00022228529597922566 0.027674240166548618 0.9721034745374721, 
41, 111111, 111111, 0.991479291201481, 0.991479291201481, 0.0 0.0 0.0 0.000305395320815439 0.005506669847231026 0.03919472713420624 0.9549932076977473, 
42, 111111, 111111, 0.9960987143322015, 0.9960987143322015, 0.0 0.0 0.0 0.0 0.0 0.023407714006791813 0.9765922859932081, 
43, 111111, 111111, 0.9947108944357678, 0.9947108944357678, 0.0 0.0 0.0 0.0 0.0002893847738700897 0.031155863837653112 0.9685547513884767, 
44, 111111, 111111, 0.992311030647143, 0.992311030647143, 0.0 0.0 0.0 0.0 0.001652168415649689 0.042829479285841125 0.9555183522985092, 
45, 111111, 111111, 0.9913374851811584, 0.9913374851811584, 0.0 0.0 0.0 0.0 0.0016047371614334527 0.0487656145901828 0.9496296482483838, 
46, 111111, 111111, 0.9945992841796699, 0.9945992841796699, 0.0 0.0 0.0 0.0 0.0007757965700403392 0.030852701781899455 0.9683715016480602, 
47, 111111, 111111, 0.9932886383327726, 0.9932886383327726, 0.0 0.0 0.0 0.0 0.001123810208115722 0.03802054958713379 0.9608556402047506, 
48, 111111, 111111, 0.9930055889842976, 0.9930055889842976, 0.0 0.0 0.0 0.0 0.00197584924136153 0.038014767611491564 0.9600093831471468, 
49, 111111, 111111, 0.9899713985802409, 0.9899713985802409, 0.0 0.0 0.0 0.0 0.0038491959478188847 0.05247321662291707 0.943677587429264, 
50, 111111, 111111, 0.9909596331217397, 0.9909596331217397, 0.0 0.0 0.0 0.0 0.0035772323628410012 0.04708773654387725 0.9493350310932817, 
51, 111111, 111111, 0.9928239444722344, 0.9928239444722344, 0.0 0.0 0.0 0.0 7.559530925330143e-05 0.04290514254808792 0.9570192621426589, 
52, 111111, 111111, 0.993123561783351, 0.993123561783351, 0.0 0.0 0.0 0.0 0.00024269508766477636 0.040773239124562585 0.9589840657877726, 
53, 111111, 111111, 0.9944723937582173, 0.9944723937582173, 0.0 0.0 0.0 0.0 0.0005774512517605606 0.03201073494717605 0.9674118138010634, 
54, 111111, 111111, 0.9930625409346763, 0.9930625409346763, 0.0 0.0 0.0 0.0 0.0005911225632732532 0.04044250926539594 0.9589663681713307, 
55, 111111, 011111, 0.9922065107613621, 0.9922065107613621, 0.0 0.0 0.0 0.0 0.0001880846276251851 0.046384766176576255 0.9534271491957985, 
56, 111111, 111111, 0.9940373718009399, 0.9940373718009399, 0.0 0.0 0.0 0.0 0.001085097614566171 0.03360557396522775 0.9653093284202061, 
57, 111111, 111111, 0.991389202230974, 0.991389202230974, 0.0 0.0 0.0 0.0 0.0015094379421499338 0.048645910729855926 0.9498446513279942, 
58, 111111, 111111, 0.9950090505448043, 0.9950090505448043, 0.0 0.0 0.0 0.0 0.00046899251833317374 0.029007711694508706 0.9705232957871582, 
59, 111111, 111111, 0.9927396942021551, 0.9927396942021551, 0.0 0.0 0.0 0.0 0.0 0.043561834787069646 0.9564381652129303, 
60, 111111, 111111, 0.9929568882295831, 0.9929568882295831, 0.0 0.0 0.0 0.0 0.0004138746431314282 0.041430921336238234 0.9581552040206304, 
61, 111111, 111111, 0.992030575737856, 0.992030575737856, 0.0 0.0 0.0 0.0 0.0005682343479068123 0.046680076877050905 0.9527516887750422, 
62, 111111, 111111, 0.991556810376209, 0.991556810376209, 0.0 0.0 0.0 0.0 0.005103121595068225 0.04045289455261046 0.9544439838523214, 
63, 111111, 111111, 0.9916481020330988, 0.9916481020330988, 0.0 0.0 0.0 0.0 1.1318528266464251e-05 0.050088750744874164 0.9498999307268594, 
64, 111111, 111111, 0.9945959767981061, 0.9945959767981061, 0.0 0.0 0.0 0.0 0.0 0.03242413921136367 0.9675758607886363, 
65, 111111, 111111, 0.9920799086058658, 0.9920799086058658, 0.0 0.0 0.0 0.0 0.0011836242276633052 0.04515329990947892 0.9536630758628578, 
66, 111111, 111111, 0.9939033282655517, 0.9939033282655517, 0.0 0.0 0.0 0.0 0.0014874917973540008 0.033605046811981204 0.9649074613906647, 
67, 111111, 111111, 0.9920220646538801, 0.9920220646538801, 0.0 0.0 0.0 0.0 0.0011089094065563612 0.045649793263606894 0.9532412973298366, 
68, 111111, 111111, 0.994068849460601, 0.994068849460601, 0.0 0.0 0.0 0.0 0.0 0.03558690323639404 0.9644130967636059, 
69, 111111, 111111, 0.9942603474612645, 0.9942603474612645, 0.0 0.0 0.0 0.0 0.0011487784680235611 0.032140358296364406 0.966710863235612, 
70, 111111, 111111, 0.991112005877125, 0.991112005877125, 0.0 0.0 0.0 0.0 0.0014637691580301928 0.050400426421189956 0.9481358044207798, 
71, 111111, 111111, 0.9930229943498704, 0.9930229943498704, 0.0 0.0 0.0 0.0 0.0 0.04186203390077743 0.9581379660992226, 
72, 111111, 111111, 0.9908258895249225, 0.9908258895249225, 0.0 0.0 0.0 0.0 0.00024320027819089605 0.05455826229408385 0.9451985374277252, 
73, 111111, 111111, 0.9911741638231267, 0.9911741638231267, 0.0 0.0 0.0 0.0 0.002152279329779126 0.04865045840168234 0.9491972622685386, 
74, 111111, 111110, 0.9929188879249656, 0.9929188879249656, 0.0 0.0 0.0 0.0 0.0003484482878521877 0.04178977587450305 0.9578617758376448, 
75, 111111, 111111, 0.9943643027052895, 0.9943643027052895, 0.0 0.0 0.0 0.0 0.0015361480998108456 0.030741887568640876 0.9677219643315483, 
76, 111111, 111111, 0.9933545614379463, 0.9933545614379463, 0.0 0.0 0.0 0.0 0.001114944953918519 0.03764274146448402 0.9612423135815975, 
77, 111110, 111111, 0.9916993894860361, 0.9916993894860361, 0.0 0.0 0.0 0.0 0.003065569409492162 0.04367252426479998 0.953261906325708, 
78, 111111, 111111, 0.9946890851430981, 0.9946890851430981, 0.0 0.0 0.0 0.0 0.0007651240772470391 0.030335240986918064 0.968899634935835, 
79, 111111, 111111, 0.9922888894562348, 0.9922888894562348, 0.0 0.0 0.0 0.0 0.003148282343438299 0.039970098575714055 0.9568816190808475, 
80, 111111, 111111, 0.9916545143464726, 0.9916545143464726, 0.0 0.0 0.0 0.0 0.00033260409205227364 0.049407705737060395 0.9502596901708874, 
81, 111111, 111111, 0.9916446493046245, 0.9916446493046245, 0.0 0.0 0.0 0.0 0.0012827221522045357 0.047566659867843995 0.9511506179799515, 
82, 111111, 111110, 0.9902365204422909, 0.9902365204422909, 0.0 0.0 0.0 0.0 0.004377430488552225 0.04982601636915018 0.9457965531422975, 
83, 111111, 111111, 0.9912765812644355, 0.9912765812644355, 0.0 0.0 0.0 0.0 0.0 0.05234051241338687 0.9476594875866131, 
84, 111111, 111111, 0.9919512105908249, 0.9919512105908249, 0.0 0.0 0.0 0.00029858930627372685 0.0005783039379021773 0.04624036066042549 0.9528827460953986, 
85, 111111, 111111, 0.9921437820124035, 0.9921437820124035, 0.0 0.0 0.0 0.0 0.0020593902960188634 0.043018527333542 0.9549220823704392, 
86, 111111, 111111, 0.9943254448265701, 0.9943254448265701, 0.0 0.0 0.0 0.0 0.0010388676346680585 0.03196959577124178 0.9669915365940902, 
87, 111111, 111111, 0.9915756887143455, 0.9915756887143455, 0.0 0.0 0.0 0.0 0.0 0.05054586771392785 0.949454132286072, 
88, 111111, 111111, 0.9914560102384694, 0.9914560102384694, 0.0 0.0 0.0 0.0 0.0 0.05126393856918352 0.9487360614308165, 
89, 111111, 111111, 0.9943415336920253, 0.9943415336920253, 0.0 0.0 0.0 0.0 0.00021442422198868772 0.0335219494038711 0.9662636263741402, 
90, 111111, 111111, 0.9933437341370832, 0.9933437341370832, 0.0 0.0 0.0 0.0 0.0007560839979551009 0.03842542718159166 0.9608184888204533, 
91, 011111, 111111, 0.9925383790437093, 0.9925383790437093, 0.0 0.0 0.0 0.0 0.0009261850573164018 0.04291735562311164 0.9561564593195719, 
92, 111111, 111111, 0.9927488529650815, 0.9927488529650815, 0.0 0.0 0.0 0.0 0.0 0.04350688220951031 0.9564931177904897, 
93, 111111, 111111, 0.99160724976943, 0.99160724976943, 0.0 0.0 0.0 0.0 0.0006899007579305202 0.04897669986755917 0.9503333993745103, 
94, 111111, 111111, 0.9917869743604739, 0.9917869743604739, 0.0 0.0 0.0 0.0 0.002684811876402337 0.043908530084351756 0.9534066580392458, 
95, 111111, 111111, 0.9931037046746551, 0.9931037046746551, 0.0 0.0 0.0 0.0 0.0008226078195052938 0.03973255631305867 0.959444835867436, 
96, 111111, 111111, 0.9903577848534931, 0.9903577848534931, 0.0 0.0 0.0 0.0 0.003471993451953575 0.05090930397513451 0.9456187025729119, 
97, 111111, 111111, 0.9937991002315179, 0.9937991002315179, 0.0 0.0 0.0 0.0 0.00016056769600935814 0.036884263218874856 0.9629551690851157, 
98, 111110, 111110, 0.9922175855846997, 0.9922175855846997, 0.0 0.0 0.0 0.0 0.0016676153866282918 0.04335925571854512 0.9549731288948267, 
99, 111111, 111111, 0.9926068333687966, 0.9926068333687966, 0.0 0.0 0.0 0.0 0.0002587855940227452 0.04384142859917593 0.9558997858068012, 
100, 111111, 111111, 0.9908781375476123, 0.9908781375476123, 0.0 0.0 0.0 0.0 0.0010612918965139198 0.05260859092129864 0.9463301171821874, 
