run, initial grid state, final grid state, mean grid cell occupancy, mean binding site occupancy, fraction of time with N TFs bound, warning
1, 111111, 111111, 0.9684759366930803, 0.9684759366930803, 0.0 0.0 0.0 0.0 0.0 0.1891443798415193 0.8108556201584808, 
2, 111111, 111111, 0.9954101629557266, 0.9954101629557266, 0.0 0.0 0.0 0.0 0.0 0.027539022265640666 0.9724609777343594, 
3, 111111, 111111, 0.9838701683445135, 0.9838701683445135, 0.0 0.0 0.0 0.0 0.0 0.09677898993291977 0.9032210100670802, 
4, 111111, 111111, 0.9890375499926395, 0.9890375499926395, 0.0 0.0 0.0 0.0 0.00749883510887186 0.05077702982641891 0.9417241350647093, 
5, 111111, 111111, 0.9963158308603444, 0.9963158308603444, 0.0 0.0 0.0 0.0 0.0 0.022105014837933278 0.9778949851620667, 
6, 111111, 111111, 0.9877678202367344, 0.9877678202367344, 0.0 0.0 0.0 0.0 0.0 0.07339307857959436 0.9266069214204058, 
7, 111111, 111111, 0.9855636388721422, 0.9855636388721422, 0.0 0.0 0.0 0.0 0.0 0.08661816676714655 0.9133818332328535, 
8, 111110, 111111, 0.9554049359630665, 0.9554049359630665, 0.0 0.0 0.0 0.0 0.05299058708377701 0.16158921005404708 0.785420202862176, 
9, 111111, 011111, 0.9681898446148668, 0.9681898446148668, 0.0 0.0 0.0 0.0 0.0 0.1908609323108 0.8091390676892, 
10, 111111, 111111, 0.999753747321396, 0.999753747321396, 0.0 0.0 0.0 0.0 0.0 0.001477516071624792 0.9985224839283752, 
11, 011111, 111111, 0.9894351701581647, 0.9894351701581647, 0.0 0.0 0.0 0.0 0.01552844796275877 0.03233208312549384 0.9521394689117474, 
12, 111111, 111111, 0.9866098982265308, 0.9866098982265308, 0.0 0.0 0.0 0.0 0.0 0.08034061064081564 0.9196593893591843, 
13, 111111, 111111, 0.9861435112890595, 0.9861435112890595, 0.0 0.0 0.0 0.0 0.0 0.08313893226564335 0.9168610677343566, 
14, 111111, 111111, 0.9976875525081818, 0.9976875525081818, 0.0 0.0 0.0 0.0 0.0 0.013874684950908758 0.9861253150490913, 
15, 111111, 111111, 1.0, 1.0, 0.0 0.0 0.0 0.0 0.0 0.0 1.0, 
16, 111111, 111111, 0.9970624635791657, 0.9970624635791657, 0.0 0.0 0.0 0.0 0.0 0.017625218525005665 0.9823747814749942, 
17, 111111, 111111, 0.9707586253074235, 0.9707586253074235, 0.0 0.0 0.0 0.0 0.0 0.1754482481554593 0.8245517518445407, 
18, 111111, 111111, 0.9954549425634742, 0.9954549425634742, 0.0 0.0 0.0 0.0 0.0 0.027270344619154008 0.972729655380846, 
19, 111111, 111111, 1.0, 1.0, 0.0 0.0 0.0 0.0 0.0 0.0 1.0, 
20, 111111, 111111, 0.9674548750799592, 0.9674548750799592, 0.0 0.0 0.0 0.0 0.009627208432972312 0.1760163326543004 0.8143564589127273, 
21, 000000, 000000, 1.5548517889283688e-05, 1.5548517889283688e-05, 0.9999067088926644 9.329110733570212e-05, 
22, 111111, 111111, 0.9452161646400921, 0.9452161646400921, 0.0 0.0 0.0 0.0 0.028764771779638085 0.271173468600172 0.70006175962019, 
23, 111111, 111111, 0.9717995544884341, 0.9717995544884341, 0.0 0.0 0.0 0.0 0.06098489436575065 0.04723288433789355 0.8917822212963559, 
24, 111111, 111111, 0.9976412275819351, 0.9976412275819351, 0.0 0.0 0.0 0.0 0.0 0.014152634508389071 0.9858473654916109, 
25, 111111, 111111, 0.97021707224358, 0.97021707224358, 0.0 0.0 0.0 0.0 0.0 0.17869756653851976 0.8213024334614802, 
26, 111111, 111111, 0.9936910757636235, 0.9936910757636235, 0.0 0.0 0.0 0.0 0.0 0.037853545418259145 0.962146454581741, 
27, 111111, 111111, 0.9747101000597639, 0.9747101000597639, 0.0 0.0 0.0 0.0 0.0 0.15173939964141647 0.8482606003585835, 
28, 111111, 111111, 1.0, 1.0, 0.0 0.0 0.0 0.0 0.0 0.0 1.0, 
29, 111111, 111111, 0.991639574080183, 0.991639574080183, 0.0 0.0 0.0 0.0 0.0 0.05016255551890234 0.9498374444810977, 
30, 111111, 111111, 0.9743839142311317, 0.9743839142311317, 0.0 0.0 0.0 0.0 0.01935709268903686 0.11498232923513625 0.8656605780758269, 
31, 111111, 111111, 0.9878685863235257, 0.9878685863235257, 0.0 0.0 0.0 0.0 0.0 0.07278848205884537 0.9272115179411546, 
32, 111111, 111111, 0.9717093432202031, 0.9717093432202031, 0.0 0.0 0.0 0.0 0.0 0.16974394067878115 0.8302560593212188, 
33, 111111, 111111, 0.9484926405396041, 0.9484926405396041, 0.0 0.0 0.0 0.0 0.07284610026161056 0.16335195623915394 0.7638019434992356, 
34, 111111, 111111, 0.9776617063077072, 0.9776617063077072, 0.0 0.0 0.0 0.0 0.0 0.13402976215375653 0.8659702378462435, 
35, 111111, 111111, 0.99313327583871, 0.99313327583871, 0.0 0.0 0.0 0.0 0.0 0.04120034496773969 0.9587996550322604, 
36, 111111, 111111, 0.9903560420080112, 0.9903560420080112, 0.0 0.0 0.0 0.0 0.0 0.057863747951933345 0.9421362520480666, 
37, 000000, 000000, 1.6906909739216248e-05, 1.6906909739216248e-05, 0.9998985585415648 0.00010144145843529749, 
38, 011111, 111111, 0.9980959221467997, 0.9980959221467997, 0.0 0.0 0.0 0.0 0.0 0.01142446711920215 0.9885755328807978, 
39, 111111, 111111, 0.9968615869643197, 0.9968615869643197, 0.0 0.0 0.0 0.0 0.0 0.01883047821408077 0.9811695217859193, 
40, 111111, 111111, 0.983529902932192, 0.983529902932192, 0.0 0.0 0.0 0.0 0.0 0.09882058240684748 0.9011794175931525, 
41, 111111, 111111, 0.9996581955305386, 0.9996581955305386, 0.0 0.0 0.0 0.0 0.0 0.002050826816768245 0.9979491731832316, 
42, 111111, 111111, 0.9850818561765478, 0.9850818561765478, 0.0 0.0 0.0 0.0 0.0 0.0895088629407129 0.9104911370592872, 
43, 111111, 111111, 0.9774871216517028, 0.9774871216517028, 0.0 0.0 0.0 0.0 0.0 0.13507727008978251 0.8649227299102176, 
44, 111111, 111111, 0.9973720600950368, 0.9973720600950368, 0.0 0.0 0.0 0.0 0.0 0.015767639429779642 0.9842323605702203, 
45, 111111, 111111, 0.9995129090105926, 0.9995129090105926, 0.0 0.0 0.0 0.0 0.0 0.002922545936444748 0.9970774540635553, 
46, 111111, 111111, 0.9876034915578523, 0.9876034915578523, 0.0 0.0 0.0 0.0 0.0 0.07437905065288607 0.9256209493471138, 
47, 111111, 111111, 0.9925841908508637, 0.9925841908508637, 0.0 0.0 0.0 0.0 0.0 0.04449485489481718 0.9555051451051828, 
48, 111111, 111111, 0.993169374349432, 0.993169374349432, 0.0 0.0 0.0 0.0 0.0 0.040983753903407916 0.959016246096592, 
49, 111111, 111111, 0.9690462984758642, 0.9690462984758642, 0.0 0.0 0.0 0.0 0.0 0.1857222091448148 0.8142777908551853, 
50, 111111, 111111, 0.9516812454874254, 0.9516812454874254, 0.0 0.0 0.0 0.0 0.0221798177883012 0.24555289149884482 0.732267290712854, 
51, 011111, 111111, 0.9818835599124475, 0.9818835599124475, 0.0 0.0 0.0 0.0 0.0 0.10869864052531501 0.891301359474685, 
52, 011111, 111111, 0.999357064109314, 0.999357064109314, 0.0 0.0 0.0 0.0 0.0 0.003857615344116444 0.9961423846558836, 
53, 111111, 111111, 0.9816771878910853, 0.9816771878910853, 0.0 0.0 0.0 0.0 0.0 0.10993687265348853 0.8900631273465114, 
54, 111111, 011111, 0.9693986680596145, 0.9693986680596145, 0.0 0.0 0.0 0.0 0.006389348635256946 0.17082929437180022 0.8227813569929429, 
55, 111111, 111110, 0.9507619586056983, 0.9507619586056983, 0.0 0.0 0.0 0.0 0.0 0.2954282483658107 0.7045717516341893, 
56, 111111, 111111, 0.9610924626092087, 0.9610924626092087, 0.0 0.0 0.0 0.0 0.04951016618923742 0.13442489196627355 0.8160649418444891, 
57, 111111, 111111, 0.9667956622392808, 0.9667956622392808, 0.0 0.0 0.0 0.0 0.05504724581007926 0.08913153494415607 0.8558212192457647, 
58, 111111, 111111, 0.9619298604690133, 0.9619298604690133, 0.0 0.0 0.0 0.0 0.0 0.22842083718592016 0.7715791628140798, 
59, 111111, 111111, 0.9967466555523733, 0.9967466555523733, 0.0 0.0 0.0 0.0 0.0 0.019520066685761187 0.9804799333142387, 
60, 111111, 111111, 0.9940060819431905, 0.9940060819431905, 0.0 0.0 0.0 0.0 0.0 0.03596350834085704 0.964036491659143, 
61, 011111, 111111, 0.9670667284911673, 0.9670667284911673, 0.0 0.0 0.0 0.0 0.007128159217082076 0.1833433106188322 0.8095285301640858, 
62, 111111, 111111, 0.988912164547952, 0.988912164547952, 0.0 0.0 0.0 0.0 0.0 0.06652701271228832 0.9334729872877118, 
63, 111111, 111111, 0.9838154951500646, 0.9838154951500646, 0.0 0.0 0.0 0.0 0.0 0.09710702909961218 0.9028929709003878, 
64, 111111, 011111, 0.9704233366381124, 0.9704233366381124, 0.0 0.0 0.0 0.0 0.0 0.17745998017132383 0.8225400198286761, 
65, 111111, 111111, 0.9815411681708776, 0.9815411681708776, 0.0 0.0 0.0 0.0 0.0 0.11075299097473448 0.8892470090252655, 
66, 111111, 111111, 0.9835304484572598, 0.9835304484572598, 0.0 0.0 0.0 0.0 0.0 0.09881730925644137 0.9011826907435585, 
67, 111111, 111111, 0.9985041611754922, 0.9985041611754922, 0.0 0.0 0.0 0.0 0.0 0.008975032947046697 0.9910249670529533, 
68, 000000, 000000, 1.623000214669566e-05, 1.623000214669566e-05, 0.9999026199871199 9.738001288017394e-05, 
69, 111111, 111111, 0.9939235585629821, 0.9939235585629821, 0.0 0.0 0.0 0.0 0.0 0.03645864862210689 0.9635413513778932, 
70, 111111, 111111, 0.9970294615135761, 0.9970294615135761, 0.0 0.0 0.0 0.0 0.0 0.017823230918542782 0.9821767690814572, 
71, 111111, 111111, 0.9724058205157093, 0.9724058205157093, 0.0 0.0 0.0 0.0 0.0 0.16556507690574435 0.8344349230942557, 
72, 111111, 111111, 0.9752330820355877, 0.9752330820355877, 0.0 0.0 0.0 0.0 0.0 0.1486015077864746 0.8513984922135254, 
73, 111111, 111111, 0.9447275451850687, 0.9447275451850687, 0.0 0.0 0.0 0.0 0.1391019257538525 0.05343087738188176 0.8074671968642657, 
74, 111111, 111111, 1.0, 1.0, 0.0 0.0 0.0 0.0 0.0 0.0 1.0, 
75, 111110, 111111, 0.9572202370523842, 0.9572202370523842, 0.0 0.0 0.0 0.0 0.03664970725037477 0.1833791631849446 0.7799711295646806, 
76, 111111, 111111, 0.9950934513155885, 0.9950934513155885, 0.0 0.0 0.0 0.0 0.0 0.029439292106469603 0.9705607078935303, 
77, 011111, 111111, 0.9653538703188852, 0.9653538703188852, 0.0 0.0 0.0 0.0 0.0 0.20787677808668942 0.7921232219133105, 
78, 111110, 111111, 0.9679265109856793, 0.9679265109856793, 0.0 0.0 0.0 0.0 0.03644980279576256 0.11954132849439958 0.8440088687098379, 
79, 111111, 111111, 0.9800930650990366, 0.9800930650990366, 0.0 0.0 0.0 0.0 0.0 0.1194416094057801 0.8805583905942199, 
80, 111111, 111111, 0.9946992525572043, 0.9946992525572043, 0.0 0.0 0.0 0.0 0.0 0.031804484656774476 0.9681955153432255, 
81, 111111, 111111, 0.9816871653792941, 0.9816871653792941, 0.0 0.0 0.0 0.0 0.0 0.10987700772423539 0.8901229922757646, 
82, 111111, 111111, 0.9778184510205522, 0.9778184510205522, 0.0 0.0 0.0 0.0 0.0 0.13308929387668647 0.8669107061233136, 
83, 000000, 000000, 1.1123107641507607e-05, 1.1123107641507607e-05, 0.999933261354151 6.673864584904565e-05, 
84, 111111, 111111, 0.9854457777761243, 0.9854457777761243, 0.0 0.0 0.0 0.0 0.026152997842848656 0.03501933765755683 0.9388276644995945, 
85, 111111, 111111, 0.9806001873113878, 0.9806001873113878, 0.0 0.0 0.0 0.0 0.0172821708257153 0.08183453448024236 0.9008832946940424, 
86, 111111, 111111, 0.9841272511197607, 0.9841272511197607, 0.0 0.0 0.0 0.0 0.0 0.09523649328143566 0.9047635067185643, 
87, 111111, 111111, 0.9914928112344975, 0.9914928112344975, 0.0 0.0 0.0 0.0 0.0 0.051043132593015815 0.9489568674069843, 
88, 111111, 111111, 0.9937448010041817, 0.9937448010041817, 0.0 0.0 0.0 0.0 0.0 0.03753119397490961 0.9624688060250903, 
89, 111111, 111111, 0.9637327307082186, 0.9637327307082186, 0.0 0.0 0.0 0.0 0.0 0.2176036157506881 0.7823963842493119, 
90, 111111, 111111, 0.9901468992752679, 0.9901468992752679, 0.0 0.0 0.0 0.0 0.0 0.05911860434839252 0.9408813956516074, 
91, 111111, 111111, 0.998323733869653, 0.998323733869653, 0.0 0.0 0.0 0.0 0.0 0.0100575967820811 0.9899424032179189, 
92, 111111, 111111, 0.9924391326754741, 0.9924391326754741, 0.0 0.0 0.0 0.0 0.0 0.04536520394715455 0.9546347960528454, 
93, 111111, 111111, 0.9821257853787428, 0.9821257853787428, 0.0 0.0 0.0 0.0 0.0 0.10724528772754395 0.892754712272456, 
94, 111111, 111110, 0.9673064528395968, 0.9673064528395968, 0.0 0.0 0.0 0.0 0.0 0.1961612829624195 0.8038387170375805, 
95, 111111, 011111, 0.9759162883498582, 0.9759162883498582, 0.0 0.0 0.0 0.0 0.0 0.1445022699008515 0.8554977300991485, 
96, 111111, 111111, 0.9690784119386957, 0.9690784119386957, 0.0 0.0 0.0 0.0 0.025631991080374093 0.134265546207079 0.840102462712547, 
97, 111111, 111111, 0.9900462898377803, 0.9900462898377803, 0.0 0.0 0.0 0.0 0.0 0.059722260973318286 0.9402777390266819, 
98, 111111, 111111, 0.9918097650456011, 0.9918097650456011, 0.0 0.0 0.0 0.0 0.0 0.04914140972639331 0.9508585902736068, 
99, 111111, 111111, 0.9911748332044372, 0.9911748332044372, 0.0 0.0 0.0 0.0 0.0 0.05295100077337609 0.947048999226624, 
100, 111111, 111111, 0.9925496425282538, 0.9925496425282538, 0.0 0.0 0.0 0.0 0.0 0.04470214483047661 0.9552978551695234, 
