run, initial grid state, final grid state, mean grid cell occupancy, mean binding site occupancy, fraction of time with N TFs bound, warning
1, 110000, 110000, 0.3333333333333333, 0.3333333333333333, 0.0 0.0 1.0, 
2, 001001, 001001, 0.3333333333333333, 0.3333333333333333, 0.0 0.0 1.0, 
3, 100001, 111001, 0.5161863233568752, 0.5161863233568752, 0.0 0.0 0.24220585240647127 0.41847035504580593 0.3393237925477228, 
4, 010100, 010100, 0.3333333333333333, 0.3333333333333333, 0.0 0.0 1.0, 
5, 000111, 000111, 0.5, 0.5, 0.0 0.0 0.0 1.0, 
6, 000010, 000010, 0.16666666666666666, 0.16666666666666666, 0.0 1.0, 
7, 000101, 001101, 0.4653171492591479, 0.4653171492591479, 0.0 0.0 0.20809710444511223 0.7919028955548877, 
8, 011010, 011010, 0.5, 0.5, 0.0 0.0 0.0 1.0, 
9, 010001, 000011, 0.4631995910755094, 0.4631995910755094, 0.0 0.0 0.3819970421817441 0.45680836918345524 0.16119458863480066, 
10, 110000, 111000, 0.356928765951671, 0.356928765951671, 0.0 0.0 0.8584274042899739 0.14157259571002606, 
11, 000101, 000101, 0.3333333333333333, 0.3333333333333333, 0.0 0.0 1.0, 
12, 001110, 001110, 0.5, 0.5, 0.0 0.0 0.0 1.0, 
13, 100000, 000000, 0.09459466753290452, 0.09459466753290452, 0.4324319948025728 0.5675680051974271, 
14, 100010, 100010, 0.3333333333333333, 0.3333333333333333, 0.0 0.0 1.0, 
15, 011100, 011100, 0.6205657113322798, 0.6205657113322798, 0.0 0.0 0.0 0.2766057320063215 0.7233942679936786, 
16, 100010, 100110, 0.42332444883773346, 0.42332444883773346, 0.0 0.0 0.46005330697359936 0.5399466930264006, 
17, 000001, 000001, 0.16666666666666666, 0.16666666666666666, 0.0 1.0, 
18, 101000, 101000, 0.3333333333333333, 0.3333333333333333, 0.0 0.0 1.0, 
19, 001011, 001011, 0.5, 0.5, 0.0 0.0 0.0 1.0, 
20, 000101, 000101, 0.3333333333333333, 0.3333333333333333, 0.0 0.0 1.0, 
21, 001010, 001010, 0.3333333333333333, 0.3333333333333333, 0.0 0.0 1.0, 
22, 010010, 010010, 0.3333333333333333, 0.3333333333333333, 0.0 0.0 1.0, 
23, 001000, 001000, 0.16666666666666666, 0.16666666666666666, 0.0 1.0, 
24, 001100, 011000, 0.35957452514127936, 0.35957452514127936, 0.0 0.0 0.8425528491523238 0.15744715084767613, 
25, 000000, 011000, 0.26482937294309405, 0.26482937294309405, 0.1434477106448807 0.12412834105167433 0.7324239483034449, 
26, 000001, 000001, 0.16666666666666666, 0.16666666666666666, 0.0 1.0, 
27, 000010, 000011, 0.1969033713071142, 0.1969033713071142, 0.0 0.8185797721573148 0.1814202278426852, 
28, 010010, 010010, 0.3333333333333333, 0.3333333333333333, 0.0 0.0 1.0, 
29, 110011, 000010, 0.36388724837628184, 0.36388724837628184, 0.0 0.09230072992622368 0.6724289747305405 0.19491637050255683 0.040353924840678956, 
30, 001010, 101010, 0.4700243180723062, 0.4700243180723062, 0.0 0.0 0.1798540915661631 0.820145908433837, 
31, 010010, 100010, 0.2532614516438453, 0.2532614516438453, 0.0 0.48043129013692826 0.5195687098630718, 
32, 000010, 000011, 0.21803359250577534, 0.21803359250577534, 0.0 0.6917984449653479 0.3082015550346521, 
33, 110100, 110010, 0.5026242508464155, 0.5026242508464155, 0.0 0.0 0.0 0.9842544949215069 0.015745505078493108, 
34, 110000, 110000, 0.3333333333333333, 0.3333333333333333, 0.0 0.0 1.0, 
35, 000001, 000001, 0.16666666666666666, 0.16666666666666666, 0.0 1.0, 
36, 100011, 110011, 0.6357918290530202, 0.6357918290530202, 0.0 0.0 0.0 0.18524902568187854 0.8147509743181215, 
37, 000001, 000001, 0.16666666666666666, 0.16666666666666666, 0.0 1.0, 
38, 110110, 110000, 0.36942532258253175, 0.36942532258253175, 0.0 0.0 0.8621496322806549 0.05914879994349943 0.07870156777584561, 
39, 001000, 000000, 0.0003045264597752806, 0.0003045264597752806, 0.9981728412413483 0.0018271587586516837, 
40, 010001, 000001, 0.2793851124377266, 0.2793851124377266, 0.0 0.32368932537364004 0.67631067462636, 
41, 000010, 010010, 0.2632349108424843, 0.2632349108424843, 0.0 0.4205905349450941 0.579409465054906, 
42, 000000, 001000, 0.10216155918019869, 0.10216155918019869, 0.38703064491880784 0.6129693550811921, 
43, 100010, 100000, 0.2220364937311483, 0.2220364937311483, 0.0 0.6677810376131101 0.3322189623868899, 
44, 001001, 001000, 0.16944467204569938, 0.16944467204569938, 0.0 0.9833319677258038 0.016668032274196252, 
45, 010000, 010000, 0.18899764600721278, 0.18899764600721278, 0.0 0.8660141239567233 0.13398587604327672, 
46, 110011, 110010, 0.5804523251942958, 0.5804523251942958, 0.0 0.0 0.0 0.5172860488342256 0.4827139511657745, 
47, 010001, 010011, 0.3847285806568811, 0.3847285806568811, 0.0 0.0 0.6916285160587132 0.3083714839412868, 
48, 010001, 010011, 0.49313149251004745, 0.49313149251004745, 0.0 0.0 0.04121104493971535 0.9587889550602846, 
49, 100001, 100011, 0.46270020992619365, 0.46270020992619365, 0.0 0.0 0.22379874044283815 0.7762012595571618, 
50, 000000, 000001, 0.04922084600158702, 0.04922084600158702, 0.7046749239904779 0.2953250760095221, 
51, 101101, 011101, 0.6891871229419452, 0.6891871229419452, 0.0 0.0 0.0 0.0 0.8648772623483285 0.13512273765167152, 
52, 010010, 010010, 0.3333333333333333, 0.3333333333333333, 0.0 0.0 1.0, 
53, 100100, 100100, 0.3333333333333333, 0.3333333333333333, 0.0 0.0 1.0, 
54, 010000, 100001, 0.23878389559198107, 0.23878389559198107, 0.0 0.5672966264481133 0.43270337355188676, 
55, 000101, 000000, 0.09938746354287444, 0.09938746354287444, 0.4232295265204582 0.5572161657018371 0.01955430777770478, 
56, 111010, 111010, 0.6310637917048518, 0.6310637917048518, 0.0 0.0 0.0 0.21361724977088953 0.7863827502291104, 
57, 000000, 000000, 0.0, 0.0, 1.0, 
58, 000010, 000010, 0.16666666666666666, 0.16666666666666666, 0.0 1.0, 
59, 010100, 010100, 0.3333333333333333, 0.3333333333333333, 0.0 0.0 1.0, 
60, 000000, 000000, 0.0, 0.0, 1.0, 
61, 101000, 101000, 0.3333333333333333, 0.3333333333333333, 0.0 0.0 1.0, 
62, 001000, 001000, 0.16666666666666666, 0.16666666666666666, 0.0 1.0, 
63, 000100, 000010, 0.11096874990845237, 0.11096874990845237, 0.3341875005492857 0.6658124994507143, 
64, 001000, 111000, 0.25325575205631834, 0.25325575205631834, 0.0 0.5364000330066606 0.40766542164876846 0.055934545344570895, 
65, 000000, 010000, 0.03194925007013723, 0.03194925007013723, 0.8083044995791766 0.19169550042082337, 
66, 001001, 010000, 0.15386437153148047, 0.15386437153148047, 0.1720174585880377 0.7327788536350416 0.09520368777692066, 
67, 111100, 111100, 0.6666666666666666, 0.6666666666666666, 0.0 0.0 0.0 0.0 1.0, 
68, 001001, 001000, 0.2597563017049984, 0.2597563017049984, 0.0 0.4414621897700094 0.5585378102299906, 
69, 000101, 000000, 0.1713779354902327, 0.1713779354902327, 0.21806444858169577 0.5356034898952123 0.24633206152309187, 
70, 100000, 100000, 0.16666666666666666, 0.16666666666666666, 0.0 1.0, 
71, 010000, 000000, 0.03601667223995167, 0.03601667223995167, 0.7838999665602899 0.21610003343971002, 
72, 000010, 000010, 0.16666666666666666, 0.16666666666666666, 0.0 1.0, 
73, 010101, 000111, 0.5585947297787712, 0.5585947297787712, 0.0 0.0 0.0 0.6484316213273729 0.35156837867262714, 
74, 001011, 001011, 0.5, 0.5, 0.0 0.0 0.0 1.0, 
75, 000010, 000000, 0.024697427511067512, 0.024697427511067512, 0.8518154349335949 0.1481845650664051, 
76, 000001, 000001, 0.16666666666666666, 0.16666666666666666, 0.0 1.0, 
77, 100001, 100101, 0.3760842443308034, 0.3760842443308034, 0.0 0.0 0.7434945340151794 0.2565054659848206, 
78, 010000, 010000, 0.16666666666666666, 0.16666666666666666, 0.0 1.0, 
79, 001000, 000000, 0.10326103792390469, 0.10326103792390469, 0.3804337724565719 0.6195662275434282, 
80, 100110, 100110, 0.5, 0.5, 0.0 0.0 0.0 1.0, 
81, 001000, 001000, 0.16666666666666666, 0.16666666666666666, 0.0 1.0, 
82, 000010, 000010, 0.16666666666666666, 0.16666666666666666, 0.0 1.0, 
83, 000000, 000010, 0.11462901429838958, 0.11462901429838958, 0.3122259142096624 0.6877740857903375, 
84, 000000, 000000, 0.0, 0.0, 1.0, 
85, 000110, 100000, 0.22666923225677027, 0.22666923225677027, 0.0 0.6520441144320462 0.3358963775952856 0.01205950797266812, 
86, 000010, 000010, 0.16666666666666666, 0.16666666666666666, 0.0 1.0, 
87, 000000, 110000, 0.25270602715596807, 0.25270602715596807, 0.005286758827363704 0.47319031940946443 0.5215229217631719, 
88, 000111, 000111, 0.5, 0.5, 0.0 0.0 0.0 1.0, 
89, 010011, 010011, 0.5, 0.5, 0.0 0.0 0.0 1.0, 
90, 000000, 000010, 0.13873198546652524, 0.13873198546652524, 0.16760808720084858 0.8323919127991515, 
91, 001001, 000001, 0.2737564159459267, 0.2737564159459267, 0.0 0.3574615043244396 0.6425384956755603, 
92, 000110, 000110, 0.3380730870409747, 0.3380730870409747, 0.0 0.0 0.9715614777541516 0.028438522245848388, 
93, 011110, 011100, 0.5085337381080302, 0.5085337381080302, 0.0 0.0 0.0 0.9487975713518185 0.05120242864818135, 
94, 001000, 001001, 0.2491963021414081, 0.2491963021414081, 0.0 0.5048221871515512 0.49517781284844875, 
95, 000000, 000000, 0.0, 0.0, 1.0, 
96, 010010, 001010, 0.2799897046939206, 0.2799897046939206, 0.0 0.32006177183647644 0.6799382281635236, 
97, 000000, 000000, 0.0, 0.0, 1.0, 
98, 101000, 101000, 0.399569667773727, 0.399569667773727, 0.0 0.0 0.6025819933576381 0.39741800664236193, 
99, 011100, 011100, 0.5, 0.5, 0.0 0.0 0.0 1.0, 
100, 110110, 110110, 0.6666666666666666, 0.6666666666666666, 0.0 0.0 0.0 0.0 1.0, 
