run, initial grid state, final grid state, mean grid cell occupancy, mean binding site occupancy, fraction of time with N TFs bound, warning
1, 111111, 111111, 0.9278015126468714, 0.9278015126468714, 0.0 0.0 0.0 0.0 0.08789117011626076 0.25740858388625026 0.6547002459974891, 
2, 111111, 111110, 0.9472504793757824, 0.9472504793757824, 0.0 0.0 0.0 0.0 0.020983182528106364 0.2745307586890926 0.704486058782801, 
3, 111111, 011111, 0.9520411914953526, 0.9520411914953526, 0.0 0.0 0.0 0.0 0.012195563550102945 0.2633617239276788 0.7244427125222183, 
4, 111111, 111111, 0.9391429836831614, 0.9391429836831614, 0.0 0.0 0.0 0.009232880561233062 0.02486660248687557 0.2877102512435821 0.6781902657083092, 
5, 011111, 111111, 0.9460486757077347, 0.9460486757077347, 0.0 0.0 0.0 0.0 0.019030875790191606 0.28564619417320963 0.6953229300365987, 
6, 111110, 111111, 0.9519423692179156, 0.9519423692179156, 0.0 0.0 0.0 0.0 0.0 0.2883457846925063 0.7116542153074937, 
7, 011111, 011111, 0.9456921884520191, 0.9456921884520191, 0.0 0.0 0.0 0.0 0.029089123063912932 0.2676686231600595 0.7032422537760276, 
8, 111111, 111111, 0.9376909997478314, 0.9376909997478314, 0.0 0.0 0.0 0.007994411731487672 0.0471190096081178 0.2556327471023127 0.6892538315580818, 
9, 011110, 111100, 0.9552183753566117, 0.9552183753566117, 0.0 0.0 0.0 0.0024094994447313874 0.02107965726547938 0.219301934995177 0.7572089082946123, 
10, 111111, 111111, 0.923295025399178, 0.923295025399178, 0.0 0.0 0.0 0.019888205603874734 0.027171722361890558 0.34622178606952675 0.6067182859647079, 
11, 111110, 111111, 0.8790609081029038, 0.8790609081029038, 0.0 0.0 0.0003018208479328296 0.061877689833313244 0.14454755280972326 0.24969909287146036 0.5435738436375703, 
12, 111111, 111111, 0.9077294574957021, 0.9077294574957021, 0.0 0.0 0.0 0.029230961336546363 0.13131449277532156 0.20330138546550472 0.6361531604226274, 
13, 111111, 111111, 0.9447691972657466, 0.9447691972657466, 0.0 0.0 0.0 0.0 0.004357009141763443 0.3226707981219929 0.6729721927362438, 
14, 011011, 111111, 0.8099534419865635, 0.8099534419865635, 0.023610030766642347 0.01538920196791495 0.029475147623303978 0.0854339439299705 0.15025946082108305 0.24695180971589678 0.4488804051751884, 
15, 111110, 111111, 0.7471865118672381, 0.7471865118672381, 0.0 0.0 0.05131281742787011 0.23864481243427962 0.15582278549538717 0.2840496507914779 0.27016993385098514, 
16, 111111, 111111, 0.8751445248436147, 0.8751445248436147, 0.0 0.0 0.0 0.004042314028610488 0.18797148790621965 0.3610629330400408 0.44692326502512913, 
17, 011111, 111110, 0.9683566408332835, 0.9683566408332835, 0.0 0.0 0.0 0.0 0.03662365083019626 0.11661285333990667 0.8467634958298971, 
18, 111111, 111111, 0.8746247319491217, 0.8746247319491217, 0.0 0.0 0.0 0.0197360813278322 0.2092952190001376 0.27445292632149837 0.4965157733505318, 
19, 111111, 111110, 0.8910446419701458, 0.8910446419701458, 0.0 0.0 0.017835157385172495 0.04386168361803579 0.08312886462398855 0.28454873853635126 0.5706255558364518, 
20, 111110, 111111, 0.9165464372020646, 0.9165464372020646, 0.0 0.0 0.019800987823943444 0.025065183025848904 0.06372082148966479 0.21888023343496252 0.6725327742255804, 
21, 011111, 111111, 0.9453283613946596, 0.9453283613946596, 0.0 0.0 0.0 0.0 0.01921486575406182 0.28960010012391807 0.69118503412202, 
22, 011111, 011111, 0.9575268372095825, 0.9575268372095825, 0.0 0.0 0.0 0.0 0.0 0.2548389767425058 0.7451610232574942, 
23, 111111, 011110, 0.9157969666444213, 0.9157969666444213, 0.0 0.0 7.512989890814819e-05 0.03381417801682997 0.07387237368337622 0.2557303991205968 0.6365079192802889, 
24, 111111, 111111, 0.8482656314920851, 0.8482656314920851, 0.0 0.0 0.003082884981940481 0.07678038090757713 0.12390753171676767 0.4199184649634611 0.3763107374302537, 
25, 111111, 111111, 0.9522177362297041, 0.9522177362297041, 0.0 0.0 0.0 0.0 0.021675865610513267 0.2433418514007495 0.7349822829887374, 
26, 111110, 000111, 0.9557824000693013, 0.9557824000693013, 0.0 0.0 0.0 0.03210358026245885 0.004782698489873922 0.15942946181706738 0.8036842594306, 
27, 011110, 011100, 0.819194526877921, 0.819194526877921, 0.0 0.0 0.00025142559312018827 0.10420512992368457 0.24780221966809257 0.2756073072527544 0.37213391756234826, 
28, 111111, 111111, 0.8915372888966419, 0.8915372888966419, 0.0 0.0 0.019759784760324108 0.039260455528754394 0.09189514332239271 0.2701654743478036 0.5789191420407253, 
29, 111111, 011111, 0.9196915856385788, 0.9196915856385788, 0.0 0.0 0.0 0.0 0.10223404000905549 0.2773824061504159 0.6203835538405286, 
30, 011111, 111111, 0.9243251969577024, 0.9243251969577024, 0.0 0.0 0.0 0.009097396773439872 0.06991693472813068 0.2869227584772051 0.6340629100212243, 
31, 111111, 111111, 0.9748347162838343, 0.9748347162838343, 0.0 0.0 0.0 0.0 0.016351125531738595 0.1182894512335178 0.8653594232347436, 
32, 011111, 111111, 0.9436395109890784, 0.9436395109890784, 0.0 0.0 0.0 0.0 0.03811859652870934 0.26192574100811256 0.6999556624631782, 
33, 111111, 111111, 0.9257663929243842, 0.9257663929243842, 0.0 0.0 0.0 0.0 0.14248655149717174 0.16042853945935082 0.6970849090434775, 
34, 000000, 001111, 0.6688664844603499, 0.6688664844603499, 0.09035625990178592 0.05839263463550024 0.0671996477294421 0.09925700099230064 0.14019382052885204 0.305743125697309 0.23885751051481002, 
35, 111111, 111111, 0.9713504148927649, 0.9713504148927649, 0.0 0.0 0.0 0.0 0.04810961721085406 0.07567827622170288 0.8762121065674431, 
36, 111111, 111111, 0.7130354401508421, 0.7130354401508421, 0.05015275184878799 0.03364185384410979 0.06653480603649325 0.11510982353839412 0.21986137804279854 0.2014701279349186 0.3132292587544977, 
37, 011110, 111111, 0.9503716830391169, 0.9503716830391169, 0.0 0.0 0.0 0.0028410549966837095 0.09325704244237519 0.10273265189049618 0.801169250670445, 
38, 111110, 111111, 0.9311792149946279, 0.9311792149946279, 0.0 0.0 0.0 0.0 0.057935401869567096 0.2970539062930989 0.645010691837334, 
39, 111111, 111111, 0.9037000869906394, 0.9037000869906394, 0.0 0.0 0.0 0.0 0.07978106227888213 0.4182373534983992 0.5019815842227188, 
40, 111111, 111111, 0.9592103280249652, 0.9592103280249652, 0.0 0.0 0.0 0.0 0.02141214857947219 0.20191373469126375 0.776674116729264, 
41, 111111, 111111, 0.9382950363769017, 0.9382950363769017, 0.0 0.0 0.0 0.011380318143573693 0.0612564872319543 0.21357585284395963 0.7137873417805124, 
42, 011111, 111111, 0.9566649722735584, 0.9566649722735584, 0.0 0.0 0.0 0.0 0.02299025887213549 0.2140296486143785 0.7629800925134861, 
43, 111111, 011111, 0.9285988654321361, 0.9285988654321361, 0.0 0.0 0.0 0.0 0.018575776702162625 0.3912552540028596 0.5901689692949778, 
44, 111111, 111111, 0.9800565277362723, 0.9800565277362723, 0.0 0.0 0.0 0.0 0.0 0.11966083358236623 0.8803391664176337, 
45, 111111, 111110, 0.9564305233450027, 0.9564305233450027, 0.0 0.0 0.0 0.013699677839473495 0.016682458935672773 0.18695290854021784 0.7826649546846359, 
46, 111111, 111110, 0.9703354130527488, 0.9703354130527488, 0.0 0.0 0.0 0.0 0.0 0.177987521683506 0.8220124783164939, 
47, 111111, 111111, 0.9417487691841689, 0.9417487691841689, 0.0 0.0 0.0 0.0 0.033805855589605076 0.2818956737157762 0.6842984706946188, 
48, 011111, 111111, 0.9294711817954363, 0.9294711817954363, 0.0 0.0 0.0 0.0 0.1348499516174482 0.1534730059924853 0.7116770423900665, 
49, 111111, 111111, 0.9709015989492727, 0.9709015989492727, 0.0 0.0 0.0 0.0 0.00023283543962634754 0.17412473542511026 0.8256424291352633, 
50, 111110, 111110, 0.8836675335556078, 0.8836675335556078, 0.0 0.0 0.0 0.0 0.1506370439786026 0.39672071070914966 0.4526422453122477, 
51, 000111, 111111, 0.877062151546742, 0.877062151546742, 0.0 0.0 0.04652799154357127 0.02327993434627418 0.038837307057609384 0.40400070739122146 0.48735405966132367, 
52, 111111, 111111, 0.8683584170154384, 0.8683584170154384, 0.0 0.0 0.001959183333050746 0.03587883952370418 0.15898990134766572 0.3563964433087229 0.4467756324868565, 
53, 111111, 111111, 0.9359623979550717, 0.9359623979550717, 0.0 0.0 0.0 0.0 0.01035168599383668 0.3635222402818957 0.6261260737242677, 
54, 111111, 111111, 0.954834035451744, 0.954834035451744, 0.0 0.0 0.0 0.004346989848872336 0.023830761720008975 0.21029329430290117 0.7615289541282176, 
55, 111111, 111110, 0.9617140807257432, 0.9617140807257432, 0.0 0.0 0.0 0.0 0.027719829775925246 0.17427585609368904 0.7980043141303858, 
56, 111111, 000111, 0.8707225260558953, 0.8707225260558953, 0.0 0.0 0.0 0.13586856610656195 0.08579997258681442 0.19645920017131316 0.5818722611353104, 
57, 111111, 111111, 0.8358086412505429, 0.8358086412505429, 0.0024656263687172337 0.029350325703059246 0.06610125407696464 0.023027534783327995 0.08945823650809505 0.31119867209511026 0.47839835046472556, 
58, 111111, 111111, 0.9383299087586202, 0.9383299087586202, 0.0 0.0 0.0 0.008373831000938348 0.0696051864123397 0.20568868162078488 0.716332300965937, 
59, 111111, 111111, 0.9137224320408994, 0.9137224320408994, 0.0 0.0 0.0 0.0 0.1563636262782388 0.20493815519812625 0.638698218523635, 
60, 011111, 111111, 0.9276334242847011, 0.9276334242847011, 0.0 0.0 0.0 0.0 0.0930481043358224 0.24810324562014865 0.658848650044029, 
61, 111111, 111110, 0.8816894946737326, 0.8816894946737326, 0.0 0.0 0.009529922502980443 0.05601327382810346 0.07817263434783807 0.3473582517656963 0.5089259175553817, 
62, 111111, 111111, 0.9129094545685403, 0.9129094545685403, 0.0 0.0 0.0 0.05496509047632141 0.023965004784494735 0.30971799159080404 0.6113519131483799, 
63, 111111, 111111, 0.9260574927088431, 0.9260574927088431, 0.0 0.0 0.0 0.0 0.015514840381084902 0.41262536298477176 0.5718597966341433, 
64, 111110, 111100, 0.8774681057485928, 0.8774681057485928, 0.0 0.0 0.0 0.04508278845528741 0.15345168809003315 0.2930396239625155 0.5084258994921639, 
65, 111111, 111111, 0.9452025657454819, 0.9452025657454819, 0.0 0.0 0.0 0.0 0.06332490550033751 0.2021347945264338 0.7345402999732287, 
66, 111110, 111111, 0.9084624082514186, 0.9084624082514186, 0.0 0.0018965180699332441 0.01590480075826096 0.026841993243407965 0.04966506926859258 0.29626763884136953 0.6094239798184357, 
67, 111111, 111111, 0.7374903633323598, 0.7374903633323598, 0.016690970374033776 0.03449336676990843 0.06615477316898132 0.13837568919180024 0.17335882718724144 0.2759813492862879 0.2949450240217469, 
68, 111111, 111111, 0.8916810180881988, 0.8916810180881988, 0.0 0.0 0.0 0.0038686612698717493 0.09158489055296867 0.45513812655525454 0.449408321621905, 
69, 111111, 111110, 0.9659537324067725, 0.9659537324067725, 0.0 0.0 0.0 0.0 0.006214090478456979 0.19184942460245108 0.801936484919092, 
70, 111101, 111111, 0.9160453998548778, 0.9160453998548778, 0.0 0.0 0.012798780392815744 0.045628851775485015 0.10090112171872713 0.11384368053556061 0.7268275655774115, 
71, 011111, 111111, 0.9567138844993415, 0.9567138844993415, 0.0 0.0 0.0 0.0 0.010878215311200923 0.23796026238155 0.7511615223072491, 
72, 111111, 011111, 0.9086152462535257, 0.9086152462535257, 0.0 0.0 0.0 0.00764170381157178 0.08621504285259955 0.35295332533893076 0.5531899279968979, 
73, 111111, 011111, 0.9772117635622553, 0.9772117635622553, 0.0 0.0 0.0 0.0 0.0 0.13672941862646898 0.8632705813735311, 
74, 111111, 111111, 0.923488953147744, 0.923488953147744, 0.0 0.0 0.0 0.042024963208605215 0.07495996081523527 0.18307146985725029 0.6999436061189093, 
75, 111111, 111111, 0.9557404059304948, 0.9557404059304948, 0.0 0.0 0.0 0.0 0.03399931745835181 0.1975589295003265 0.7684417530413217, 
76, 111111, 111111, 0.9466562414256194, 0.9466562414256194, 0.0 0.0 0.0 0.0 0.04731017242129204 0.2254422066036981 0.7272476209750098, 
77, 111100, 111111, 0.8470369624520135, 0.8470369624520135, 0.0 0.0 0.028796969848148862 0.09339164922342705 0.14490848710850485 0.23259842400803324 0.500304469811886, 
78, 011111, 111111, 0.9190687130210095, 0.9190687130210095, 0.0 0.0 0.0 0.0 0.03154711528951997 0.4224934912949032 0.5459593934155768, 
79, 111111, 111110, 0.9012657078847387, 0.9012657078847387, 0.0 0.0 0.0 0.0 0.10379518200275818 0.38481538868605186 0.51138942931119, 
80, 111110, 011110, 0.8853065379604729, 0.8853065379604729, 0.0 0.0 0.0 0.0029265240155609577 0.07902121901228641 0.5213387621659082 0.39671349480624446, 
81, 111111, 111111, 0.9664987774648686, 0.9664987774648686, 0.0 0.0 0.0 0.0 0.014545287073193754 0.17191676106440207 0.8135379518624042, 
82, 111111, 111111, 0.9440127523415957, 0.9440127523415957, 0.0 0.0 0.0 0.0 0.04089048240557162 0.2541425211392826 0.7049669964551458, 
83, 000111, 111000, 0.8221405040634611, 0.8221405040634611, 0.0 0.0 0.0 0.12185535714581874 0.2020092102229352 0.2975724837359058 0.3785629488953403, 
84, 001110, 011111, 0.914437709924665, 0.914437709924665, 0.0 0.0 0.0 0.001771403043108875 0.07071931047263227 0.366620910377418 0.5608883761068408, 
85, 111111, 111110, 0.9708488583267624, 0.9708488583267624, 0.0 0.0 0.0 0.0015749813298066096 0.01881643443994179 0.13254903717012184 0.8470595470601298, 
86, 111111, 111111, 0.9756688677803477, 0.9756688677803477, 0.0 0.0 0.0 0.0 0.0014476766298883498 0.14309144005813698 0.8554608833119747, 
87, 001111, 110111, 0.777634593406329, 0.777634593406329, 0.0 0.0 0.05628155171523865 0.1101916169120399 0.1579035956240499 0.46268419071685113 0.21293904503182035, 
88, 111100, 111111, 0.8237490873550166, 0.8237490873550166, 0.0 0.0 0.0 0.06963287863080075 0.3029028971915177 0.24280104559446308 0.38466317858321847, 
89, 111111, 011111, 0.9458991131015041, 0.9458991131015041, 0.0 0.0 0.0 0.0 0.0875935350062977 0.14941825137838016 0.7629882136153221, 
90, 011111, 111111, 0.9365383333557754, 0.9365383333557754, 0.0 0.0 0.0 0.0067085518861326535 0.04507800314819478 0.2704883379105588 0.6777251070551137, 
91, 011111, 111111, 0.9049235262391471, 0.9049235262391471, 0.0 0.0 0.021190641966578983 0.016662556639299896 0.12761611145287946 0.18047638187514323 0.6540543080660984, 
92, 111111, 111111, 0.8808967527675047, 0.8808967527675047, 0.0 0.0003431152108121626 0.06254400684718434 0.03579350392422971 0.05416619517256353 0.24701497783435789 0.6001382010108524, 
93, 111111, 011110, 0.9555330046062676, 0.9555330046062676, 0.0 0.0 0.0 0.003322580359703316 0.07871339826538057 0.09940743475252363 0.8185565866223924, 
94, 111111, 011111, 0.9439884616028568, 0.9439884616028568, 0.0 0.0 0.0 0.0 0.06456983779515653 0.2069295547925464 0.7285006074122972, 
95, 111111, 011001, 0.8533425478044783, 0.8533425478044783, 0.0 0.0 0.03695547928313384 0.031218583614216765 0.21993519141040063 0.1985966623771442 0.5132940833151046, 
96, 111111, 011111, 0.9488623941775195, 0.9488623941775195, 0.0 0.0 0.0 0.00967564584035529 0.05155811728095531 0.17468246285190722 0.7640837740267822, 
97, 111110, 111111, 0.8606301611337825, 0.8606301611337825, 0.0 0.0 0.00044854215319603915 0.08853226135643742 0.08345966337528625 0.40190875376463653 0.4256507793504438, 
98, 111111, 111111, 0.9045063003084185, 0.9045063003084185, 0.0 0.0 0.010840611779545921 0.02422714877368984 0.11270831132032015 0.23150168206959584 0.6207222460568482, 
99, 111111, 111111, 0.9628967991555935, 0.9628967991555935, 0.0 0.0 0.0 0.0 0.006420510663139691 0.2097781837401594 0.783801305596701, 
100, 111111, 111111, 0.9682966336723409, 0.9682966336723409, 0.0 0.0 0.0 0.0 0.03894657842095083 0.11232704112405281 0.8487263804549963, 
