run, initial grid state, final grid state, mean grid cell occupancy, mean binding site occupancy, fraction of time with N TFs bound, warning
1, 111111, 111111, 1.0, 1.0, 0.0 0.0 0.0 0.0 0.0 0.0 1.0, 
2, 111111, 111111, 1.0, 1.0, 0.0 0.0 0.0 0.0 0.0 0.0 1.0, 
3, 111111, 111111, 1.0, 1.0, 0.0 0.0 0.0 0.0 0.0 0.0 1.0, 
4, 111111, 111111, 1.0, 1.0, 0.0 0.0 0.0 0.0 0.0 0.0 1.0, 
5, 111111, 111111, 1.0, 1.0, 0.0 0.0 0.0 0.0 0.0 0.0 1.0, 
6, 111111, 111111, 0.9916024762024025, 0.9916024762024025, 0.0 0.0 0.0 0.0 0.0 0.05038514278558564 0.9496148572144144, 
7, 111111, 111111, 1.0, 1.0, 0.0 0.0 0.0 0.0 0.0 0.0 1.0, 
8, 111111, 111111, 1.0, 1.0, 0.0 0.0 0.0 0.0 0.0 0.0 1.0, 
9, 111111, 111111, 1.0, 1.0, 0.0 0.0 0.0 0.0 0.0 0.0 1.0, 
10, 111111, 111111, 1.0, 1.0, 0.0 0.0 0.0 0.0 0.0 0.0 1.0, 
11, 111111, 111111, 1.0, 1.0, 0.0 0.0 0.0 0.0 0.0 0.0 1.0, 
12, 111111, 111111, 1.0, 1.0, 0.0 0.0 0.0 0.0 0.0 0.0 1.0, 
13, 111111, 111111, 1.0, 1.0, 0.0 0.0 0.0 0.0 0.0 0.0 1.0, 
14, 111111, 111111, 1.0, 1.0, 0.0 0.0 0.0 0.0 0.0 0.0 1.0, 
15, 111111, 111111, 1.0, 1.0, 0.0 0.0 0.0 0.0 0.0 0.0 1.0, 
16, 111111, 111111, 1.0, 1.0, 0.0 0.0 0.0 0.0 0.0 0.0 1.0, 
17, 111111, 111111, 1.0, 1.0, 0.0 0.0 0.0 0.0 0.0 0.0 1.0, 
18, 111111, 111111, 1.0, 1.0, 0.0 0.0 0.0 0.0 0.0 0.0 1.0, 
19, 111111, 111111, 1.0, 1.0, 0.0 0.0 0.0 0.0 0.0 0.0 1.0, 
20, 111111, 111111, 1.0, 1.0, 0.0 0.0 0.0 0.0 0.0 0.0 1.0, 
21, 111111, 111111, 1.0, 1.0, 0.0 0.0 0.0 0.0 0.0 0.0 1.0, 
22, 111111, 111111, 1.0, 1.0, 0.0 0.0 0.0 0.0 0.0 0.0 1.0, 
23, 111111, 111111, 0.9972842348501462, 0.9972842348501462, 0.0 0.0 0.0 0.0 0.0 0.01629459089912325 0.9837054091008769, 
24, 111111, 111111, 1.0, 1.0, 0.0 0.0 0.0 0.0 0.0 0.0 1.0, 
25, 111111, 111111, 1.0, 1.0, 0.0 0.0 0.0 0.0 0.0 0.0 1.0, 
26, 111111, 111111, 1.0, 1.0, 0.0 0.0 0.0 0.0 0.0 0.0 1.0, 
27, 111111, 111111, 1.0, 1.0, 0.0 0.0 0.0 0.0 0.0 0.0 1.0, 
28, 111111, 111111, 1.0, 1.0, 0.0 0.0 0.0 0.0 0.0 0.0 1.0, 
29, 011111, 111111, 0.9954248659121729, 0.9954248659121729, 0.0 0.0 0.0 0.0 0.0 0.02745080452696234 0.9725491954730376, 
30, 111111, 111111, 1.0, 1.0, 0.0 0.0 0.0 0.0 0.0 0.0 1.0, 
31, 111111, 111111, 1.0, 1.0, 0.0 0.0 0.0 0.0 0.0 0.0 1.0, 
32, 111111, 111111, 1.0, 1.0, 0.0 0.0 0.0 0.0 0.0 0.0 1.0, 
33, 111111, 111111, 1.0, 1.0, 0.0 0.0 0.0 0.0 0.0 0.0 1.0, 
34, 111111, 111111, 1.0, 1.0, 0.0 0.0 0.0 0.0 0.0 0.0 1.0, 
35, 111111, 111111, 1.0, 1.0, 0.0 0.0 0.0 0.0 0.0 0.0 1.0, 
36, 111111, 111111, 1.0, 1.0, 0.0 0.0 0.0 0.0 0.0 0.0 1.0, 
37, 111111, 111111, 1.0, 1.0, 0.0 0.0 0.0 0.0 0.0 0.0 1.0, 
38, 111111, 111111, 1.0, 1.0, 0.0 0.0 0.0 0.0 0.0 0.0 1.0, 
39, 111111, 111111, 1.0, 1.0, 0.0 0.0 0.0 0.0 0.0 0.0 1.0, 
40, 111111, 111111, 1.0, 1.0, 0.0 0.0 0.0 0.0 0.0 0.0 1.0, 
41, 111111, 111111, 1.0, 1.0, 0.0 0.0 0.0 0.0 0.0 0.0 1.0, 
42, 111111, 111111, 1.0, 1.0, 0.0 0.0 0.0 0.0 0.0 0.0 1.0, 
43, 111111, 111111, 0.9972505968480224, 0.9972505968480224, 0.0 0.0 0.0 0.0 0.0 0.016496418911865974 0.983503581088134, 
44, 111111, 111111, 1.0, 1.0, 0.0 0.0 0.0 0.0 0.0 0.0 1.0, 
45, 111111, 111111, 1.0, 1.0, 0.0 0.0 0.0 0.0 0.0 0.0 1.0, 
46, 111111, 111111, 1.0, 1.0, 0.0 0.0 0.0 0.0 0.0 0.0 1.0, 
47, 111111, 111111, 1.0, 1.0, 0.0 0.0 0.0 0.0 0.0 0.0 1.0, 
48, 111111, 111111, 1.0, 1.0, 0.0 0.0 0.0 0.0 0.0 0.0 1.0, 
49, 111111, 111111, 1.0, 1.0, 0.0 0.0 0.0 0.0 0.0 0.0 1.0, 
50, 111111, 111111, 1.0, 1.0, 0.0 0.0 0.0 0.0 0.0 0.0 1.0, 
51, 111111, 111111, 1.0, 1.0, 0.0 0.0 0.0 0.0 0.0 0.0 1.0, 
52, 111111, 111111, 1.0, 1.0, 0.0 0.0 0.0 0.0 0.0 0.0 1.0, 
53, 111111, 111111, 1.0, 1.0, 0.0 0.0 0.0 0.0 0.0 0.0 1.0, 
54, 111111, 111111, 1.0, 1.0, 0.0 0.0 0.0 0.0 0.0 0.0 1.0, 
55, 111111, 111111, 1.0, 1.0, 0.0 0.0 0.0 0.0 0.0 0.0 1.0, 
56, 111111, 111111, 1.0, 1.0, 0.0 0.0 0.0 0.0 0.0 0.0 1.0, 
57, 111111, 111111, 1.0, 1.0, 0.0 0.0 0.0 0.0 0.0 0.0 1.0, 
58, 111111, 111111, 1.0, 1.0, 0.0 0.0 0.0 0.0 0.0 0.0 1.0, 
59, 111111, 111111, 1.0, 1.0, 0.0 0.0 0.0 0.0 0.0 0.0 1.0, 
60, 111110, 111111, 0.916870695307733, 0.916870695307733, 0.0 0.0 0.0 0.0 0.0 0.49877582815360205 0.501224171846398, 
61, 111111, 111111, 1.0, 1.0, 0.0 0.0 0.0 0.0 0.0 0.0 1.0, 
62, 111111, 111111, 1.0, 1.0, 0.0 0.0 0.0 0.0 0.0 0.0 1.0, 
63, 111111, 111111, 1.0, 1.0, 0.0 0.0 0.0 0.0 0.0 0.0 1.0, 
64, 111111, 111111, 1.0, 1.0, 0.0 0.0 0.0 0.0 0.0 0.0 1.0, 
65, 111110, 111111, 0.98075036261587, 0.98075036261587, 0.0 0.0 0.0 0.0 0.0 0.1154978243047789 0.884502175695221, 
66, 111111, 111111, 0.9201427274812497, 0.9201427274812497, 0.0 0.0 0.0 0.0 0.0 0.4791436351125018 0.5208563648874982, 
67, 111111, 111111, 1.0, 1.0, 0.0 0.0 0.0 0.0 0.0 0.0 1.0, 
68, 111111, 111111, 1.0, 1.0, 0.0 0.0 0.0 0.0 0.0 0.0 1.0, 
69, 111111, 111111, 1.0, 1.0, 0.0 0.0 0.0 0.0 0.0 0.0 1.0, 
70, 111111, 111111, 1.0, 1.0, 0.0 0.0 0.0 0.0 0.0 0.0 1.0, 
71, 111111, 111111, 1.0, 1.0, 0.0 0.0 0.0 0.0 0.0 0.0 1.0, 
72, 111111, 111111, 1.0, 1.0, 0.0 0.0 0.0 0.0 0.0 0.0 1.0, 
73, 111111, 111111, 1.0, 1.0, 0.0 0.0 0.0 0.0 0.0 0.0 1.0, 
74, 111111, 111111, 1.0, 1.0, 0.0 0.0 0.0 0.0 0.0 0.0 1.0, 
75, 111111, 111111, 1.0, 1.0, 0.0 0.0 0.0 0.0 0.0 0.0 1.0, 
76, 111111, 111111, 1.0, 1.0, 0.0 0.0 0.0 0.0 0.0 0.0 1.0, 
77, 111111, 111111, 1.0, 1.0, 0.0 0.0 0.0 0.0 0.0 0.0 1.0, 
78, 011111, 111111, 0.995215623490723, 0.995215623490723, 0.0 0.0 0.0 0.0 0.0 0.028706259055661307 0.9712937409443386, 
79, 111111, 111111, 1.0, 1.0, 0.0 0.0 0.0 0.0 0.0 0.0 1.0, 
80, 111111, 111111, 1.0, 1.0, 0.0 0.0 0.0 0.0 0.0 0.0 1.0, 
81, 111111, 111111, 1.0, 1.0, 0.0 0.0 0.0 0.0 0.0 0.0 1.0, 
82, 111111, 111111, 1.0, 1.0, 0.0 0.0 0.0 0.0 0.0 0.0 1.0, 
83, 111111, 111111, 1.0, 1.0, 0.0 0.0 0.0 0.0 0.0 0.0 1.0, 
84, 111111, 111111, 0.9954642630805965, 0.9954642630805965, 0.0 0.0 0.0 0.0 0.0 0.027214421516421138 0.9727855784835788, 
85, 111111, 111111, 1.0, 1.0, 0.0 0.0 0.0 0.0 0.0 0.0 1.0, 
86, 111111, 011111, 0.9654317870908047, 0.9654317870908047, 0.0 0.0 0.0 0.0 0.0 0.20740927745517135 0.7925907225448287, 
87, 111111, 111111, 1.0, 1.0, 0.0 0.0 0.0 0.0 0.0 0.0 1.0, 
88, 111110, 111111, 0.9685875871259442, 0.9685875871259442, 0.0 0.0 0.0 0.0 0.0 0.1884744772443344 0.8115255227556656, 
89, 111111, 111111, 1.0, 1.0, 0.0 0.0 0.0 0.0 0.0 0.0 1.0, 
90, 111111, 111111, 1.0, 1.0, 0.0 0.0 0.0 0.0 0.0 0.0 1.0, 
91, 111111, 111111, 1.0, 1.0, 0.0 0.0 0.0 0.0 0.0 0.0 1.0, 
92, 111111, 111111, 1.0, 1.0, 0.0 0.0 0.0 0.0 0.0 0.0 1.0, 
93, 111111, 111111, 1.0, 1.0, 0.0 0.0 0.0 0.0 0.0 0.0 1.0, 
94, 111111, 111111, 1.0, 1.0, 0.0 0.0 0.0 0.0 0.0 0.0 1.0, 
95, 111111, 111111, 0.9108529931960422, 0.9108529931960422, 0.0 0.0 0.0 0.0 0.0 0.5348820408237476 0.4651179591762524, 
96, 111111, 111111, 0.9587069940142267, 0.9587069940142267, 0.0 0.0 0.0 0.0 0.0 0.24775803591463952 0.7522419640853605, 
97, 111111, 111111, 0.9846565914193877, 0.9846565914193877, 0.0 0.0 0.0 0.0 0.0 0.09206045148367425 0.9079395485163257, 
98, 111111, 111111, 1.0, 1.0, 0.0 0.0 0.0 0.0 0.0 0.0 1.0, 
99, 111111, 111111, 1.0, 1.0, 0.0 0.0 0.0 0.0 0.0 0.0 1.0, 
100, 111111, 111111, 1.0, 1.0, 0.0 0.0 0.0 0.0 0.0 0.0 1.0, 
