run, initial grid state, final grid state, mean grid cell occupancy, mean binding site occupancy, fraction of time with N TFs bound, warning
1, 111111, 111111, 0.997462663702953, 0.997462663702953, 0.0 0.0 0.0 0.0 0.0 0.015224017782281883 0.9847759822177181, 
2, 111111, 111111, 0.9972300043814685, 0.9972300043814685, 0.0 0.0 0.0 0.0 0.0 0.01661997371118912 0.9833800262888108, 
3, 111111, 111111, 0.9969811863616258, 0.9969811863616258, 0.0 0.0 0.0 0.0 0.0 0.018112881830245484 0.9818871181697545, 
4, 111110, 111111, 0.9950253041488286, 0.9950253041488286, 0.0 0.0 0.0 0.0 0.000726011694567699 0.028396151717893336 0.9708778365875391, 
5, 111111, 111111, 0.9945128084403436, 0.9945128084403436, 0.0 0.0 0.0 0.0 0.0 0.032923149357938115 0.9670768506420618, 
6, 111111, 111111, 0.996228424025565, 0.996228424025565, 0.0 0.0 0.0 0.0 0.0005753518224217645 0.02147875220176699 0.9779458959758113, 
7, 111111, 111111, 0.9961175622023882, 0.9961175622023882, 0.0 0.0 0.0 0.0 0.00037558283008389876 0.022543461125502446 0.9770809560444137, 
8, 111111, 111111, 0.996118842217929, 0.996118842217929, 0.0 0.0 0.0 0.0 0.0 0.023286946692425748 0.9767130533075743, 
9, 111111, 111111, 0.9960531562243474, 0.9960531562243474, 0.0 0.0 0.0 0.0 0.0 0.02368106265391545 0.9763189373460845, 
10, 111111, 111111, 0.9960828886998555, 0.9960828886998555, 0.0 0.0 0.0 0.0 8.260164577678917e-05 0.023337464509314773 0.9765799338449084, 
11, 111111, 111111, 0.9967355091648802, 0.9967355091648802, 0.0 0.0 0.0 0.0 0.0007230713645600046 0.018140802281600046 0.98113612635384, 
12, 111111, 111111, 0.9963979062464274, 0.9963979062464274, 0.0 0.0 0.0 0.0 0.0 0.02161256252143585 0.9783874374785642, 
13, 111111, 111111, 0.9972819125047643, 0.9972819125047643, 0.0 0.0 0.0 0.0 0.0 0.016308524971414638 0.9836914750285854, 
14, 111111, 111111, 0.9983354911067858, 0.9983354911067858, 0.0 0.0 0.0 0.0 0.0006539793031035766 0.008679094753077923 0.9906669259438184, 
15, 111111, 111111, 0.9968717853400042, 0.9968717853400042, 0.0 0.0 0.0 0.0 0.0 0.01876928795997516 0.9812307120400249, 
16, 111111, 111111, 0.994750289907813, 0.994750289907813, 0.0 0.0 0.0 0.0 0.0010389372741502593 0.02942038600482117 0.9695406767210286, 
17, 111111, 111111, 0.9960733517673078, 0.9960733517673078, 0.0 0.0 0.0 0.0 0.0 0.023559889396152757 0.9764401106038472, 
18, 111111, 111111, 0.9962094562351631, 0.9962094562351631, 0.0 0.0 0.0 0.0 0.0 0.02274326258902185 0.9772567374109783, 
19, 111111, 111111, 0.9966648995949478, 0.9966648995949478, 0.0 0.0 0.0 0.0 0.0 0.02001060243031411 0.9799893975696861, 
20, 111111, 111111, 0.9966057182043697, 0.9966057182043697, 0.0 0.0 0.0 0.0 6.798477734794e-05 0.020229721219086227 0.9797022940035659, 
21, 111111, 111111, 0.9962354654259677, 0.9962354654259677, 0.0 0.0 0.0 0.0 0.0 0.022587207444194107 0.9774127925558058, 
22, 111111, 111111, 0.9960716348896161, 0.9960716348896161, 0.0 0.0 0.0 0.0 0.0005802835131229678 0.022409623636056794 0.9770100928508203, 
23, 111111, 111111, 0.9953758857890422, 0.9953758857890422, 0.0 0.0 0.0 0.00026101710456548843 0.0015879538062567996 0.023785726339535105 0.9743653027496427, 
24, 111111, 111111, 0.99515009202465, 0.99515009202465, 0.0 0.0 0.0 0.0 0.0009506637263090769 0.027198120399482793 0.9718512158742081, 
25, 111111, 111111, 0.9958700131119456, 0.9958700131119456, 0.0 0.0 0.0 0.0 0.0 0.024779921328326848 0.975220078671673, 
26, 111111, 111111, 0.9962522737026037, 0.9962522737026037, 0.0 0.0 0.0 0.0 0.0012170057487646709 0.020052346286848783 0.9787306479643866, 
27, 111111, 111111, 0.9978375945602375, 0.9978375945602375, 0.0 0.0 0.0 0.0 0.0 0.012974432638573848 0.9870255673614261, 
28, 111111, 111111, 0.9956367647469825, 0.9956367647469825, 0.0 0.0 0.0 0.0 0.0004379418049104049 0.025303527908283618 0.9742585302868061, 
29, 111111, 111111, 0.9979737551859377, 0.9979737551859377, 0.0 0.0 0.0 0.0 0.0008253928109736271 0.010506683262426108 0.9886679239266002, 
30, 111111, 111111, 0.9957108144822138, 0.9957108144822138, 0.0 0.0 0.0 0.0 0.0 0.025735113106718062 0.974264886893282, 
31, 111111, 111111, 0.9975624252005154, 0.9975624252005154, 0.0 0.0 0.0 0.0 0.0 0.014625448796907144 0.9853745512030929, 
32, 111111, 111111, 0.9964283369608461, 0.9964283369608461, 0.0 0.0 0.0 0.0 0.0009701729041325462 0.019489632426658507 0.9795401946692089, 
33, 111111, 111111, 0.9967241071980024, 0.9967241071980024, 0.0 0.0 0.0 0.0 0.0 0.019655356811985016 0.980344643188015, 
34, 111111, 111111, 0.9953971312912065, 0.9953971312912065, 0.0 0.0 0.0 0.0 0.0011521274076407519 0.025312957437478426 0.9735349151548808, 
35, 111111, 111111, 0.9947064979589807, 0.9947064979589807, 0.0 0.0 0.0 0.0 0.0005833859509455177 0.030594240344224588 0.96882237370483, 
36, 111111, 111111, 0.9950881557336371, 0.9950881557336371, 0.0 0.0 0.0 0.0 0.00045657301293755673 0.028557919572302585 0.9709855074147598, 
37, 111111, 111111, 0.9965287174517363, 0.9965287174517363, 0.0 0.0 0.0 0.0 0.0 0.020827695289581498 0.9791723047104185, 
38, 111110, 111111, 0.9961326678136582, 0.9961326678136582, 0.0 0.0 0.0 0.0 0.0004239246092488751 0.02235614389955363 0.9772199314911975, 
39, 111111, 111111, 0.9962665258153717, 0.9962665258153717, 0.0 0.0 0.0 0.0 0.0 0.02240084510776955 0.9775991548922304, 
40, 111111, 111111, 0.9984957801934811, 0.9984957801934811, 0.0 0.0 0.0 0.0 0.0007765373765448384 0.007472244086024242 0.9917512185374309, 
41, 111111, 111111, 0.9959665489167989, 0.9959665489167989, 0.0 0.0 0.0 0.0 0.0 0.024200706499206873 0.9757992935007933, 
42, 111111, 111111, 0.9964938260395242, 0.9964938260395242, 0.0 0.0 0.0 0.0 0.0011344970690471145 0.018768049624760686 0.9800974533061922, 
43, 111111, 111111, 0.9947254292155012, 0.9947254292155012, 0.0 0.0 0.0 0.0 0.00013166929467230173 0.03138408611764813 0.9684842445876795, 
44, 111111, 111111, 0.9960869913200299, 0.9960869913200299, 0.0 0.0 0.0 0.0 0.0028864927755837227 0.017705066528653716 0.9794084406957626, 
45, 111111, 111111, 0.9969147333820164, 0.9969147333820164, 0.0 0.0 0.0 0.0 0.0 0.01851159970790115 0.9814884002920989, 
46, 111111, 111111, 0.9962895020632393, 0.9962895020632393, 0.0 0.0 0.0 0.0 0.0 0.022262987620563758 0.9777370123794363, 
47, 111111, 111111, 0.9965446194048826, 0.9965446194048826, 0.0 0.0 0.0 0.0 0.0 0.02073228357070412 0.9792677164292958, 
48, 111111, 111111, 0.9953576201627414, 0.9953576201627414, 0.0 0.0 0.0 0.0 0.00019640801955277197 0.027461462984446124 0.9723421289960011, 
49, 111111, 111111, 0.9943033294291297, 0.9943033294291297, 0.0 0.0 0.0 0.0 0.0006767449502212119 0.03282653352477896 0.9664967215249999, 
50, 111111, 111111, 0.9950042858650106, 0.9950042858650106, 0.0 0.0 0.0 0.0 0.0 0.029974284809937177 0.9700257151900629, 
51, 111111, 111111, 0.9968719030064563, 0.9968719030064563, 0.0 0.0 0.0 0.0 0.0 0.018768581961261986 0.981231418038738, 
52, 111111, 111111, 0.996291196819376, 0.996291196819376, 0.0 0.0 0.0 0.0 0.0 0.02225281908374353 0.9777471809162565, 
53, 111111, 111111, 0.9960187409067903, 0.9960187409067903, 0.0 0.0 0.0 0.0 0.00046566413217728227 0.02295622629490392 0.9765781095729187, 
54, 111111, 111111, 0.9966890023589051, 0.9966890023589051, 0.0 0.0 0.0 0.0 7.063788178239925e-05 0.019724710083004644 0.980204652035213, 
55, 111111, 111111, 0.9975039376253573, 0.9975039376253573, 0.0 0.0 0.0 0.0 0.0 0.014976374247856295 0.9850236257521437, 
56, 111111, 111111, 0.9951420833326123, 0.9951420833326123, 0.0 0.0 0.0 0.0 0.0012095364664234747 0.026728427071478853 0.9720620364620977, 
57, 111111, 111111, 0.996444291739481, 0.996444291739481, 0.0 0.0 0.0 0.0 9.874637287343535e-05 0.02113675681736822 0.9787644968097583, 
58, 111111, 111111, 0.9964488596358746, 0.9964488596358746, 0.0 0.0 0.0 0.0 0.0 0.021306842184751765 0.9786931578152482, 
59, 111111, 111111, 0.9971848288590074, 0.9971848288590074, 0.0 0.0 0.0 0.0 0.0 0.016891026845955347 0.9831089731540446, 
60, 111111, 111111, 0.9937391829992488, 0.9937391829992488, 0.0 0.0 0.0 0.0 0.0 0.03756490200450674 0.9624350979954933, 
61, 111111, 111111, 0.9968374735395659, 0.9968374735395659, 0.0 0.0 0.0 0.0 0.00019155172092130574 0.018592055320760893 0.9812163929583179, 
62, 111111, 111111, 0.9959270622149136, 0.9959270622149136, 0.0 0.0 0.0 0.0 0.0 0.024437626710519834 0.9755623732894803, 
63, 111111, 111111, 0.9979290693383053, 0.9979290693383053, 0.0 0.0 0.0 0.0 0.0 0.012425583970167187 0.9875744160298328, 
64, 111111, 111111, 0.9966327912954698, 0.9966327912954698, 0.0 0.0 0.0 0.0 0.0 0.020203252227181782 0.9797967477728182, 
65, 111111, 111111, 0.9965874629205322, 0.9965874629205322, 0.0 0.0 0.0 0.0 0.0009094587057042985 0.018656305065397796 0.9804342362288978, 
66, 111111, 111111, 0.9965865713523486, 0.9965865713523486, 0.0 0.0 0.0 0.0 0.0 0.02048057188590842 0.9795194281140915, 
67, 111111, 111111, 0.997360185342811, 0.997360185342811, 0.0 0.0 0.0 0.0 0.0008062885331248987 0.014226310876883913 0.9849674005899912, 
68, 111111, 111111, 0.9975668600129308, 0.9975668600129308, 0.0 0.0 0.0 0.0 0.0 0.014598839922416349 0.9854011600775836, 
69, 111111, 111111, 0.9954168096571634, 0.9954168096571634, 0.0 0.0 0.0 0.00136771959963074 0.00030790011142461845 0.022780183035279025 0.9755441972536657, 
70, 111111, 111111, 0.9946645828472462, 0.9946645828472462, 0.0 0.0 0.0 0.0 0.0 0.0320125029165223 0.9679874970834779, 
71, 111111, 111110, 0.9952664815633522, 0.9952664815633522, 0.0 0.0 0.0 0.0 0.0 0.028401110619886316 0.9715988893801136, 
72, 111111, 111111, 0.9970824064314074, 0.9970824064314074, 0.0 0.0 0.0 0.0 0.001699622260035164 0.01410631689148474 0.9841940608484802, 
73, 111111, 111111, 0.9957886491906395, 0.9957886491906395, 0.0 0.0 0.0 0.0 0.002063769306088249 0.021140566243986678 0.976795664449925, 
74, 111111, 111111, 0.9960977222358081, 0.9960977222358081, 0.0 0.0 0.0 0.0 0.0 0.023413666585150726 0.9765863334148494, 
75, 111111, 111111, 0.9970463317603573, 0.9970463317603573, 0.0 0.0 0.0 0.0 0.0 0.017722009437855932 0.9822779905621442, 
76, 111111, 111111, 0.9959335754234462, 0.9959335754234462, 0.0 0.0 0.0 0.0 0.0005779243779065037 0.02324269870351003 0.9761793769185835, 
77, 111111, 111111, 0.9965534748631324, 0.9965534748631324, 0.0 0.0 0.0 0.0 0.000629292063543643 0.01942056669411861 0.9799501412423377, 
78, 111111, 111111, 0.9958162549727574, 0.9958162549727574, 0.0 0.0 0.0 0.0 0.0 0.025102470163455164 0.9748975298365448, 
79, 111111, 111111, 0.9964038068016633, 0.9964038068016633, 0.0 0.0 0.0 0.0 7.159568692669893e-05 0.021433967816167382 0.978494436496906, 
80, 111111, 111111, 0.9971927084689889, 0.9971927084689889, 0.0 0.0 0.0 0.0 0.0 0.01684374918606703 0.9831562508139328, 
81, 111111, 111111, 0.995876228479302, 0.995876228479302, 0.0 0.0 0.0 0.0 0.0008036322940955743 0.023135364535996548 0.9760610031699078, 
82, 111111, 111111, 0.994269045634568, 0.994269045634568, 0.0 0.0 0.0 0.0 0.0 0.03438572619259144 0.9656142738074086, 
83, 111111, 111111, 0.9954733520475574, 0.9954733520475574, 0.0 0.0 0.0 0.0 0.0 0.027159887714655967 0.972840112285344, 
84, 111111, 111111, 0.996853469424859, 0.996853469424859, 0.0 0.0 0.0 0.0 0.0 0.018879183450845067 0.981120816549155, 
85, 111111, 111111, 0.9960190056596426, 0.9960190056596426, 0.0 0.0 0.0 0.0 0.0 0.023885966042144435 0.9761140339578556, 
86, 111111, 111111, 0.9973143901255617, 0.9973143901255617, 0.0 0.0 0.0 0.0 0.0 0.016113659246629986 0.9838863407533701, 
87, 111111, 111111, 0.9951563493373673, 0.9951563493373673, 0.0 0.0 0.0 0.0 0.0 0.02906190397579517 0.9709380960242048, 
88, 111111, 111111, 0.9982546534815022, 0.9982546534815022, 0.0 0.0 0.0 0.0 0.0 0.01047207911098647 0.9895279208890134, 
89, 111111, 111111, 0.9963071215252126, 0.9963071215252126, 0.0 0.0 0.0 0.0 8.332875815425388e-05 0.02199061333241616 0.9779260579094295, 
90, 111111, 111111, 0.9942906584852338, 0.9942906584852338, 0.0 0.0 0.0 0.0 0.0015485168391754618 0.03115901541024682 0.9672924677505778, 
91, 111111, 111111, 0.99629057877419, 0.99629057877419, 0.0 0.0 0.0 0.0 0.0011345177315834228 0.019987491891693295 0.9788779903767233, 
92, 111111, 111111, 0.9957366946931729, 0.9957366946931729, 0.0 0.0 0.0 0.0 0.0 0.025579831840961416 0.9744201681590385, 
93, 111111, 111111, 0.9950805354754447, 0.9950805354754447, 0.0 0.0 0.0 0.0 0.0003475606678941414 0.02882166581154353 0.9708307735205624, 
94, 111111, 111111, 0.9963503803402409, 0.9963503803402409, 0.0 0.0 0.0 0.0 0.0009201124540343144 0.020057493050485726 0.97902239449548, 
95, 111111, 111111, 0.9955631321298635, 0.9955631321298635, 0.0 0.0 0.0 0.0 5.629445284120256e-05 0.02650861831513648 0.9734350872320223, 
96, 111111, 111111, 0.9960754808229902, 0.9960754808229902, 0.0 0.0 0.0 0.0 0.00044483149502002 0.022657452072018806 0.9768977164329612, 
97, 111111, 111111, 0.9966769533914013, 0.9966769533914013, 0.0 0.0 0.0 0.0 0.0007529771935506678 0.01843232526448967 0.9808146975419595, 
98, 111111, 111111, 0.9979645869651259, 0.9979645869651259, 0.0 0.0 0.0 0.0 0.0 0.012212478209245857 0.9877875217907541, 
99, 111111, 111111, 0.9963467983741472, 0.9963467983741472, 0.0 0.0 0.0 0.0 0.0003104283260535997 0.02129835310300917 0.9783912185709372, 
100, 111111, 111111, 0.9968681609873511, 0.9968681609873511, 0.0 0.0 0.0 0.0 0.0008402944862868443 0.017110445103319827 0.9820492604103933, 
