run, initial grid state, final grid state, mean grid cell occupancy, mean binding site occupancy, fraction of time with N TFs bound, warning
1, 111111, 111111, 0.9575820329248677, 0.9575820329248677, 0.0 0.0 0.0 0.0 0.006355081861534713 0.24179763872772503 0.7518472794107403, 
2, 011111, 111111, 0.9207385437234149, 0.9207385437234149, 0.0 0.0 0.006317670110243388 0.0417773307181054 0.0713234316746021 0.18231920171501648 0.6982623657820326, 
3, 111111, 111110, 0.9451687387385094, 0.9451687387385094, 0.0 0.0 0.0 0.0 0.04657120926755208 0.23584514903384013 0.7175836416986079, 
4, 011111, 111111, 0.9652650575680649, 0.9652650575680649, 0.0 0.0 0.0 0.0 0.04246091729802312 0.12348781999556456 0.8340512627064124, 
5, 111111, 111111, 0.9716571714982665, 0.9716571714982665, 0.0 0.0 0.0 0.0 0.006269194133290752 0.15751858274381975 0.8362122231228896, 
6, 111111, 111111, 0.9864333124111022, 0.9864333124111022, 0.0 0.0 0.0 0.0 0.0002154723690168511 0.08096918079535301 0.9188153468356302, 
7, 111110, 011110, 0.9296919201340846, 0.9296919201340846, 0.0 0.0 0.0042644158668539945 0.014737182619851158 0.060568492917694144 0.2394422820331349 0.6809876265624658, 
8, 111110, 111111, 0.9399775562779622, 0.9399775562779622, 0.0 0.0 0.0 0.001308851882652068 0.011303304210335274 0.33360149826360047 0.6537863456434121, 
9, 111111, 111111, 0.9577414941299066, 0.9577414941299066, 0.0 0.0 0.0 0.0 0.018815361823168064 0.21592031157422475 0.7652643266026071, 
10, 111111, 111111, 0.9761736507145783, 0.9761736507145783, 0.0 0.0 0.0 0.0 0.005517155113113332 0.1319237854863033 0.8625590594005834, 
11, 111111, 111111, 0.9534568082575327, 0.9534568082575327, 0.0 0.0 0.0 0.0 0.035437750618464145 0.20838364921787622 0.7561786001636597, 
12, 111111, 111111, 0.9424303982699052, 0.9424303982699052, 0.0 0.0 0.0 0.0 0.029045982848656608 0.287325644683256 0.6836283724680875, 
13, 111111, 111111, 0.9254662527940832, 0.9254662527940832, 0.0 0.0 0.0 0.011346176094344459 0.05675042581311982 0.29966310332622753 0.6322402947663082, 
14, 111111, 111100, 0.9546502217775877, 0.9546502217775877, 0.0 0.0 0.0 0.02958983871603038 0.036805568563835316 0.10971801605871206 0.8238865766614222, 
15, 111111, 111111, 0.9715395373645247, 0.9715395373645247, 0.0 0.0 0.0 0.0 0.00965008651550091 0.1514626027818495 0.8388873107026495, 
16, 111111, 111111, 0.9537112953982537, 0.9537112953982537, 0.0 0.0 0.0 0.0 0.02649994248133571 0.2247323426478062 0.7487677148708581, 
17, 011111, 111111, 0.9244636633403898, 0.9244636633403898, 0.0 0.0 0.0 0.00470379316449319 0.06570017351568701 0.30770629343280786 0.6218897398870119, 
18, 111111, 111111, 0.9441032068531783, 0.9441032068531783, 0.0 0.0 0.005840891272206392 0.02504312921428462 0.01761805763020263 0.20165169088884588 0.7498462309944606, 
19, 111100, 111110, 0.9601691893227374, 0.9601691893227374, 0.0 0.0 0.0 0.0 0.05647757053929551 0.12602972298498374 0.8174927064757206, 
20, 011111, 111111, 0.9483330499058162, 0.9483330499058162, 0.0 0.0 0.0 0.0 0.025491609465636555 0.2590184816338287 0.7154899089005349, 
21, 011110, 011111, 0.96138829103363, 0.96138829103363, 0.0 0.0 0.0 0.0 0.025855524702462062 0.17995920439329563 0.7941852709042422, 
22, 111111, 111111, 0.9588446565240918, 0.9588446565240918, 0.0 0.0 0.0 0.0 0.049582610135444134 0.14776684058456147 0.8026505492799945, 
23, 111111, 111110, 0.953248213306334, 0.953248213306334, 0.0 0.0 0.0 0.0 0.02707304531238767 0.22636462953722053 0.7465623251503918, 
24, 111111, 011111, 0.947483202779763, 0.947483202779763, 0.0 0.0 0.0 0.010760849306176917 0.0615546261625747 0.15970898307774187 0.7679755414535065, 
25, 111111, 111111, 0.9647856098771994, 0.9647856098771994, 0.0 0.0 0.0 0.0 0.012692466907545883 0.18590140692171153 0.8014061261707426, 
26, 111111, 111111, 0.9426115035748512, 0.9426115035748512, 0.0 0.0 0.0 0.017661732142389 0.06217579712647701 0.16699418787077186 0.7531682828603622, 
27, 111111, 111111, 0.9731493643409075, 0.9731493643409075, 0.0 0.0 0.0 0.0 0.01474773870610066 0.1316083365423533 0.853643924751546, 
28, 111111, 111110, 0.959940067788959, 0.959940067788959, 0.0 0.0 0.0 0.0 0.0 0.24035959326624579 0.7596404067337542, 
29, 111110, 111110, 0.9164990440618457, 0.9164990440618457, 0.0 0.0 0.0007599555295724693 0.01771575836657504 0.09765702012487983 0.24950459816115067 0.634362667817822, 
30, 111111, 111111, 0.9280573823349365, 0.9280573823349365, 0.0 0.0 0.008975461590056001 0.020648656191146784 0.06034884013954276 0.21311021077763076 0.6969168313016237, 
31, 111111, 111111, 0.9373648769283128, 0.9373648769283128, 0.0 0.0 0.0 0.00040331914635427453 0.050496037260533325 0.273608706469995 0.6754919371231174, 
32, 111111, 011111, 0.9584900122195329, 0.9584900122195329, 0.0 0.0 0.0 0.004591022075026092 0.03778283253711526 0.15972119538349372 0.7979049500043649, 
33, 111111, 111111, 0.9474156168680201, 0.9474156168680201, 0.0 0.0 0.0 0.01508155338697225 0.04309074681842437 0.18408014499411396 0.7577475548004894, 
34, 011111, 111110, 0.9445165638385745, 0.9445165638385745, 0.0 0.0 0.0 0.0 0.02021611258168874 0.2924683918051751 0.6873154956131361, 
35, 011111, 111111, 0.9673208396763492, 0.9673208396763492, 0.0 0.0 0.0 0.0016163116398886332 0.036218564300138444 0.11878889842196269 0.8433762256380102, 
36, 111111, 111111, 0.9514805996372754, 0.9514805996372754, 0.0 0.0 0.0 0.0 0.030265451826128005 0.23058549852409183 0.7391490496497801, 
37, 111111, 111111, 0.9273916004380893, 0.9273916004380893, 0.0 0.0 0.007884855050276923 0.03208797132061559 0.0330367510546229 0.24177356109926412 0.6852168614752205, 
38, 111111, 111110, 0.9727200336669366, 0.9727200336669366, 0.0 0.0 0.0 0.0072210003912869854 0.007109113741279242 0.12779856934196063 0.8578713165254731, 
39, 111111, 111110, 0.9660323296075863, 0.9660323296075863, 0.0 0.0 0.0 0.0 0.023798599648619523 0.15620882305724273 0.8199925772941378, 
40, 111111, 111111, 0.9616954357615944, 0.9616954357615944, 0.0 0.0 0.0 0.0 0.04290345280729377 0.14402047981584648 0.8130760673768597, 
41, 111111, 111111, 0.9493349504718008, 0.9493349504718008, 0.0 0.0 0.0 0.0 0.008844408899961223 0.28630147936927275 0.7048541117307661, 
42, 111111, 111111, 0.9411779177102874, 0.9411779177102874, 0.0 0.0 0.0029836886440128534 0.014266491059317795 0.0452841508281157 0.20762996432803907 0.7298357051405145, 
43, 011111, 111111, 0.9542228395317149, 0.9542228395317149, 0.0 0.0 0.0 0.0 0.032291678332490706 0.21007960614472856 0.7576287155227808, 
44, 111111, 011111, 0.9102952100443543, 0.9102952100443543, 0.0 0.0 0.0 0.008150283026984053 0.11518234210169627 0.28341320644952966 0.59325416842179, 
45, 111111, 111111, 0.9551300655499542, 0.9551300655499542, 0.0 0.0 0.0 0.0 0.06784967422629999 0.13352025824767466 0.7986300675260254, 
46, 011111, 011111, 0.964404950624416, 0.964404950624416, 0.0 0.0 0.0 0.0 0.003419982684628651 0.2067303308842465 0.7898496864311247, 
47, 111111, 111111, 0.9743435349631162, 0.9743435349631162, 0.0 0.0 0.0 0.0 0.005479109555552896 0.14298057111019685 0.8515403193342501, 
48, 111111, 111111, 0.9800372701201024, 0.9800372701201024, 0.0 0.0 0.0 0.0 0.0 0.11977637927938489 0.8802236207206151, 
49, 011110, 111110, 0.9509766408060852, 0.9509766408060852, 0.0 0.0 0.0 0.0 0.0431094222969319 0.20792131056962454 0.7489692671334436, 
50, 111111, 111110, 0.9601935508599979, 0.9601935508599979, 0.0 0.0 0.0 0.0 0.021895331290994385 0.19504803225802475 0.7830566364509809, 
51, 111111, 111111, 0.9674033811062855, 0.9674033811062855, 0.0 0.0 0.0 0.0 0.011326346360237877 0.17292702064181026 0.8157466329979518, 
52, 111111, 111111, 0.9813071311295398, 0.9813071311295398, 0.0 0.0 0.0 0.0 0.0002534466682754939 0.11165031988620971 0.8880962334455148, 
53, 111110, 111110, 0.9633909333059728, 0.9633909333059728, 0.0 0.0 0.0 0.0 0.015179083697985334 0.18929623276819102 0.7955246835338237, 
54, 111111, 111111, 0.974621053691542, 0.974621053691542, 0.0 0.0 0.0 0.0 0.003275401735084529 0.1457228743805791 0.8510017238843364, 
55, 111111, 111111, 0.9392334694585979, 0.9392334694585979, 0.0 0.0 0.00019612436052484885 0.02984601149213854 0.0499361686124795 0.174404314104939 0.7456173814299181, 
56, 111111, 111111, 0.9537059689843047, 0.9537059689843047, 0.0 0.0 0.0 0.0 0.010294102016283325 0.2571759820616052 0.7325299159221115, 
57, 111111, 011111, 0.951516399446, 0.951516399446, 0.0 0.0 0.0 0.030899394924365373 0.034458696572942364 0.12928602540501902 0.8053558830976733, 
58, 111111, 111111, 0.9613800419471973, 0.9613800419471973, 0.0 0.0 0.0 0.0 0.005926312936726336 0.21986712244336337 0.7742065646199103, 
59, 111110, 111111, 0.9552367183858053, 0.9552367183858053, 0.0 0.0 0.0 0.0 0.01610376609425626 0.23637215749665597 0.7475240764090878, 
60, 111111, 111111, 0.9734663332197722, 0.9734663332197722, 0.0 0.0 0.0 0.0 0.0029302005203387924 0.15334159964069083 0.8437281998389703, 
61, 111111, 111000, 0.9278311903223341, 0.9278311903223341, 0.0 0.0 0.0017114390860574846 0.021066507372206836 0.059858352090332745 0.24325087542447882 0.674112826026924, 
62, 111111, 111111, 0.9736741293438429, 0.9736741293438429, 0.0 0.0 0.0 0.0 0.004991761539106602 0.14797170085872932 0.847036537602164, 
63, 111111, 111111, 0.9818496261566177, 0.9818496261566177, 0.0 0.0 0.0 0.0 0.0062721276013793055 0.09635798785753448 0.8973698845410861, 
64, 011111, 111111, 0.9543520755949148, 0.9543520755949148, 0.0 0.0 0.0 0.01240662286164882 0.023537100578101315 0.18959347668936224 0.7744627998708877, 
65, 111110, 011111, 0.9302759466215126, 0.9302759466215126, 0.0 0.0 0.0 0.0083432827901392 0.05218995400027222 0.28893456389996264 0.6505321993096259, 
66, 111111, 111111, 0.9358589961293104, 0.9358589961293104, 0.0 0.0 0.0 0.0 0.0874371436836298 0.2099717358568779 0.7025911204594923, 
67, 111111, 111100, 0.9631723105523478, 0.9631723105523478, 0.0 0.0 0.0 0.0 0.023360044042045853 0.17424604860182238 0.8023939073561317, 
68, 111111, 111111, 0.9648877409149825, 0.9648877409149825, 0.0 0.0 0.0 0.007875214247145502 0.005938210402599319 0.17517149096346957 0.8110150843867856, 
69, 111111, 111111, 0.9547328713588498, 0.9547328713588498, 0.0 0.0 0.0 0.004526030421227306 0.04822206215068653 0.16158055628184673 0.7856713511462394, 
70, 111111, 111111, 0.9122511956147424, 0.9122511956147424, 0.0 0.0 0.0 0.0 0.11636864489852232 0.2937555365145011 0.5898758185869765, 
71, 111111, 111111, 0.9734797231204069, 0.9734797231204069, 0.0 0.0 0.0 0.0 0.02139603369873601 0.11632959388008665 0.8622743724211773, 
72, 111111, 111110, 0.952728026431028, 0.952728026431028, 0.0 0.0 0.0 0.025395805053617247 0.047728021633007815 0.11198838298696358 0.8148877903264112, 
73, 111111, 111111, 0.9687477851485052, 0.9687477851485052, 0.0 0.0 0.0 0.0 0.015155174648722139 0.15720293981152422 0.8276418855397537, 
74, 111111, 111111, 0.9677713820394371, 0.9677713820394371, 0.0 0.0 0.0 0.0 0.016227834386565824 0.160916038990246 0.8228561266231881, 
75, 111111, 111111, 0.9572376671584186, 0.9572376671584186, 0.0 0.0 0.0 0.009579787901075268 0.03122079767328797 0.1653930379996868 0.79380637642595, 
76, 011111, 111111, 0.9313770765102644, 0.9313770765102644, 0.0 0.0 0.0 0.018872661573175475 0.031664215657967947 0.2917911249029521 0.6576719978659045, 
77, 111111, 111111, 0.9748596543854227, 0.9748596543854227, 0.0 0.0 0.0 0.0 0.006543009131764214 0.1377560554239353 0.8557009354443006, 
78, 011110, 111111, 0.928282317323465, 0.928282317323465, 0.0 0.0 0.0010274195432812563 0.003901499590286938 0.07056542033101197 0.27336107845319985 0.65114458208222, 
79, 111111, 111111, 0.9694943773003472, 0.9694943773003472, 0.0 0.0 0.0 0.00342092638162267 0.0276609708213257 0.11744901541039858 0.8514690873866531, 
80, 111111, 111111, 0.9602106337402777, 0.9602106337402777, 0.0 0.0 0.0 0.0 0.018455179324988923 0.2018258389083564 0.7797189817666547, 
81, 111111, 111111, 0.9458039976262942, 0.9458039976262942, 0.0 0.0 0.0 0.0 0.0403552539060551 0.24446550643012455 0.7151792396638204, 
82, 011110, 111110, 0.9599524264112859, 0.9599524264112859, 0.0 0.0 0.0 0.0 0.006077745973633655 0.22812994958501764 0.7657923044413487, 
83, 111111, 111111, 0.9484226984393505, 0.9484226984393505, 0.0 0.0 0.0 0.0013843313707060446 0.040021073060866774 0.22526866913004542 0.7333259264383817, 
84, 001111, 011111, 0.9540574747723187, 0.9540574747723187, 0.0 0.0 0.0 0.0 0.022565293289771058 0.23052456478654557 0.7469101419236833, 
85, 111111, 111111, 0.9295826282681413, 0.9295826282681413, 0.0 0.001108102055513226 0.010671378468745689 0.019794472988276003 0.04186411327260847 0.2311665607285584 0.6953953724862982, 
86, 111111, 111111, 0.9461308684104955, 0.9461308684104955, 0.0 0.0 0.0 0.0011325581516873975 0.037876548200646926 0.2440640186806702 0.7169268749669955, 
87, 111111, 111111, 0.9099535946703665, 0.9099535946703665, 0.0 0.0 0.0 0.008286929498203217 0.0985225584568608 0.3183725265694695 0.5748179854754665, 
88, 111111, 111111, 0.9564145150204731, 0.9564145150204731, 0.0 0.0 0.0 0.002507244494513241 0.020081097486258453 0.2138289814211045 0.7635826765981238, 
89, 111111, 111111, 0.9533855910620344, 0.9533855910620344, 0.0 0.0 0.0 0.0 0.04213032761488106 0.19542579839803256 0.7624438739870864, 
90, 111111, 111111, 0.9682118610020809, 0.9682118610020809, 0.0 0.0 0.0 0.0 0.012156313025967695 0.16641620793557962 0.8214274790384526, 
91, 111111, 011111, 0.9537746358791884, 0.9537746358791884, 0.0 0.0 0.0 0.010568361049155291 0.013070950994615818 0.2195051995881714 0.7568554883680575, 
92, 111111, 111111, 0.9469413372498282, 0.9469413372498282, 0.0 0.0 0.0 0.0 0.05564495571217702 0.20706206507667735 0.7372929792111457, 
93, 111110, 111111, 0.9632262881010938, 0.9632262881010938, 0.0 0.0 0.0 0.0 0.07359235021749784 0.07345757095844119 0.8529500788240609, 
94, 111111, 111111, 0.9400999884968702, 0.9400999884968702, 0.0 0.0 0.0 0.014255183847852173 0.06942789040030303 0.17777873667461655 0.7385381890772282, 
95, 011111, 111111, 0.9314074238347083, 0.9314074238347083, 0.0 0.0 0.0 0.02414278869246316 0.10003175769512224 0.13906357552411713 0.7367618780882974, 
96, 111111, 011111, 0.9458622544269834, 0.9458622544269834, 0.0 0.0 0.0 0.0 0.02947639218000156 0.26587368907809616 0.7046499187419023, 
97, 111111, 111111, 0.9873452772845809, 0.9873452772845809, 0.0 0.0 0.0 0.0 0.0 0.07592833629251432 0.9240716637074856, 
98, 111110, 111111, 0.9569885787919543, 0.9569885787919543, 0.0 0.0 0.0 0.0 0.026310040990546863 0.20544844526718004 0.768241513742273, 
99, 111110, 111111, 0.9129205937716364, 0.9129205937716364, 0.0 0.0 0.001191509197052564 0.045712023295493065 0.08412525482924715 0.21232382103699826 0.656647391641209, 
100, 111111, 111111, 0.9440104674178024, 0.9440104674178024, 0.0 0.0 0.0 0.014101341183358629 0.03735523426906906 0.21892270340497197 0.7296207211426003, 
