run, initial grid state, final grid state, mean grid cell occupancy, mean binding site occupancy, fraction of time with N TFs bound, warning
1, 000000, 000000, 0.0, 0.0, 1.0, 
2, 000000, 000000, 0.0, 0.0, 1.0, 
3, 000000, 000000, 0.0, 0.0, 1.0, 
4, 100000, 100000, 0.16666666666666666, 0.16666666666666666, 0.0 1.0, 
5, 000010, 000010, 0.16666666666666666, 0.16666666666666666, 0.0 1.0, 
6, 000000, 000000, 0.0, 0.0, 1.0, 
7, 000100, 000100, 0.16666666666666666, 0.16666666666666666, 0.0 1.0, 
8, 000000, 000000, 0.0, 0.0, 1.0, 
9, 000000, 000000, 0.0, 0.0, 1.0, 
10, 000000, 000000, 0.0, 0.0, 1.0, 
11, 000010, 000010, 0.16666666666666666, 0.16666666666666666, 0.0 1.0, 
12, 010000, 010000, 0.16666666666666666, 0.16666666666666666, 0.0 1.0, 
13, 100001, 100001, 0.3333333333333333, 0.3333333333333333, 0.0 0.0 1.0, 
14, 000000, 000000, 0.0, 0.0, 1.0, 
15, 000000, 000000, 0.0, 0.0, 1.0, 
16, 000000, 000000, 0.0, 0.0, 1.0, 
17, 000000, 000000, 0.0, 0.0, 1.0, 
18, 000000, 000000, 0.0, 0.0, 1.0, 
19, 100000, 100000, 0.16666666666666666, 0.16666666666666666, 0.0 1.0, 
20, 000000, 000000, 0.0, 0.0, 1.0, 
21, 000000, 000000, 0.0, 0.0, 1.0, 
22, 101000, 101000, 0.3333333333333333, 0.3333333333333333, 0.0 0.0 1.0, 
23, 000100, 000100, 0.16666666666666666, 0.16666666666666666, 0.0 1.0, 
24, 010000, 010000, 0.16666666666666666, 0.16666666666666666, 0.0 1.0, 
25, 010100, 010100, 0.3333333333333333, 0.3333333333333333, 0.0 0.0 1.0, 
26, 000100, 000100, 0.16666666666666666, 0.16666666666666666, 0.0 1.0, 
27, 110010, 110010, 0.5, 0.5, 0.0 0.0 0.0 1.0, 
28, 000010, 000010, 0.16666666666666666, 0.16666666666666666, 0.0 1.0, 
29, 000100, 000100, 0.16666666666666666, 0.16666666666666666, 0.0 1.0, 
30, 001000, 001000, 0.16666666666666666, 0.16666666666666666, 0.0 1.0, 
31, 000000, 000000, 0.0, 0.0, 1.0, 
32, 100000, 100000, 0.16666666666666666, 0.16666666666666666, 0.0 1.0, 
33, 000100, 000100, 0.16666666666666666, 0.16666666666666666, 0.0 1.0, 
34, 000010, 000010, 0.16666666666666666, 0.16666666666666666, 0.0 1.0, 
35, 000000, 000000, 0.0, 0.0, 1.0, 
36, 000100, 000100, 0.16666666666666666, 0.16666666666666666, 0.0 1.0, 
37, 010000, 010000, 0.16666666666666666, 0.16666666666666666, 0.0 1.0, 
38, 000010, 000010, 0.16666666666666666, 0.16666666666666666, 0.0 1.0, 
39, 001000, 001000, 0.16666666666666666, 0.16666666666666666, 0.0 1.0, 
40, 010001, 010001, 0.3333333333333333, 0.3333333333333333, 0.0 0.0 1.0, 
41, 000110, 000110, 0.3333333333333333, 0.3333333333333333, 0.0 0.0 1.0, 
42, 100000, 100000, 0.16666666666666666, 0.16666666666666666, 0.0 1.0, 
43, 010000, 010000, 0.16666666666666666, 0.16666666666666666, 0.0 1.0, 
44, 000000, 000000, 0.0, 0.0, 1.0, 
45, 000000, 000000, 0.0, 0.0, 1.0, 
46, 000000, 000000, 0.0, 0.0, 1.0, 
47, 001011, 001011, 0.5, 0.5, 0.0 0.0 0.0 1.0, 
48, 000000, 000000, 0.0, 0.0, 1.0, 
49, 010000, 010000, 0.16666666666666666, 0.16666666666666666, 0.0 1.0, 
50, 000001, 000001, 0.16666666666666666, 0.16666666666666666, 0.0 1.0, 
51, 000010, 000010, 0.16666666666666666, 0.16666666666666666, 0.0 1.0, 
52, 001100, 001100, 0.3333333333333333, 0.3333333333333333, 0.0 0.0 1.0, 
53, 000001, 000001, 0.16666666666666666, 0.16666666666666666, 0.0 1.0, 
54, 000000, 000000, 0.0, 0.0, 1.0, 
55, 001100, 001100, 0.3333333333333333, 0.3333333333333333, 0.0 0.0 1.0, 
56, 000110, 000110, 0.3333333333333333, 0.3333333333333333, 0.0 0.0 1.0, 
57, 010011, 010011, 0.5, 0.5, 0.0 0.0 0.0 1.0, 
58, 000000, 000000, 0.0, 0.0, 1.0, 
59, 000000, 000000, 0.0, 0.0, 1.0, 
60, 000000, 000000, 0.0, 0.0, 1.0, 
61, 000000, 000000, 0.0, 0.0, 1.0, 
62, 000000, 000000, 0.0, 0.0, 1.0, 
63, 000010, 000010, 0.16666666666666666, 0.16666666666666666, 0.0 1.0, 
64, 011110, 011110, 0.6666666666666666, 0.6666666666666666, 0.0 0.0 0.0 0.0 1.0, 
65, 000101, 000101, 0.3333333333333333, 0.3333333333333333, 0.0 0.0 1.0, 
66, 000000, 000000, 0.0, 0.0, 1.0, 
67, 001000, 001000, 0.16666666666666666, 0.16666666666666666, 0.0 1.0, 
68, 000000, 000000, 0.0, 0.0, 1.0, 
69, 000001, 000001, 0.16666666666666666, 0.16666666666666666, 0.0 1.0, 
70, 000010, 000010, 0.16666666666666666, 0.16666666666666666, 0.0 1.0, 
71, 001101, 001101, 0.5, 0.5, 0.0 0.0 0.0 1.0, 
72, 000000, 000000, 0.0, 0.0, 1.0, 
73, 000010, 000010, 0.16666666666666666, 0.16666666666666666, 0.0 1.0, 
74, 000000, 000000, 0.0, 0.0, 1.0, 
75, 001000, 001000, 0.16666666666666666, 0.16666666666666666, 0.0 1.0, 
76, 000000, 000000, 0.0, 0.0, 1.0, 
77, 100100, 100100, 0.3333333333333333, 0.3333333333333333, 0.0 0.0 1.0, 
78, 010000, 010000, 0.16666666666666666, 0.16666666666666666, 0.0 1.0, 
79, 100100, 100100, 0.3333333333333333, 0.3333333333333333, 0.0 0.0 1.0, 
80, 000000, 000000, 0.0, 0.0, 1.0, 
81, 010000, 010000, 0.16666666666666666, 0.16666666666666666, 0.0 1.0, 
82, 001000, 001000, 0.16666666666666666, 0.16666666666666666, 0.0 1.0, 
83, 000101, 000101, 0.3333333333333333, 0.3333333333333333, 0.0 0.0 1.0, 
84, 000000, 000000, 0.0, 0.0, 1.0, 
85, 000000, 000000, 0.0, 0.0, 1.0, 
86, 000000, 000000, 0.0, 0.0, 1.0, 
87, 001011, 001011, 0.5, 0.5, 0.0 0.0 0.0 1.0, 
88, 001100, 001100, 0.3333333333333333, 0.3333333333333333, 0.0 0.0 1.0, 
89, 010001, 010001, 0.3333333333333333, 0.3333333333333333, 0.0 0.0 1.0, 
90, 001001, 001001, 0.3333333333333333, 0.3333333333333333, 0.0 0.0 1.0, 
91, 001000, 001000, 0.16666666666666666, 0.16666666666666666, 0.0 1.0, 
92, 000000, 000000, 0.0, 0.0, 1.0, 
93, 000000, 000000, 0.0, 0.0, 1.0, 
94, 010100, 010100, 0.3333333333333333, 0.3333333333333333, 0.0 0.0 1.0, 
95, 000000, 000000, 0.0, 0.0, 1.0, 
96, 000000, 000000, 0.0, 0.0, 1.0, 
97, 100001, 100001, 0.3333333333333333, 0.3333333333333333, 0.0 0.0 1.0, 
98, 000000, 000000, 0.0, 0.0, 1.0, 
99, 110000, 110000, 0.3333333333333333, 0.3333333333333333, 0.0 0.0 1.0, 
100, 000000, 000000, 0.0, 0.0, 1.0, 
