run, initial grid state, final grid state, mean grid cell occupancy, mean binding site occupancy, fraction of time with N TFs bound, warning
1, 000000, 000000, 0.0, 0.0, 1.0, 
2, 000000, 000000, 0.0011421091611590471, 0.0011421091611590471, 0.9931473450330457 0.006852654966954284, 
3, 000000, 000000, 0.0, 0.0, 1.0, 
4, 000000, 000000, 0.0, 0.0, 1.0, 
5, 000000, 000000, 0.009009790330152688, 0.009009790330152688, 0.945941258019084 0.054058741980916133, 
6, 000000, 000000, 0.0, 0.0, 1.0, 
7, 000000, 000000, 0.0, 0.0, 1.0, 
8, 111100, 111100, 0.6666666666666666, 0.6666666666666666, 0.0 0.0 0.0 0.0 1.0, 
9, 000000, 000000, 0.0, 0.0, 1.0, 
10, 111111, 111111, 1.0, 1.0, 0.0 0.0 0.0 0.0 0.0 0.0 1.0, 
11, 000000, 000000, 0.0, 0.0, 1.0, 
12, 000000, 000000, 0.0, 0.0, 1.0, 
13, 000000, 000000, 0.0, 0.0, 1.0, 
14, 000000, 000000, 0.002305961883550129, 0.002305961883550129, 0.9861642286986992 0.013835771301300773, 
15, 000000, 000000, 0.0, 0.0, 1.0, 
16, 000000, 000000, 0.0, 0.0, 1.0, 
17, 000000, 000000, 0.0, 0.0, 1.0, 
18, 000000, 000000, 0.016270810898062465, 0.016270810898062465, 0.9023751346116252 0.09762486538837478, 
19, 000000, 000000, 0.01857609616863266, 0.01857609616863266, 0.888543422988204 0.11145657701179595, 
20, 111111, 111111, 1.0, 1.0, 0.0 0.0 0.0 0.0 0.0 0.0 1.0, 
21, 000000, 000000, 0.0, 0.0, 1.0, 
22, 000000, 000000, 0.0, 0.0, 1.0, 
23, 000000, 000000, 0.0, 0.0, 1.0, 
24, 001111, 001111, 0.6666666666666666, 0.6666666666666666, 0.0 0.0 0.0 0.0 1.0, 
25, 000000, 000000, 0.0, 0.0, 1.0, 
26, 000000, 000000, 0.0, 0.0, 1.0, 
27, 111100, 111100, 0.6666666666666666, 0.6666666666666666, 0.0 0.0 0.0 0.0 1.0, 
28, 000000, 000000, 0.0, 0.0, 1.0, 
29, 001111, 001111, 0.6666666666666666, 0.6666666666666666, 0.0 0.0 0.0 0.0 1.0, 
30, 111111, 111111, 1.0, 1.0, 0.0 0.0 0.0 0.0 0.0 0.0 1.0, 
31, 000000, 000000, 0.0, 0.0, 1.0, 
32, 000000, 000000, 0.0, 0.0, 1.0, 
33, 000111, 000111, 0.5, 0.5, 0.0 0.0 0.0 1.0, 
34, 000000, 000000, 0.0, 0.0, 1.0, 
35, 000000, 000000, 0.0, 0.0, 1.0, 
36, 000000, 000000, 0.0, 0.0, 1.0, 
37, 000000, 000000, 0.0, 0.0, 1.0, 
38, 000000, 000000, 0.0, 0.0, 1.0, 
39, 001111, 001111, 0.6666666666666666, 0.6666666666666666, 0.0 0.0 0.0 0.0 1.0, 
40, 000000, 000000, 0.019167696626901404, 0.019167696626901404, 0.8849938202385916 0.11500617976140842, 
41, 000000, 000000, 0.0017708065015969805, 0.0017708065015969805, 0.9893751609904181 0.010624839009581884, 
42, 000000, 000000, 0.0, 0.0, 1.0, 
43, 000000, 000000, 0.0, 0.0, 1.0, 
44, 000000, 000000, 0.0, 0.0, 1.0, 
45, 111111, 111111, 1.0, 1.0, 0.0 0.0 0.0 0.0 0.0 0.0 1.0, 
46, 000000, 000000, 0.0, 0.0, 1.0, 
47, 000100, 000000, 0.003623796413212724, 0.003623796413212724, 0.9782572215207236 0.021742778479276345, 
48, 111111, 111111, 1.0, 1.0, 0.0 0.0 0.0 0.0 0.0 0.0 1.0, 
49, 011111, 011111, 0.8333333333333334, 0.8333333333333334, 0.0 0.0 0.0 0.0 0.0 1.0, 
50, 000000, 000000, 0.0, 0.0, 1.0, 
51, 111111, 111111, 1.0, 1.0, 0.0 0.0 0.0 0.0 0.0 0.0 1.0, 
52, 000000, 000000, 0.0, 0.0, 1.0, 
53, 111111, 111111, 1.0, 1.0, 0.0 0.0 0.0 0.0 0.0 0.0 1.0, 
54, 000000, 000000, 0.0, 0.0, 1.0, 
55, 000000, 000000, 0.0, 0.0, 1.0, 
56, 000000, 000000, 0.0, 0.0, 1.0, 
57, 000110, 000110, 0.3333333333333333, 0.3333333333333333, 0.0 0.0 1.0, 
58, 000000, 000000, 0.0, 0.0, 1.0, 
59, 000010, 000000, 0.007959828770969608, 0.007959828770969608, 0.9522410273741823 0.047758972625817644, 
60, 000000, 000000, 0.0, 0.0, 1.0, 
61, 001111, 001111, 0.6666666666666666, 0.6666666666666666, 0.0 0.0 0.0 0.0 1.0, 
62, 000000, 000000, 0.0, 0.0, 1.0, 
63, 000000, 000000, 0.014696898438885542, 0.014696898438885542, 0.9118186093666868 0.08818139063331326, 
64, 000000, 000000, 0.0, 0.0, 1.0, 
65, 000000, 000000, 0.0, 0.0, 1.0, 
66, 000000, 000000, 0.0, 0.0, 1.0, 
67, 111110, 111110, 0.8333333333333334, 0.8333333333333334, 0.0 0.0 0.0 0.0 0.0 1.0, 
68, 000000, 000000, 0.007817739560067944, 0.007817739560067944, 0.9530935626395924 0.04690643736040766, 
69, 000000, 000000, 0.0, 0.0, 1.0, 
70, 000000, 000000, 0.0, 0.0, 1.0, 
71, 000000, 000000, 0.0, 0.0, 1.0, 
72, 000000, 000000, 0.0, 0.0, 1.0, 
73, 000000, 000000, 0.0, 0.0, 1.0, 
74, 000000, 000000, 0.0, 0.0, 1.0, 
75, 000000, 000000, 0.0, 0.0, 1.0, 
76, 000000, 000000, 0.0, 0.0, 1.0, 
77, 011111, 011111, 0.8333333333333334, 0.8333333333333334, 0.0 0.0 0.0 0.0 0.0 1.0, 
78, 000000, 000000, 0.0, 0.0, 1.0, 
79, 000000, 000000, 0.0011541427233873144, 0.0011541427233873144, 0.9930751436596761 0.006924856340323886, 
80, 000000, 000010, 0.02181988127516797, 0.02181988127516797, 0.8690807123489922 0.13091928765100783, 
81, 111110, 111110, 0.8333333333333334, 0.8333333333333334, 0.0 0.0 0.0 0.0 0.0 1.0, 
82, 000000, 000000, 0.0, 0.0, 1.0, 
83, 000000, 000000, 0.0, 0.0, 1.0, 
84, 000000, 000000, 0.0, 0.0, 1.0, 
85, 000000, 000000, 0.0, 0.0, 1.0, 
86, 000000, 000000, 0.0023758228243813393, 0.0023758228243813393, 0.985745063053712 0.014254936946288039, 
87, 000000, 000000, 0.02018936835380533, 0.02018936835380533, 0.8788637898771681 0.12113621012283197, 
88, 000000, 000000, 0.0, 0.0, 1.0, 
89, 011111, 011111, 0.8333333333333334, 0.8333333333333334, 0.0 0.0 0.0 0.0 0.0 1.0, 
90, 000000, 000000, 0.0, 0.0, 1.0, 
91, 000000, 000000, 0.0, 0.0, 1.0, 
92, 000000, 000000, 0.0, 0.0, 1.0, 
93, 000000, 000000, 0.0, 0.0, 1.0, 
94, 000000, 000000, 0.0, 0.0, 1.0, 
95, 000000, 000000, 0.0, 0.0, 1.0, 
96, 011000, 011000, 0.3333333333333333, 0.3333333333333333, 0.0 0.0 1.0, 
97, 000000, 000000, 0.0, 0.0, 1.0, 
98, 000000, 000000, 0.0, 0.0, 1.0, 
99, 011111, 011111, 0.8333333333333334, 0.8333333333333334, 0.0 0.0 0.0 0.0 0.0 1.0, 
100, 000000, 000000, 0.0, 0.0, 1.0, 
