run, initial grid state, final grid state, mean grid cell occupancy, mean binding site occupancy, fraction of time with N TFs bound, warning
1, 000000, 000000, 0.0, 0.0, 1.0, 
2, 000000, 000000, 0.0, 0.0, 1.0, 
3, 000000, 000000, 0.0, 0.0, 1.0, 
4, 000000, 000000, 0.0, 0.0, 1.0, 
5, 000000, 000000, 0.0, 0.0, 1.0, 
6, 000000, 000000, 0.0, 0.0, 1.0, 
7, 000000, 000000, 0.0, 0.0, 1.0, 
8, 000000, 000000, 0.0, 0.0, 1.0, 
9, 000000, 000000, 0.0, 0.0, 1.0, 
10, 000000, 000000, 0.0, 0.0, 1.0, 
11, 000000, 000000, 0.0, 0.0, 1.0, 
12, 000000, 000000, 0.0, 0.0, 1.0, 
13, 000000, 000000, 0.0, 0.0, 1.0, 
14, 000000, 000000, 0.0, 0.0, 1.0, 
15, 000000, 000000, 5.643976102167815e-05, 5.643976102167815e-05, 0.99966136143387 0.0003386385661300689, 
16, 000000, 000000, 0.0, 0.0, 1.0, 
17, 000000, 000000, 0.0, 0.0, 1.0, 
18, 000000, 000000, 0.0, 0.0, 1.0, 
19, 111111, 111111, 1.0, 1.0, 0.0 0.0 0.0 0.0 0.0 0.0 1.0, 
20, 000000, 000000, 0.0, 0.0, 1.0, 
21, 000000, 000000, 0.0, 0.0, 1.0, 
22, 000000, 000000, 0.0, 0.0, 1.0, 
23, 000000, 000000, 0.0, 0.0, 1.0, 
24, 000000, 000000, 0.0, 0.0, 1.0, 
25, 000000, 000000, 1.5459304841682582e-06, 1.5459304841682582e-06, 0.9999907244170949 9.27558290500955e-06, 
26, 111111, 111111, 1.0, 1.0, 0.0 0.0 0.0 0.0 0.0 0.0 1.0, 
27, 000000, 000000, 0.0, 0.0, 1.0, 
28, 000000, 000000, 0.0, 0.0, 1.0, 
29, 000000, 000000, 0.0, 0.0, 1.0, 
30, 111111, 111111, 1.0, 1.0, 0.0 0.0 0.0 0.0 0.0 0.0 1.0, 
31, 111111, 111111, 1.0, 1.0, 0.0 0.0 0.0 0.0 0.0 0.0 1.0, 
32, 111111, 111111, 1.0, 1.0, 0.0 0.0 0.0 0.0 0.0 0.0 1.0, 
33, 000000, 000000, 0.0, 0.0, 1.0, 
34, 000000, 000000, 0.0, 0.0, 1.0, 
35, 000000, 000000, 0.0, 0.0, 1.0, 
36, 000000, 000000, 0.0, 0.0, 1.0, 
37, 000000, 000000, 0.0, 0.0, 1.0, 
38, 000000, 000000, 0.0, 0.0, 1.0, 
39, 111111, 111111, 1.0, 1.0, 0.0 0.0 0.0 0.0 0.0 0.0 1.0, 
40, 000000, 000000, 0.0, 0.0, 1.0, 
41, 111111, 111111, 1.0, 1.0, 0.0 0.0 0.0 0.0 0.0 0.0 1.0, 
42, 111111, 111111, 1.0, 1.0, 0.0 0.0 0.0 0.0 0.0 0.0 1.0, 
43, 000000, 000000, 0.0, 0.0, 1.0, 
44, 000000, 000000, 0.00014583405993943947, 0.00014583405993943947, 0.9991249956403634 0.0008750043596366368, 
45, 000000, 000000, 0.0, 0.0, 1.0, 
46, 000000, 000000, 1.685378299415283e-05, 1.685378299415283e-05, 0.9998988773020351 0.00010112269796491701, 
47, 000000, 000000, 0.0, 0.0, 1.0, 
48, 011111, 011111, 0.8333333333333334, 0.8333333333333334, 0.0 0.0 0.0 0.0 0.0 1.0, 
49, 000000, 000000, 0.0, 0.0, 1.0, 
50, 000000, 000000, 0.0, 0.0, 1.0, 
51, 000000, 000000, 0.0, 0.0, 1.0, 
52, 000000, 000000, 0.0, 0.0, 1.0, 
53, 000000, 000000, 8.060877216859561e-05, 8.060877216859561e-05, 0.9995163473669885 0.00048365263301157366, 
54, 000000, 000000, 0.0, 0.0, 1.0, 
55, 000000, 000000, 0.0, 0.0, 1.0, 
56, 111111, 111111, 1.0, 1.0, 0.0 0.0 0.0 0.0 0.0 0.0 1.0, 
57, 000000, 000000, 0.0, 0.0, 1.0, 
58, 000000, 000000, 0.0, 0.0, 1.0, 
59, 000000, 000000, 0.0, 0.0, 1.0, 
60, 000000, 000000, 0.0, 0.0, 1.0, 
61, 000000, 000000, 5.7413968721911824e-05, 5.7413968721911824e-05, 0.9996555161876686 0.000344483812331471, 
62, 000000, 000000, 0.0, 0.0, 1.0, 
63, 111111, 111111, 1.0, 1.0, 0.0 0.0 0.0 0.0 0.0 0.0 1.0, 
64, 000000, 000000, 0.0, 0.0, 1.0, 
65, 000000, 000000, 0.0, 0.0, 1.0, 
66, 000000, 000000, 0.0, 0.0, 1.0, 
67, 000000, 000000, 0.0, 0.0, 1.0, 
68, 000000, 000000, 0.0, 0.0, 1.0, 
69, 000000, 000000, 0.0, 0.0, 1.0, 
70, 000000, 000000, 0.0, 0.0, 1.0, 
71, 000000, 000000, 1.261369926426925e-06, 1.261369926426925e-06, 0.9999924317804414 7.5682195585615505e-06, 
72, 000000, 000000, 0.0, 0.0, 1.0, 
73, 000000, 000000, 0.0, 0.0, 1.0, 
74, 000000, 000000, 1.3209161733316952e-05, 1.3209161733316952e-05, 0.9999207450296002 7.925497039990172e-05, 
75, 000000, 000000, 0.0, 0.0, 1.0, 
76, 000000, 000000, 0.0, 0.0, 1.0, 
77, 111111, 111111, 1.0, 1.0, 0.0 0.0 0.0 0.0 0.0 0.0 1.0, 
78, 011111, 011111, 0.8333333333333334, 0.8333333333333334, 0.0 0.0 0.0 0.0 0.0 1.0, 
79, 000000, 000000, 0.0, 0.0, 1.0, 
80, 000000, 000000, 0.0, 0.0, 1.0, 
81, 000000, 000000, 0.0, 0.0, 1.0, 
82, 000000, 000000, 0.0, 0.0, 1.0, 
83, 000000, 000000, 6.6663938414311874e-06, 6.6663938414311874e-06, 0.9999600016369513 3.999836304858713e-05, 
84, 111111, 111111, 1.0, 1.0, 0.0 0.0 0.0 0.0 0.0 0.0 1.0, 
85, 000000, 000000, 0.0, 0.0, 1.0, 
86, 000000, 000000, 0.0, 0.0, 1.0, 
87, 011111, 011111, 0.8333333333333334, 0.8333333333333334, 0.0 0.0 0.0 0.0 0.0 1.0, 
88, 000000, 000000, 0.0, 0.0, 1.0, 
89, 000000, 000000, 0.0, 0.0, 1.0, 
90, 000000, 000000, 0.0, 0.0, 1.0, 
91, 000000, 000000, 0.0, 0.0, 1.0, 
92, 000000, 000000, 0.0, 0.0, 1.0, 
93, 000000, 000000, 0.0, 0.0, 1.0, 
94, 000000, 000000, 0.0, 0.0, 1.0, 
95, 000000, 000000, 6.35398364559778e-05, 6.35398364559778e-05, 0.9996187609812641 0.0003812390187358668, 
96, 000000, 000000, 0.0, 0.0, 1.0, 
97, 111111, 111111, 1.0, 1.0, 0.0 0.0 0.0 0.0 0.0 0.0 1.0, 
98, 000000, 000000, 0.0, 0.0, 1.0, 
99, 000000, 000000, 0.0, 0.0, 1.0, 
100, 000000, 000000, 0.0, 0.0, 1.0, 
