run, initial grid state, final grid state, mean grid cell occupancy, mean binding site occupancy, fraction of time with N TFs bound, warning
1, 111111, 111111, 0.9808262145423129, 0.9808262145423129, 0.0 0.0 0.0 0.0 0.0046570925615536515 0.10572852762301586 0.8896143798154305, 
2, 111111, 111111, 0.9834158300267991, 0.9834158300267991, 0.0 0.0 0.0 0.0004009765682080961 0.005337934198017584 0.08762622173854519 0.9066348674952291, 
3, 111111, 111111, 0.9776117098433762, 0.9776117098433762, 0.0 0.0 0.0 0.0 0.0 0.13432974093974237 0.8656702590602576, 
4, 111111, 111111, 0.9811141705689909, 0.9811141705689909, 0.0 0.0 0.0 0.0 0.0 0.11331497658605524 0.8866850234139447, 
5, 111111, 111111, 0.9780707795905031, 0.9780707795905031, 0.0 0.0 0.0 0.0 0.008057034692918453 0.11546125307114291 0.8764817122359385, 
6, 111111, 111111, 0.9748041719679865, 0.9748041719679865, 0.0 0.0 0.0 0.0 0.002178839667575023 0.14681728885693052 0.8510038714754945, 
7, 111111, 111111, 0.9767502214086, 0.9767502214086, 0.0 0.0 0.0 0.0 0.009789856544824534 0.11991895845874982 0.8702911849964254, 
8, 111110, 111111, 0.9742402151066263, 0.9742402151066263, 0.0 0.0 0.0 0.0 0.012412098516665757 0.1297345123269111 0.8578533891564232, 
9, 111111, 111111, 0.9915582521274253, 0.9915582521274253, 0.0 0.0 0.0 0.0 0.0 0.050650487235448405 0.9493495127645516, 
10, 111111, 111111, 0.9751214142207455, 0.9751214142207455, 0.0 0.0 0.0 0.0 0.0025090913263449525 0.14425333202283755 0.8532375766508175, 
11, 111111, 111111, 0.9970629175327983, 0.9970629175327983, 0.0 0.0 0.0 0.0 0.0 0.01762249480321079 0.9823775051967891, 
12, 111111, 111111, 0.9893310479058487, 0.9893310479058487, 0.0 0.0 0.0 0.0 0.0 0.0640137125649081 0.9359862874350919, 
13, 111111, 011110, 0.9751449375863872, 0.9751449375863872, 0.0 0.0 0.0 0.0 0.023464051604127508 0.10220227127342149 0.874333677122451, 
14, 111111, 111111, 0.9900005224785196, 0.9900005224785196, 0.0 0.0 0.0 0.0006828700489470968 0.009264533212104348 0.039419188557832725 0.9506334081811159, 
15, 111111, 001111, 0.9691727578977379, 0.9691727578977379, 0.0 0.0 0.0 0.0 0.0018205765794285333 0.18132229945471623 0.8168571239658552, 
16, 111111, 111110, 0.971318609410536, 0.971318609410536, 0.0 0.0 0.0 0.0 0.0025775042356445954 0.16693333506549485 0.8304891606988607, 
17, 111111, 111111, 0.9757320915946868, 0.9757320915946868, 0.0 0.0 0.0 0.0 0.005165817942640972 0.13527581454659748 0.8595583675107615, 
18, 111111, 111111, 0.9820342429352418, 0.9820342429352418, 0.0 0.0 0.0 0.0 0.0 0.10779454238854944 0.8922054576114506, 
19, 111111, 111111, 0.9784679470824776, 0.9784679470824776, 0.0 0.0 0.0 0.0 0.007646539512825697 0.11389923847948297 0.8784542220076914, 
20, 111110, 111111, 0.985386691619259, 0.985386691619259, 0.0 0.0 0.0 0.0 0.0 0.0876798502844481 0.912320149715552, 
21, 111111, 111111, 0.9782997722925371, 0.9782997722925371, 0.0 0.0 0.0 0.0 0.0 0.130201366244778 0.8697986337552219, 
22, 111111, 111111, 0.9904239645517026, 0.9904239645517026, 0.0 0.0 0.0 0.0 0.0 0.057456212689784396 0.9425437873102155, 
23, 111111, 111111, 0.9765672933704448, 0.9765672933704448, 0.0 0.0 0.0 0.0019856355847706043 0.004523842976674259 0.12559164706967052 0.8678988743688846, 
24, 111111, 111111, 0.9777205217112099, 0.9777205217112099, 0.0 0.0 0.0 0.0 0.0 0.13367686973273937 0.8663231302672606, 
25, 111111, 111111, 0.972362801538255, 0.972362801538255, 0.0 0.0 0.0 0.0 0.012959132910008405 0.13990492495045292 0.8471359421395386, 
26, 111111, 111111, 0.9782042041293709, 0.9782042041293709, 0.0 0.0 0.0 0.0 0.013956667159358097 0.10286144090505764 0.8831818919355843, 
27, 111111, 111111, 0.9697101838388681, 0.9697101838388681, 0.0 0.0 0.0 0.0 0.015869489242375787 0.14999991848203986 0.8341305922755844, 
28, 111110, 111111, 0.9815362942944122, 0.9815362942944122, 0.0 0.0 0.0 0.0 0.0027786904947794404 0.10522485324396721 0.8919964562612532, 
29, 111111, 111111, 0.981421635392536, 0.981421635392536, 0.0 0.0 0.0 0.0 0.0 0.11147018764478343 0.8885298123552166, 
30, 111111, 111111, 0.9765473741076075, 0.9765473741076075, 0.0 0.0 0.0 0.0 0.01919632862580804 0.10232309810273867 0.8784805732714533, 
31, 111111, 011111, 0.9765945574310367, 0.9765945574310367, 0.0 0.0 0.0 0.0 0.0 0.14043265541377906 0.8595673445862209, 
32, 011111, 011111, 0.9687142616727247, 0.9687142616727247, 0.0 0.0 0.0 0.0 0.02338592285886696 0.1409425842459192 0.8356714928952138, 
33, 011111, 111111, 0.9929762767506768, 0.9929762767506768, 0.0 0.0 0.0 0.0 0.0017112293721763833 0.03871988075158697 0.9595688898762366, 
34, 111111, 111111, 0.9845007724278966, 0.9845007724278966, 0.0 0.0 0.0 0.0 0.0 0.09299536543262014 0.9070046345673798, 
35, 111111, 111111, 0.9836922464080128, 0.9836922464080128, 0.0 0.0 0.0 0.0 0.0 0.0978465215519234 0.9021534784480766, 
36, 111111, 111111, 0.9817534367143406, 0.9817534367143406, 0.0 0.0 0.0 0.0 0.0 0.1094793797139565 0.8905206202860434, 
37, 011111, 111111, 0.9913279112640087, 0.9913279112640087, 0.0 0.0 0.0 0.0 0.00015939966372024362 0.05171373308850677 0.9481268672477731, 
38, 111111, 111111, 0.9792165115282009, 0.9792165115282009, 0.0 0.0 0.0 0.0 0.0 0.1247009308307949 0.8752990691692051, 
39, 111111, 111111, 0.9511354643563064, 0.9511354643563064, 0.0 0.0 0.0 0.005240132321998193 0.04009934199935997 0.19726813289744793 0.757392392781194, 
40, 111111, 111111, 0.9828602624824393, 0.9828602624824393, 0.0 0.0 0.0 0.00026540328548589766 0.01385897565989309 0.07432426392911959 0.9115513571255014, 
41, 111111, 111111, 0.9877467041089343, 0.9877467041089343, 0.0 0.0 0.0 0.0 0.0 0.07351977534639324 0.9264802246536066, 
42, 111111, 111111, 0.9672920924924058, 0.9672920924924058, 0.0 0.0 0.0 0.0 0.025855803818338338 0.1445358374088876 0.8296083587727741, 
43, 111111, 111111, 0.9759329013345678, 0.9759329013345678, 0.0 0.0 0.0 0.0 0.002315039368369053 0.13977251325585505 0.8579124473757759, 
44, 111111, 111111, 0.9803385616754823, 0.9803385616754823, 0.0 0.0 0.0 0.0 0.0 0.1179686299471058 0.8820313700528943, 
45, 111111, 111111, 0.9826983135560693, 0.9826983135560693, 0.0 0.0 0.0 0.0 0.011281253398039065 0.08124761186750729 0.9074711347344537, 
46, 111111, 111111, 0.9886187571577243, 0.9886187571577243, 0.0 0.0 0.0 0.0 0.0007513535717083111 0.06678474991023757 0.9324638965180541, 
47, 111111, 111111, 0.9836990536763689, 0.9836990536763689, 0.0 0.0 0.0 0.0 0.0 0.09780567794178639 0.9021943220582137, 
48, 111111, 111111, 0.9776959028239909, 0.9776959028239909, 0.0 0.0 0.0 0.0 0.0 0.1338245830560551 0.8661754169439448, 
49, 111111, 111111, 0.9850575243263896, 0.9850575243263896, 0.0 0.0 0.0 0.0 0.0 0.08965485404166211 0.910345145958338, 
50, 111111, 111111, 0.9929107475331642, 0.9929107475331642, 0.0 0.0 0.0 0.0 0.0 0.04253551480101355 0.9574644851989865, 
51, 111111, 111111, 0.9352259138197504, 0.9352259138197504, 0.0 0.0 0.016778079105355313 0.033947857464540154 0.04368138067772976 0.13232586691099643 0.7732668158413784, 
52, 111111, 111111, 0.9913457421180457, 0.9913457421180457, 0.0 0.0 0.0 0.0 0.0014620646829653487 0.049001417925794974 0.9495365173912396, 
53, 111111, 111111, 0.993540387441547, 0.993540387441547, 0.0 0.0 0.0 0.0 0.0 0.03875767535071737 0.9612423246492826, 
54, 111111, 111111, 0.983167332635172, 0.983167332635172, 0.0 0.0 0.0 0.0 0.0011848225673520114 0.09862635905426417 0.9001888183783837, 
55, 111111, 111111, 0.9732944135069883, 0.9732944135069883, 0.0 0.0 0.0 0.00719757265609947 0.015438512912858332 0.10776377516405526 0.8696001392669871, 
56, 111111, 111111, 0.9897451689191658, 0.9897451689191658, 0.0 0.0 0.0 0.0 0.0 0.06152898648500571 0.9384710135149943, 
57, 011111, 111111, 0.9749257001027736, 0.9749257001027736, 0.0 0.0 0.0 0.0 0.0024384865876832494 0.14556882620799125 0.8519926872043255, 
58, 111111, 111111, 0.9809615101638668, 0.9809615101638668, 0.0 0.0 0.0 0.0 0.003788104684097133 0.1066547296486053 0.8895571656672975, 
59, 111110, 111111, 0.9709794296896957, 0.9709794296896957, 0.0 0.0 0.0 0.0 0.0038281797900825737 0.1664670622816599 0.8297047579282576, 
60, 011111, 111111, 0.9705289349804789, 0.9705289349804789, 0.0 0.0 0.0 0.011510771462173606 0.021974376893941255 0.09834532194272275 0.8681695297011625, 
61, 111111, 111111, 0.9783115100102981, 0.9783115100102981, 0.0 0.0 0.0 0.0 0.002377163775147326 0.12537661238791736 0.8722462238369353, 
62, 111110, 111111, 0.9822409785274473, 0.9822409785274473, 0.0 0.0 0.0 0.0 0.0023103402596435494 0.10193344831602867 0.8957562114243277, 
63, 111111, 111111, 0.9767568888684801, 0.9767568888684801, 0.0 0.0 0.0 0.0 0.039125959100369874 0.061206748588379385 0.8996672923112508, 
64, 111111, 111111, 0.9811677942997057, 0.9811677942997057, 0.0 0.0 0.0 0.0 0.0 0.11299323420176569 0.8870067657982343, 
65, 111111, 111111, 0.993886994273788, 0.993886994273788, 0.0 0.0 0.0 0.0 0.0 0.036678034357271724 0.9633219656427282, 
66, 111111, 111111, 0.9681229871842388, 0.9681229871842388, 0.0 0.0 0.0 0.0 0.012017689383728599 0.16722669812710994 0.8207556124891615, 
67, 111111, 111111, 0.9799393280265354, 0.9799393280265354, 0.0 0.0 0.0 0.0 0.012904811252364385 0.0945544093360587 0.892540779411577, 
68, 111111, 111111, 0.9948761689652671, 0.9948761689652671, 0.0 0.0 0.0 0.0 0.0 0.03074298620839716 0.9692570137916029, 
69, 111111, 011111, 0.9772780348925999, 0.9772780348925999, 0.0 0.0 0.0 0.0 0.0 0.13633179064440135 0.8636682093555987, 
70, 111111, 111111, 0.9756481625094872, 0.9756481625094872, 0.0 0.0 0.0 0.0 0.014840293308096346 0.11643043832688386 0.8687292683650197, 
71, 111111, 111111, 0.9857945865929032, 0.9857945865929032, 0.0 0.0 0.0 0.0 0.0 0.08523248044258164 0.9147675195574183, 
72, 111110, 111111, 0.9664601061533272, 0.9664601061533272, 0.0 0.0 0.0 0.0 0.06678135448910312 0.06767665410183017 0.8655419914090667, 
73, 111111, 111111, 0.9883902628884319, 0.9883902628884319, 0.0 0.0 0.0 0.0003713783555548054 0.00011352510280516254 0.06831723739713402 0.9311978591445059, 
74, 111111, 111111, 0.9930028420726522, 0.9930028420726522, 0.0 0.0 0.0 0.0 0.0 0.041982947564086666 0.9580170524359133, 
75, 111111, 111111, 0.9922967244708827, 0.9922967244708827, 0.0 0.0 0.0 0.0 0.0 0.04621965317470436 0.9537803468252957, 
76, 111110, 111111, 0.9832453349217352, 0.9832453349217352, 0.0 0.0 0.0 0.0 0.003628495462167437 0.0932709995452544 0.9031005049925782, 
77, 111111, 111111, 0.9756455517501031, 0.9756455517501031, 0.0 0.0 0.0 0.0 0.0007123770396309265 0.14470193542011922 0.85458568754025, 
78, 111111, 111111, 0.9731768797794252, 0.9731768797794252, 0.0 0.0 0.0 0.0 0.0075224449588195555 0.14589383140581014 0.8465837236353703, 
79, 111111, 111110, 0.9756467823697723, 0.9756467823697723, 0.0 0.0 0.0 0.0 0.001749712128949108 0.14261988152346752 0.8556304063475835, 
80, 111111, 111111, 0.9738545771023321, 0.9738545771023321, 0.0 0.0 0.0 0.0 0.024850030704501827 0.10717247597700219 0.8679774933184958, 
81, 111111, 111110, 0.9668349054576332, 0.9668349054576332, 0.0 0.0 0.0 0.0 0.03824078694785741 0.12250899335848582 0.8392502196936569, 
82, 111111, 111111, 0.9876729419793427, 0.9876729419793427, 0.0 0.0 0.0 0.0 0.0 0.07396234812394391 0.926037651876056, 
83, 111111, 111111, 0.9604946395811067, 0.9604946395811067, 0.0 0.0 0.0 0.007267227094302774 0.06132502883994788 0.09258042355055598 0.8388273205151934, 
84, 111111, 111111, 0.984229545765133, 0.984229545765133, 0.0 0.0 0.0 0.0 0.014711247324758958 0.06520023075968313 0.9200885219155578, 
85, 111111, 011111, 0.9666197848474131, 0.9666197848474131, 0.0 0.0 0.0 0.022423848427589606 0.010419712368738227 0.11217032089527645 0.8549861183083958, 
86, 111111, 111111, 0.9853025502884182, 0.9853025502884182, 0.0 0.0 0.0 0.0 0.009436624777894137 0.0693114487137026 0.9212519265084034, 
87, 111111, 111111, 0.9933490191490029, 0.9933490191490029, 0.0 0.0 0.0 0.0 0.0 0.039905885105982135 0.9600941148940179, 
88, 111111, 111111, 0.9804820934698818, 0.9804820934698818, 0.0 0.0 0.0 0.0 0.012257840997774251 0.09259175718516094 0.8951504018170647, 
89, 111111, 111111, 0.9895197738468671, 0.9895197738468671, 0.0 0.0 0.0 0.0 0.001067010112016864 0.06074733669476305 0.93818565319322, 
90, 111111, 111111, 0.987606352906393, 0.987606352906393, 0.0 0.0 0.0 0.0 0.0 0.07436188256164246 0.9256381174383577, 
91, 111111, 111111, 0.9761406661400217, 0.9761406661400217, 0.0 0.0 0.0 0.0 0.0072153919995827966 0.12872521916070373 0.8640593888397136, 
92, 111111, 111111, 0.9866980499110509, 0.9866980499110509, 0.0 0.0 0.0 0.0 0.0 0.07981170053369427 0.9201882994663056, 
93, 111111, 111111, 0.9749634561675597, 0.9749634561675597, 0.0 0.0 0.0 0.0 0.031322536203244405 0.08757419058815212 0.8811032732086035, 
94, 111111, 111111, 0.9716071892724962, 0.9716071892724962, 0.0 0.0 0.0 0.0 0.00494811841483881 0.16046062753534435 0.8345912540498169, 
95, 111111, 111111, 0.9734350769852979, 0.9734350769852979, 0.0 0.0 0.0 0.0 0.023132735745141433 0.11312406659793073 0.863743197656928, 
96, 111100, 111111, 0.9721898214587691, 0.9721898214587691, 0.0 0.0 0.0 0.0 0.023486424043310913 0.11988822316076293 0.856625352795926, 
97, 111111, 111111, 0.9721945777845687, 0.9721945777845687, 0.0 0.0 0.0 0.0 0.014593750627159412 0.13764503203826958 0.847761217334571, 
98, 111111, 111111, 0.975614168660657, 0.975614168660657, 0.0 0.0 0.0 0.0 0.016486927034286218 0.11334113396748648 0.8701719389982273, 
99, 111111, 111111, 0.9901728653263137, 0.9901728653263137, 0.0 0.0 0.0 0.0 0.0 0.058962808042117495 0.9410371919578825, 
100, 111111, 111111, 0.9790587179524228, 0.9790587179524228, 0.0 0.0 0.0 0.0 0.012997857284694561 0.09965197771607351 0.887350164999232, 
