run, initial grid state, final grid state, mean grid cell occupancy, mean binding site occupancy, fraction of time with N TFs bound, warning
1, 000000, 000000, 0.0, 0.0, 1.0, 
2, 001111, 001111, 0.6666666666666666, 0.6666666666666666, 0.0 0.0 0.0 0.0 1.0, 
3, 111111, 111111, 1.0, 1.0, 0.0 0.0 0.0 0.0 0.0 0.0 1.0, 
4, 000000, 000000, 0.0, 0.0, 1.0, 
5, 111110, 111110, 0.8333333333333334, 0.8333333333333334, 0.0 0.0 0.0 0.0 0.0 1.0, 
6, 000000, 000000, 0.0, 0.0, 1.0, 
7, 111111, 111111, 1.0, 1.0, 0.0 0.0 0.0 0.0 0.0 0.0 1.0, 
8, 111111, 111111, 1.0, 1.0, 0.0 0.0 0.0 0.0 0.0 0.0 1.0, 
9, 000000, 000000, 0.0, 0.0, 1.0, 
10, 111111, 111111, 1.0, 1.0, 0.0 0.0 0.0 0.0 0.0 0.0 1.0, 
11, 000000, 000000, 0.0, 0.0, 1.0, 
12, 111111, 111111, 1.0, 1.0, 0.0 0.0 0.0 0.0 0.0 0.0 1.0, 
13, 111111, 111111, 1.0, 1.0, 0.0 0.0 0.0 0.0 0.0 0.0 1.0, 
14, 000000, 000000, 0.0, 0.0, 1.0, 
15, 000000, 000000, 0.0, 0.0, 1.0, 
16, 111111, 111111, 1.0, 1.0, 0.0 0.0 0.0 0.0 0.0 0.0 1.0, 
17, 111111, 111111, 1.0, 1.0, 0.0 0.0 0.0 0.0 0.0 0.0 1.0, 
18, 011111, 011111, 0.8333333333333334, 0.8333333333333334, 0.0 0.0 0.0 0.0 0.0 1.0, 
19, 000000, 000000, 0.0, 0.0, 1.0, 
20, 011111, 011111, 0.8333333333333334, 0.8333333333333334, 0.0 0.0 0.0 0.0 0.0 1.0, 
21, 111111, 111111, 1.0, 1.0, 0.0 0.0 0.0 0.0 0.0 0.0 1.0, 
22, 000000, 000000, 0.0, 0.0, 1.0, 
23, 111100, 111100, 0.6666666666666666, 0.6666666666666666, 0.0 0.0 0.0 0.0 1.0, 
24, 011100, 011100, 0.5, 0.5, 0.0 0.0 0.0 1.0, 
25, 111111, 111111, 1.0, 1.0, 0.0 0.0 0.0 0.0 0.0 0.0 1.0, 
26, 111111, 111111, 1.0, 1.0, 0.0 0.0 0.0 0.0 0.0 0.0 1.0, 
27, 111111, 111111, 1.0, 1.0, 0.0 0.0 0.0 0.0 0.0 0.0 1.0, 
28, 000000, 000000, 0.0, 0.0, 1.0, 
29, 111111, 111111, 1.0, 1.0, 0.0 0.0 0.0 0.0 0.0 0.0 1.0, 
30, 000000, 000000, 0.0, 0.0, 1.0, 
31, 011111, 011111, 0.8333333333333334, 0.8333333333333334, 0.0 0.0 0.0 0.0 0.0 1.0, 
32, 111111, 111111, 1.0, 1.0, 0.0 0.0 0.0 0.0 0.0 0.0 1.0, 
33, 001100, 001100, 0.3333333333333333, 0.3333333333333333, 0.0 0.0 1.0, 
34, 111111, 111111, 1.0, 1.0, 0.0 0.0 0.0 0.0 0.0 0.0 1.0, 
35, 000000, 000000, 0.0, 0.0, 1.0, 
36, 000000, 000000, 0.0, 0.0, 1.0, 
37, 000000, 000000, 0.0, 0.0, 1.0, 
38, 111111, 111111, 1.0, 1.0, 0.0 0.0 0.0 0.0 0.0 0.0 1.0, 
39, 000000, 000000, 0.0, 0.0, 1.0, 
40, 111111, 111111, 1.0, 1.0, 0.0 0.0 0.0 0.0 0.0 0.0 1.0, 
41, 111111, 111111, 1.0, 1.0, 0.0 0.0 0.0 0.0 0.0 0.0 1.0, 
42, 111111, 111111, 1.0, 1.0, 0.0 0.0 0.0 0.0 0.0 0.0 1.0, 
43, 001110, 001110, 0.5, 0.5, 0.0 0.0 0.0 1.0, 
44, 000000, 000000, 0.0, 0.0, 1.0, 
45, 111111, 111111, 1.0, 1.0, 0.0 0.0 0.0 0.0 0.0 0.0 1.0, 
46, 111111, 111111, 1.0, 1.0, 0.0 0.0 0.0 0.0 0.0 0.0 1.0, 
47, 111111, 111111, 1.0, 1.0, 0.0 0.0 0.0 0.0 0.0 0.0 1.0, 
48, 011111, 011111, 0.8333333333333334, 0.8333333333333334, 0.0 0.0 0.0 0.0 0.0 1.0, 
49, 000000, 000000, 0.0, 0.0, 1.0, 
50, 111111, 111111, 1.0, 1.0, 0.0 0.0 0.0 0.0 0.0 0.0 1.0, 
51, 111111, 111111, 1.0, 1.0, 0.0 0.0 0.0 0.0 0.0 0.0 1.0, 
52, 000000, 000000, 0.0, 0.0, 1.0, 
53, 011111, 011111, 0.8333333333333334, 0.8333333333333334, 0.0 0.0 0.0 0.0 0.0 1.0, 
54, 000000, 000000, 0.0, 0.0, 1.0, 
55, 001111, 001111, 0.6666666666666666, 0.6666666666666666, 0.0 0.0 0.0 0.0 1.0, 
56, 111111, 111111, 1.0, 1.0, 0.0 0.0 0.0 0.0 0.0 0.0 1.0, 
57, 000000, 000000, 0.0, 0.0, 1.0, 
58, 111111, 111111, 1.0, 1.0, 0.0 0.0 0.0 0.0 0.0 0.0 1.0, 
59, 000000, 000000, 0.0, 0.0, 1.0, 
60, 011111, 011111, 0.8333333333333334, 0.8333333333333334, 0.0 0.0 0.0 0.0 0.0 1.0, 
61, 011111, 011111, 0.8333333333333334, 0.8333333333333334, 0.0 0.0 0.0 0.0 0.0 1.0, 
62, 111111, 111111, 1.0, 1.0, 0.0 0.0 0.0 0.0 0.0 0.0 1.0, 
63, 111111, 111111, 1.0, 1.0, 0.0 0.0 0.0 0.0 0.0 0.0 1.0, 
64, 000000, 000000, 0.0, 0.0, 1.0, 
65, 000000, 000000, 0.0, 0.0, 1.0, 
66, 111111, 111111, 1.0, 1.0, 0.0 0.0 0.0 0.0 0.0 0.0 1.0, 
67, 000000, 000000, 0.0, 0.0, 1.0, 
68, 111110, 111111, 0.9607286988341159, 0.9607286988341159, 0.0 0.0 0.0 0.0 0.0 0.23562780699530483 0.7643721930046952, 
69, 111111, 111111, 1.0, 1.0, 0.0 0.0 0.0 0.0 0.0 0.0 1.0, 
70, 111111, 111111, 1.0, 1.0, 0.0 0.0 0.0 0.0 0.0 0.0 1.0, 
71, 111111, 111111, 1.0, 1.0, 0.0 0.0 0.0 0.0 0.0 0.0 1.0, 
72, 111111, 111111, 1.0, 1.0, 0.0 0.0 0.0 0.0 0.0 0.0 1.0, 
73, 111111, 111111, 1.0, 1.0, 0.0 0.0 0.0 0.0 0.0 0.0 1.0, 
74, 111111, 111111, 1.0, 1.0, 0.0 0.0 0.0 0.0 0.0 0.0 1.0, 
75, 000000, 000000, 0.0, 0.0, 1.0, 
76, 000000, 000000, 0.0, 0.0, 1.0, 
77, 000000, 000000, 0.0, 0.0, 1.0, 
78, 111111, 111111, 1.0, 1.0, 0.0 0.0 0.0 0.0 0.0 0.0 1.0, 
79, 000000, 000000, 0.0, 0.0, 1.0, 
80, 111111, 111111, 1.0, 1.0, 0.0 0.0 0.0 0.0 0.0 0.0 1.0, 
81, 000000, 000000, 0.0, 0.0, 1.0, 
82, 000000, 000000, 0.0, 0.0, 1.0, 
83, 111111, 111111, 1.0, 1.0, 0.0 0.0 0.0 0.0 0.0 0.0 1.0, 
84, 111110, 111110, 0.8333333333333334, 0.8333333333333334, 0.0 0.0 0.0 0.0 0.0 1.0, 
85, 000000, 000000, 0.0, 0.0, 1.0, 
86, 111111, 111111, 1.0, 1.0, 0.0 0.0 0.0 0.0 0.0 0.0 1.0, 
87, 111111, 111111, 1.0, 1.0, 0.0 0.0 0.0 0.0 0.0 0.0 1.0, 
88, 111111, 111111, 1.0, 1.0, 0.0 0.0 0.0 0.0 0.0 0.0 1.0, 
89, 111111, 111111, 1.0, 1.0, 0.0 0.0 0.0 0.0 0.0 0.0 1.0, 
90, 111111, 111111, 1.0, 1.0, 0.0 0.0 0.0 0.0 0.0 0.0 1.0, 
91, 000000, 000000, 0.0, 0.0, 1.0, 
92, 111110, 111110, 0.8333333333333334, 0.8333333333333334, 0.0 0.0 0.0 0.0 0.0 1.0, 
93, 111111, 111111, 1.0, 1.0, 0.0 0.0 0.0 0.0 0.0 0.0 1.0, 
94, 011111, 011111, 0.8333333333333334, 0.8333333333333334, 0.0 0.0 0.0 0.0 0.0 1.0, 
95, 000000, 000000, 0.0, 0.0, 1.0, 
96, 111111, 111111, 1.0, 1.0, 0.0 0.0 0.0 0.0 0.0 0.0 1.0, 
97, 000000, 000000, 0.0, 0.0, 1.0, 
98, 111111, 111111, 1.0, 1.0, 0.0 0.0 0.0 0.0 0.0 0.0 1.0, 
99, 111111, 111111, 1.0, 1.0, 0.0 0.0 0.0 0.0 0.0 0.0 1.0, 
100, 111111, 111111, 1.0, 1.0, 0.0 0.0 0.0 0.0 0.0 0.0 1.0, 
