run, initial grid state, final grid state, mean grid cell occupancy, mean binding site occupancy, fraction of time with N TFs bound, warning
1, 001000, 001001, 0.2979309745126287, 0.2979309745126287, 0.17934410078958168 0.2497109922260228 0.26396356404267357 0.21797764500248534 0.08900369793923656, 
2, 001100, 000000, 0.2798872032392397, 0.2798872032392397, 0.15010844508823876 0.39183588643326905 0.21713005224930015 0.1394705063167556 0.07245984000888044 0.028995269903555995, 
3, 000100, 010000, 0.1786312860220497, 0.1786312860220497, 0.2215318922203482 0.5245470245579862 0.21755918905883637 0.03332526319467796 0.003036630968151365, 
4, 010000, 000000, 0.17587259015431753, 0.17587259015431753, 0.2651939476197737 0.44000888298151647 0.2691648502517404 0.025632319146969434, 
5, 000000, 010000, 0.20014724280087512, 0.20014724280087512, 0.3307928083499695 0.3265409455435036 0.1939489202625578 0.10842463263924458 0.04029269320472445, 
6, 100000, 000100, 0.21637533154883215, 0.21637533154883215, 0.05198555233748998 0.6936772409102548 0.1602425150892205 0.09228904844784183 0.001805643215192918, 
7, 010000, 000100, 0.16165699019855012, 0.16165699019855012, 0.27722417314862774 0.4977560980206227 0.2028733433215708 0.022146385509178808, 
8, 001000, 000000, 0.1759872411244631, 0.1759872411244631, 0.2273613500642155 0.5169885263667094 0.22801545032715614 0.02763467324191902, 
9, 100110, 000000, 0.23352669083491054, 0.23352669083491054, 0.2618239424667656 0.3034953625736733 0.2778685248894073 0.08532094762363972 0.0714912224465141, 
10, 000110, 010100, 0.28526877132729606, 0.28526877132729606, 0.11098801623157238 0.38375346355235895 0.28038159493004106 0.14764960540907074 0.061989441060661 0.015237878816295848, 
11, 000001, 000000, 0.22996383376283294, 0.22996383376283294, 0.2305241153374397 0.4301916863379123 0.1644977309207256 0.07855001521805528 0.09623645218586706, 
12, 000101, 101000, 0.23434452232274908, 0.23434452232274908, 0.2397112806679972 0.29316991719118746 0.2952083453788621 0.16516130106023003 0.006749155701723228, 
13, 001010, 010100, 0.26965009340533197, 0.26965009340533197, 0.1359400362194951 0.3452216253326116 0.3043170199865831 0.1940403787190265 0.020480939742283665, 
14, 000000, 111000, 0.2735237639271359, 0.2735237639271359, 0.19259648938375032 0.3341378716486954 0.20236486976535584 0.1888344653062755 0.07455994301503245 0.0075063608808904475, 
15, 001100, 000000, 0.24457373367069177, 0.24457373367069177, 0.1706638279430969 0.39441754074005886 0.26508476606830683 0.13648013184667174 0.03335373340186569, 
16, 010010, 001000, 0.17792765164163302, 0.17792765164163302, 0.4199601634501796 0.2534197998951465 0.18954519913493964 0.11570300492477902 0.018912466064340827 0.0024593665306144297, 
17, 000001, 010101, 0.21576295732291353, 0.21576295732291353, 0.18644852433371492 0.4865709713795255 0.19444280646346968 0.1110296316621431 0.02150806616114682, 
18, 000000, 000000, 0.16400686685477464, 0.16400686685477464, 0.2391644475128129 0.5465169309594891 0.2054315944139352 0.008887027113762845, 
19, 100010, 001100, 0.1958039806843479, 0.1958039806843479, 0.18327492505021342 0.5211895528240856 0.232972235095101 0.0625632870305999, 
20, 000110, 010000, 0.16864034900161873, 0.16864034900161873, 0.27940956135618883 0.46627687154101316 0.21886537052182395 0.03395830489884462 0.0014898916821293833, 
21, 000000, 011001, 0.2106867857313984, 0.2106867857313984, 0.1658555209109128 0.5100201555582748 0.21827241176232143 0.10585191176849094, 
22, 000000, 110000, 0.18356868417169062, 0.18356868417169062, 0.1831178103319165 0.5483833364569977 0.2524677910601115 0.01603106215097435, 
23, 000000, 000100, 0.21388393148558998, 0.21388393148558998, 0.20666518111236362 0.3728959052458247 0.3509090572577197 0.06952985638409195, 
24, 110000, 010010, 0.19188632719811438, 0.19188632719811438, 0.16732936133959264 0.5231673599641066 0.3003592328643228 0.00914404583197807, 
25, 100010, 100010, 0.2469742676756221, 0.2469742676756221, 0.08978438056055647 0.42075834873990725 0.4133678232370184 0.07000617901028296 0.00608326845223491, 
26, 111100, 000000, 0.21021391246971813, 0.21021391246971813, 0.26459698411487376 0.40894516888908056 0.1702991241652564 0.11289483372444185 0.04326388910634748, 
27, 000010, 000000, 0.12387809749062606, 0.12387809749062606, 0.4569879307760514 0.36527970868130655 0.1552082053654765 0.022524155177165623, 
28, 000100, 010000, 0.2177139586954503, 0.2177139586954503, 0.207806320387302 0.38296617336831557 0.30493736125887844 0.10371772365538674 0.0005724213301173303, 
29, 001000, 100010, 0.2535211627697009, 0.2535211627697009, 0.20239893636993295 0.3205135818411641 0.2831142014006617 0.14150812957724748 0.052465150810993844, 
30, 000010, 001010, 0.1661049945874363, 0.1661049945874363, 0.3435978461247538 0.39000385471783233 0.19256878466545607 0.07382951449195779, 
31, 000000, 010000, 0.2332979801549985, 0.2332979801549985, 0.14073213667960666 0.5151913090135045 0.17994570768626555 0.13181822993853803 0.03231261668208527, 
32, 001000, 100001, 0.1903416691044419, 0.1903416691044419, 0.17350770260341547 0.5184830679198525 0.3004607417233972 0.007548487753334798, 
33, 000100, 001000, 0.20939726779742648, 0.20939726779742648, 0.2868784637805668 0.3780363223616155 0.172823789978911 0.12675848321919175 0.02509044849102875 0.010412492168686274, 
34, 000010, 010100, 0.16270538579938315, 0.16270538579938315, 0.36563628755736416 0.3324628977045685 0.26193302712247146 0.03996778761559584, 
35, 000010, 001010, 0.2290226115732305, 0.2290226115732305, 0.14534898602506907 0.3880410815424738 0.4137352094004621 0.052874723031995065, 
36, 011010, 000100, 0.2122039678221172, 0.2122039678221172, 0.2617363991694268 0.3293505995970674 0.3095506336654211 0.07267753026754488 0.02668483730053974, 
37, 000101, 000000, 0.2452305029822476, 0.2452305029822476, 0.16295309626326948 0.3661919195044877 0.3243740504204175 0.13160648095902405 0.012748709592915429 0.0021257432598858197, 
38, 100000, 000010, 0.16059197826275987, 0.16059197826275987, 0.32625389324109977 0.420337948540899 0.2170105536183436 0.03639760459965764, 
39, 100011, 010000, 0.2562478210689042, 0.2562478210689042, 0.06388344125432423 0.5051896270981325 0.3165637831803738 0.05828286091413265 0.056080287553036776, 
40, 000001, 000100, 0.1969482686162469, 0.1969482686162469, 0.23354454050825688 0.3926576299102063 0.33236150695733524 0.0414363226242016, 
41, 001000, 001100, 0.328862332189405, 0.328862332189405, 0.12817395748728908 0.1365660178051995 0.4163012771031942 0.27182956929242585 0.0471291783118913, 
42, 100001, 000100, 0.15249379138351576, 0.15249379138351576, 0.37397233485481723 0.3747492206500069 0.2136218058344398 0.037656638660736055, 
43, 000111, 000000, 0.26661832276899183, 0.26661832276899183, 0.1862919562805485 0.22422310582908378 0.4138678256137329 0.15471726954913806 0.020899842727496815, 
44, 000000, 010000, 0.29219537992488226, 0.29219537992488226, 0.059204846524796025 0.4055114264736614 0.35630234548222495 0.09375625600625768 0.07233823347289042 0.012886892040169528, 
45, 000010, 000000, 0.12939339112070491, 0.12939339112070491, 0.40175223282295724 0.44495469146000116 0.12847357188689643 0.024819503830145157, 
46, 000010, 000000, 0.1656474989495541, 0.1656474989495541, 0.2742182322514474 0.46167400186690133 0.2601123058145303 0.0039954600671209765, 
47, 001100, 100100, 0.24011314305181544, 0.24011314305181544, 0.20499646581682043 0.32526462257490285 0.31099925246479104 0.14154290576753487 0.017196753375950755, 
48, 000010, 010100, 0.22753787042187998, 0.22753787042187998, 0.2479864070150867 0.3064865175933939 0.29637527504470856 0.13061704653877412 0.018534753808036698, 
49, 000110, 000100, 0.16920600836764801, 0.16920600836764801, 0.32969156954234374 0.4417411721705068 0.11220689682606698 0.11636036146108242, 
50, 011000, 000001, 0.19474750154304413, 0.19474750154304413, 0.2290548003434121 0.4254130425601731 0.2935245045911526 0.052007652505262146, 
51, 110000, 000100, 0.3013888363417256, 0.3013888363417256, 0.08283599719655198 0.32565223693696865 0.3250091193226288 0.23334804370727494 0.03315460283657555, 
52, 110010, 000110, 0.22242548684868244, 0.22242548684868244, 0.21660379229754528 0.3533944575341671 0.32590560116344763 0.08703733478832758 0.017058814216512407, 
53, 000000, 001010, 0.176403754711838, 0.176403754711838, 0.2854711199913783 0.4122893645203995 0.26058538271403836 0.04165413277418392, 
54, 010001, 000000, 0.24390154221822924, 0.24390154221822924, 0.19514890910393012 0.31044320666261466 0.33387182531972437 0.15692183964761153 0.003614219266119282, 
55, 100000, 000001, 0.1836907939329487, 0.1836907939329487, 0.27549058181184505 0.43333908008799527 0.2047053307907821 0.0864650073093776, 
56, 001000, 001010, 0.23770065333271725, 0.23770065333271725, 0.10740429697425576 0.4352661986397675 0.38105079180139406 0.0762787125845827, 
57, 000010, 000001, 0.18232653074640667, 0.18232653074640667, 0.31651963766706076 0.3591287823248444 0.23889932946397216 0.08477725895083937 0.000674991593283328, 
58, 100000, 100000, 0.204463496672843, 0.204463496672843, 0.22340981193786733 0.4288431538460439 0.24530327645725225 0.10244375775883657, 
59, 000101, 010010, 0.29233771952014376, 0.29233771952014376, 0.08411909495114113 0.32643360321581927 0.3521008413359938 0.22599481075512737 0.0113516497419184, 
60, 000001, 011100, 0.2002506544665871, 0.2002506544665871, 0.2940098986012564 0.35905373895860454 0.20855457686821469 0.12818610818320855 0.010195677388715739, 
61, 011000, 000000, 0.22875205227725973, 0.22875205227725973, 0.11680337855028469 0.4759160218385799 0.3252455070084273 0.0820350926027081, 
62, 010100, 100000, 0.18898566613900059, 0.18898566613900059, 0.19592565013922206 0.4865942459009229 0.30512056094648443 0.012359543013370639, 
63, 010110, 000100, 0.20429058920816795, 0.20429058920816795, 0.2657643859588592 0.38284220193170004 0.21232448342146829 0.13802334827751886 0.001045580410453604, 
64, 100000, 001000, 0.20292680919413109, 0.20292680919413109, 0.18941731371431147 0.4813326825460508 0.25152183860017724 0.07772816513946054, 
65, 001000, 011101, 0.23939288397893305, 0.23939288397893305, 0.18844909039944208 0.36761430928335825 0.3166380028822521 0.07372740091405419 0.0535711965208934, 
66, 000000, 011000, 0.2716027538715968, 0.2716027538715968, 0.12235169879969489 0.3742946338102628 0.2817254718216931 0.19464183649746486 0.026986359070884442, 
67, 001000, 100010, 0.12660938571640448, 0.12660938571640448, 0.44208863331443266 0.3783257485716272 0.15742628861502075 0.022159329498919432, 
68, 000100, 000001, 0.17647895402641256, 0.17647895402641256, 0.1916207495174359 0.5699571997167827 0.22634962785565144 0.012072422910129948, 
69, 001000, 000000, 0.16395826478550002, 0.16395826478550002, 0.3518108979693312 0.38719332603718537 0.20188454991887375 0.04365774146037148 0.01545348461423818, 
70, 010100, 000000, 0.17088422772375148, 0.17088422772375148, 0.2703780673623575 0.4833244501809976 0.20926246050981276 0.024684092645442718 0.012350929301389351, 
71, 000101, 000011, 0.1785454572768434, 0.1785454572768434, 0.31540649564093154 0.40140243264771036 0.18803954401920803 0.08681488779366614 0.008336639898483933, 
72, 010001, 000000, 0.17191553300390014, 0.17191553300390014, 0.3524106684182546 0.38100067836188045 0.1965203626210637 0.02282136797581199 0.04724692262298931, 
73, 000100, 000100, 0.14946474794322198, 0.14946474794322198, 0.4493585161054053 0.2448879998822774 0.2653599642598974 0.04039351975241988, 
74, 000000, 000000, 0.17347964607187372, 0.17347964607187372, 0.2602741437735774 0.4605564373676989 0.25718681751262756 0.021982601346096094, 
75, 010000, 011110, 0.2396638639571411, 0.2396638639571411, 0.30612524265793317 0.26555381891478586 0.2141499261227548 0.1293794953434469 0.06796655825318638 0.01682495870789294, 
76, 000011, 011000, 0.3347930760909209, 0.3347930760909209, 0.024223895876373632 0.3000065996879164 0.3991482903379971 0.20111693722106588 0.07041691986481755 0.005087357011829501, 
77, 000010, 010010, 0.22439304919216305, 0.22439304919216305, 0.22068960091092085 0.3873604709674429 0.23290440165679135 0.14299308498742686 0.016052441477418033, 
78, 100011, 000000, 0.19924737016170088, 0.19924737016170088, 0.2112387826884255 0.4771014563207038 0.2165965183231105 0.09506324266776021, 
79, 000100, 011100, 0.29670495897664956, 0.29670495897664956, 0.09735458646366352 0.2503503192839016 0.43238416376202266 0.21453261490969847 0.005378315580713758, 
80, 110000, 000000, 0.1785357689120824, 0.1785357689120824, 0.2096484150294841 0.5905017894841328 0.13191721133921833 0.054851935278734124 0.013080648868430658, 
81, 010101, 001000, 0.22323525898062874, 0.22323525898062874, 0.18592070366760996 0.4527105890780872 0.20493009359390976 0.14891367702370684 0.00752493663668626, 
82, 000001, 010100, 0.17347555339144943, 0.17347555339144943, 0.38734682447454594 0.2354641553747616 0.32617789547814224 0.05101112467255015, 
83, 000000, 110000, 0.2507356286177656, 0.2507356286177656, 0.19190754518089564 0.30659743322274824 0.3314622831851453 0.14523918153128842 0.0247935568799224, 
84, 000000, 010000, 0.267423163235962, 0.267423163235962, 0.2206740233072299 0.246087353230161 0.31961070898433436 0.16387840852959507 0.021152547115241536 0.028596958833438095, 
85, 000001, 000011, 0.15889499445436475, 0.15889499445436475, 0.33711377760187894 0.4008335564028177 0.23423360656379788 0.027207040530246793 0.0006120189012586931, 
86, 100000, 100001, 0.15134401840960138, 0.15134401840960138, 0.29724125890559194 0.5262383995364359 0.15507650498488382 0.01410264534094845 0.007341191232139857, 
87, 000010, 001010, 0.22965520142416923, 0.22965520142416923, 0.14209018908722623 0.41654889610014434 0.3627004319930173 0.07866048281961215, 
88, 100000, 000000, 0.17877501096239226, 0.17877501096239226, 0.22195220917787317 0.5077662276639298 0.24644810333691555 0.02334620784853323 0.00048725197274823056, 
89, 100100, 000001, 0.23996655365109187, 0.23996655365109187, 0.25953043880361476 0.3070115073812869 0.25905403454163595 0.09732494808290995 0.0626904547594995 0.01438861643105292, 
90, 001000, 000000, 0.15019076036199178, 0.15019076036199178, 0.29561726318045617 0.5198993710755887 0.17220490613550335 0.012278459608451732, 
91, 010000, 000000, 0.17427564700788503, 0.17427564700788503, 0.26385362872590423 0.5084598032676743 0.15477986238521033 0.06399246847562927 0.008914237145581897, 
92, 100000, 000101, 0.16687749901246, 0.16687749901246, 0.35249814319121914 0.3849680098237929 0.2073120940879536 0.019214215513077754 0.036007537383956637, 
93, 000010, 010000, 0.2518132309192704, 0.2518132309192704, 0.21998898508255227 0.2512869316596597 0.3648182504734986 0.12566737822819232 0.038238454556097166, 
94, 001000, 000010, 0.22626360809456, 0.22626360809456, 0.1845411731250911 0.36187790237013473 0.37610936541882256 0.06640122098422613 0.011070338101725445, 
95, 000001, 000000, 0.18588021779225844, 0.18588021779225844, 0.29406637602819025 0.4205640558097665 0.171945936019822 0.10286914966474486 0.010554482477476335, 
96, 101000, 011100, 0.26018481982768155, 0.26018481982768155, 0.1623341866840303 0.29998666769041166 0.3726027912680355 0.1443887486904835 0.020687605667038984, 
97, 100000, 001001, 0.24323231339577792, 0.24323231339577792, 0.06337381890618425 0.512023301309504 0.3264380602877717 0.09816481949654005, 
98, 000011, 000001, 0.24673953869355722, 0.24673953869355722, 0.12344096755705979 0.4054850838898595 0.353870666514381 0.10160231291207672 0.015600969126622974, 
99, 000000, 000110, 0.21239158304301395, 0.21239158304301395, 0.15972832665181094 0.45532494433476706 0.3358156331169489 0.04913109589647303, 
100, 000010, 000100, 0.2708217019540275, 0.2708217019540275, 0.20358675970660517 0.2920093015602705 0.2489926505674503 0.18670954363370215 0.06870174453197188, 
