run, initial grid state, final grid state, mean grid cell occupancy, mean binding site occupancy, fraction of time with N TFs bound, warning
1, 001111, 111111, 0.8406803903936152, 0.8406803903936152, 0.0072047292844695816 0.003863246017904055 0.014381176240775567 0.06497659083919324 0.15279554549804525 0.3353274833651988 0.4214512287544135, 
2, 111111, 110111, 0.8466354584605098, 0.8466354584605098, 0.006911875101577235 0.004889576723488918 0.014713932917511911 0.05566679549739502 0.15031394132275053 0.3277841142022995 0.4397197642349769, 
3, 111110, 111111, 0.844797920906658, 0.844797920906658, 0.009293200161182453 0.007746961144926 0.02027321473767106 0.04977021849127071 0.15451002797783306 0.2972948974881655 0.46111147999895125, 
4, 011111, 111110, 0.8399240901098233, 0.8399240901098233, 0.01299408597486654 0.006499300717412052 0.02449829297879838 0.05691400430864338 0.12796799669043232 0.32532326168281267 0.44580305764703465, 
5, 111110, 111111, 0.815354332689221, 0.815354332689221, 0.020460021718976856 0.01032106337558995 0.02804570913570306 0.06593971053208199 0.16073492476704215 0.3020367389997212 0.4124618314708848, 
6, 001110, 111111, 0.8158331060612316, 0.8158331060612316, 0.023153058176098067 0.009827783937948087 0.036200199225032585 0.06998266296791304 0.14277762091839208 0.2766400672456276 0.44141860752898854, 
7, 111110, 111111, 0.8556249388648703, 0.8556249388648703, 0.00196996858162695 0.0015344214155906353 0.015585703657360577 0.06096537330396551 0.14060382752804196 0.3203118586456404 0.45902884686777395, 
8, 011111, 011110, 0.8327868003866021, 0.8327868003866021, 0.01404785908082666 0.007542153376089999 0.02919857909378523 0.05744370405648892 0.1534331849985502 0.28528947777326913 0.45304504162098985, 
9, 111111, 000111, 0.8213079431862927, 0.8213079431862927, 0.02430333760189294 0.012135802840893863 0.03112941661504255 0.06328497922523636 0.13332993672746868 0.28462082347559997 0.4511957035138656, 
10, 111111, 111111, 0.8340864689723911, 0.8340864689723911, 0.015048493989469836 0.00849717926179797 0.016889723565933077 0.06437596944641463 0.1466768014370956 0.30866392044267715 0.4398479118566117, 
11, 000100, 111111, 0.8153053479911054, 0.8153053479911054, 0.014978876879437447 0.010020269127756613 0.02674366597464241 0.06742776149398615 0.17902816465045465 0.3008790274565226 0.4009222344172001, 
12, 111110, 111111, 0.8510708466720343, 0.8510708466720343, 0.0063267897316019815 0.0031165341639906954 0.01908041445225299 0.06310434575045573 0.14035534483326592 0.2936861260313178 0.4743304450371149, 
13, 111111, 111100, 0.8235140374742994, 0.8235140374742994, 0.018332815253031258 0.01065070241932024 0.030263167522267105 0.07190724355566305 0.13747535563511218 0.28394025951313323 0.4474304561014729, 
14, 111111, 111111, 0.79333505180656, 0.79333505180656, 0.027647187144767223 0.016425826693227105 0.04135122750097573 0.07160935600279338 0.15461317879555028 0.3025180972225174 0.38583512664016895, 
15, 111111, 111111, 0.7923038621904027, 0.7923038621904027, 0.027249787468502967 0.01712745310426448 0.0357369789036212 0.08045413284802108 0.16684405696134413 0.27904240844400746 0.3935451822702387, 
16, 111111, 111110, 0.8535878092875656, 0.8535878092875656, 0.005448843100853482 0.0039610144258173 0.01753944666890165 0.06472275541648964 0.12725920877919916 0.30713054305692444 0.4739381885518143, 
17, 001111, 111111, 0.8502176067487931, 0.8502176067487931, 0.00933095148269668 0.006927342280165826 0.027381677622840297 0.04917024725692533 0.13395266454335572 0.2831291578613841 0.490107958952632, 
18, 011110, 111111, 0.8288905577794061, 0.8288905577794061, 0.02053277288629705 0.009220604446289419 0.022293220350536713 0.06483897279794992 0.14911763427183689 0.27543192543466355 0.4585648698124265, 
19, 111110, 111111, 0.8036880430412965, 0.8036880430412965, 0.01655932486952947 0.0105495588493953 0.03223454188027796 0.07857631613049462 0.18172139898059078 0.29765808441429076 0.3827007748754211, 
20, 111111, 111111, 0.8523727997696836, 0.8523727997696836, 0.004977171612692042 0.0026105041503828863 0.01753407741893842 0.06325906178501955 0.13934740722007538 0.30423934148286896 0.4680324363300228, 
21, 111011, 111111, 0.8235679691716994, 0.8235679691716994, 0.010440855244252437 0.006357286380270739 0.026225011382612944 0.0653769151618728 0.16792999057461233 0.3272698494376408 0.3964000918187379, 
22, 111111, 111111, 0.8505075053601163, 0.8505075053601163, 0.00776859496516225 0.0049168562863585105 0.019245254960315143 0.04827843304643081 0.15011719198469498 0.30370841366659307 0.46596525509044523, 
23, 111111, 011100, 0.7782550194680287, 0.7782550194680287, 0.035043971981339496 0.019563860353253876 0.0390523306211888 0.07721484152325657 0.16223361655486268 0.310065669373271 0.3568257095928276, 
24, 011111, 001111, 0.8231938362800072, 0.8231938362800072, 0.015859291533833916 0.01062213955875902 0.03306797104388423 0.07336943783514391 0.14141641271115463 0.2773575122198798 0.4483072350973445, 
25, 111111, 001111, 0.8347645602217574, 0.8347645602217574, 0.01500879211308059 0.010102114338163538 0.02810708046853662 0.05733952901607943 0.14092555603041693 0.2845512933169356 0.4639656347167873, 
26, 111111, 111111, 0.831138827717817, 0.831138827717817, 0.016370451521152025 0.007322875918626901 0.021407027454113867 0.056520842259889355 0.15238534391696548 0.31836862054299725 0.42762483838625515, 
27, 011011, 111011, 0.8412356081932583, 0.8412356081932583, 0.01865373608045955 0.008728316423320445 0.015106113789677765 0.04754280053835586 0.14109044032131907 0.3117886148246736 0.45708997802219364, 
28, 111111, 111110, 0.8365764022677366, 0.8365764022677366, 0.014603468669821687 0.010057953370222557 0.025475764250827683 0.06942246367880058 0.12894495032528056 0.27457065883326376 0.47692474087178316, 
29, 111111, 100000, 0.8328388013570118, 0.8328388013570118, 0.01365372535410021 0.00796120969476376 0.022127339834770905 0.06523219962741778 0.15047209718891527 0.29608863866034185 0.4444647896396902, 
30, 011110, 000110, 0.8397280413908838, 0.8397280413908838, 0.00886275562431026 0.004845702740307936 0.026051031308835695 0.06587749793611311 0.13346301765480184 0.3154640498540109 0.4454359448816203, 
31, 111111, 111100, 0.816606438405411, 0.816606438405411, 0.014227535290717252 0.007859614976014367 0.021703393146004894 0.07204492282481871 0.18555059404728194 0.301648553790119 0.3969653859250439, 
32, 011110, 111111, 0.8054129004909812, 0.8054129004909812, 0.02902827574331302 0.01809844876946241 0.028237616833147385 0.07720846038107654 0.13843277888920416 0.2814192924926951 0.4275751268911014, 
33, 111111, 011110, 0.8503493466213339, 0.8503493466213339, 0.011201771769771423 0.007744041943860816 0.0227518653674897 0.05572956671360262 0.11689394344486674 0.299989031433564 0.4856897793268447, 
34, 111011, 011111, 0.8362040244598248, 0.8362040244598248, 0.012204011745957411 0.007013797916114344 0.022345480280024352 0.061382886007298076 0.1557194059329496 0.2895134021768436 0.4518210159408126, 
35, 011110, 011111, 0.8541599743003949, 0.8541599743003949, 0.006546743961639365 0.0030115931752011183 0.014544899617895766 0.049514456643627414 0.15961736345379585 0.2947440292417317 0.47202091390610884, 
36, 111111, 001111, 0.850849372205365, 0.850849372205365, 0.0139273612631916 0.007874998153260412 0.022325496633393963 0.05124927541914302 0.1153311803801298 0.2982524348710938 0.4910392532797874, 
37, 011111, 000011, 0.8244978984498031, 0.8244978984498031, 0.009941873139255685 0.00658569221717141 0.026865272531516073 0.08715177112059568 0.14731800438222262 0.2968804971274935 0.42525688948174495, 
38, 011100, 111111, 0.8448178158151242, 0.8448178158151242, 0.008040957266962231 0.003863823313871714 0.02021643280374781 0.0643591511336321 0.147147575584057 0.29528990915412157 0.4610821507436076, 
39, 011111, 111111, 0.8308483984616951, 0.8308483984616951, 0.024295076216591365 0.011784103956580451 0.01889337413938001 0.045916471736865395 0.1454772785792292 0.3059411632208044 0.4476925321505492, 
40, 111111, 111111, 0.8609712606892188, 0.8609712606892188, 0.0033994402202072085 0.0012776433817219383 0.015815726794878478 0.05963147793097818 0.14604034034134905 0.27314955597968776 0.5006858153511774, 
41, 111111, 111111, 0.846351332048188, 0.846351332048188, 0.007591220063292927 0.0037135029817680076 0.025056000571941184 0.06446174140305237 0.1473513829182209 0.2694651800889112 0.48236097197281347, 
42, 011111, 111110, 0.7972438568095334, 0.7972438568095334, 0.0252586149784804 0.016136169871576633 0.032852718501064415 0.0710530340366723 0.16897100192330683 0.30179233995314625 0.3839361207357532, 
43, 111111, 011111, 0.8311443403099456, 0.8311443403099456, 0.01585525930400765 0.010248816220400558 0.017712948962954694 0.06264492832631906 0.14147487965901162 0.32502198106547875 0.4270411864618277, 
44, 111110, 111100, 0.7950731890172236, 0.7950731890172236, 0.03875034972897534 0.019641485422683114 0.02467400475896672 0.06808213331317438 0.1499723695938987 0.2959641822462043 0.4029154749360974, 
45, 111100, 111111, 0.8355714230244858, 0.8355714230244858, 0.015678589839422996 0.00871619250146635 0.021830585530631216 0.05825026616702421 0.145420862621013 0.2960040944435922 0.4540994088968501, 
46, 111110, 011110, 0.8479674471660054, 0.8479674471660054, 0.009967766966701045 0.004230636427073017 0.022198574359037913 0.051980439731264726 0.14156371646604873 0.3033724835063535 0.46668638254352107, 
47, 111111, 111111, 0.8037238997939692, 0.8037238997939692, 0.015300342399507238 0.008123968625553679 0.03824981017930402 0.09360869060582701 0.15180495420327342 0.30779948277012886 0.38511275121640576, 
48, 111111, 110001, 0.8515785225214269, 0.8515785225214269, 0.009556687683719887 0.005078933940107382 0.016345805327855418 0.05447136794004326 0.13550873565487956 0.30797927262727165 0.4710591968261229, 
49, 111110, 011111, 0.8123524325722334, 0.8123524325722334, 0.025353171705196558 0.013041056288946355 0.029479063992780354 0.07563639974560474 0.13276305871689162 0.29820952024896946 0.4255177293016109, 
50, 111111, 111111, 0.8277452702865836, 0.8277452702865836, 0.029155450581017067 0.015078413579302504 0.020791049224406583 0.05524145873810582 0.13436234331542277 0.2655903471550938 0.47978093740665156, 
51, 011111, 111111, 0.840703940963553, 0.840703940963553, 0.01101457722205237 0.005550298566322593 0.01332672570147542 0.059431821877757314 0.15198114722256273 0.32637273517045556 0.43232269423937403, 
52, 111111, 111110, 0.826982204137207, 0.826982204137207, 0.01579514969883017 0.009224826965403322 0.023526179954363055 0.07425708947722329 0.15163522183693198 0.27706531023377495 0.44849622183347326, 
53, 001111, 111111, 0.864101838315181, 0.864101838315181, 0.00329138052474239 0.0023141904229085027 0.013182356410473033 0.04647569574476642 0.1309325442882477 0.3300481333932313 0.4737556992156307, 
54, 000011, 111110, 0.8362323791705628, 0.8362323791705628, 0.01647358682556276 0.008849772953600073 0.028554551493680913 0.06073593376286047 0.12227447560261873 0.29854038078670336 0.4645712985749737, 
55, 111111, 011111, 0.8060585962990249, 0.8060585962990249, 0.027788035224737544 0.013721878526668329 0.03136752986336423 0.05884192334160593 0.15790032656007474 0.31051427562565986 0.3998660308578894, 
56, 111111, 001111, 0.8296445245246719, 0.8296445245246719, 0.0129778520698738 0.00817935250397319 0.023157158031086214 0.0693149037478486 0.14567587131722562 0.31144389191051863 0.429250970419474, 
57, 111110, 111111, 0.8339353496959884, 0.8339353496959884, 0.02090046844007505 0.011149238863908055 0.02794491991016277 0.06204353078247669 0.11021798779225393 0.29689264929148995 0.47085120491963356, 
58, 011100, 111111, 0.8427175418121924, 0.8427175418121924, 0.009237651966390406 0.007699161452750023 0.022304292712709062 0.05957999776917729 0.13480105988534333 0.31221374613569824 0.4541640900779316, 
59, 111110, 011111, 0.8286092906461331, 0.8286092906461331, 0.00948740081207002 0.008365232378178041 0.024563831312559844 0.06450842093888169 0.15869634115901754 0.32042041897497114 0.41395835442432166, 
60, 111111, 111111, 0.8036290345857132, 0.8036290345857132, 0.027769298026707554 0.013688782732086829 0.03050483912609272 0.07134926235602618 0.14833867339542484 0.3104216003017426 0.3979275440619193, 
61, 111111, 011111, 0.8215826359655349, 0.8215826359655349, 0.01107594097831663 0.00899153237759319 0.03522127366307473 0.07809167533245308 0.1586001867581252 0.2667303822830156 0.44128900860742154, 
62, 111111, 111111, 0.826982268841478, 0.826982268841478, 0.01529419541440513 0.008469807243692866 0.02522806910632321 0.07299622021252583 0.15373203822052048 0.27662716474232585 0.44765250506020665, 
63, 000011, 011111, 0.8204642570953419, 0.8204642570953419, 0.015840886763415347 0.009443618071507726 0.03310621694995151 0.0689668225517579 0.15149571361551095 0.29263428380381634 0.42851245824404016, 
64, 111111, 111111, 0.8442147029122548, 0.8442147029122548, 0.002664181498174738 0.0022940553825150354 0.0193482427230429 0.06481474771601839 0.1678186918042117 0.2997818189761976 0.4432782618998396, 
65, 000000, 111111, 0.835376068399274, 0.835376068399274, 0.01136160813231615 0.006385722737438434 0.017913432077185855 0.06668998280530232 0.14989445159244724 0.3161327472137217 0.4316220554415883, 
66, 111111, 011110, 0.8385267635369489, 0.8385267635369489, 0.01277830812217091 0.006876083579703591 0.02638865728599964 0.06395299877827731 0.13609956522667802 0.2881763962145773 0.46572799079259325, 
67, 001110, 011111, 0.872183458026303, 0.872183458026303, 0.0 0.0 0.01356693816065501 0.04855766487032014 0.13077592671916413 0.30540665115027366 0.5016928190995871, 
68, 111111, 111110, 0.8183859803707236, 0.8183859803707236, 0.026221060171778252 0.014830960828401196 0.022270025938271026 0.049062551523047136 0.15679853892550008 0.3083381164297579 0.4224787461832444, 
69, 111110, 111111, 0.8339351528543568, 0.8339351528543568, 0.014128033209233132 0.007790559102644639 0.02638513901378243 0.05732792669734715 0.14746073865439369 0.3002222746492781 0.44668532867332084, 
70, 111110, 011111, 0.8157785518643209, 0.8157785518643209, 0.018775311142319354 0.010503236966910771 0.03134700590302623 0.07522943254056202 0.15286051304833162 0.2833632897951504 0.4279212106036996, 
71, 111111, 111100, 0.8529349533018677, 0.8529349533018677, 0.004142637088961209 0.003205279905774592 0.013786975134228323 0.06287639993873004 0.1565147219360285 0.2847015139009929 0.4747724720952844, 
72, 111111, 111111, 0.8200543371560833, 0.8200543371560833, 0.01879548924782359 0.009757286475292766 0.02338901338853535 0.06605635495794329 0.1578697870158491 0.3106499167404259 0.4134821521741299, 
73, 011111, 111100, 0.8464716106554773, 0.8464716106554773, 0.017899468913470887 0.010777402844213033 0.014021063847951607 0.05135945101220983 0.12976319069958636 0.29019751853763776 0.48598190414493053, 
74, 011110, 111111, 0.8493624719865067, 0.8493624719865067, 0.0101215680804185 0.003786846705054222 0.012317920688591145 0.056193931792220916 0.15016637847612302 0.30597529098990417 0.461438063267688, 
75, 111111, 111111, 0.8657398864868537, 0.8657398864868537, 0.007858228583495474 0.003927204040236644 0.013049356558739442 0.04075201856449908 0.1291743501252019 0.3059731071978625 0.4992657349299649, 
76, 111100, 011110, 0.8555098310619625, 0.8555098310619625, 0.008052288002288355 0.004054501173194675 0.013984229645669966 0.05259582488895024 0.1514772018223727 0.28167598285424544 0.4881599716132786, 
77, 001110, 111111, 0.8486452770970866, 0.8486452770970866, 0.007358038417800601 0.007925500805658993 0.027977757228776823 0.06123423022961425 0.12269508286410422 0.28334871755022356 0.4894606729038215, 
78, 111110, 111111, 0.7990005177815688, 0.7990005177815688, 0.02798136034904275 0.01666768647893408 0.03131520962434205 0.07077647873396292 0.1496298770727266 0.31792026997695016 0.38570911776404143, 
79, 111111, 111110, 0.8384976099433428, 0.8384976099433428, 0.010891932648496338 0.0062042768641406825 0.018220692345765965 0.060253783768483296 0.15196350273241468 0.3150702339749188 0.4373955776657803, 
80, 111111, 111111, 0.8149140631262899, 0.8149140631262899, 0.016632789454718754 0.008918694759588234 0.03138727853842131 0.07834440049291501 0.16257667937210565 0.28038973633936565 0.42175042104288546, 
81, 001110, 111111, 0.8152017257982193, 0.8152017257982193, 0.01927114320597469 0.011527047062366529 0.02670522678401466 0.07538845671749933 0.15240041887599468 0.2977404356224575 0.4169672717316926, 
82, 111111, 011000, 0.8380168146950118, 0.8380168146950118, 0.013609433106044788 0.010717370542660525 0.021394897859324153 0.05884321717951975 0.13401406652079517 0.3065182844629116 0.454902730328744, 
83, 111110, 111111, 0.8185182621959897, 0.8185182621959897, 0.018038799952455897 0.011216009651649237 0.02616141808617726 0.06812593538433345 0.16952465982434703 0.2765047807046768 0.43042839639636027, 
84, 111111, 111111, 0.8221952127900548, 0.8221952127900548, 0.016398100480477712 0.010800532306213468 0.027651700416805737 0.0612787033834801 0.15036199214582488 0.3192705627364251 0.414238408530773, 
85, 011111, 111111, 0.8289338946436885, 0.8289338946436885, 0.011485950761754602 0.00913047341788336 0.029075512821061782 0.0651292426106633 0.14353690439342412 0.3130649725748392 0.42857694342037367, 
86, 111100, 111111, 0.831904166598848, 0.831904166598848, 0.026209146451598914 0.013285550192020702 0.020913427397330313 0.05326978650559356 0.13089791046438637 0.27963348070234034 0.4757906982867298, 
87, 111111, 111110, 0.8037191729573139, 0.8037191729573139, 0.037542413540959 0.019916073956152348 0.026472404797510965 0.05850080773525065 0.14272541622451768 0.28600723638477005 0.42883564736083934, 
88, 111110, 111111, 0.8358834486840163, 0.8358834486840163, 0.019857401210972007 0.008451066202438365 0.01804021318841774 0.053524859219035825 0.1513360720124601 0.28789199518217895 0.4608983929844971, 
89, 011000, 011110, 0.8169852745510724, 0.8169852745510724, 0.01856400026761658 0.01167113542429176 0.03246547920045916 0.07758710180753788 0.13515828838493654 0.29540887497208435 0.4291451199430738, 
90, 111111, 111110, 0.8053256888309503, 0.8053256888309503, 0.029453152676727396 0.014933261277272973 0.039120807029397194 0.0705811435943865 0.13201329663004668 0.28440739240672713 0.42949094638544216, 
91, 011111, 110000, 0.8254277865485393, 0.8254277865485393, 0.017173325157534884 0.009273278935700829 0.02172169791416937 0.06450563807428451 0.15330674366926855 0.3110097418669825 0.42300957438205933, 
92, 111111, 011111, 0.8206756119287624, 0.8206756119287624, 0.0236235090866462 0.01366931114077123 0.032767800187542474 0.061315668649833205 0.13607932524310992 0.27868186101780285 0.4538625246742941, 
93, 111111, 111111, 0.8163183103992139, 0.8163183103992139, 0.014639409009764966 0.009752036430522505 0.024058812692147862 0.08209585151894401 0.1645344669844419 0.29390176209920715 0.41101766126497163, 
94, 001110, 011111, 0.8466913155732944, 0.8466913155732944, 0.011768798360959358 0.008803326282224756 0.01803574367970279 0.056709846505115555 0.13367073764893284 0.29560869545133117 0.47540285207173355, 
95, 111110, 111111, 0.8135962296633241, 0.8135962296633241, 0.01442930374936278 0.01056611525256169 0.033319308379489335 0.0827858693734419 0.15359882212056486 0.29018373738165726 0.4151168437429222, 
96, 111111, 111111, 0.8446323894906038, 0.8446323894906038, 0.014067560928768087 0.007236121089092356 0.026755825446584443 0.05121240341395455 0.12199499476352661 0.3069691904830522 0.47176390387502176, 
97, 111110, 111111, 0.8082770979662445, 0.8082770979662445, 0.01803522980465678 0.011714861156859817 0.03654251415475803 0.07698307344273725 0.14465823818034082 0.31711597428236776 0.39495010897827953, 
98, 111111, 111111, 0.8266133399005179, 0.8266133399005179, 0.012352570819255726 0.007549434797825766 0.03221355036603912 0.06545514936980999 0.14753269010185294 0.30817233191493754 0.42672427263027884, 
99, 111111, 111111, 0.8585778814877321, 0.8585778814877321, 0.005658235413936598 0.00515521504249827 0.014503012050727512 0.04389997573512292 0.1448092668754224 0.3094767142183732 0.4764975806639191, 
100, 111111, 111110, 0.8522024957231881, 0.8522024957231881, 0.008936913951062967 0.004658716442250785 0.023869256398264493 0.05121938733544637 0.11799804325826645 0.32473868562730906 0.46857899698739996, 
