run, initial grid state, final grid state, mean grid cell occupancy, mean binding site occupancy, fraction of time with N TFs bound, warning
1, 000000, 000001, 0.2093174899879391, 0.2093174899879391, 0.2344998812761379 0.4113460570045633 0.24039930031959864 0.091933658698883 0.021146207316860573 0.000674895383956519, 
2, 001010, 000100, 0.19257990677657036, 0.19257990677657036, 0.26613847662373596 0.39722769746954045 0.25983760291798524 0.0686083546010423 0.008187868387696078, 
3, 100001, 010100, 0.21988175672889862, 0.21988175672889862, 0.21479437308784272 0.39626703609859876 0.2643545753336664 0.10487819978560609 0.01884932422078813 0.0008564914734978474, 
4, 000011, 010110, 0.18341505440997308, 0.18341505440997308, 0.2751661706320664 0.41363126159035285 0.2522116764391801 0.05352785336247705 0.005463037975923617, 
5, 000110, 001010, 0.20864542012646498, 0.20864542012646498, 0.241740323820914 0.380492069934286 0.2759802630141861 0.08772944812632388 0.014057895104290003, 
6, 100001, 010001, 0.2028601662435999, 0.2028601662435999, 0.23053807140787227 0.42187154253933595 0.26345882613007954 0.06815443702874435 0.015977122893967854, 
7, 010100, 000010, 0.19044253562207233, 0.19044253562207233, 0.265857245263536 0.4032034627913991 0.26417331204723865 0.055958792744747486 0.010807187153078778, 
8, 101010, 100000, 0.18091154034462034, 0.18091154034462034, 0.29369932996522574 0.4007981208504771 0.23547681501675538 0.06638544548643281 0.0036402886811089203, 
9, 101100, 010000, 0.19606842604383845, 0.19606842604383845, 0.253473576895934 0.42037027325017795 0.23165410550834803 0.08559085988122647 0.008596429969090415 0.00031475449522317024, 
10, 011000, 000000, 0.2267852265878658, 0.2267852265878658, 0.2181894032544585 0.3734252345307525 0.2666966537209298 0.11433919223688822 0.02587234044093694 0.0014771758160340425, 
11, 000011, 000100, 0.2133294775840331, 0.2133294775840331, 0.21865576962025424 0.40741233772398805 0.27106437771616554 0.08201042536135225 0.01988095162737649 0.0009761379508633763, 
12, 000101, 000001, 0.21592699485000877, 0.21592699485000877, 0.23032195024509403 0.3819667135931091 0.27090874561827183 0.09683329194886287 0.01856860454949954 0.0014006940451625888, 
13, 100000, 100100, 0.1913208517841287, 0.1913208517841287, 0.2969554872346739 0.36932128120566726 0.2364894818564366 0.08484805873441019 0.010847765261059013 0.0015379257077530134, 
14, 100100, 010000, 0.21086011131277682, 0.21086011131277682, 0.23833488434462208 0.384116746312478 0.27044075140046786 0.08826805300648087 0.018839564935951156, 
15, 000101, 001000, 0.19994869364209156, 0.19994869364209156, 0.2370239242103051 0.4199355800458179 0.26101940121330236 0.07036659874217177 0.011654495788402839, 
16, 000000, 001101, 0.19724135353786038, 0.19724135353786038, 0.2833848462750286 0.37143441995179577 0.23681436354205174 0.09663380795476335 0.010179261054829742 0.0015533012215308232, 
17, 000100, 000010, 0.22364444295056923, 0.22364444295056923, 0.1903287809734983 0.43294371280096605 0.2563163909513911 0.09125313542671337 0.023975775145491013 0.004465572074077622 0.0007166326278624746, 
18, 000000, 010000, 0.17849720457382717, 0.17849720457382717, 0.31462897080060803 0.387547989298886 0.22289174072359638 0.06207344001075432 0.012857859166155306, 
19, 000000, 000000, 0.17748829880098735, 0.17748829880098735, 0.2850351661267774 0.4440607355105876 0.20337636553454372 0.056024313572132674 0.011473710769941935 2.970848601671173e-05, 
20, 000000, 000001, 0.22449011768346916, 0.22449011768346916, 0.21226862769827126 0.3730076633030502 0.28811642263834003 0.10872894792026944 0.017878338440069034, 
21, 000010, 001000, 0.21002275830214961, 0.21002275830214961, 0.21533470428393642 0.43189002514852354 0.23882049963496169 0.1052380157870839 0.008692297694273186 2.4457451221267154e-05, 
22, 001110, 000000, 0.18488986932568557, 0.18488986932568557, 0.3083072551545256 0.38182334085569314 0.21907762535883402 0.07390014949833228 0.016797969777319625 9.365935529540488e-05, 
23, 000000, 101001, 0.22412078028432322, 0.22412078028432322, 0.1992411791576148 0.4027647201984538 0.2702792633426533 0.11033218584394258 0.01650837999632655 0.0008742714610090413, 
24, 000010, 101000, 0.21516920890319904, 0.21516920890319904, 0.22601175520659245 0.41464293186772866 0.2323671661666801 0.09827957102485695 0.026693602527174457 0.002004973206967386, 
25, 001100, 000001, 0.21000318367104445, 0.21000318367104445, 0.23538138841029171 0.42307561441000047 0.223919692707209 0.08615939675060363 0.026693626659438526 0.004770281062456612, 
26, 100110, 100000, 0.21804222436927048, 0.21804222436927048, 0.24388664667251672 0.38052550662284734 0.23133051297555748 0.11516299842285482 0.025893858158022 0.0032004771482016395, 
27, 001010, 000000, 0.23968721163198362, 0.23968721163198362, 0.17459979433340073 0.37328973105552365 0.316556516965464 0.11110310055835834 0.02384308230589134 0.0006077747813619754, 
28, 100001, 101000, 0.23034283834534192, 0.23034283834534192, 0.19721858956843966 0.3896963194026368 0.27631010822589547 0.11104604201311716 0.022042335771282433 0.003686605018628532, 
29, 100000, 001000, 0.21704026393014753, 0.21704026393014753, 0.21806139304068525 0.3805777581640293 0.2999668996596633 0.0838542413684852 0.017531236843611034 8.47092352594229e-06, 
30, 101001, 000001, 0.20588051100086144, 0.20588051100086144, 0.21672298353582728 0.44444581660722676 0.24453501740299016 0.0756271252107318 0.018459447256353727 0.00020960998687024528, 
31, 001000, 010100, 0.21853475849909157, 0.21853475849909157, 0.19613814477498648 0.4325018042173886 0.25843417178008055 0.09037066076361126 0.022049671393499573 0.0005055470704335359, 
32, 010000, 000010, 0.19777283440378668, 0.19777283440378668, 0.27844073527977026 0.38804357382442517 0.23502507142294263 0.07169519806374135 0.02051941148441736 0.006276009924703236, 
33, 101000, 000010, 0.20809750178246378, 0.20809750178246378, 0.26466879392891196 0.364260221530956 0.24909465197868166 0.10239101603987597 0.018964145521036622 0.0006211710005378332, 
34, 000100, 001101, 0.1866873091882605, 0.1866873091882605, 0.3145763829563385 0.3612734500523438 0.22808430696655768 0.08262135170992535 0.012404805559845257 0.0010397027549893841, 
35, 001011, 111010, 0.20521014436701504, 0.20521014436701504, 0.23798821839763448 0.4013667895250466 0.2675918604947567 0.07818345731969589 0.014188387585889087 0.0006812866769772427, 
36, 100110, 010000, 0.22451747822918722, 0.22451747822918722, 0.23873196161836657 0.3521839323771942 0.25983678316101033 0.12174192069780713 0.0275054021456217, 
37, 000000, 011000, 0.22493533181868458, 0.22493533181868458, 0.24052242844162275 0.35372047245365973 0.25396437977667874 0.12361282626647664 0.02377518520215036 0.004404707859411802, 
38, 010001, 100010, 0.212174205969318, 0.212174205969318, 0.23942269002479374 0.3778478440027113 0.2653833262285883 0.10511793701579848 0.012064085331916413 0.00016411739619179774, 
39, 010001, 000000, 0.17493432376300003, 0.17493432376300003, 0.3294635101185398 0.37268825643251535 0.2258982250111205 0.06267879762805353 0.009271210809770841, 
40, 001011, 100110, 0.18638585314818562, 0.18638585314818562, 0.30468886854062277 0.37704048707870885 0.22530950085304272 0.08118894400618315 0.011772199521442503, 
41, 001000, 000001, 0.20643553870976034, 0.20643553870976034, 0.24748497069595857 0.3934523745058299 0.2551329563969971 0.08399720310757394 0.01675914083218618 0.0031733544614542526, 
42, 010101, 000011, 0.21653971822273158, 0.21653971822273158, 0.25258022045583545 0.34917510441703836 0.2779914646215075 0.08848514251125306 0.03021549182925127 0.001552576165114358, 
43, 000000, 000000, 0.18108750427352122, 0.18108750427352122, 0.32195852331333114 0.38366186723640855 0.20301113769420173 0.07223228632052953 0.016907167696167263 0.0008587531661125953 0.0013702645732491803, 
44, 000101, 000000, 0.2002081568413229, 0.2002081568413229, 0.2718774385878067 0.3740615062887033 0.24485798735967448 0.09934081101537685 0.009862256748438604, 
45, 011001, 001000, 0.18893862892463523, 0.18893862892463523, 0.28300522040645537 0.3893050747192374 0.25357947593176006 0.06119486390838814 0.010993669930905833 0.001921695103253211, 
46, 101110, 000010, 0.1989276111745624, 0.1989276111745624, 0.25748093461805194 0.4389364005943699 0.18642603817040304 0.09087462853799128 0.023703556116108145 0.00113157174466248 0.0014468702184133146, 
47, 010101, 101011, 0.19935030922617594, 0.19935030922617594, 0.2568041352891095 0.3907906371776494 0.2628151769648398 0.07867933802387847 0.010910712544522848, 
48, 110000, 000001, 0.19905826165052326, 0.19905826165052326, 0.22634891088688183 0.4361527988317884 0.25990184693620993 0.07199269618154777 0.005603747163572014, 
49, 000010, 001100, 0.17857392244438838, 0.17857392244438838, 0.2724672928419577 0.45142111008482483 0.21239814221068062 0.059627679290003045 0.004085775572533807, 
50, 000001, 000000, 0.19472321128019404, 0.19472321128019404, 0.24477928515088945 0.4289865088764137 0.2476383942659036 0.07086579154731681 0.007171505166389202 0.0005585149930872537, 
51, 000000, 000001, 0.1893301369235482, 0.1893301369235482, 0.2610814317427521 0.4277032096795817 0.2419594875812163 0.05312598842632651 0.01566874143032147 0.00046114113980185605, 
52, 000100, 010000, 0.18193049645611922, 0.18193049645611922, 0.2977285376473636 0.3911198167230778 0.23605157886628522 0.07204026277202617 0.0030598039912472217, 
53, 000000, 100100, 0.1945547103873537, 0.1945547103873537, 0.26988471203543324 0.41058531163872053 0.2131650121243324 0.09504693036931851 0.01131803383219533, 
54, 000001, 000110, 0.20145800447473616, 0.20145800447473616, 0.27369330682830906 0.3755525594874002 0.24494037504380434 0.08377285490841858 0.019027981959824154 0.002193305924606092 0.0008196158476375761, 
55, 001000, 100010, 0.22326258471509533, 0.22326258471509533, 0.21625533674540734 0.4124030878197348 0.22913988643069055 0.10285497174467875 0.03640585392202298 0.002940863337465647, 
56, 000000, 000010, 0.21530985675721614, 0.21530985675721614, 0.21966004937917483 0.39041237783408494 0.2879984791541702 0.0825132003452468 0.019169263071485042 0.0002466302158382031, 
57, 101100, 000100, 0.23594411067409116, 0.23594411067409116, 0.1959826311492904 0.38726867616653876 0.27027118704767883 0.11028728740584237 0.025886474283882705 0.008376609251009443 0.0019271346957575408, 
58, 010100, 000010, 0.2240423422692209, 0.2240423422692209, 0.21997050801557197 0.3745801068916565 0.27303795940932735 0.1099632463006549 0.01853260791089672 0.003915571471892535, 
59, 000000, 001100, 0.21603753136740064, 0.21603753136740064, 0.24338792517920907 0.372637839673489 0.25303093967323603 0.10846431174492772 0.020262384696031286 0.0022165990331068754, 
60, 100000, 010100, 0.2300988419375802, 0.2300988419375802, 0.19623978468204412 0.36773352760968697 0.3163965360461507 0.09845415472497983 0.021175996937138404, 
61, 000000, 000000, 0.22198393962767002, 0.22198393962767002, 0.23190507266529986 0.3492035006385239 0.2991085525473857 0.09797120340214313 0.018488931906941397 0.0033227388397059393, 
62, 000000, 000100, 0.19597049480847073, 0.19597049480847073, 0.31302038213300865 0.36176750968239485 0.19351151555585483 0.10456739506612635 0.02233574495473544 0.004797452607879799, 
63, 000000, 000000, 0.2146751760041585, 0.2146751760041585, 0.2335133197488688 0.3803166287620568 0.26900107138401247 0.09989224891126015 0.01632811820792002 0.0009486129858817392, 
64, 010000, 000011, 0.19757584096701344, 0.19757584096701344, 0.28830652156816133 0.37350495613044327 0.23010108380183178 0.08548776652079558 0.01771373738825325 0.004885934590514869, 
65, 100010, 000001, 0.20619066387692866, 0.20619066387692866, 0.25029065044037724 0.3759198649605386 0.26927994890446333 0.09550809323222718 0.008867271516542978 0.00013417094585066217, 
66, 000001, 000010, 0.2082790469685523, 0.2082790469685523, 0.20564696086324147 0.43793562931277896 0.27373774705953285 0.06645549267831764 0.0162241700861291, 
67, 000000, 011001, 0.22320921073147298, 0.22320921073147298, 0.23181472696785396 0.3817712359876057 0.245748469103529 0.09951056964874527 0.038319610213391885 0.002835388078874211, 
68, 000100, 100000, 0.2161945114304463, 0.2161945114304463, 0.2165483952434717 0.4055332357366612 0.269279434903351 0.08596494794060133 0.01818981166206327 0.004484174513851502, 
69, 100000, 100000, 0.18679410238665567, 0.18679410238665567, 0.28085578438311526 0.39297030499963154 0.25644639948294445 0.06451389982353563 0.004708245670058925 0.0005053656407142236, 
70, 000001, 000000, 0.19646880993679475, 0.19646880993679475, 0.2458542762583473 0.4216293583597006 0.24589372549104846 0.0810945092846433 0.005528130606260277, 
71, 000000, 010000, 0.19125824718307077, 0.19125824718307077, 0.2879852233008126 0.38735003378764454 0.2338947979595894 0.0751144203841151 0.012247119724906781 0.0023723157179607723 0.0010360891249708284, 
72, 000100, 000010, 0.171977286684366, 0.171977286684366, 0.31756964649492103 0.39995239833752805 0.22441938377721624 0.04916173134710328 0.008896840043231425, 
73, 100000, 000000, 0.17715818705148434, 0.17715818705148434, 0.31192851903605184 0.40029649578162985 0.21096367936030597 0.06834109386590688 0.006649073571583216 0.0018211383845221933, 
74, 100000, 001000, 0.19280014503314036, 0.19280014503314036, 0.27142606382966267 0.3877804748601555 0.25738420596346856 0.07938503797510334 0.004024217371609932, 
75, 000001, 000000, 0.19878753436171934, 0.19878753436171934, 0.24739101708349462 0.42228255613175025 0.24289235208870008 0.06567725721651628 0.021157913186077255 0.0005989042934615704, 
76, 001000, 100000, 0.23112517392945592, 0.23112517392945592, 0.2050957963970773 0.3846610619598987 0.25752741481130237 0.123831046066468 0.028881390031440267 3.290733813415076e-06, 
77, 000000, 000000, 0.21409039035088387, 0.21409039035088387, 0.2422784967275479 0.3715841069224282 0.2677469372265357 0.09609747576414913 0.02229298335933907, 
78, 000000, 000000, 0.22846815073540383, 0.22846815073540383, 0.20184599978198392 0.39235794463450147 0.27784616460543204 0.09202881403416457 0.03293319625502645 0.002987880688891628, 
79, 010000, 000000, 0.1931735494525506, 0.1931735494525506, 0.28882557190147884 0.3672249978042235 0.2516171509993976 0.08074712026731523 0.011585159027584804, 
80, 000001, 001000, 0.21451523606446332, 0.21451523606446332, 0.23071391424605486 0.3961442317116238 0.253500799837538 0.09468017231111096 0.02489934140161485 6.154049205757913e-05, 
81, 110010, 000100, 0.18429212325061878, 0.18429212325061878, 0.29116385938235323 0.3986063851663128 0.23279491290529822 0.06818284165733965 0.00925200088869616, 
82, 000000, 101010, 0.2346081468759207, 0.2346081468759207, 0.17513137675216953 0.4109455052721568 0.27145865881548603 0.12005556002520124 0.018425117398140654 0.003983781736845783, 
83, 001000, 000000, 0.21336400291279373, 0.21336400291279373, 0.24758885621642215 0.376104813765256 0.24814802799214059 0.1051508430710466 0.02270667626158795 0.00030078269354668756, 
84, 000000, 000000, 0.20139802148602784, 0.20139802148602784, 0.2569822454794529 0.41134723677205226 0.22946869720284055 0.0753976781679689 0.02211024865389964 0.004693893723785695, 
85, 000000, 000000, 0.18462219878736447, 0.18462219878736447, 0.30517408859047107 0.3590257201339574 0.2648688531796682 0.06475558615272001 0.006175751943183288, 
86, 000000, 011100, 0.18931371553505327, 0.18931371553505327, 0.2815620475358759 0.3865987555147686 0.2594060819371969 0.05943257772933911 0.01282904578095782 0.00017149150186173318, 
87, 000010, 000010, 0.1830722883552675, 0.1830722883552675, 0.29547567616628195 0.3836806020872927 0.2529025313538517 0.06281669623368549 0.005124494158888118, 
88, 000101, 101100, 0.1997658413511098, 0.1997658413511098, 0.25020876970735123 0.4016446493075067 0.2552623349707034 0.08511125520000902 0.007772990814429586, 
89, 000000, 110110, 0.21573681524729335, 0.21573681524729335, 0.23982831512112351 0.37422140606026266 0.26198697972117047 0.09962767040861678 0.024335628688826518, 
90, 000000, 010000, 0.19043003879190637, 0.19043003879190637, 0.3198927917152569 0.362428220053241 0.20997966514744285 0.07292684084619257 0.03245025132459946 0.0023222309132671887, 
91, 101000, 000001, 0.20030435527441703, 0.20030435527441703, 0.2514269197722531 0.3913277278351183 0.26811611402691604 0.0822507777052982 0.006878460660414327, 
92, 001001, 000000, 0.19219995685941396, 0.19219995685941396, 0.26612359324484813 0.4189108826130917 0.22338699355626343 0.078963076802706 0.012451627892706608 0.00016382589038414774, 
93, 110000, 000100, 0.21960596535082977, 0.21960596535082977, 0.2450516687595035 0.35640411805447064 0.2629762218836739 0.10969935743185369 0.02316201136489215 0.0027066225056061066, 
94, 000000, 100000, 0.17105181033266148, 0.17105181033266148, 0.31843219257005173 0.40642799063060175 0.20870848519713228 0.0632594254377542 0.003171906164460037, 
95, 101010, 001011, 0.19659087801955324, 0.19659087801955324, 0.2681415646562726 0.39154884049495553 0.2520234107799204 0.0705632948918033 0.016354724498127655 0.0013681646789205446, 
96, 100000, 100000, 0.21997313203194518, 0.21997313203194518, 0.22165531638890476 0.381463000742413 0.2793811835024083 0.09696781715105289 0.014249907415896206 0.0059863054682509215 0.00029646933107387914, 
97, 001001, 010100, 0.23322601837069884, 0.23322601837069884, 0.20086978007227765 0.38101605487637796 0.27974298686277643 0.10305320472099849 0.026895399878580827 0.008422573588988666, 
98, 000010, 110000, 0.23067386207705515, 0.23067386207705515, 0.20460169240471482 0.3831959034703755 0.26717286835768833 0.11561416936768769 0.027417807824152558 0.0019975585753811086, 
99, 000000, 101001, 0.22898378630765395, 0.22898378630765395, 0.19130993460835355 0.3893427629083012 0.2906638468194214 0.11257019257321663 0.015044631874405993 0.0010686312163011803, 
100, 000000, 110000, 0.1793174497685348, 0.1793174497685348, 0.29274477845800095 0.41997575981299323 0.2111107870059476 0.07171424721882465 0.003707514391321305 0.0007469131129122591, 
