run, initial grid state, final grid state, mean grid cell occupancy, mean binding site occupancy, fraction of time with N TFs bound, warning
1, 000000, 000000, 0.0, 0.0, 1.0, 
2, 000000, 000000, 0.0016939486903530835, 0.0016939486903530835, 0.9898363078578815 0.010163692142118501, 
3, 000000, 000000, 0.00012721044336010045, 0.00012721044336010045, 0.9992367373398394 0.0007632626601606027, 
4, 000000, 000000, 5.3685829606708686e-05, 5.3685829606708686e-05, 0.9996778850223598 0.00032211497764025215, 
5, 000000, 000000, 0.00023387481182778836, 0.00023387481182778836, 0.9985967511290331 0.0014032488709667301, 
6, 000000, 000000, 0.001111943746923079, 0.001111943746923079, 0.9933283375184615 0.006671662481538475, 
7, 000000, 000000, 0.0029187145617081884, 0.0029187145617081884, 0.9824877126297509 0.01751228737024913, 
8, 000000, 000000, 0.0022393582669919085, 0.0022393582669919085, 0.9865638503980485 0.013436149601951454, 
9, 000000, 000000, 0.0, 0.0, 1.0, 
10, 000000, 000000, 0.0011056333245761582, 0.0011056333245761582, 0.9933662000525431 0.00663379994745695, 
11, 000000, 000000, 0.001666024991945854, 0.001666024991945854, 0.9900038500483249 0.009996149951675125, 
12, 000000, 000000, 0.0, 0.0, 1.0, 
13, 000000, 000000, 0.002966162362598577, 0.002966162362598577, 0.9822030258244085 0.01779697417559146, 
14, 000000, 000000, 0.0014255951427032852, 0.0014255951427032852, 0.9914464291437802 0.008553570856219711, 
15, 000000, 000000, 0.0, 0.0, 1.0, 
16, 000000, 000000, 0.0004328991804262808, 0.0004328991804262808, 0.9974026049174423 0.0025973950825576853, 
17, 000000, 000000, 0.00030363583892198664, 0.00030363583892198664, 0.998178184966468 0.0018218150335319197, 
18, 000000, 000000, 0.0, 0.0, 1.0, 
19, 000000, 000000, 0.0015071140486851375, 0.0015071140486851375, 0.9909573157078891 0.009042684292110826, 
20, 000000, 000000, 0.0009214970054018703, 0.0009214970054018703, 0.9944710179675889 0.005528982032411223, 
21, 000000, 000000, 0.0014632039851916845, 0.0014632039851916845, 0.9912207760888498 0.008779223911150106, 
22, 000000, 000000, 0.00019335675184277271, 0.00019335675184277271, 0.9988398594889434 0.0011601405110566363, 
23, 000000, 000000, 0.0, 0.0, 1.0, 
24, 000000, 000000, 0.0004900327827198615, 0.0004900327827198615, 0.9970598033036808 0.0029401966963191694, 
25, 000000, 000000, 0.0, 0.0, 1.0, 
26, 000000, 000000, 0.0010732989486162835, 0.0010732989486162835, 0.9935602063083022 0.006439793691697702, 
27, 000000, 000000, 0.0, 0.0, 1.0, 
28, 000000, 000000, 0.0011396914352853485, 0.0011396914352853485, 0.9931618513882879 0.006838148611712091, 
29, 000000, 000000, 0.0, 0.0, 1.0, 
30, 000000, 000000, 0.0012807320993359578, 0.0012807320993359578, 0.9923156074039842 0.007684392596015747, 
31, 000000, 000000, 0.0, 0.0, 1.0, 
32, 000000, 000000, 0.00020301124573457774, 0.00020301124573457774, 0.9987819325255926 0.0012180674744074666, 
33, 000000, 000000, 0.0005098911484466883, 0.0005098911484466883, 0.9969406531093198 0.0030593468906801296, 
34, 000000, 000000, 8.739574609830179e-06, 8.739574609830179e-06, 0.9999475625523411 5.243744765898108e-05, 
35, 000000, 000000, 0.0017505462832825246, 0.0017505462832825246, 0.9894967223003049 0.01050327769969515, 
36, 000000, 000000, 0.0, 0.0, 1.0, 
37, 000000, 000000, 0.0, 0.0, 1.0, 
38, 000000, 000000, 0.0, 0.0, 1.0, 
39, 000000, 000000, 0.0, 0.0, 1.0, 
40, 000000, 000000, 0.0006170378026602039, 0.0006170378026602039, 0.9962977731840388 0.0037022268159612234, 
41, 000000, 000000, 0.0024067630255263637, 0.0024067630255263637, 0.9855594218468418 0.014440578153158183, 
42, 000000, 000000, 0.0003055044212560506, 0.0003055044212560506, 0.9981669734724637 0.0018330265275363039, 
43, 000000, 000000, 0.000529575536618448, 0.000529575536618448, 0.9968225467802894 0.0031774532197106882, 
44, 000000, 000000, 0.00037177932774133367, 0.00037177932774133367, 0.997769324033552 0.0022306759664480025, 
45, 000000, 000000, 0.0029496555591126254, 0.0029496555591126254, 0.9823020666453243 0.017697933354675753, 
46, 000000, 000000, 0.0, 0.0, 1.0, 
47, 000000, 000000, 0.0, 0.0, 1.0, 
48, 000000, 000000, 0.0007851866667339067, 0.0007851866667339067, 0.9952888799995966 0.00471112000040344, 
49, 000000, 000000, 0.0, 0.0, 1.0, 
50, 000000, 000000, 0.0, 0.0, 1.0, 
51, 000000, 000000, 0.0018828185688593655, 0.0018828185688593655, 0.9887030885868439 0.011296911413156193, 
52, 000000, 000000, 0.0, 0.0, 1.0, 
53, 000000, 000000, 0.0003009104914965638, 0.0003009104914965638, 0.9981945370510207 0.001805462948979383, 
54, 000000, 000000, 0.0005746982591018115, 0.0005746982591018115, 0.9965518104453891 0.0034481895546108693, 
55, 000000, 000000, 0.0004114047686953302, 0.0004114047686953302, 0.997531571387828 0.002468428612171981, 
56, 000000, 000000, 0.0, 0.0, 1.0, 
57, 000000, 000000, 0.0037257912583395247, 0.0037257912583395247, 0.9776452524499628 0.02235474755003715, 
58, 000000, 000000, 0.0005249753945254581, 0.0005249753945254581, 0.9968501476328472 0.0031498523671527486, 
59, 000000, 000000, 0.0, 0.0, 1.0, 
60, 000000, 000000, 0.0011028924443301587, 0.0011028924443301587, 0.9933826453340191 0.006617354665980952, 
61, 000000, 000000, 0.0012549137921721615, 0.0012549137921721615, 0.992470517246967 0.007529482753032969, 
62, 000000, 000000, 0.0, 0.0, 1.0, 
63, 000000, 000000, 0.00012940660626858808, 0.00012940660626858808, 0.9992235603623885 0.0007764396376115285, 
64, 000000, 000000, 0.0, 0.0, 1.0, 
65, 000000, 000000, 0.0018183727404968454, 0.0018183727404968454, 0.9890897635570189 0.010910236442981074, 
66, 000000, 000000, 0.0, 0.0, 1.0, 
67, 000000, 000000, 0.0012244384679664445, 0.0012244384679664445, 0.9926533691922013 0.007346630807798667, 
68, 000000, 000000, 0.0, 0.0, 1.0, 
69, 000000, 000000, 0.0012067162407232387, 0.0012067162407232387, 0.9927597025556606 0.007240297444339433, 
70, 000000, 000000, 0.0013778807911274107, 0.0013778807911274107, 0.9917327152532355 0.008267284746764464, 
71, 000000, 000000, 0.0015494044402255107, 0.0015494044402255107, 0.990703573358647 0.009296426641353066, 
72, 000000, 000000, 0.001719775473446097, 0.001719775473446097, 0.9896813471593234 0.010318652840676583, 
73, 000000, 000000, 0.004014868536432576, 0.004014868536432576, 0.9759107887814046 0.024089211218595457, 
74, 000000, 000000, 0.001465244914656521, 0.001465244914656521, 0.9912085305120609 0.008791469487939125, 
75, 000000, 000000, 0.0, 0.0, 1.0, 
76, 000000, 000000, 0.0004964591419170581, 0.0004964591419170581, 0.9970212451484975 0.002978754851502349, 
77, 000000, 000000, 0.00040908518590575217, 0.00040908518590575217, 0.9975454888845654 0.002454511115434513, 
78, 000000, 000000, 0.0, 0.0, 1.0, 
79, 000000, 000000, 0.0, 0.0, 1.0, 
80, 000000, 000000, 0.000665898149974017, 0.000665898149974017, 0.9960046111001558 0.003995388899844103, 
81, 000000, 000000, 0.0, 0.0, 1.0, 
82, 000000, 000000, 0.00018648887475585828, 0.00018648887475585828, 0.9988810667514648 0.0011189332485351496, 
83, 000000, 000000, 0.0, 0.0, 1.0, 
84, 000000, 000000, 0.0003310430344856517, 0.0003310430344856517, 0.9980137417930861 0.0019862582069139103, 
85, 000000, 000000, 0.0, 0.0, 1.0, 
86, 000000, 000000, 0.0, 0.0, 1.0, 
87, 000000, 000000, 7.807110710414827e-05, 7.807110710414827e-05, 0.9995315733573751 0.00046842664262488964, 
88, 000000, 000000, 0.0013380842806846268, 0.0013380842806846268, 0.9919714943158923 0.008028505684107762, 
89, 000000, 000000, 1.530816154273363e-05, 1.530816154273363e-05, 0.9999081510307436 9.184896925640179e-05, 
90, 000000, 000000, 0.0009990291298275537, 0.0009990291298275537, 0.9940058252210346 0.005994174778965322, 
91, 000000, 000000, 0.0013558984307042656, 0.0013558984307042656, 0.9918646094157743 0.008135390584225594, 
92, 000000, 000000, 0.0, 0.0, 1.0, 
93, 000000, 000000, 0.0010681360469640593, 0.0010681360469640593, 0.9935911837182156 0.006408816281784356, 
94, 000000, 000000, 0.002224694387673853, 0.002224694387673853, 0.9866518336739568 0.01334816632604312, 
95, 000000, 000000, 0.0018384206824641667, 0.0018384206824641667, 0.988969475905215 0.011030524094785001, 
96, 000000, 000000, 0.0031414423302485632, 0.0031414423302485632, 0.9811513460185086 0.01884865398149138, 
97, 000000, 000000, 0.000279287476386194, 0.000279287476386194, 0.9983242751416829 0.0016757248583171643, 
98, 000000, 000000, 0.0, 0.0, 1.0, 
99, 000000, 000000, 0.0005341366031635674, 0.0005341366031635674, 0.9967951803810186 0.0032048196189814046, 
100, 000000, 000000, 0.00030317592151527244, 0.00030317592151527244, 0.9981809444709084 0.0018190555290916348, 
