run, initial grid state, final grid state, mean grid cell occupancy, mean binding site occupancy, fraction of time with N TFs bound, warning
1, 111010, 100001, 0.5293719012241406, 0.5293719012241406, 0.00907530715440188 0.07123185981627897 0.20661495704072486 0.31799821769273917 0.2581210311417609 0.11646090712271162 0.020497720031382553, 
2, 110000, 111011, 0.5286240193874489, 0.5286240193874489, 0.01566047613172251 0.08014369821391099 0.19946577090493323 0.29970187084213146 0.2561332289671208 0.1243393817350476 0.024555573205133373, 
3, 010101, 100110, 0.5435205945316087, 0.5435205945316087, 0.011243227917903303 0.0605201281269051 0.1939353649216016 0.30356686876768824 0.27621420966397314 0.12994593935098495 0.024574261250943672, 
4, 011100, 101110, 0.5265900500726837, 0.5265900500726837, 0.012096906994287162 0.07601018893345235 0.2107753697127676 0.3083927219583823 0.2520421372184991 0.11546339376769787 0.025219281414913603, 
5, 001101, 001011, 0.5296959439690418, 0.5296959439690418, 0.010662767435326907 0.08026470276657738 0.20170937827494068 0.3037181978397758 0.25682228904389665 0.1248875330340177 0.0219351316054649, 
6, 010111, 111101, 0.5291548940053413, 0.5291548940053413, 0.009873535042188249 0.07275216262177557 0.2069459079310715 0.3130398206236949 0.26056679495763807 0.11403192909529741 0.022789849728334262, 
7, 111010, 111011, 0.5321271289117109, 0.5321271289117109, 0.010398675938385378 0.06987923160913954 0.2028483822650997 0.3120758364561535 0.26462316085871085 0.11858165270744397 0.02159306016506709, 
8, 001110, 001100, 0.5352532837975772, 0.5352532837975772, 0.011726279116038019 0.06955792962326174 0.19702490123709054 0.30875235739626855 0.2654437055536765 0.12508888615747868 0.022405940916185866, 
9, 101111, 000011, 0.5405644308635346, 0.5405644308635346, 0.010056628676712422 0.06175531503422855 0.19489923939313425 0.3128683165888817 0.2715222539440629 0.1262506523600678 0.02264759400291243, 
10, 001101, 100100, 0.5370355617001007, 0.5370355617001007, 0.008497067166767916 0.07108600908872327 0.19985008797131296 0.30237533562823665 0.26964068861696494 0.1255664453512797 0.022984366176714524, 
11, 011110, 000011, 0.5370439308993262, 0.5370439308993262, 0.009950788283235208 0.06895618388868904 0.19728403562685679 0.30656917908287207 0.2710030495880462 0.12240098652905144 0.023835777001249298, 
12, 111010, 101011, 0.5325971159909977, 0.5325971159909977, 0.009171496302895448 0.0724533055722614 0.20000938354825296 0.3131474815862287 0.2653882372434295 0.1168653449367772 0.02296475081015478, 
13, 110011, 011110, 0.5365145449858943, 0.5365145449858943, 0.009720718868431712 0.07186253405302429 0.19967603894099922 0.30197079027631496 0.26843228387825574 0.12179465225946891 0.026542981723505162, 
14, 100111, 101010, 0.533739365359172, 0.533739365359172, 0.010022508779085629 0.0676688937053171 0.20136817749707214 0.3102406368195304 0.2726206832033763 0.11764829979023658 0.020430800205381898, 
15, 100101, 101000, 0.5301083997681983, 0.5301083997681983, 0.010961557428543888 0.07286977408051987 0.1974118895256492 0.3147586998377781 0.2692470038548752 0.11681372109126538 0.017937354181368336, 
16, 010110, 001000, 0.5421147254157711, 0.5421147254157711, 0.009285398338987205 0.0632452389705502 0.1963540784889853 0.30599277621427007 0.27272408285614347 0.126530254307661 0.025868170823402824, 
17, 101110, 011111, 0.5310284739870398, 0.5310284739870398, 0.01136680399068565 0.0756892065604841 0.20522187898057181 0.2954194196492743 0.2673741690831608 0.12528818629479496 0.019640335441028257, 
18, 001001, 110001, 0.5394230060350136, 0.5394230060350136, 0.008939826939838334 0.06024809599513141 0.19813192951337846 0.31751891249777503 0.27150976670698007 0.12047853321443229 0.023172935132464417, 
19, 110110, 011110, 0.5369592580280323, 0.5369592580280323, 0.010896926345163612 0.0719173222651266 0.19625605547136002 0.3072714984821523 0.2605286906710033 0.12538018376128718 0.027749323003906978, 
20, 010000, 110010, 0.5478781070851025, 0.5478781070851025, 0.009148917858718644 0.05876551800546116 0.18950284130171788 0.30628363684874266 0.27652029619534263 0.13410739216598233 0.025671397624034736, 
21, 000011, 101110, 0.5366917497170222, 0.5366917497170222, 0.008790342739348166 0.06713542366659118 0.204157424623991 0.3086513028894837 0.26491299298086163 0.11902073380268423 0.02733177929704015, 
22, 001100, 010011, 0.5320497679789691, 0.5320497679789691, 0.009562058939993491 0.07524243046093561 0.2021227007022866 0.3035337058841731 0.2664059797050845 0.1222130063097119 0.02092011799781479, 
23, 010001, 000001, 0.5294663154435398, 0.5294663154435398, 0.010773082077624983 0.07580763495929685 0.2060186063172569 0.30793287686316223 0.2575726368489516 0.11650711052010897 0.025388052413598483, 
24, 011101, 010111, 0.5369244952401706, 0.5369244952401706, 0.010260631253066529 0.06999670579371572 0.2037080472057381 0.3009070586330856 0.26222806560887774 0.12489621613203404 0.02800327537348233, 
25, 001011, 100111, 0.5404575946543655, 0.5404575946543655, 0.008286802389935295 0.07189938282855801 0.1977024423480519 0.29532174133900774 0.2725001122873644 0.12626148560744538 0.028028033199637276, 
26, 010100, 101010, 0.5390530652283032, 0.5390530652283032, 0.00848531546777515 0.0670082558796672 0.20541694462864044 0.30243069646575327 0.2628334904584096 0.12510158759655315 0.02872370950320119, 
27, 010100, 110101, 0.5406371072263498, 0.5406371072263498, 0.010290772844801888 0.06910392623331628 0.19237576706060022 0.3066233775171681 0.26417602778293553 0.13118783204673223 0.026242296514445797, 
28, 010110, 110011, 0.5390477421127532, 0.5390477421127532, 0.010566774198658455 0.06797663302018836 0.20239565461897077 0.2993061478098329 0.26176890140536613 0.1313908723144739 0.026595016632509474, 
29, 001110, 001111, 0.5305757749431957, 0.5305757749431957, 0.010655839309511235 0.07199429695714822 0.20716151935495325 0.30244720753795373 0.266763060486492 0.1231250086913586 0.017853067662582926, 
30, 111111, 011101, 0.5367283074796965, 0.5367283074796965, 0.01070588975940643 0.06848095205921852 0.20428194672511762 0.30588133364746595 0.2572374281391622 0.12374341214809703 0.02966903752153224, 
31, 110011, 101101, 0.5353689795352228, 0.5353689795352228, 0.008356020104489258 0.07281736715392413 0.20249043988645135 0.30542914406097993 0.2613582890021078 0.12459739665914633 0.024951343132901194, 
32, 110110, 101111, 0.5387495090498424, 0.5387495090498424, 0.008384885556615363 0.06214824188184654 0.2017948497597089 0.3132400108222699 0.26913188621906275 0.1212892190082498 0.02401090675224681, 
33, 100010, 001000, 0.5338420027395014, 0.5338420027395014, 0.007441277270218218 0.07470095879532385 0.20198712481091546 0.3065326074773556 0.2663966799757074 0.11845584433791959 0.02448550733255996, 
34, 111101, 111000, 0.542518205378897, 0.542518205378897, 0.01212156542244674 0.06356613803661545 0.1909449975129747 0.30173197574991023 0.276069235447922 0.13321629681138714 0.02234979101874378, 
35, 100010, 110000, 0.5374796163741511, 0.5374796163741511, 0.010886610381686663 0.07125768114387233 0.20136054806313816 0.2979936127322537 0.2619326360023018 0.13022593129169444 0.02634298038505292, 
36, 111001, 010111, 0.5421694081850764, 0.5421694081850764, 0.007353230495206607 0.06593245491867454 0.18896405961015497 0.31095017753453685 0.28088451871058345 0.12272608485953138 0.023189473871312132, 
37, 111101, 001000, 0.5393542025817369, 0.5393542025817369, 0.007417627760615185 0.06272239078689232 0.20656035718988608 0.3098775750965177 0.2607924538473711 0.1282980022675861 0.02433159305113157, 
38, 101111, 100111, 0.5383508358060813, 0.5383508358060813, 0.010985869705748039 0.06269794185579167 0.19286422340187115 0.3206397446651344 0.2650447278487847 0.12702447434960853 0.020743018173061567, 
39, 001000, 010110, 0.5398434651034497, 0.5398434651034497, 0.009294299510352426 0.06342313990856586 0.20024629545864905 0.306460999289172 0.2679423011568714 0.1318049307585027 0.020828033917886596, 
40, 110110, 111110, 0.5454505133811604, 0.5454505133811604, 0.008664733604148158 0.06103751191878318 0.19564123889821278 0.3055347162801181 0.26993019886126324 0.13109145633850133 0.028100144098973198, 
41, 011001, 111100, 0.5294726184234639, 0.5294726184234639, 0.012229705190547854 0.0704751216387777 0.20261770893054143 0.3167662887501623 0.26000392831460395 0.11663289152018022 0.021274355655186553, 
42, 000110, 011000, 0.5382400128239619, 0.5382400128239619, 0.011856875856587522 0.07126803498095505 0.19053417478768914 0.3071756546327792 0.2673842227001857 0.12464638456246223 0.02713465247934121, 
43, 111000, 100010, 0.5421427425464784, 0.5421427425464784, 0.008572957367850851 0.06921732283796359 0.19220046999424256 0.29845391616864764 0.2763288488273344 0.1327978601866242 0.02242862461733677, 
44, 010000, 001100, 0.5386570143308023, 0.5386570143308023, 0.008942743034158446 0.07075554156887724 0.19844149684095005 0.2993696201496169 0.26961225356657464 0.12952439302004906 0.023353951819773646, 
45, 100011, 000001, 0.5296667509067918, 0.5296667509067918, 0.01095027013622462 0.07548028797937582 0.20737028790557402 0.30230551845642 0.2604082132603832 0.12168230033269951 0.021803121929322822, 
46, 101011, 101111, 0.5377121356290921, 0.5377121356290921, 0.010926319153948802 0.06324380797962793 0.19750497390153426 0.31665939539260113 0.26584642341553183 0.12025930278861013 0.025559777368145884, 
47, 010101, 100010, 0.5435280660920262, 0.5435280660920262, 0.010237704628973537 0.061422174328057536 0.19445397828779548 0.31045908926550314 0.26350443889636527 0.1340924452932927 0.02583016930001231, 
48, 101100, 001011, 0.5371666596570336, 0.5371666596570336, 0.008346298892642207 0.06639617384552304 0.19987631126258756 0.30980719757268355 0.272103011223756 0.12180851925841714 0.021662487944390525, 
49, 111001, 101101, 0.5465781088253542, 0.5465781088253542, 0.009620064218204943 0.05936310208521286 0.1874901994249115 0.31036986637006486 0.27734587924095494 0.13023329602083086 0.02557759263982005, 
50, 110000, 001110, 0.5404939741105974, 0.5404939741105974, 0.008210801065090123 0.06558970699174316 0.20132769188771113 0.3010174280105114 0.27181793955452743 0.12782388329572572 0.02421254919469101, 
51, 111110, 000000, 0.5390586454792595, 0.5390586454792595, 0.008063656413862983 0.06672624769112089 0.19716542406314405 0.31428666498406915 0.2625359806307266 0.12704129771942374 0.02418072849765257, 
52, 101100, 011101, 0.5293684023357366, 0.5293684023357366, 0.010308299899142307 0.0748145987978295 0.2033618873573533 0.3061454530280384 0.27089951285531355 0.11418385837742408 0.020286389684898792, 
53, 101110, 100101, 0.5307396805662142, 0.5307396805662142, 0.012500588920770384 0.0723586506658612 0.20055719682638548 0.31298795615801006 0.2589173735822171 0.1197377268047794 0.022940507041976425, 
54, 010100, 010010, 0.5408462732399978, 0.5408462732399978, 0.009181288273813133 0.06352485545099776 0.19188777200439705 0.314623216454843 0.2729984445168004 0.12479272724642777 0.022991696052721014, 
55, 000011, 100010, 0.5286191135505538, 0.5286191135505538, 0.011542388312774002 0.07528519503846669 0.20219199791559328 0.31144921325265235 0.26110028224738946 0.11728881771259109 0.02114210552053314, 
56, 100110, 111010, 0.5318115903213576, 0.5318115903213576, 0.00901172553871793 0.0722030827919985 0.20720295389935622 0.3063531090558892 0.26664145020658725 0.11289064770128703 0.02569703080616391, 
57, 011000, 001110, 0.5354451352369791, 0.5354451352369791, 0.01047665654757478 0.07196672124915464 0.19964865991884267 0.30568514277950765 0.2628306301897331 0.12332431465354345 0.026067874661643675, 
58, 001011, 111110, 0.5386821981660797, 0.5386821981660797, 0.009670476623375224 0.06557622712794707 0.19821107577087194 0.3055458799332884 0.2743010899736181 0.12391869279294594 0.022776557777953284, 
59, 111111, 111001, 0.5314041644457512, 0.5314041644457512, 0.012018912268707037 0.07316445932429297 0.20725606914720174 0.30005110620631864 0.25869752190850037 0.1270666040670221 0.021745327077957132, 
60, 011111, 100101, 0.5329041087445328, 0.5329041087445328, 0.01112667887228929 0.0683374327073064 0.19705306407774797 0.3124413062969116 0.27740685787155855 0.11377821981769173 0.019856440356494535, 
61, 110000, 011111, 0.5258103651494077, 0.5258103651494077, 0.010452932760484266 0.07490942697381656 0.21488960980444216 0.3097781286380163 0.2508400045225788 0.11730024349459038 0.021829653806071544, 
62, 110000, 010001, 0.542174165736141, 0.542174165736141, 0.006936297544294187 0.06408919142509131 0.1996209522325861 0.30681089198652106 0.26845132532943217 0.12907212764316003 0.025019213838915155, 
63, 010111, 001100, 0.5398764532542748, 0.5398764532542748, 0.00694362002157801 0.06703619322832303 0.20039987590046265 0.30647121615634043 0.27076535089815656 0.1213547403360827 0.027029003459056622, 
64, 110110, 101011, 0.5351350588123445, 0.5351350588123445, 0.011230662497555294 0.06881983740246166 0.20145271225187772 0.3107264013167014 0.2578476973642476 0.12402103744218311 0.025901651724973277, 
65, 011111, 110110, 0.5301859083632743, 0.5301859083632743, 0.009045090297879825 0.06931721602283915 0.20460633641435808 0.3208988638607041 0.26466907546623863 0.10756783974685764 0.02389557819112254, 
66, 010000, 111000, 0.528599726394357, 0.528599726394357, 0.011286589721138761 0.07425445078387234 0.20160166528017637 0.3206903881188656 0.25027746105870907 0.12037710179294334 0.021512343244294532, 
67, 100111, 111011, 0.5351492779748019, 0.5351492779748019, 0.008352787140607176 0.06694494897291449 0.20134052928888646 0.31471210450095205 0.2677595885115455 0.11924525676147998 0.021644784823614285, 
68, 011101, 010101, 0.5357374554284263, 0.5357374554284263, 0.009293621990871625 0.06826831746726607 0.20003429996916638 0.3093914534527115 0.26961620845291345 0.12092797100725429 0.022468127659816615, 
69, 100110, 001000, 0.5301409157113282, 0.5301409157113282, 0.010312027708062395 0.07088623209294886 0.20611067706832234 0.31246612218896436 0.2631961777208405 0.11461774873704915 0.022411014483812528, 
70, 100000, 001000, 0.5314920012871389, 0.5314920012871389, 0.00991878633011945 0.06706157158134994 0.20585164062815256 0.3154603470179169 0.2662591909718792 0.11392143087958073 0.0215270325910012, 
71, 001111, 110110, 0.5304892558849813, 0.5304892558849813, 0.01128775917093574 0.07262818975689422 0.20607620014026645 0.30792802069023933 0.25607390201472646 0.1259602942187898 0.020045634008147975, 
72, 011101, 011110, 0.5479579442680522, 0.5479579442680522, 0.007510623740254567 0.06128454699161581 0.192681553169918 0.3017058805877059 0.275850112971255 0.13322177660678083 0.027745505932469845, 
73, 101100, 010011, 0.5304913367731554, 0.5304913367731554, 0.012022372424238365 0.07425226487373145 0.2033090578077095 0.30688203264458774 0.2594987205383523 0.1207766502056743 0.02325890150570635, 
74, 100101, 010110, 0.5429618409502062, 0.5429618409502062, 0.00837862917140403 0.06548550878960635 0.19579099279050935 0.30551928816406415 0.2682575323712103 0.12829273492565627 0.028275313787549543, 
75, 101001, 001000, 0.5411084146128586, 0.5411084146128586, 0.01007593045913139 0.0691878038969314 0.1842169286399988 0.31433609736554874 0.27051451261268855 0.12604987820138439 0.025618848824316795, 
76, 001100, 100000, 0.5389470475877409, 0.5389470475877409, 0.008400165456515032 0.06365859587186713 0.20155963745321598 0.30687394049820943 0.27160812974966575 0.12754711156830467 0.020352419402222006, 
77, 110101, 000001, 0.5361426675490625, 0.5361426675490625, 0.009904535707318193 0.07284935053041322 0.19230980586163637 0.3124006356132185 0.2636358871238178 0.1257571232758135 0.023142661887782395, 
78, 111011, 101001, 0.5340338082053784, 0.5340338082053784, 0.009855415940000622 0.06748768920506448 0.20531583092675695 0.30890481072752746 0.26529516914371554 0.12065811492536258 0.022482969131572415, 
79, 100101, 010111, 0.5340237157501919, 0.5340237157501919, 0.012019013285629423 0.07305997424025483 0.20095656495382236 0.3042477005796871 0.25845460361322875 0.12496518580298943 0.026296957524388088, 
80, 110100, 011101, 0.5364040756737523, 0.5364040756737523, 0.00967926019557622 0.06921858461886292 0.19364300036678667 0.30604821397538445 0.28226399577912104 0.12016242673817208 0.01898451832609662, 
81, 100110, 111101, 0.5406018877332438, 0.5406018877332438, 0.011971052602902547 0.06433734877579514 0.19017005714944724 0.311433337659982 0.27090097342907354 0.12609342566826404 0.025093804714535525, 
82, 111101, 101001, 0.5361724808817712, 0.5361724808817712, 0.00984699633305313 0.07486249644861269 0.200853046462038 0.29668291514927464 0.263852432516416 0.12840485813918323 0.02549725495142234, 
83, 101010, 111100, 0.5378069950205059, 0.5378069950205059, 0.00907302824557252 0.06543726169353326 0.19862534409486393 0.31776553522484763 0.2590428612690547 0.12564984734375548 0.02440612212837247, 
84, 100111, 001110, 0.5406295647387894, 0.5406295647387894, 0.009464711913348587 0.06484375717312293 0.19382606391892163 0.31102007394788345 0.2702569034921298 0.1263372697179615 0.024251219836632185, 
85, 011100, 011011, 0.5275655059793184, 0.5275655059793184, 0.009583775362933427 0.07304487342490791 0.2053968372344306 0.31768656428304004 0.26278025295293306 0.11167239712924061 0.019835299612514293, 
86, 100001, 001000, 0.5340404414174706, 0.5340404414174706, 0.011188985042029018 0.07500640306810827 0.19675309832176482 0.30569452192840796 0.2643921189906547 0.12071122884886822 0.026253643800167068, 
87, 010111, 000111, 0.5356801943551042, 0.5356801943551042, 0.010961171177153884 0.06566811467076426 0.2065869800789549 0.3007205662394196 0.2687646160191622 0.1257723823802278 0.021526169434317368, 
88, 110101, 101001, 0.5296698164070873, 0.5296698164070873, 0.01559892495708761 0.06966451351232536 0.20570414351662772 0.30717591841973035 0.258308665751834 0.11910332342395427 0.024444510418440698, 
89, 011111, 010111, 0.5316701086682081, 0.5316701086682081, 0.009856941000032234 0.07379141433156884 0.204085479160232 0.30771402387518093 0.25998180190834036 0.12243303824956245 0.022137301475083204, 
90, 010011, 110110, 0.536375683963216, 0.536375683963216, 0.010181220120963957 0.06475728369958306 0.19629129404432885 0.31580585359344987 0.2731423728838934 0.11800467427155341 0.021817301386227457, 
91, 010011, 111111, 0.5362502811442249, 0.5362502811442249, 0.012626049384746537 0.06920309208092404 0.19689581046612642 0.30816709966561895 0.2629292262885706 0.12278356298304756 0.027395159130965855, 
92, 100001, 011111, 0.5348581890803179, 0.5348581890803179, 0.010306818117961318 0.06700027853693812 0.19995463303770267 0.31885816493425206 0.25681534161520564 0.1239848539416555 0.023079909816284692, 
93, 111001, 111110, 0.54218869852943, 0.54218869852943, 0.009093472879950574 0.06629060225007981 0.19708053676928125 0.30172494368931907 0.2663113219914673 0.13473433816530045 0.024764784254601557, 
94, 111010, 010001, 0.5351110512540976, 0.5351110512540976, 0.00949559586061465 0.07451766791063992 0.19782935997892567 0.3042880757420355 0.2657001203346214 0.1241898699474747 0.023979310225688107, 
95, 001001, 000000, 0.5437322310541726, 0.5437322310541726, 0.008822607246682353 0.06195472870114769 0.19077943637872152 0.3069589035086298 0.28211860461821386 0.12666566141192898 0.022700058134675707, 
96, 011000, 100011, 0.5338862523256854, 0.5338862523256854, 0.009555869059731853 0.06632920075146846 0.206791388028538 0.3096583841893193 0.2668714235627779 0.11781771612248827 0.022976018285676164, 
97, 101101, 010011, 0.5240577487057141, 0.5240577487057141, 0.012273983458895516 0.07599266027126089 0.2106128476338697 0.31298294800554405 0.25323919523364385 0.11416768063663922 0.02073068476014679, 
98, 011110, 111000, 0.5345173926326944, 0.5345173926326944, 0.012272572050908488 0.06937066824683209 0.1980770032349426 0.3086790575347416 0.26676445829494483 0.12053276853033691 0.02430347210729343, 
99, 111011, 011001, 0.5365304387161381, 0.5365304387161381, 0.008085059216618676 0.07244394090859103 0.18930943616681922 0.31642844472605025 0.27272070205395044 0.11812282490717581 0.022889592020794505, 
100, 001101, 011011, 0.5359469064397794, 0.5359469064397794, 0.010472463653901445 0.06518903249101544 0.20472782627220393 0.30747502200457993 0.2665615611040844 0.1210791236721129 0.02449497080210191, 
