run, initial grid state, final grid state, mean grid cell occupancy, mean binding site occupancy, fraction of time with N TFs bound, warning
1, 111111, 111111, 1.0, 1.0, 0.0 0.0 0.0 0.0 0.0 0.0 1.0, 
2, 111111, 111111, 1.0, 1.0, 0.0 0.0 0.0 0.0 0.0 0.0 1.0, 
3, 111111, 111111, 1.0, 1.0, 0.0 0.0 0.0 0.0 0.0 0.0 1.0, 
4, 111111, 111111, 1.0, 1.0, 0.0 0.0 0.0 0.0 0.0 0.0 1.0, 
5, 111111, 111111, 1.0, 1.0, 0.0 0.0 0.0 0.0 0.0 0.0 1.0, 
6, 111111, 111111, 1.0, 1.0, 0.0 0.0 0.0 0.0 0.0 0.0 1.0, 
7, 111110, 111110, 0.8333333333333334, 0.8333333333333334, 0.0 0.0 0.0 0.0 0.0 1.0, 
8, 111111, 111111, 1.0, 1.0, 0.0 0.0 0.0 0.0 0.0 0.0 1.0, 
9, 111111, 111111, 1.0, 1.0, 0.0 0.0 0.0 0.0 0.0 0.0 1.0, 
10, 011111, 111111, 0.8462537903318733, 0.8462537903318733, 0.0 0.0 0.0 0.0 0.018614210170379588 0.8852488376680012 0.0961369521616193, 
11, 011111, 111111, 0.9867009139939891, 0.9867009139939891, 0.0 0.0 0.0 0.0 0.0 0.07979451603606527 0.9202054839639348, 
12, 111111, 111111, 1.0, 1.0, 0.0 0.0 0.0 0.0 0.0 0.0 1.0, 
13, 011111, 111111, 0.943208238265953, 0.943208238265953, 0.0 0.0 0.0 0.0 0.0 0.34075057040428197 0.659249429595718, 
14, 111110, 111111, 0.9178634462651059, 0.9178634462651059, 0.0 0.0 0.0 0.0 0.0 0.4928193224093649 0.5071806775906351, 
15, 000000, 000000, 0.00037421104055225773, 0.00037421104055225773, 0.9977547337566863 0.0022452662433135465, 
16, 111100, 111111, 0.677072169638228, 0.677072169638228, 0.0 0.0 0.0 0.21428335417424668 0.64233600656002 0.010044906527851678 0.1333357327378817, 
17, 111111, 111111, 1.0, 1.0, 0.0 0.0 0.0 0.0 0.0 0.0 1.0, 
18, 111111, 111111, 1.0, 1.0, 0.0 0.0 0.0 0.0 0.0 0.0 1.0, 
19, 111110, 011110, 0.762674568133181, 0.762674568133181, 0.0 0.0 0.0 0.14325176779442764 0.13744905561205875 0.7192991765935136, 
20, 111111, 111111, 1.0, 1.0, 0.0 0.0 0.0 0.0 0.0 0.0 1.0, 
21, 111111, 111111, 1.0, 1.0, 0.0 0.0 0.0 0.0 0.0 0.0 1.0, 
22, 111111, 111111, 1.0, 1.0, 0.0 0.0 0.0 0.0 0.0 0.0 1.0, 
23, 111111, 111111, 1.0, 1.0, 0.0 0.0 0.0 0.0 0.0 0.0 1.0, 
24, 111111, 111111, 0.9649637228618768, 0.9649637228618768, 0.0 0.0 0.0 0.0 0.0 0.21021766282873897 0.789782337171261, 
25, 111111, 111111, 1.0, 1.0, 0.0 0.0 0.0 0.0 0.0 0.0 1.0, 
26, 111111, 111111, 1.0, 1.0, 0.0 0.0 0.0 0.0 0.0 0.0 1.0, 
27, 111111, 111111, 1.0, 1.0, 0.0 0.0 0.0 0.0 0.0 0.0 1.0, 
28, 111111, 111111, 1.0, 1.0, 0.0 0.0 0.0 0.0 0.0 0.0 1.0, 
29, 111111, 111111, 1.0, 1.0, 0.0 0.0 0.0 0.0 0.0 0.0 1.0, 
30, 111111, 111111, 1.0, 1.0, 0.0 0.0 0.0 0.0 0.0 0.0 1.0, 
31, 111111, 111111, 1.0, 1.0, 0.0 0.0 0.0 0.0 0.0 0.0 1.0, 
32, 111111, 111111, 1.0, 1.0, 0.0 0.0 0.0 0.0 0.0 0.0 1.0, 
33, 111111, 111111, 1.0, 1.0, 0.0 0.0 0.0 0.0 0.0 0.0 1.0, 
34, 111111, 111111, 0.982288133516434, 0.982288133516434, 0.0 0.0 0.0 0.0 0.0 0.10627119890139643 0.8937288010986036, 
35, 111111, 111111, 1.0, 1.0, 0.0 0.0 0.0 0.0 0.0 0.0 1.0, 
36, 111111, 111111, 0.9850400700437686, 0.9850400700437686, 0.0 0.0 0.0 0.0 0.0 0.08975957973738871 0.9102404202626112, 
37, 111110, 111111, 0.9973423910157792, 0.9973423910157792, 0.0 0.0 0.0 0.0 0.0 0.015945653905324157 0.9840543460946758, 
38, 111111, 111111, 1.0, 1.0, 0.0 0.0 0.0 0.0 0.0 0.0 1.0, 
39, 111111, 111111, 1.0, 1.0, 0.0 0.0 0.0 0.0 0.0 0.0 1.0, 
40, 111110, 111111, 0.9271621171162832, 0.9271621171162832, 0.0 0.0 0.0 0.0 0.0 0.43702729730230094 0.5629727026976991, 
41, 111111, 011111, 0.8954827883695964, 0.8954827883695964, 0.0 0.0 0.0 0.0 0.0 0.6271032697824213 0.37289673021757874, 
42, 111111, 111110, 0.9980953713920752, 0.9980953713920752, 0.0 0.0 0.0 0.0 0.0 0.011427771647548397 0.9885722283524516, 
43, 111111, 111111, 1.0, 1.0, 0.0 0.0 0.0 0.0 0.0 0.0 1.0, 
44, 011111, 111111, 0.9457361335291705, 0.9457361335291705, 0.0 0.0 0.0 0.0 0.0 0.32558319882497727 0.6744168011750227, 
45, 111111, 111111, 1.0, 1.0, 0.0 0.0 0.0 0.0 0.0 0.0 1.0, 
46, 111111, 111111, 1.0, 1.0, 0.0 0.0 0.0 0.0 0.0 0.0 1.0, 
47, 111111, 111111, 1.0, 1.0, 0.0 0.0 0.0 0.0 0.0 0.0 1.0, 
48, 111111, 111111, 0.9699476507369402, 0.9699476507369402, 0.0 0.0 0.0 0.0 0.0 0.18031409557835817 0.8196859044216418, 
49, 111111, 011111, 0.9849554386908651, 0.9849554386908651, 0.0 0.0 0.0 0.0 0.0 0.09026736785480959 0.9097326321451904, 
50, 111111, 111111, 1.0, 1.0, 0.0 0.0 0.0 0.0 0.0 0.0 1.0, 
51, 111111, 111111, 1.0, 1.0, 0.0 0.0 0.0 0.0 0.0 0.0 1.0, 
52, 011111, 111111, 0.9717886203337667, 0.9717886203337667, 0.0 0.0 0.0 0.0 0.0 0.16926827799740096 0.8307317220025991, 
53, 111111, 111111, 0.9915217677505257, 0.9915217677505257, 0.0 0.0 0.0 0.0 0.0 0.05086939349684617 0.9491306065031538, 
54, 111111, 111111, 1.0, 1.0, 0.0 0.0 0.0 0.0 0.0 0.0 1.0, 
55, 111111, 111111, 1.0, 1.0, 0.0 0.0 0.0 0.0 0.0 0.0 1.0, 
56, 111111, 111110, 0.8693498350656037, 0.8693498350656037, 0.0 0.0 0.0 0.0 0.0 0.7839009896063771 0.2160990103936229, 
57, 111111, 111111, 0.932602383134296, 0.932602383134296, 0.0 0.0 0.0 0.0 0.0 0.4043857011942244 0.5956142988057757, 
58, 111111, 111111, 1.0, 1.0, 0.0 0.0 0.0 0.0 0.0 0.0 1.0, 
59, 111111, 011111, 0.9448560377016995, 0.9448560377016995, 0.0 0.0 0.0 0.0 0.008534776930481006 0.31379421992884043 0.6776710031406785, 
60, 111111, 111111, 1.0, 1.0, 0.0 0.0 0.0 0.0 0.0 0.0 1.0, 
61, 111111, 011111, 0.9974752623316819, 0.9974752623316819, 0.0 0.0 0.0 0.0 0.0 0.015148426009908766 0.9848515739900913, 
62, 111110, 111111, 0.8482842969638494, 0.8482842969638494, 0.0 0.0 0.0 0.0 0.0 0.9102942182169037 0.08970578178309624, 
63, 111111, 111111, 1.0, 1.0, 0.0 0.0 0.0 0.0 0.0 0.0 1.0, 
64, 111111, 111111, 1.0, 1.0, 0.0 0.0 0.0 0.0 0.0 0.0 1.0, 
65, 111111, 111111, 1.0, 1.0, 0.0 0.0 0.0 0.0 0.0 0.0 1.0, 
66, 111111, 111111, 1.0, 1.0, 0.0 0.0 0.0 0.0 0.0 0.0 1.0, 
67, 111111, 011111, 0.9282589448879511, 0.9282589448879511, 0.0 0.0 0.0 0.0 0.0 0.4304463306722938 0.5695536693277062, 
68, 111111, 111111, 1.0, 1.0, 0.0 0.0 0.0 0.0 0.0 0.0 1.0, 
69, 111111, 011111, 0.988579338657312, 0.988579338657312, 0.0 0.0 0.0 0.0 0.0 0.06852396805612863 0.9314760319438713, 
70, 111111, 111111, 0.9738918456310556, 0.9738918456310556, 0.0 0.0 0.0 0.0 0.0 0.1566489262136663 0.8433510737863338, 
71, 111111, 111111, 0.9884668077614673, 0.9884668077614673, 0.0 0.0 0.0 0.0 0.0 0.06919915343119615 0.9308008465688039, 
72, 111110, 111100, 0.8177513296402279, 0.8177513296402279, 0.0 0.0 0.0 0.0 0.09349202215863277 0.9065079778413673, 
73, 111111, 111110, 0.97121056997149, 0.97121056997149, 0.0 0.0 0.0 0.0 0.0 0.17273658017106025 0.8272634198289398, 
74, 011111, 111111, 0.955339933371089, 0.955339933371089, 0.0 0.0 0.0 0.0 0.0 0.2679603997734654 0.7320396002265346, 
75, 111111, 111111, 1.0, 1.0, 0.0 0.0 0.0 0.0 0.0 0.0 1.0, 
76, 000000, 000000, 0.0002544169933390475, 0.0002544169933390475, 0.9984734980399657 0.0015265019600342851, 
77, 111111, 111111, 1.0, 1.0, 0.0 0.0 0.0 0.0 0.0 0.0 1.0, 
78, 111111, 111111, 1.0, 1.0, 0.0 0.0 0.0 0.0 0.0 0.0 1.0, 
79, 111111, 111111, 1.0, 1.0, 0.0 0.0 0.0 0.0 0.0 0.0 1.0, 
80, 111111, 111111, 1.0, 1.0, 0.0 0.0 0.0 0.0 0.0 0.0 1.0, 
81, 111111, 111111, 0.9889251954717513, 0.9889251954717513, 0.0 0.0 0.0 0.0 0.0 0.06644882716949267 0.9335511728305074, 
82, 111111, 011111, 0.9390682980913183, 0.9390682980913183, 0.0 0.0 0.0 0.0 0.0 0.36559021145209053 0.6344097885479095, 
83, 111111, 111111, 1.0, 1.0, 0.0 0.0 0.0 0.0 0.0 0.0 1.0, 
84, 111110, 011110, 0.7516428580220621, 0.7516428580220621, 0.0 0.0 0.0 0.0 0.49014285186762746 0.5098571481323725, 
85, 111111, 111111, 0.9572470469942814, 0.9572470469942814, 0.0 0.0 0.0 0.0 0.0 0.2565177180343113 0.7434822819656888, 
86, 111111, 111111, 1.0, 1.0, 0.0 0.0 0.0 0.0 0.0 0.0 1.0, 
87, 111111, 111111, 1.0, 1.0, 0.0 0.0 0.0 0.0 0.0 0.0 1.0, 
88, 111111, 111111, 1.0, 1.0, 0.0 0.0 0.0 0.0 0.0 0.0 1.0, 
89, 111111, 111111, 1.0, 1.0, 0.0 0.0 0.0 0.0 0.0 0.0 1.0, 
90, 011111, 111111, 0.9540573158545462, 0.9540573158545462, 0.0 0.0 0.0 0.0 0.0 0.27565610487272213 0.7243438951272779, 
91, 111111, 111111, 1.0, 1.0, 0.0 0.0 0.0 0.0 0.0 0.0 1.0, 
92, 111111, 111111, 0.9630617977517316, 0.9630617977517316, 0.0 0.0 0.0 0.0 0.0 0.2216292134896112 0.7783707865103888, 
93, 111111, 111111, 1.0, 1.0, 0.0 0.0 0.0 0.0 0.0 0.0 1.0, 
94, 111111, 111110, 0.955758963512456, 0.955758963512456, 0.0 0.0 0.0 0.0 0.0 0.2654462189252644 0.7345537810747356, 
95, 111111, 111111, 1.0, 1.0, 0.0 0.0 0.0 0.0 0.0 0.0 1.0, 
96, 111111, 111111, 1.0, 1.0, 0.0 0.0 0.0 0.0 0.0 0.0 1.0, 
97, 001111, 011111, 0.8217734299083438, 0.8217734299083438, 0.0 0.0 0.0 0.0 0.06935942054993834 0.9306405794500617, 
98, 111111, 111111, 1.0, 1.0, 0.0 0.0 0.0 0.0 0.0 0.0 1.0, 
99, 111111, 111111, 1.0, 1.0, 0.0 0.0 0.0 0.0 0.0 0.0 1.0, 
100, 011111, 111111, 0.8559789690890799, 0.8559789690890799, 0.0 0.0 0.0 0.0 0.0 0.8641261854655202 0.13587381453447978, 
