run, initial grid state, final grid state, mean grid cell occupancy, mean binding site occupancy, fraction of time with N TFs bound, warning
1, 0000000000, 0000000000, 0.00017432990106445043, 0.0002897172610840637, 0.9982627880891153 0.001736120255264989 1.0916556196965807e-06, 
2, 0000000000, 0000000000, 0.001140205015018655, 0.001900114941933674, 0.9937391881594477 0.0017432288899931366 0.0038954358193585698 0.000621999401910759 1.477292898723057e-07, 
3, 0000000000, 0000000000, 0.025481018139866574, 0.04244654370312366, 0.9362072770582575 0.0016262967748329287 0.004556530975677399 0.018563899382189452 0.01592638321976548 0.014175003068739912 0.008944609520537399, 
4, 0000000000, 0000000000, 0.00018067530082109597, 0.000300890241855126, 0.9981949746065777 0.0018047093357140024 3.1605770837692986e-07, 
5, 0000000000, 0000000000, 0.005227190359470468, 0.008707591396167568, 0.9812631402366989 0.0017382504234299096 0.004592355388253614 0.008302428629402319 0.004103825322215329, 
6, 0000000000, 0000000000, 0.09415182845563828, 0.15678009990696123, 0.8125476184430896 0.0013805824983882905 0.004432557708660818 0.014931321378644363 0.024810527969095136 0.06498552649898624 0.07691186550313546, 
7, 0000000000, 0000000000, 0.028463448317142544, 0.04741597390868637, 0.9306014704463383 0.0017342166975113636 0.004297180701903672 0.012683977844844544 0.022639321351718786 0.022704951336708974 0.005338881620974313, 
8, 0000000000, 0000000000, 0.13941787061330138, 0.23220424766509032, 0.7037340202640999 0.0012053557758498492 0.015532933042076256 0.034670246154294405 0.05905512716981229 0.09409088857479662 0.09171142901907069, 
9, 0000000000, 0000000000, 0.00017675026346789283, 0.00029436495962696624, 0.9982339451154187 0.0017659200114007066 1.3487318054551167e-07, 
10, 0000000000, 0000000000, 0.0001684667499830266, 0.00028051849933348726, 0.9983182246752756 0.0016804396534477765 1.335671276573668e-06, 
11, 0000000000, 0000000000, 0.06368284446166456, 0.10609039334113844, 0.8596409118829511 0.0014522529632791919 0.010188140104946437 0.02243491763286034 0.02456879837997516 0.04115599376074938 0.04055898527523835, 
12, 0000000000, 0011111000, 0.035019506472564126, 0.058320907082053106, 0.9292881742538623 0.0016850293966816415 0.001277683059611143 0.006977385685118266 0.006896733387134188 0.026084008933030648 0.027790985284561653, 
13, 0000000000, 0000000000, 0.06029972332239243, 0.10045695744269924, 0.8652448107601027 0.001490746416640142 0.017009170795600357 0.008901777757077102 0.02622991228986524 0.05113381766662444 0.02998976431409001, 
14, 0000000000, 0000000000, 0.0875935993015032, 0.14589917147723613, 0.817011721004516 0.0014325193152993224 0.006431313603271699 0.01903629062004583 0.0413570169396431 0.04982388838047975 0.06490725013674423, 
15, 0000000000, 0000000000, 0.0005387728481966125, 0.0008959187229884131, 0.9964256648715851 0.0017739954672589685 0.001799502112796051 8.375483598027909e-07, 
16, 0000000000, 0000000000, 0.00016246499991419723, 0.0002705527412070373, 0.9983776708349381 0.0016213418828816735 9.872821802752357e-07, 
17, 0000000000, 0000000000, 0.0006370085759474811, 0.001052020861069218, 0.9961011075185768 0.0017410937658907616 0.0019023647460726326 0.00025543396945976074, 
18, 0000000000, 0000000000, 0.021665116384089404, 0.03610374238190478, 0.9487305408154203 0.0015973129998170417 0.0026122668337779666 0.004184487837387493 0.017966306418740065 0.024072592132210274 0.0008364929626469384, 
19, 0000000000, 0000000000, 0.0002203211321048359, 0.0003669845741500645, 0.9980641051077831 0.0016700152655463553 0.00026574670065749256 1.329260130155654e-07, 
20, 0000000000, 0000000000, 0.00017304987757007617, 0.000288185005390768, 0.9982722523876084 0.0017263851924385401 1.3624199530340375e-06, 
21, 0000000000, 0000000000, 0.00017431803115511394, 0.0002903242782950038, 0.9982597254198969 0.0017386034904361995 1.6710896669115336e-06, 
22, 0000000000, 0000000000, 0.3697023576827526, 0.6156778160888944, 0.26623533666802646 0.00048018759172167223 0.01678199677459254 0.06655936599625967 0.10891655945201276 0.22148094150869158 0.31954561200869536, 
23, 0000000000, 0000000000, 0.0003640624894620377, 0.0006065487204006214, 0.9973317820499956 0.001697143577605114 0.0009710743723993073, 
24, 0000000000, 0000000000, 0.07106079372370974, 0.11836705032941126, 0.8321369835311404 0.0014635677370162972 0.009711262430855247 0.04786550873735702 0.034239507499613096 0.03873736721689037 0.035845802847127586, 
25, 0000000000, 0000000000, 0.014732897484079485, 0.024541497890974727, 0.9516413079366819 0.0017519969890602736 0.01284886594232361 0.01834741769780471 0.013207962154383487 0.0012895389172831034 0.0009129103624628838, 
26, 0000000000, 0000000000, 0.047135564677991446, 0.078522158594448, 0.9034636854094081 0.0016064852827593753 0.0045644771070695485 0.005163764262360391 0.016589476566640192 0.03312435521442674 0.03548775615733566, 
27, 0011111000, 0000000000, 0.14498482968869353, 0.24149045233046304, 0.7037594212492159 0.001215637774004709 0.007210061932306835 0.031596671880594625 0.05638480392097712 0.08602269843893727 0.11381070480396352, 
28, 0000000000, 0000000000, 0.03034479833398133, 0.0505423769805267, 0.929967347593352 0.0016626969175878028 0.005631229697474298 0.011458720131892646 0.01551559675243667 0.020695895278340235 0.015068513628916341, 
29, 0000000000, 0000000000, 0.0001693400862495813, 0.0002820201605037988, 0.9983094132503272 0.0016890525363228708 1.534213349961099e-06, 
30, 0000000000, 0000000000, 0.0008204445750682574, 0.001367195973343512, 0.9957773032212106 0.001718627835747932 0.0010282233586006789 0.0014752810506509597 5.645337897255306e-07, 
31, 0000000000, 0000000000, 0.0006972415597085077, 0.0011618561299209793, 0.9956654895303896 0.001701090769046474 0.0026302130912127485 3.206609351301477e-06, 
32, 0000000000, 0000000000, 0.003753326797793634, 0.00625415012167972, 0.9848326952078307 0.0017134727929112373 0.005571151906264339 0.00686159624733658 0.0010210838456571668, 
33, 0000000000, 0000000000, 0.0002977507891459102, 0.0004960346436271402, 0.9976857346826602 0.0016551472491400016 0.0006562935919761657 2.82447622350284e-06, 
34, 0000000000, 0000000000, 0.00017446225602921347, 0.000290554159001969, 0.9982587706445047 0.0017391337569786017 2.095598516606149e-06, 
35, 0000000000, 0000000000, 0.0001770629364775134, 0.0002945309596766402, 0.9982335615385277 0.0017656911648848163 7.472965875126066e-07, 
36, 0000000000, 0000000000, 0.0001642912148101132, 0.00027360521533500943, 0.99835836870799 0.0016416312920100565, 
37, 0000000000, 0000000000, 0.052693012808294006, 0.08778337559974037, 0.8889823818466267 0.0015859754266258767 0.0038914383587892987 0.01647327478734374 0.016053680923180692 0.034382638545118166 0.03863061011231547, 
38, 0000000000, 0000000000, 0.00016909149757997138, 0.00028156292318242787, 0.9983111175812915 0.0016883872983224561 4.951203860555376e-07, 
39, 0000000000, 0000000000, 0.001516650013209772, 0.0025260938987527355, 0.9926709469090025 0.0017497035206321268 0.0033311888392120385 0.002248160731153403, 
40, 0000000000, 0000000000, 0.00017328972878892103, 0.00028860561908130086, 0.9982706557201907 0.0017270548451309231 2.289434678441002e-06, 
41, 0000000000, 0000000000, 0.00017818086740272666, 0.0002967549884558494, 0.9982221405186028 0.001775189032059412 2.6704493378422087e-06, 
42, 0000000000, 0000000000, 0.22540025059035057, 0.3754085545290467, 0.5304154476767896 0.0008676270670377353 0.019716489688328332 0.05254839928852095 0.09892269029279335 0.12636131422533092 0.17116803176119907, 
43, 0000000000, 0000000000, 0.003384046075339157, 0.005636670899267435, 0.9871160162739953 0.0017347562490820432 0.005926238619322804 0.0016799485734047207 0.002522255233313072 0.001020785050882101, 
44, 0000000000, 0000000000, 0.06841614182634781, 0.11394879802299404, 0.8627442086985052 0.0015442618198236138 0.0025837040221215993 0.014951351867787212 0.01781046366334455 0.041310851553349036 0.05905515837506872, 
45, 0000000000, 0000000000, 0.00017708899220857612, 0.0002949248118395888, 0.9982316217339314 0.001767207661099574 1.170604968979245e-06, 
46, 0000000000, 0011111100, 0.23075497317457183, 0.3843409814005399, 0.5192748228674601 0.00092548996252548 0.011935305562083621 0.0575824573926821 0.10450830504808091 0.14417252005683 0.1616010991103378, 
47, 0000000000, 0000000000, 0.0053836208896216285, 0.008968363276561163, 0.9866826603725131 0.0017006780458035141 0.001220220947828763 0.0010364288893721216 0.002034839194193397 0.005530619028719095 0.0017945535215700807, 
48, 0000000000, 0000000000, 0.02077728712200253, 0.03460290728706932, 0.9577603982811614 0.0016305601937462307 0.0010751256345620324 0.003673417401415847 0.0058634297740836365 0.01061975133122126 0.01937731738380954, 
49, 0000000000, 0000000000, 0.03634637129163088, 0.060526418624683095, 0.9261320453545738 0.0016203277073953773 0.0018488584183955759 0.0067455584309734605 0.012130817424748737 0.020053833771481285 0.03146855889243171, 
50, 0000000000, 0000000000, 0.0001760026301381093, 0.00029311801088873537, 0.9982418376823172 0.0017576165700331865 5.457476496128808e-07, 
51, 0000000000, 0000000000, 0.00017636086259379107, 0.0002937220671837142, 0.9982389946534814 0.0017596782899349315 1.3270565836770192e-06, 
52, 0000000000, 0000000000, 0.004471806792091009, 0.0074443754858395115, 0.9845396090745308 0.0017082202004444547 0.0031006732007376916 0.00584951496159474 0.004801771385128952 2.1117756344023202e-07, 
53, 0000000000, 0000000000, 0.07066764413989277, 0.11770555447766319, 0.854085664981814 0.0014406020302617593 0.006402255871355162 0.016441370178403 0.02812878552993408 0.030858968011330534 0.06264235339690151, 
54, 0000000000, 0000000000, 0.014846872455623696, 0.02472225096167048, 0.9589610718547101 0.0016090650427533289 0.0049936605106797385 0.0152557531712039 0.006248331619941194 0.011616173091736463 0.0013159447089752128, 
55, 0000000000, 0000000000, 0.00018120668249917626, 0.0003017882286624904, 0.9981906285849546 0.0018080134581159115 1.357956929515515e-06, 
56, 0000000000, 0000000000, 0.000169291332121904, 0.0002817634161077534, 0.9983122516007154 0.0016849163019227555 2.8320973618825275e-06, 
57, 0000000000, 0000000000, 0.00017253786594607925, 0.000287322197595693, 0.998281223983792 0.0017136188468419137 5.157169366122356e-06, 
58, 0000000000, 0000000000, 0.07617876555235208, 0.12689777789264564, 0.8349360707292927 0.0014891795182650125 0.013301671542456836 0.019015413784109862 0.0377513092417533 0.0357954646713812 0.05771089051274106, 
59, 0000000000, 0000000000, 0.0012678800669927207, 0.002110106041690971, 0.9933938763199426 0.0016926359400026608 0.0037724629100212457 0.0011410248300335573, 
60, 0000000000, 0000000000, 0.0009054283707949363, 0.001507583320828075, 0.995504832526324 0.0016085904815248326 0.0012228215330097219 0.0016637554591413905, 
61, 0000000000, 0000111100, 0.006300183447643974, 0.010495212943535684, 0.9829506400582242 0.0017038479436885723 0.002952073271752766 0.0011700028245023317 0.004263904808647632 0.006959531093184493, 
62, 0000000000, 0011111100, 0.20513071012729678, 0.34162040911933556, 0.6110157575562373 0.001021916030050983 0.0019243723551696252 0.011687169772510499 0.05000977297043076 0.13629487511723629 0.1880461361983645, 
63, 0000000000, 0000000000, 0.0001797040566975148, 0.0002993016325954604, 0.9982353674807439 0.0017334552429392877 3.1177276316737486e-05, 
64, 0000000000, 0000000000, 0.03077740591538464, 0.05128154144732089, 0.9162950955925955 0.0016694167532719175 0.014648472614553626 0.03211739835861308 0.011673602279897473 0.007899803900293054 0.01569621050077529, 
65, 0000000000, 0000000000, 0.00017842757366714476, 0.00029715877736918904, 0.9982170473357849 0.0017829526642151343, 
66, 0000000000, 0000111100, 0.0023974918891721407, 0.003994848104854999, 0.9913018107344933 0.0017482073933907242 0.0034148400895942957 2.1563926601636975e-05 0.0022413800028547783 0.0012721978530653316, 
67, 0000000000, 0000000000, 0.00017351395652849953, 0.0002886457206052585, 0.9982721577466778 0.0017238101830130224 4.032070309264319e-06, 
68, 0000000000, 0000000000, 0.042345714527625034, 0.07054140487711152, 0.9009514144694973 0.0014857236471633368 0.006020785910307339 0.0199425487626615 0.026173168366510863 0.02735733902229445 0.018069019821565148, 
69, 0000000000, 0000000000, 0.000517538115864522, 0.0008589213122982318, 0.9965517716360794 0.0017429288540516943 0.0017052995098688487, 
70, 0000000000, 0000000000, 0.05868721876942207, 0.09773697426116451, 0.8759888361466273 0.0014343698025716342 0.007877352425465526 0.013160168038158643 0.023006818013908237 0.03346973869623683 0.04506271687703189, 
71, 0000000000, 0000000000, 0.00017366276446384576, 0.0002892134474992686, 0.9982649798571972 0.0017347596006100127 2.605421927997044e-07, 
72, 0000000000, 0000000000, 0.0009006729909674547, 0.0015009102165143523, 0.9946538520587157 0.0016919191487299121 0.003649144227306729 5.084565247581118e-06, 
73, 0011111100, 0011111100, 0.053986001518798135, 0.08989397192483738, 0.8989323387148824 0.0016390404128783051 0.0016265528500314977 0.0005246112703461234 0.006677389143580965 0.037412110598963495 0.053187957009317215, 
74, 0000000000, 0000000000, 0.00016722216244969014, 0.0002784924644315517, 0.9983290452134107 0.0016709547865893103, 
75, 0000000000, 0000000000, 0.029203598352442833, 0.04864348672769294, 0.9368237391766827 0.001769325774800992 0.005570730972684281 0.006447025435771658 0.0068837694210630365 0.022958476659562643 0.019546932559434627, 
76, 0000000000, 0000000000, 0.10935462260475637, 0.1821132997153387, 0.7814145706404756 0.0014263062327667642 0.008953635495932416 0.01777569937581014 0.026516740755779884 0.06952612507856056 0.09438692242067466, 
77, 0000000000, 0000000000, 0.0489471066885909, 0.08151308336357868, 0.9020206162437124 0.0015455405061220978 0.0053636114342863785 0.005869252141706489 0.00878349038144191 0.03444091690049341 0.041976572392237184, 
78, 0000000000, 0000000000, 0.00017938839410163931, 0.0002987545750090041, 0.9982081855109131 0.0017911015281198064 7.129609671093168e-07, 
79, 0000000000, 0000000000, 0.00016993609278412208, 0.0002830102799947171, 0.9983025448953096 0.0016968485294124429 6.065752779302143e-07, 
80, 0000000000, 0000000000, 0.00017540500769761704, 0.0002921313504567653, 0.9982476520765593 0.0017519077441407985 4.4017929989667163e-07, 
81, 0000000000, 0000000000, 0.00017312312888069652, 0.00028830296724023126, 0.9982701821965586 0.0017298178034413879, 
82, 0000000000, 0000000000, 0.0001685043423734337, 0.0002806125669921095, 0.9983167892623966 0.0016827460732541945 4.6466434923133675e-07, 
83, 0000000000, 0000000000, 0.0032355225781062697, 0.005388713300410551, 0.9879764340868453 0.0018034248059459216 0.0029460752482809334 0.004459558935755661 0.002814506923172133, 
84, 0000000000, 0000000000, 0.00016919971132475556, 0.0002817760507679062, 0.9983101668166784 0.00168901006203585 8.231212857933271e-07, 
85, 0000000000, 0000000000, 0.00017360924655220747, 0.0002891273393761661, 0.9982699543753532 0.0017253272130365307 4.7184116102329315e-06, 
86, 0000000000, 0011111100, 0.052523365629297734, 0.08749798468899966, 0.8957657144651993 0.0015088172389361367 0.007401878434780182 0.004546447267096468 0.009890060622253559 0.029846742095208705 0.05104033987652574, 
87, 0011111000, 0000000000, 0.007729289610349382, 0.012873625775847258, 0.9830488492504792 0.0016704493331919964 0.0014388223227874632 8.42605590954281e-05 0.0016219966729924275 0.006860838861660218 0.005274782999793256, 
88, 0000000000, 0000000000, 0.07546121938727757, 0.1256794743326862, 0.8307245940917298 0.0014645182847212283 0.019258754397310358 0.02318954284890626 0.03391994682457435 0.03980945824478884 0.05163318530796916, 
89, 0000000000, 0000000000, 0.03000015067408933, 0.04996190207500568, 0.9242261871484762 0.0016748117851234903 0.007601472341808832 0.021394710840092073 0.013931825189562565 0.024043733466854973 0.00712725922808193, 
90, 0000000000, 0000000000, 0.08027422952531622, 0.13371856847285965, 0.8264605308558217 0.0014785877452222812 0.014216242092059076 0.02036077086956166 0.030721626668287916 0.05214193098830349 0.0546203107807439, 
91, 0000000000, 0000000000, 0.0024759232874102927, 0.004124747450058843, 0.9890625689072631 0.00177273270906451 0.0045256829523839266 0.004631675638633001 7.3397926554225735e-06, 
92, 0000000000, 0000000000, 0.0005269752382472776, 0.0008780669454145903, 0.9967650004688268 0.0018457213243756115 0.0007451542722809456 0.0006441239345166796, 
93, 0000000000, 0000000000, 0.00017208631901311853, 0.00028658943880707164, 0.9982811009160724 0.0017182615350129294 6.37548914750417e-07, 
94, 0000000000, 0000000000, 0.0034515737850206387, 0.005752408532039831, 0.9877078201632312 0.0016580116331240229 0.002989096859632815 0.004995313329842288 0.0016689882294182831 0.0006682657758586746 0.00031250400889266104, 
95, 0000000000, 0000000000, 0.0001872711765878313, 0.0003108262890324639, 0.9981352110414513 0.001864620182902546 1.6877564611889064e-07, 
96, 0000000000, 0000000000, 0.00017609203925802186, 0.0002932772632025678, 0.9982413009493734 0.001757734522037818 9.645285887945264e-07, 
97, 0000000000, 0000000000, 0.0004526021144981576, 0.0007541108527027449, 0.9968284231090376 0.0018184886657081475 0.001353088225254161, 
98, 0000000000, 0000000000, 0.00017636617047797238, 0.00029371149854752287, 0.9982381035176655 0.0017615239733838755 3.725089506308237e-07, 
99, 0000000000, 0000000000, 0.03883588745477887, 0.06468854020910848, 0.9169696830659859 0.0015764222410818622 0.005391188109559785 0.010895361064668723 0.010026136821317559 0.02786543986914362 0.027275768828242505, 
100, 0000000000, 0000000000, 0.00018340150267099066, 0.00030544708956386027, 0.9981879997615224 0.0017913179395720323 2.0682298905564735e-05, 
run, initial grid state, final grid state, mean grid cell occupancy, mean binding site occupancy, fraction of time with N TFs bound, warning
1, 0000000000, 0000000000, 0.028108381525124817, 0.04680333464274849, 0.926839844808524 0.001638078510248237 0.013071870172683284 0.015434377211397827 0.020368345136375594 0.010623228143446217 0.012024256017324866, 
2, 0000111100, 0000000000, 0.0727614967119434, 0.12118018955614007, 0.8493129548486229 0.0014723852720195337 0.00247334817651164 0.010624914775269934 0.04073813950696607 0.04643479116553608 0.048943466255073856, 
3, 0000000000, 0000000000, 0.0001690295394524768, 0.0002814823541985194, 0.9983122063825675 0.0016866931096739726 1.1005077585719879e-06, 
4, 0000000000, 0000000000, 0.028254128433024453, 0.04707101216174956, 0.9386148004450678 0.001614316146520085 0.0016664897620141505 0.007301878042672928 0.017698743594361768 0.013844463261695871 0.0192593087476673, 
5, 0000000000, 0000000000, 0.0001701560695692427, 0.0002833878506052112, 0.9982998303023299 0.0017000122917088134 1.574059612268493e-07, 
6, 0000000000, 0000000000, 0.0662553843492442, 0.11035071908736752, 0.8748178498563688 0.0015008955275692467 0.0006442104153245403 0.005094327375441392 0.016614608941979237 0.0303950670281547 0.07093304085516203, 
7, 0000000000, 0000000000, 0.00021521354652913758, 0.0003584838294163376, 0.9980766983659118 0.0016966851568854318 0.00022563161199546993 9.848652072179884e-07, 
8, 0000000000, 0000000000, 0.00016828239188551068, 0.00028025434846021654, 0.9983189514822116 0.001680570944815523 4.775729728880382e-07, 
9, 0000000000, 0000000000, 0.00017802573117110977, 0.00029648339109536757, 0.9982217346499022 0.0017776303536232647 6.349964744704109e-07, 
10, 0000000000, 0000000000, 0.11059099352708464, 0.1842063676008701, 0.7669660271396929 0.0013492574898267807 0.008744268341632569 0.029022207998011335 0.041411215668546185 0.08135321540983165 0.07115380795245863, 
11, 0000000000, 0000000000, 0.06470454408265232, 0.10776605094092752, 0.8725073382003564 0.0014782258683810922 0.0010932532274969418 0.005166656809141408 0.023724421942245732 0.04364670858848742 0.05238339536389101, 
12, 0000000000, 0011111000, 0.05100701168968915, 0.08495763661971172, 0.8947551272547917 0.0015576300175270423 0.0011928586699733279 0.00826046955887522 0.02767569702526955 0.029031029258285927 0.03752718821527719, 
13, 0000000000, 0000000000, 0.029606409738197233, 0.04932154805886865, 0.9309693945568225 0.0015792117102390929 0.004312051786455767 0.010861488581618013 0.020692680553189798 0.01914025175760167 0.012444921054073287, 
14, 0000000000, 0000000000, 0.12872355397375287, 0.21437791150114474, 0.7351210812514465 0.0013002593979227993 0.0032238421644238627 0.03589927120511353 0.05693529103846941 0.062040982144864164 0.10547927279775982, 
15, 0000000000, 0011111100, 0.02520685995252841, 0.041970017081745754, 0.9479015255316174 0.0015690941935037129 0.003828314334869363 0.002534447059019293 0.008544341263233933 0.012919992309298627 0.022702285308457554, 
16, 0000000000, 0000000000, 0.00017581440809043817, 0.0002927782468218837, 0.9982438861220497 0.0017555582749692574 5.55602981022426e-07, 
17, 0000000000, 0000000000, 0.06681498404460662, 0.11129321832283035, 0.8677853801717501 0.001468563923197129 0.006110407703810575 0.005642836325767195 0.014133716216850166 0.04854801719028824 0.05631107846833671, 
18, 0000000000, 0000000000, 0.00016826276297939694, 0.0002783325580162342, 0.9983307703269977 0.0016684639979073332 7.656750950359162e-07, 
19, 0000000000, 0000000000, 0.00017358415031107637, 0.000289107212266138, 0.9982660139186638 0.0017333288890755256 6.571922606513613e-07, 
20, 0000000000, 0000000000, 0.0001696796651914444, 0.00028259320119965783, 0.998306994603658 0.0016904515854858303 2.553810856058484e-06, 
21, 0000000000, 0000000000, 0.051557726751121705, 0.08589686556122975, 0.8840208252275789 0.0015258391576866116 0.012763711862237055 0.013391070069777225 0.022570448544977674 0.036495704730480395 0.029232400407262243, 
22, 0000000000, 0000000000, 0.0009951203846724037, 0.0016561098550278604, 0.9941144069398139 0.0018395428534130228 0.004041034343565191 5.015863207919257e-06, 
23, 0000000000, 0000000000, 0.0005922680977222533, 0.0009868829237041883, 0.9961890678347608 0.001700566788253225 0.0021103653769859528, 
24, 0000000000, 0000000000, 0.00017415589922214746, 0.00029004778090130216, 0.9982606265372299 0.0017384602401323244 9.132226377441768e-07, 
25, 0000000000, 0000000000, 0.00016739802766237524, 0.0002787696403165508, 0.9983276627907003 0.0016720565767001207 2.8063259959220885e-07, 
26, 0000000000, 0000000000, 0.08811114307145855, 0.14674934229767211, 0.8140539159649167 0.0013990732302802647 0.010549152576303709 0.020044921034544704 0.039804130676627185 0.046245449510962815 0.06790335700636466, 
27, 0000000000, 0000000000, 0.0001815653018871298, 0.00030088096732482875, 0.9981947210386182 0.0018052721188146637 6.842567154339381e-09, 
28, 0000000000, 0000000000, 0.019640607465500358, 0.03270272520529913, 0.9571247692623319 0.0016734171538569347 0.0032479994043325237 0.0032697547328687845 0.004590263592760335 0.02068615842347179 0.009407637430377687, 
29, 0000000000, 0000000000, 0.00017278266714088966, 0.0002877536876358759, 0.9982738110364282 0.0017258558013285234 3.331622433662414e-07, 
30, 0000000000, 0000000000, 0.0009266747579211045, 0.0015440880712699698, 0.9955836242588743 0.0016950558671102929 0.0005944870615366101 0.002126832812478769, 
31, 0000000000, 0000000000, 0.0001719868387256509, 0.00028642265294561787, 0.9982815519755694 0.001718360131187354 8.78932431765965e-08, 
32, 0000000000, 0000000000, 0.00020119247581258597, 0.0003351047952944791, 0.9980999484988443 0.0017894742305446204 0.00011057727061112721, 
33, 0000000000, 0000000000, 0.018436847784575498, 0.030708782761954385, 0.9580824325748011 0.001714680889318789 0.004845730533280032 0.008016014607347476 0.00200453931575128 0.011239258946207987 0.014097343133293331, 
34, 0000000000, 0011111000, 0.1831143856738566, 0.3049815366855909, 0.6354756509041398 0.0010933975088694827 0.011752059266291004 0.025809240805781623 0.0546655028128692 0.11802292180902088 0.15318122689302802, 
35, 0000000000, 0000000000, 0.0001703042470168616, 0.00028322355311905217, 0.9983014241316762 0.001697810417933272 7.654503905205499e-07, 
36, 0000000000, 0000000000, 0.0838327070084057, 0.13958529363946467, 0.8336560775963114 0.0015181250644830072 0.005220063054207953 0.008771033189066137 0.02216664064632881 0.061434514186239915 0.06723354626336267, 
37, 0000000000, 0000000000, 0.004851698880528327, 0.008079956931907845, 0.985311221552354 0.0016848146335054835 0.000587187618566496 0.0047314500885397475 0.007000429079982354 0.000684897027051988, 
38, 0001111100, 0000000000, 0.03654458943658408, 0.060872341211780485, 0.9199016619998861 0.0016121668060313091 0.004136170279158715 0.01248463023846822 0.012533416086523204 0.028229742694758673 0.02110221189517389, 
39, 0000000000, 0000000000, 0.00017858886517338633, 0.0002974254124670718, 0.9982163731619023 0.0017827012013930193 9.256367047060103e-07, 
40, 0000000000, 0000000000, 0.024760036962074333, 0.04122935300670009, 0.9511041141236396 0.0016284203783891841 0.0024923970135375855 0.0022243205291366573 0.004664590860750561 0.011885363962954339 0.026000793131592044, 
41, 0001111100, 0000000000, 0.05542318500878064, 0.09231048688786787, 0.8856962809224811 0.0015815805636382953 0.011465213434272875 0.0052509474257817716 0.01410546507718189 0.03422686415091422 0.04767364842572989, 
42, 0000000000, 0000000000, 0.00017952485095803664, 0.00029898399624155665, 0.9982068040282185 0.001792487966113831 7.080056677545819e-07, 
43, 0000000000, 0000000000, 0.0035109454985200843, 0.005850940586731482, 0.9859329622626697 0.0017586195869115796 0.006048615401711634 0.004049400167041449 0.0019504202793990144 0.00025998230226672827, 
44, 0000000000, 0000000000, 0.00017508987570029758, 0.0002915857926044106, 0.9982507478458227 0.001748989552728166 2.6260144914899553e-07, 
45, 0000000000, 0000000000, 0.00374630560951187, 0.006240728237827984, 0.986243326199502 0.0017265837524769265 0.004021732040036888 0.004360146640189829 0.003647175165124507 1.0362026699384053e-06, 
46, 0000000000, 0000000000, 0.00017588726955559917, 0.00029292629322290293, 0.9982428148033156 0.0017568126340314248 3.7256265299660815e-07, 
47, 0011111000, 0000000000, 0.0048814729209760935, 0.008132695019409428, 0.9875747940850327 0.0016554046283799692 0.0009845481239485864 0.001057139327738347 0.001640317917537273 0.007087795917363059, 
48, 0000000000, 0000000000, 0.0001734042699469903, 0.00028877008606956, 0.9982675261987509 0.0017323270860808734 1.4671516824336278e-07, 
49, 0000000000, 0000000000, 0.09098565373914135, 0.1515025315591278, 0.8103727858593249 0.0015193860478155323 0.019253510114267153 0.006570642112101372 0.030219946829978167 0.06398530479687702 0.06807842423963585, 
50, 0000000000, 0000000000, 0.21768747279466855, 0.3625305070110285, 0.5594719340187775 0.00097961356255879 0.016101900900458436 0.04940965522740579 0.054327363448242905 0.14179598982783334 0.17791354301472326, 
51, 0000000000, 0000000000, 0.0003792746739658092, 0.0006314132729753059, 0.9972291034780525 0.0017549508547209632 0.0010143082185487518 1.6374486777895972e-06, 
52, 0000000000, 0000000000, 0.00016761331153303344, 0.00027911927475718525, 0.9983257255107774 0.0016738333299022208 4.4115932044528774e-07, 
53, 0000000000, 0011111100, 0.058220512926783756, 0.09696355453459567, 0.8796600856337222 0.0015073827212742988 0.003848434661843152 0.012270077833304971 0.025671172084419044 0.02917492906759523 0.047867917997841035, 
54, 0000000000, 0000000000, 0.05869086622553525, 0.09774441643901395, 0.8741292488374091 0.001366156172332998 0.005100801127626838 0.013021199707500479 0.02879536156129479 0.044869700724198755 0.03271753186963711, 
55, 0000000000, 0000000000, 0.00017137204451201214, 0.000285408365506627, 0.9982883250075199 0.0017108997919204846 7.752005596387953e-07, 
56, 0000000000, 0000000000, 0.00016592143859778534, 0.0002763035390923245, 0.9983422886696975 0.0016576014260508412 1.0990425155276343e-07, 
57, 0000000000, 0000000000, 0.03674143509899895, 0.061203256802759176, 0.9210500798146987 0.0015839415209391162 0.0025176105615225784 0.01230765317982208 0.015923235565486294 0.01972039977402806 0.026897079583503174, 
58, 0000000000, 0000000000, 0.00017786495844367175, 0.0002950249323225774, 0.9982307863338968 0.0017682777382707572 9.359278323536826e-07, 
59, 0000111100, 0000000000, 0.054908057123258344, 0.0914467145184961, 0.8940484718795955 0.0015806324725609591 0.001537992593045348 0.003265487082024288 0.00560414161363401 0.05196900440312331 0.04199426995601657, 
60, 0000000000, 0000000000, 0.0012604565372946555, 0.0020976055375833283, 0.9928686226430579 0.0016851595009120587 0.005438179843502456 8.03801252766734e-06, 
61, 0000000000, 0000000000, 0.00017240812824709394, 0.0002871242979843546, 0.9982907393500687 0.0016957755119564903 1.3485137974818545e-05, 
62, 0000000000, 0000000000, 0.004519153347638229, 0.007531692545822699, 0.9836567858628016 0.0017051495567911661 0.0028731888490007604 0.009320874905482699 0.0024440008259238514, 
63, 0000000000, 0000000000, 0.07036890617426834, 0.1172003728498628, 0.8493892551381067 0.0015535103065461384 0.002475036492870989 0.01944409996879044 0.028597196183636868 0.06726784229432264 0.03127305961572613, 
64, 0000000000, 0000000000, 0.0005773070264858949, 0.0009619499649811766, 0.9962346832379094 0.0017606262237630183 0.0020029980488583585 1.6924894691081273e-06, 
65, 0000000000, 0000000000, 0.0002545608011906934, 0.0004238178350199591, 0.9978843066383379 0.0016887741772597165 0.00042662472034732493 2.944640551294599e-07, 
66, 0000000000, 0000000000, 0.0002179616795763743, 0.00035709455822544647, 0.9980400065041531 0.0017774196423410923 0.00018257385350579306, 
67, 0000000000, 0000000000, 0.00022219760052822943, 0.00037012353195084777, 0.9980641299905065 0.0016509988272817263 0.00028487118221168006, 
68, 0000000000, 0000000000, 0.0012465883992462158, 0.002077004747665463, 0.9929154088222466 0.0017103560761204525 0.005371032895026547 3.2022066064107983e-06, 
69, 0011110000, 0000000000, 0.002813548119349483, 0.0046874893350719975, 0.9882796735265774 0.0016308246982985502 0.004814392757418182 0.004235110273526338 0.0010399987441795137, 
70, 0000000000, 0000000000, 0.00017771713428763777, 0.000295970961605143, 0.9982249842746667 0.0017742056810359334 8.100442974624179e-07, 
71, 0000000000, 0000000000, 0.00017440881772685113, 0.0002904568554157996, 0.9982597844177652 0.0017376900319748733 2.5255502599619682e-06, 
72, 0000000000, 0000000000, 0.0001810159523821087, 0.0003014669551416197, 0.9981924817928428 0.0018062346834647974 1.283523692460287e-06, 
73, 0011111100, 0000000000, 0.06300813078434468, 0.104956827886302, 0.856388853420193 0.0015107066354761803 0.012495367140860655 0.02906973938285367 0.02855809576788333 0.03006550073587906 0.04191173691685415, 
74, 0000000000, 0000000000, 0.00028876383920415055, 0.00048104365226944387, 0.9976920807201408 0.0017295766461017472 0.0005783426337574581, 
75, 0000000000, 0000000000, 0.0011142326887795555, 0.0018487165856867086, 0.9936231163050961 0.0016679560392947475 0.004702439492002072 6.488163607120513e-06, 
76, 0000000000, 0000000000, 0.036326811273004474, 0.06050361839465427, 0.9204982057905426 0.0016427167466364716 0.001288023084007019 0.012119835797981732 0.0181410025982664 0.027981866229130112 0.01832834975343562, 
77, 0000000000, 0000000000, 0.00016906735159022797, 0.0002815585967628341, 0.9983108063944621 0.0016890356304987216 1.579750391415187e-07, 
78, 0000000000, 0000000000, 0.006524958417454188, 0.01087186800964276, 0.9794703616698051 0.0015824088722266045 0.003838423903450937 0.008073038747776803 0.003425998898305552 0.0036097679084350943, 
79, 0000000000, 0000000000, 0.02456400046331776, 0.04092108874289504, 0.9415877540296738 0.0016394748478092832 0.009404500822206677 0.010777532782400732 0.007845425082590125 0.0111081173243316 0.01763719511098782, 
80, 0000000000, 0000000000, 0.050494691736894644, 0.08411408016960932, 0.9000355305040052 0.0015354478089699046 0.003427187677967218 0.004114027287911517 0.012382117557680207 0.03661002922249981 0.041895659940966196, 
81, 0000000000, 0000000000, 0.00016798062272106948, 0.0002788448644080725, 0.9983269308135515 0.0016730691864484352, 
82, 0000000000, 0000000000, 0.00018096940628234534, 0.0003013972510930679, 0.998253545704972 0.001684525083497434 6.192921153048674e-05, 
83, 0000000000, 0000000000, 0.031463350617118344, 0.052394098400772644, 0.9188188671961484 0.0015855543133134944 0.01375999284422985 0.0211705789235377 0.019795911387396 0.006650903929582181 0.018218191405792433, 
84, 0000000000, 0000000000, 0.000171257287389816, 0.0002852080114036235, 0.9982887519315782 0.0017112480684217412, 
85, 0000000000, 0000000000, 0.0006438359743251575, 0.0010728408382519867, 0.995930761915797 0.0017017241434528865 0.0023672209361913655 2.9300455876759116e-07, 
86, 0000000000, 0000000000, 0.00017799349502922788, 0.00029642828110487376, 0.9982218200621146 0.0017777901891414703 3.8974874388603934e-07, 
87, 0000000000, 0000000000, 0.0003960758923920147, 0.00065991069339129, 0.9971492035086724 0.0017421288223073209 0.00110866766902021, 
88, 0000000000, 0000000000, 0.0001573109019175818, 0.00026196294549948293, 0.9984284062597031 0.0015714098075968108 1.8393270004363284e-07, 
89, 0000000000, 0000000000, 0.0013617075302931052, 0.0022692920108448285, 0.9923142059533347 0.0017606400932251062 0.005920349888476785 4.804064963431585e-06, 
90, 0000000000, 0000000000, 0.03835881467674942, 0.06388259841724164, 0.9180321586043398 0.001695387402602146 0.0033232389762866137 0.009992264949547079 0.0193288127646866 0.018107144574339176 0.029520992728198494, 
91, 0000000000, 0000000000, 0.01849986973508321, 0.030801516243500717, 0.9589608678723835 0.001655175878205832 0.005690029652828354 0.003172099871181874 0.0053437593815787625 0.010185878925648756 0.01499218841817288, 
92, 0000000000, 0000000000, 0.00017502148614672049, 0.00029147816709487875, 0.9982511309974307 0.0017488690025692724, 
93, 0000000000, 0011111000, 0.008325176316350484, 0.013863717649127838, 0.9814097997734784 0.0017719565690848306 0.00011880569923876917 7.096343682096118e-05 0.005794810306319168 0.00722137889888173 0.0036122853161760734, 
94, 0000000000, 0000000000, 0.008957274054729568, 0.014918084870773857, 0.978029413391328 0.001708638198347828 0.0018400378520073775 0.003049384406919082 0.004450672219578651 0.008362170367706133 0.0025596835641130094, 
95, 0000000000, 0000000000, 0.00017787399240569288, 0.0002962104166295775, 0.9982227375002225 0.0017772624997774652, 
96, 0000000000, 0000000000, 0.0003758896751162218, 0.0006262748142620859, 0.9972730694525633 0.0016962122093007598 0.0010307183381358782, 
97, 0000000000, 0000000000, 0.012726873642210569, 0.021204429486727072, 0.9732261415345899 0.0016564803199779052 0.0026346171464388707 0.0008275558446012224 0.001748015184089456 0.008617005784471204 0.011290184185831546, 
98, 0000000000, 0000000000, 0.00018050175898673255, 0.0003006312831508312, 0.998196212301095 0.001803787698904988, 
99, 0000000000, 0000000000, 0.010897372023228791, 0.018146957073739367, 0.96621484712851 0.0016583488447774017 0.007521520906758591 0.012086940246271405 0.008399046127243893 0.0023924339422802697 0.001726862804158415, 
100, 0000000000, 0000000000, 0.20107549995504792, 0.334966742184853, 0.5657732087628398 0.0009777154524625966 0.01643165896689257 0.06100001316964295 0.09462898434425865 0.15268707298651377 0.10850134631738968, 
run, initial grid state, final grid state, mean grid cell occupancy, mean binding site occupancy, fraction of time with N TFs bound, warning
1, 0001111000, 0000000000, 0.05351646202348552, 0.08914420020626619, 0.8827661824740953 0.0014743332400780063 0.003241967863984441 0.012834287485742326 0.03261649889570749 0.04446230601286045 0.022604424027531857, 
2, 0000000000, 0000000000, 0.00035346172795329406, 0.0005867701364849951, 0.9975348326643584 0.0017458994589766399 0.00038308227006174264 0.0003361856066032818, 
3, 0000000000, 0000000000, 0.00018041518599463897, 0.000300457905695733, 0.998198476237022 0.0018003000917816243 1.2236711963869276e-06, 
4, 0000000000, 0000000000, 0.0001661923974549439, 0.0002767853236868925, 0.9983404918865372 0.0016583042848042052 1.2038286585751032e-06, 
5, 0000000000, 0000000000, 0.030806934452362558, 0.05130858358975655, 0.9327094648140831 0.0016459380685689094 0.004831217858269015 0.0074659308500997215 0.014529675672012793 0.01688000390671656 0.021937768830249876, 
6, 0000000000, 0000000000, 0.00018446033290677133, 0.0003035517080354004, 0.9981790170797453 0.0018206555922969606 3.2732795772098355e-07, 
7, 0001111000, 0000000000, 0.04350325099828804, 0.0724371206774896, 0.9047166608904456 0.0015444208685630417 0.0013614695934854517 0.010231877771695305 0.022327438035633553 0.04855881848927877 0.011259314350898286, 
8, 0000000000, 0000000000, 0.0028574264835851417, 0.004759276548202543, 0.9907055520361118 0.0016953931895016092 0.0017349154562214442 0.0016424029525484356 0.0026454554984578628 0.0015762808671587988, 
9, 0000000000, 0011111100, 0.06576621667066364, 0.10949556096702207, 0.873807734557666 0.0016178972946661499 0.0002857498495876505 0.0067203761187592 0.011890411077462262 0.04700579046898864 0.05867204063287019, 
10, 0000000000, 0000000000, 0.002065298569192513, 0.0034419520674733735, 0.9887969382767596 0.0017570772811682886 0.009443318202544094 2.6662395279215912e-06, 
11, 0000000000, 0000000000, 0.025085232447589128, 0.041778197048557675, 0.9486756567121398 0.0016679198450844559 0.005466127592146536 0.0026227393272739387 0.005623316864578689 0.007957916130828033 0.027986323527948626, 
12, 0000000000, 0000000000, 0.036085023222989385, 0.06009255205110808, 0.921198216210923 0.001580236775630556 0.007463663411186521 0.0048829892367562786 0.019290296719533827 0.02126999175557829 0.02431460589039155, 
13, 0000000000, 0000000000, 0.08679777686031463, 0.14455352468338334, 0.813839201700431 0.0014914154333304456 0.01266068175995154 0.01881858387670148 0.0391292034149106 0.05682967903073027 0.057231234783944734, 
14, 0000000000, 0000000000, 0.00016670609255803044, 0.00027762840327495063, 0.9983360375607762 0.001662154458797853 1.8079804259254817e-06, 
15, 0000000000, 0000000000, 0.00017200061592030936, 0.0002864486327891728, 0.9982813364637694 0.0017186352757263413 2.8260504347937446e-08, 
16, 0000000000, 0011111100, 0.02702838298672511, 0.04501543729604151, 0.9403733130306339 0.001683486544776207 0.00690936320511131 0.009136778653169189 0.004345612539483592 0.015511051457147143 0.022040394569678757, 
17, 0000000000, 0000000000, 0.00017888025797013342, 0.0002979173431757667, 0.9982129831678074 0.001786529605330602 4.872268619991483e-07, 
18, 0000000000, 0000000000, 0.11032494671993316, 0.18376369125617212, 0.7689474823758452 0.0012521150229052938 0.013381816779086078 0.01334654282392581 0.05481141243918154 0.07428266262688457 0.07397796793217147, 
19, 0000000000, 0011111100, 0.04517502527007223, 0.07523820752984493, 0.9120940916237665 0.0015808654468002638 0.0001194926457978714 0.0007370810367492266 0.016765061377931774 0.03188254139502718 0.036820866473927155, 
20, 0000000000, 0000000000, 0.06465882733881093, 0.10768270281357453, 0.8578040420920394 0.0014908291099014557 0.007510197463803102 0.02686830565344799 0.023081372048153987 0.0428169341049452 0.04042831952770891, 
21, 0001111000, 0000000000, 0.05314034049820267, 0.08851692339748742, 0.8836041434736495 0.0015251237261021278 0.010353793212454138 0.011849792595262386 0.030365538296538142 0.02195235291398772 0.04034925578200598, 
22, 0000000000, 0000000000, 0.0008788375240185613, 0.0014629047297821357, 0.9947675978379343 0.0016894173651895703 0.0035409433771250074 2.0414197510764712e-06, 
23, 0000000000, 0000000000, 0.0003797023622644428, 0.0006309603999577718, 0.9973021939271615 0.0016107537542184738 0.001086148310331844 9.040082881564184e-07, 
24, 0000000000, 0000000000, 0.0006385574461258614, 0.001061519777104639, 0.9959175418864729 0.0018012913455041084 0.002275672986945538 5.493781077549571e-06, 
25, 0000000000, 0000000000, 0.03149479952845879, 0.052440782895169104, 0.9282103519156302 0.0015499790461457582 0.009998380048066887 0.008031573837576933 0.012189467040847595 0.01987612011778218 0.0201441279939505, 
26, 0000000000, 0000000000, 0.09847512052256781, 0.16401697210286012, 0.7951735102927684 0.0014208047705785332 0.01017890551819892 0.022405028616151408 0.036982297932065096 0.055857777987956596 0.0779816748822811, 
27, 0000000000, 0000000000, 0.000174812643314861, 0.0002902262218047443, 0.9982774781715317 0.0017036863261082776 1.8835502360094158e-05, 
28, 0000000000, 0000000000, 0.11845804006048682, 0.1972826516231362, 0.7647617638748379 0.0013460951478584855 0.0027717738152756004 0.01522398753791772 0.05086911241175776 0.06250574857449219 0.10252151863786041, 
29, 0000000000, 0000000000, 0.00016695532470483143, 0.0002780497256268453, 0.9983324446744314 0.001666812297376032 7.430281925201416e-07, 
30, 0000000000, 0011111000, 0.07776662433711176, 0.12954747696678587, 0.8362188184326548 0.0014828789120492625 0.009840805732352164 0.012915929481703439 0.03603474866923871 0.04780732433011344 0.055699494441888216, 
31, 0000000000, 0000000000, 0.00020025155658993905, 0.0003335343142872274, 0.9981150002889173 0.001768793536442004 0.00011620617464068034, 
32, 0000000000, 0000000000, 0.1268867895361416, 0.21133221860954518, 0.7405607269534964 0.0012524562977401402 0.0053984635819401905 0.02732012340816469 0.043830279592680474 0.09116526139543424 0.09047268877054389, 
33, 0000000000, 0000000000, 0.00018098790827785917, 0.00030030198233308824, 0.9981997192931992 0.0017987495196031135 1.5311871977079481e-06, 
34, 0000000000, 0000000000, 0.0017653528083527677, 0.0029420357057512573, 0.9915625248310205 0.0017299437443324623 0.004201473357205504 0.0025049084940021375 1.1495734394164311e-06, 
35, 0000000000, 0000000000, 0.005654669583546203, 0.009422825480326597, 0.9810059020468402 0.0016410053480153649 0.002960412685727278 0.01026958298671393 0.00244911146116813 0.0016739854715350695, 
36, 0000000000, 0011111100, 0.09184205728591624, 0.15297294823520152, 0.8145865342205048 0.0014027240453553193 0.0028224492026813395 0.011953878202868288 0.04373342141291198 0.05301121079383113 0.07248978212184713, 
37, 0000000000, 0000000000, 0.0001700703588114489, 0.00028322882115279117, 0.9983014672083605 0.001697692656361955 8.401352773961565e-07, 
38, 0000000000, 0000000000, 0.00017948307940442862, 0.0002978879737005997, 0.9982134416263729 0.0017857889050506336 7.69468576482364e-07, 
39, 0000000000, 0000000000, 0.00017735694964225883, 0.0002953755428021471, 0.998228696670998 0.0017703534011909998 9.499278109414236e-07, 
40, 0000000000, 0000000000, 0.010505938716338207, 0.017507400917510137, 0.9718365069209213 0.0017487868416935465 0.0030324730389617452 0.005720939969107763 0.010373447225895694 0.005153012245982346 0.002134833757437666, 
41, 0000000000, 0000000000, 0.0001745096297212387, 0.0002906192725755309, 0.9982569053172219 0.0017424737301029542 6.209526751154945e-07, 
42, 0000000000, 0000000000, 0.000236570148814623, 0.0003940603432279572, 0.9979636175154072 0.0017084029098178278 0.0003279795747749578, 
43, 0000000000, 0000000000, 0.0001793594226535873, 0.00029871190272421364, 0.9982081266679226 0.001791475247809618 3.9808426783198397e-07, 
44, 0000000000, 0000000000, 0.0006300599802402872, 0.001049876100011229, 0.9959918758065678 0.0017181714792196953 0.0022887730217898456 1.1796924226624623e-06, 
45, 0000000000, 0000000000, 0.001927613608940436, 0.0032108338696510198, 0.9921297339194184 0.0017087576030969242 0.003951719890510865 0.0005790853329336075 0.0002379664352143378 0.001392736818825858, 
46, 0000000000, 0000000000, 0.025199964536329784, 0.04196682973464598, 0.9355761279664622 0.001563397442216655 0.006375878983085268 0.02817024663753373 0.006641780109159832 0.003627450519005003 0.018045118342537195, 
47, 0000000000, 0000000000, 0.0435021321672953, 0.07244772071945325, 0.8986089807154003 0.001538071610518386 0.005168748034468115 0.02274251265629754 0.02655189577218765 0.023963111687146307 0.021426679523981692, 
48, 0000000000, 0000000000, 0.018649107785035143, 0.0310714923217883, 0.9583853369552155 0.0016528642315197287 0.0031500571305605055 0.008033319771613846 0.004388180788013168 0.009518153767267749 0.014872087355809352, 
49, 0000000000, 0000000000, 0.00041970878188901244, 0.0006992900736721824, 0.9970379806337967 0.001731579726273613 0.0012271582040296282 3.281435900075095e-06, 
50, 0000000000, 0000000000, 0.00016651466854592528, 0.00027730700755151694, 0.9983388871273655 0.0016583836999597558 2.7291726746729438e-06, 
51, 0000000000, 0000000000, 0.0001696658870795925, 0.0002819370401281303, 0.9983083777592313 0.001691622240768782, 
52, 0000000000, 0000000000, 0.00016490057480914684, 0.0002746199178461332, 0.9983525499371312 0.0016471806186609632 2.6944420791807627e-07, 
53, 0000000000, 0000000000, 0.03282564697327216, 0.05466979456984273, 0.9246938855747604 0.0016221562113277923 0.00940744317058512 0.010614715663755905 0.012461086797761915 0.021311044806610117 0.01988966777519873, 
54, 0000000000, 0000000000, 0.00016218436185017458, 0.000270085047828739, 0.9983811297495262 0.0016172302139750797 1.6400364986771626e-06, 
55, 0000000000, 0000000000, 0.009173699579596128, 0.015277390530805825, 0.9798148210386729 0.001641817817766919 0.0009154763625593695 0.0018453560627998624 0.0015572609584907121 0.008925145938674722 0.005300121821035544, 
56, 0000000000, 0000000000, 0.0006021144433620777, 0.0010032681042537904, 0.9961369741289818 0.0017064431165135798 0.002156582754504581, 
57, 0000000000, 0000000000, 0.012461772207920127, 0.02075707928731201, 0.9713616675550948 0.0016388243593143173 0.0005801644069606917 0.0024954501180548894 0.010763184106238909 0.007760020954502309 0.005400688499834083, 
58, 0000000000, 0000000000, 0.005652787221340407, 0.00941327952325271, 0.9827504789310034 0.0016245222634797393 0.002239179269024985 0.006877311838666824 0.003650463160132283 0.002005259044699896 0.0008527854929929119, 
59, 0000000000, 0000000000, 0.0012701374548493764, 0.0021140412969954613, 0.9928311378689808 0.0016611066275883256 0.005500125355908189 7.630147522687911e-06, 
60, 0000000000, 0000000000, 0.030417979569426684, 0.05067428550970269, 0.9354847572501331 0.0016000426154895919 0.0010565271140330497 0.004686764759752466 0.014765892493452627 0.027227342641242287 0.015178673125896849, 
61, 0000000000, 0000000000, 0.00016920662346760752, 0.00028178708675940893, 0.998309487931236 0.0016903016169714398 2.1045179250694453e-07, 
62, 0000000000, 0000000000, 0.00025415375915200885, 0.0004212954582694713, 0.9978972924187604 0.0016776424128624777 0.0004250651683771752, 
63, 0000000000, 0000000000, 0.0016711727922563747, 0.0027783452989914178, 0.9927154282467279 0.001726670032617006 0.0017366939191017262 0.003814817283085357 6.390518467993963e-06, 
64, 0000000000, 0000000000, 0.00017677507622735302, 0.0002943969221404933, 0.9982344869813543 0.0017646445044484764 8.685141972416922e-07, 
65, 0000000000, 0000000000, 0.00016848019828564071, 0.0002805949360651039, 0.9983167476475826 0.0016829350884441684 3.17263973227569e-07, 
66, 0000000000, 0001111100, 0.127868052995686, 0.2129692241787714, 0.7308467629978678 0.0012788363318829868 0.010188327836202722 0.030591864169761108 0.06075563025010812 0.07666973092643953 0.08966884748773778, 
67, 0000000000, 0000000000, 0.00017779639125623913, 0.0002960991121405566, 0.9982242639225375 0.0017748774820817734 8.58595380783081e-07, 
68, 0000000000, 0000000000, 0.000573707955718172, 0.0009559550238693607, 0.9962880839247882 0.0016886512039387418 0.002022715674541667 5.49196731363024e-07, 
69, 0000000000, 0000000000, 0.0003647816287579116, 0.0006075872027275062, 0.9973243768430795 0.0017070226664219316 0.000967300921552692 1.299568945907411e-06, 
70, 0000000000, 0000000000, 0.0001731826752221273, 0.0002884393261017344, 0.9982696151007086 0.0017301338419724865 2.5105731895991733e-07, 
71, 0000000000, 0011111000, 0.01826882619944425, 0.030419320750624798, 0.9570952998122473 0.001733234629817258 0.005548701758222353 0.00811970009112585 0.006119735824781939 0.0074527245178504205 0.013930603365954896, 
72, 0000000000, 0000000000, 0.0002771273522373664, 0.00046112332183830516, 0.9977482275867174 0.0017368048955350949 0.0005149675177473681, 
73, 0000000000, 0000000000, 0.13680634406343245, 0.22786441805684102, 0.7166570898349135 0.001209417182592968 0.012888734991049198 0.027775339504277137 0.055995748012885135 0.07995141223370983 0.10552225824057226, 
74, 0000000000, 0000000000, 0.00017762526686473858, 0.0002958165443611792, 0.9982267595668644 0.0017715816001040788 1.6588330314982504e-06, 
75, 0000000000, 0000000000, 0.00016770860947726635, 0.00027930283323470366, 0.998324582556229 0.0016750178881339117 3.995556371552603e-07, 
76, 0000000000, 0000000000, 0.09864586278070085, 0.1642879350051751, 0.8010826369562143 0.0014250857221447058 0.004303096083491303 0.027367212475886228 0.019204833052933554 0.06292745175344903 0.0836896839558809, 
77, 0000000000, 0000000000, 0.019774586357726397, 0.03292841585931689, 0.9566331137657641 0.001696259084382308 0.002144371274906042 0.004283723155474662 0.008853726998062247 0.015013418265430132 0.01137538745598055, 
78, 0000000000, 0000000000, 0.0002553756645681948, 0.0004244688827227924, 0.9978021330404027 0.0018497404780298426 0.00034730662639552635 8.198551719529287e-07, 
79, 0000000000, 0000000000, 0.0001711491148429804, 0.00028499271967151165, 0.9982900436819709 0.0017099563180290702, 
80, 0000000000, 0000000000, 0.04267324875120352, 0.07109830607021897, 0.9055650225066273 0.0015136639063171762 0.00803935577812937 0.017895564054808303 0.014819825250822786 0.016967943228748738 0.03519862527454638, 
81, 0000000000, 0000000000, 0.008182859243643039, 0.013635139892370052, 0.9697292572900353 0.0016699268255304068 0.012104032039825387 0.010054672441349053 0.006441725891307169 3.855119526599134e-07, 
82, 0000000000, 0000000000, 0.0001725402078178764, 0.00028710127656694003, 0.9982778635236359 0.001721665293326579 4.7118303753080815e-07, 
83, 0000000000, 0000000000, 0.00017659021168618476, 0.000294103512759332, 0.9982371910229055 0.0017609968776329328 1.8120994615297586e-06, 
84, 0000000000, 0000000000, 0.19498714106160156, 0.32473832738838065, 0.6200426700617435 0.0010745541830213697 0.00541395725391514 0.016919816531099093 0.06409039905483264 0.12534516766552434 0.16711343524986386, 
85, 0000000000, 0000000000, 0.00017112350273251615, 0.0002849863009747162, 0.9982910001523128 0.0017080818895259982 9.179581611497061e-07, 
86, 0000000000, 0000000000, 0.10711043237261295, 0.17838064595444214, 0.7729577959145701 0.0013646880242206274 0.012704566118101206 0.03219650934540958 0.03467543550759758 0.06838724514099438 0.07771375994910648, 
87, 0011111100, 0000000000, 0.29091644551021634, 0.48457252751263763, 0.40575610978254245 0.0007356201676320461 0.017168338135584115 0.049547777732311275 0.11743709962421796 0.20215919040305283 0.20719586415465932, 
88, 0000000000, 0000000000, 0.00018229501865290606, 0.00030360843610203857, 0.9981786595688186 0.0018210302457508261 3.1018543070270895e-07, 
89, 0000000000, 0000000000, 0.00017452483430984225, 0.000290660973111429, 0.9982563381494365 0.0017433578624585703 3.0398810500190367e-07, 
90, 0000000000, 0000000000, 0.00017978993948384548, 0.00029943105331663216, 0.9982041740614395 0.001795065557221181 7.60381339305923e-07, 
91, 0000000000, 0000000000, 0.05098848930744747, 0.08493351150943569, 0.8855963121960094 0.0015742646959941663 0.009818288256548614 0.013810429767314506 0.028135318804741443 0.03197465434973736 0.02909073192965445, 
92, 0000000000, 0000000000, 0.0029326718652940738, 0.004884918381713952, 0.9851088184262572 0.0017527111340520079 0.01185861216284045 0.0012798582768502689, 
93, 0000000000, 0000000000, 0.04242120343587616, 0.07065545985901849, 0.9131490557119484 0.0016255539591429429 0.004737694686247101 0.007079801890393837 0.014649803754485482 0.019555344853342906 0.039202745144439305, 
94, 0000000000, 0000000000, 0.0001772723592447623, 0.0002952259482211626, 0.9982287057150085 0.0017712328806559782 6.140433549880981e-08, 
95, 0000000000, 0011111100, 0.013017664924640982, 0.021676302045693926, 0.963117241664774 0.0016925778988066322 0.008584491816227491 0.008630072967090492 0.0083321465137174 0.0058833690495429716 0.003760100089841002, 
96, 0000000000, 0000000000, 0.00026856846982273617, 0.0004467216801108549, 0.9978121953598308 0.001695279199673398 0.0004925254404958656, 
97, 0000000000, 0001111000, 0.02085939232708395, 0.03474034090606278, 0.9545962229429852 0.001641764957680108 0.0037619487308938725 0.003558201161013444 0.006958843022865681 0.01613170766496499 0.013351311519596802, 
98, 0000000000, 0000000000, 0.03205665719082268, 0.05338781037409302, 0.9256828202572049 0.0014864962633662096 0.012043053973680336 0.013193454429678234 0.0078918388730736 0.014607477965478328 0.02509485823751841, 
99, 0000000000, 0000000000, 0.00416197194992106, 0.006935079056339281, 0.9872247402452086 0.0017777412956889967 0.0015277396095499253 0.0034433954316807924 0.0036848495611545014 0.002341533856717291, 
100, 0000000000, 0000000000, 0.00017935356242793988, 0.0002985511948620021, 0.9982090649024433 0.0017905630259413244 3.720716153440021e-07, 
run, initial grid state, final grid state, mean grid cell occupancy, mean binding site occupancy, fraction of time with N TFs bound, warning
1, 0000000000, 0000000000, 0.0001681059384803599, 0.0002799668168991378, 0.9983206599252163 0.001678879248172329 4.6082661124921977e-07, 
2, 0000000000, 0000000000, 0.14909606974994624, 0.24830092404153656, 0.709600519612733 0.001265325670007145 0.0024789462165644336 0.012972548227612119 0.04630064871298159 0.10482998274929001 0.12255202881081177, 
3, 0000000000, 0000000000, 0.0006882782424636444, 0.0011469133161249895, 0.9956855690355512 0.0017538004657568806 0.0025542120650826746 6.4184336092358534e-06, 
4, 0000000000, 0000000000, 0.11731238070520611, 0.19535866252619016, 0.7661570820635273 0.0013097492396001045 0.0043348849301930266 0.021035845599049894 0.03879831409174226 0.06631308156228866 0.10205104251359881, 
5, 0000000000, 0000000000, 0.07126519613898627, 0.11870387954464763, 0.8588919156670568 0.0014442445836864725 0.0047794836836893215 0.0056293933697447104 0.024176316167986718 0.042845258631376004 0.06223338789645995, 
6, 0000000000, 0000000000, 0.0002622519584337072, 0.00043585834997013465, 0.9978301153969443 0.0017246191062906255 0.0004452654967650913, 
7, 0000000000, 0000000000, 0.029460354050352116, 0.04907086453804244, 0.9357022195670965 0.0016856241147058318 0.006467590539979594 0.005488000657329672 0.012399087447533435 0.015800835768662463 0.02245664190469242, 
8, 0000000000, 0000000000, 0.00017417136938804975, 0.00028778137999594284, 0.9982739257883696 0.0017254601432849725 6.140683453423635e-07, 
9, 0000000000, 0000000000, 0.00017530458195463088, 0.0002919265578856969, 0.9982492001995721 0.0017500402535414977 7.595468863419123e-07, 
10, 0000000000, 0000000000, 0.00016451548105872644, 0.0002739439298623274, 0.998356336420826 0.0016436635791739645, 
11, 0000000000, 0000000000, 0.0009937359584978316, 0.0016549394562401568, 0.9945859310382006 0.0017232710511041276 0.0028660280457490964 0.0008247698649462063, 
12, 0000000000, 0000000000, 0.00018184922528544163, 0.0003028560479877439, 0.9981832031703239 0.0018164573714256848 3.394582503892126e-07, 
13, 0000000000, 0000000000, 0.1155414510605588, 0.19246303874975776, 0.7684260486240705 0.0013066286363818695 0.0048059585500164256 0.0112106429436997 0.04277658277105808 0.08972340400184006 0.08175073447293338, 
14, 0000000000, 0000000000, 0.0009547815860905234, 0.0015910830960309038, 0.9943589807782699 0.0017364917398823205 0.0039035756092404747 9.518726073844092e-07, 
15, 0000000000, 0000000000, 0.00017308249905448255, 0.0002882490846610924, 0.9982707814196815 0.0017289426526703741 2.7592764809018085e-07, 
16, 0000000000, 0011111000, 0.11558531038301424, 0.1925144261129913, 0.7604233965625178 0.001322693535295512 0.0112627940109111 0.027622523443554238 0.04101490234371673 0.0658110452087274 0.09254264489527723, 
17, 0000000000, 0000000000, 0.00017281174323632387, 0.0002878037094710492, 0.998273421721029 0.0017263343011157482 2.439778552736555e-07, 
18, 0010000000, 0000000000, 0.10130229637121634, 0.1687136042174556, 0.7925102060155511 0.001345690412981861 0.012101456519356369 0.01719950307823723 0.0342373429206155 0.057449665383682555 0.0851561356695754, 
19, 0000000000, 0000000000, 0.0003920002387632001, 0.0006531008510800188, 0.9971943073143246 0.0016946966705781992 0.0011090796093896455 1.916405707540966e-06, 
20, 0000000000, 0000000000, 0.0001781302283855022, 0.00029665424662743097, 0.9982209242824691 0.001778225955297254 8.497622336660112e-07, 
21, 0000000000, 0000000000, 0.000742359611497715, 0.0012320871133836603, 0.9954946771060952 0.0016195000963109593 0.0028844458087905244 1.3769888033185685e-06, 
22, 0000000000, 0000000000, 0.0021256535418944945, 0.0035381418339707656, 0.9912569797556313 0.0016965082637060201 0.0034152458013205654 0.0018245155627837632 0.0018054486336658113 1.3019828925813945e-06, 
23, 0000000000, 0000000000, 0.00017678855147203258, 0.00029444681347140354, 0.9982343279698235 0.0017646631795246752 1.0088506518730093e-06, 
24, 0000000000, 0000000000, 0.00017919645939776577, 0.0002957692113705004, 0.9982259980842088 0.001773388563359409 6.133524317968459e-07, 
25, 0000000000, 0000000000, 0.0001687247546741428, 0.0002809930613575415, 0.9983140545742049 0.0016859324834449733 1.2942350137801396e-08, 
26, 0000000000, 0001111100, 0.06162495469378653, 0.1026511014363163, 0.8789965422012456 0.00159816595955824 0.001534410352053869 0.005020964158725057 0.02091209054987873 0.03909859339269024 0.05283923338584842, 
27, 0000000000, 0000000000, 0.13633669881257712, 0.22710955569279848, 0.7134841566791704 0.0011769114386175044 0.006295509265908073 0.029826036743072708 0.0739123602193133 0.08806830084362174 0.08723672481029623, 
28, 0000000000, 0000000000, 0.001242854106370587, 0.002068662229138058, 0.9942499948240199 0.0017771732017481004 0.001283695749615828 0.002689136224616198, 
29, 0000011100, 0000000000, 0.008606757447589852, 0.014322588520463028, 0.9710882699832908 0.001696020011747972 0.0077004388270686605 0.009226656476420283 0.010284409479729447 4.205221742845716e-06, 
30, 0000000000, 0000000000, 0.00017542088894378143, 0.00028862410284522276, 0.9982682630682522 0.001731729246424224 7.685323556264241e-09, 
31, 0000000000, 0000000000, 0.0001772588639249133, 0.0002952086283305716, 0.9982293274488586 0.0017700933322991664 5.792188421317508e-07, 
32, 0000000000, 0011111000, 0.09326015389910122, 0.15533037266403332, 0.8151921908150951 0.0013723201427412715 0.006474465457131294 0.019499730611666724 0.01989237206842127 0.045821220611155365 0.09174770029378901, 
33, 0000000000, 0000000000, 0.00017576232613103224, 0.000292707148694328, 0.9982442415468248 0.0017552740141845776 4.844389906951359e-07, 
34, 0000000000, 0000000000, 0.00017866563994338607, 0.00029755366211083804, 0.9982165626338085 0.0017815527597179095 1.8846064735594248e-06, 
35, 0000000000, 0011111100, 0.15541642083172902, 0.25882424671336296, 0.6940158223052919 0.001201796833107514 0.009330565765200681 0.011283900492988767 0.045608137773798414 0.11456036163516702 0.12399941519444567, 
36, 0000000000, 0001111000, 0.06285304139605218, 0.10469928111506722, 0.8679595316773673 0.0014892104517678008 0.00331081291982049 0.012205825651713211 0.02685583179172527 0.053028678768682135 0.035150108738923866, 
37, 0000000000, 0000000000, 0.0026080608481514043, 0.004345557911865426, 0.9897434512508146 0.0016528486543496944 0.003853654644145426 0.0022869922742093174 0.002463053176481014, 
38, 0000000000, 0000000000, 0.00016258416357835517, 0.0002707642273100762, 0.9983757334284105 0.0016239477793185348 3.187922709612619e-07, 
39, 0000000000, 0000000000, 0.00017241079431304723, 0.0002871308978557071, 0.9982772146128658 0.001722785387134243, 
40, 0000000000, 0000000000, 0.00016393756895963937, 0.00027301260399967275, 0.998362390409225 0.0016371435575518911 4.6603322307268775e-07, 
41, 0000000000, 0000000000, 0.00016823370185009066, 0.0002801792675643213, 0.998319449041421 0.0016800263117719835 5.246468069723673e-07, 
42, 0000000000, 0000000000, 0.10940143167181057, 0.1821951404810714, 0.7846548527582061 0.0013217456052879986 0.002231429137611552 0.016338587495228023 0.03980823439658624 0.0547333647085924 0.10091178589848776, 
43, 0000000000, 0000000000, 0.00016730491546375104, 0.00027860715776505, 0.9983288553057702 0.0016706464418692827 4.982523605085554e-07, 
44, 0000000000, 0000000000, 0.00017408226708133499, 0.0002899206062948109, 0.9982646240324634 0.001731228297304353 4.1476702322562534e-06, 
45, 0000000000, 0000000000, 0.00016821952775216155, 0.00028014283120498526, 0.9983218901789968 0.0016753626547766152 2.7471662266481486e-06, 
46, 0000000000, 0000000000, 0.0014134378954363794, 0.0023522773517877936, 0.9929188888950992 0.0016868607861721195 0.003921170034792735 0.0013078578807746227 0.00016522240316132702, 
47, 0000000000, 0000000000, 0.05896212481346677, 0.09820959856133336, 0.8841382937647264 0.001501225920296613 0.00021322799638265653 0.004621461700431619 0.021490366175455817 0.04070848700442121 0.047326937438285685, 
48, 0000000000, 0000000000, 0.00017805302651748708, 0.00029654492226539284, 0.9982210977616667 0.0017785349430743365 3.672952590102241e-07, 
49, 0000000000, 0000000000, 0.15748239156346078, 0.26226899889208294, 0.676578565565967 0.0012928105779970761 0.010723369042247832 0.030694599751628974 0.07068136823794927 0.08411054846193891 0.12591873836227102, 
50, 0000000000, 0000000000, 0.003133067572889367, 0.005217926112892155, 0.9863874287135288 0.0016394880544741994 0.007875502420319716 0.0024732594644699775 0.0016243213472073416, 
51, 0000000000, 0000000000, 0.0002649600399760963, 0.00044138396862101375, 0.9978526119912298 0.0016469808685061996 0.0004998984775722877 5.086626917691457e-07, 
52, 0000000000, 0000000000, 0.007997590615349251, 0.013325611038687039, 0.9736513774617092 0.001692776045447365 0.0019129601650887725 0.01653700302339054 0.0062054557354954305 4.2756886879603064e-07, 
53, 0000000000, 0000000000, 0.05593373172641526, 0.09313474771306468, 0.893662500873624 0.001529765258118905 0.0007510848659274638 0.0028625235616057255 0.016370972914733713 0.027233826211278945 0.05758932631471125, 
54, 0000000000, 0000000000, 0.000348349529145338, 0.0005803625948161165, 0.9973758948858746 0.0017660346593541157 0.0008580704547712915, 
55, 0000000000, 0000000000, 0.0014770403100793864, 0.0024570063156521722, 0.9928966911932525 0.0016840059214560936 0.003199876683417019 0.002219426201874301, 
56, 0000000000, 0000000000, 0.051797997605184935, 0.08625139633002993, 0.897638782158755 0.001567545305475151 0.002020238394393353 0.004463350199905747 0.01066084638165979 0.046028505599304576 0.03762073196050641, 
57, 0000000000, 0000000000, 0.04348123099297792, 0.07243840548464894, 0.8888213609218322 0.0015511506826957453 0.019916844340345744 0.026471607283872194 0.022364924291206425 0.020873600352221668 0.020000512127825984, 
58, 0000000000, 0000000000, 0.00921220868445208, 0.015336271701667665, 0.9722391563964026 0.0016100263891849515 0.008851162223392441 0.007444450904449451 0.0020680849032490593 0.004623128052238509 0.00316399113108317, 
59, 0000000000, 0000000000, 0.07508649560258567, 0.12503179577249784, 0.8473198506746304 0.001461544442590647 0.009789242804187592 0.020054826944766495 0.016478109633103664 0.026304727787019637 0.07859169771370149, 
60, 0000000000, 0000000000, 0.0017711320955536099, 0.0029500285608268883, 0.9924786795089267 0.0015961867930681212 0.0016730751262134596 0.004250399967700753 1.658604091008504e-06, 
61, 0000000000, 0000000000, 0.000179441419170696, 0.0002984835775408266, 0.99820920902892 0.0017906804769151408 1.1049416490963526e-07, 
62, 0000000000, 0000000000, 0.06948345193585491, 0.11572593670364835, 0.8577746982158497 0.001490412794286334 0.006472912920092428 0.013650692252096986 0.02076224892320258 0.04317590022851399 0.05667313466595794, 
63, 0000000000, 0000000000, 0.00017170863797697202, 0.0002859565937004689, 0.9982864359866929 0.0017113884644115052 2.175548895654224e-06, 
64, 0000000000, 0000000000, 0.0007889273227843251, 0.001314673185048551, 0.9956084107727661 0.0017614951527080843 0.0017645393300032613 0.0008647536805135862 8.010640089852468e-07, 
65, 0000000000, 0000000000, 0.05215139301160692, 0.08686158934944023, 0.8856606116705134 0.0014997908263713925 0.013040991270427049 0.01621032296056039 0.015099025978674886 0.026374853827682433 0.04211440346577049, 
66, 0000000000, 0000000000, 0.000580608399710728, 0.0009674660582724095, 0.9962065456765633 0.0017821149793238171 0.002011336662028063 2.6820848385492956e-09, 
67, 0000000000, 0000000000, 0.00022593461262191994, 0.0003763285784344182, 0.998018969154692 0.0017040902200094413 0.0002769406252985341, 
68, 0000000000, 0000000000, 0.00017210864814570253, 0.000286631026722721, 0.9982805936218956 0.0017190265958726882 3.79782231819062e-07, 
69, 0000000000, 0000000000, 0.0004093088958666922, 0.0006819600325259353, 0.9971061808732798 0.0016971713915927774 0.0011953544018194788 1.2933333079587843e-06, 
70, 0000000000, 0000000000, 0.0009859355291867977, 0.0016430041470544322, 0.9945097012936389 0.0015850180710162566 0.0034434890617027164 0.0004611376066639309 6.539669782774789e-07, 
71, 0000000000, 0000000000, 0.00016315434936535353, 0.0002717096003053278, 0.9983700882830279 0.001629565832112162 3.4588485990251807e-07, 
72, 0000111100, 0000000000, 0.1085067582735088, 0.18071858704866503, 0.7755260890361718 0.001364344777894247 0.0033216948763074828 0.02539019653195871 0.04020743063207687 0.08583798923624758 0.06835225490934325, 
73, 0000000000, 0000000000, 0.00017120559454144265, 0.00028512591837570616, 0.9982905263444971 0.0017081918007515627 1.281854751337142e-06, 
74, 0000000000, 0000000000, 0.00017023860179544124, 0.00028350728076450546, 0.998298956315413 0.0017010436845870326, 
75, 0000000000, 0000000000, 0.00016686582761189997, 0.00027767572448345274, 0.9983352793580627 0.0016633869369738932 1.3337049634116035e-06, 
76, 0000000000, 0000000000, 0.0692592313357819, 0.1153459351959167, 0.8469549563997678 0.0013928839583957412 0.008093200824586486 0.021826209093782786 0.03963403011419818 0.04211073982582399 0.03998797978344508, 
77, 0000000000, 0000000000, 0.028093019571854377, 0.046807472474370955, 0.9272436754694078 0.0016396512513155667 0.0072258848799098664 0.021414142255413812 0.01820702141162171 0.01793484697162523 0.006334777760706004, 
78, 0000000000, 0000000000, 0.0001699723137352134, 0.00028305369077385165, 0.9983025372856064 0.0016966032841441451 8.594302494823931e-07, 
79, 0000000000, 0000000000, 0.0001788961504731683, 0.0002979467131975668, 0.9982127641898864 0.001786791341041807 4.4446907179696216e-07, 
80, 0000000000, 0000000000, 0.050755828049872304, 0.0845240200162877, 0.8977793970443652 0.0016159610217352533 0.0025737841564924054 0.006187117355300851 0.015505464271772794 0.03823227529198876 0.038106000858344743, 
81, 0000000000, 0000000000, 0.0001752406783095028, 0.00029185651513952116, 0.9982491705871286 0.0017505197349056182 3.0967796575455435e-07, 
82, 0000000000, 0000000000, 0.040703117798393265, 0.0677966601970333, 0.9110174422270669 0.0015347395407917898 0.0027380779976305574 0.008495030561060735 0.027016511777951318 0.028971260521832246 0.020226937373666362, 
83, 0000000000, 0000000000, 0.0001737810561870067, 0.0002894162429305188, 0.9982640851708058 0.0017353322008052817 5.826283889157431e-07, 
84, 0000000000, 0000000000, 0.00017657667481741892, 0.0002935756526291035, 0.99823868175413 0.0017611825759655214 1.3566990454991657e-07, 
85, 0000000000, 0000000000, 0.032487844842642076, 0.05411247139215742, 0.9221092070993052 0.0016470430858593896 0.008993235810368684 0.01343541724093369 0.019147681113865656 0.019860156429920024 0.014807259219747326, 
86, 0000000000, 0000000000, 0.0005814315109125413, 0.000968825045884702, 0.9962735390932341 0.0016444038228602411 0.002077624799269324 4.43228463644073e-06, 
87, 0000000000, 0000000000, 0.0001796497390697567, 0.00029454847567664315, 0.9982327613175873 0.0017671865107654432 5.217164720807756e-08, 
88, 0000000000, 0000000000, 0.028055426354481522, 0.04675274021795283, 0.9305442149983846 0.00161314256182372 0.001565713810613666 0.01691497528667234 0.027560200173644564 0.016024374443096148 0.005777378725764978, 
89, 0000000000, 0000000000, 0.00018346173757146023, 0.0003055564020037216, 0.9981671513552026 0.0018323588775722983 4.897672250157311e-07, 
90, 0000000000, 0000000000, 0.0011284522835745775, 0.0018756094032019756, 0.9941698811645768 0.0017697234355476387 0.002697732479962167 0.0013621836559140114 4.792639994621276e-07, 
91, 0000000000, 0000000000, 0.0001943532058095599, 0.00032370542396587535, 0.9981467750470685 0.0017642173620676161 8.900759086381821e-05, 
92, 0000000000, 0000000000, 0.00046483363777505667, 0.0007710597178470998, 0.9968606504910105 0.0016534762585178491 0.0014847377028501599 1.1355476214772178e-06, 
93, 0000000000, 0000000000, 0.0005682112349479266, 0.0009463017086520562, 0.99631821262474 0.0016858129894404053 0.001995925894987097 4.8490832579277806e-08, 
94, 0000000000, 0000000000, 0.00017422066511373448, 0.000287981699240866, 0.9982730820909194 0.0017259456227160398 9.722863645780653e-07, 
95, 0000000000, 0000000000, 0.00967970655758301, 0.016127848234295795, 0.9721896096236755 0.0016637184818146967 0.0014297837727234475 0.010567059953761667 0.010206517322895185 0.003943310845129489, 
96, 0000000000, 0000000000, 0.015459046849885106, 0.025749347154864717, 0.969059814096789 0.0016668440684566089 0.0010092704081653696 0.0007606846480443364 0.003647716757983196 0.009196243055034024 0.014659426965527505, 
97, 0000000000, 0000000000, 0.11947730562543173, 0.19897938614585667, 0.7742418734388827 0.001299041890041082 0.0014239161144080615 0.008272662740502016 0.02796323667715799 0.06773710700790359 0.11906216213110446, 
98, 0000000000, 0000000000, 0.00016395682252389715, 0.00027304853940119853, 0.998361981915256 0.0016377449330809023 2.7315166314442947e-07, 
99, 0000000000, 0011111100, 0.04818334921230777, 0.08026213523781499, 0.9013227112220963 0.0016516787785933553 0.003522578821809916 0.006129588695297241 0.022607884071719642 0.02453767783099549 0.04022788057948816, 
100, 0000000000, 0000000000, 0.0001756954595122166, 0.00029261097844215597, 0.9982444378197594 0.0017554584898284496 1.0369041224320728e-07, 
run, initial grid state, final grid state, mean grid cell occupancy, mean binding site occupancy, fraction of time with N TFs bound, warning
1, 0000000000, 0000000000, 0.00017690903980829096, 0.00029140986863122014, 0.9982518195596183 0.0017479016689761996 2.787714055606297e-07, 
2, 0000000000, 0000000000, 0.000177353445076481, 0.0002953802678297495, 0.9982293703656133 0.0017689776617948567 1.6519725918202172e-06, 
3, 0000000000, 0000000000, 0.00016938649622655976, 0.00028209969231953033, 0.9983084643547208 0.0016904731366411449 1.0625086380186533e-06, 
4, 0011111000, 0000000000, 0.02258109524061003, 0.03761179548348738, 0.9492375194654351 0.001553309590651932 0.001833894137091977 0.009599402699189716 0.00848587595026928 0.01803202580672955 0.011257972350632396, 
5, 0000000000, 0000000000, 0.0004758777300122874, 0.0007898981984546371, 0.9967301954178774 0.0018007733411865114 0.0014684778732668784 5.533676691850026e-07, 
6, 0000000000, 0000000000, 0.0010214281816542492, 0.0017004665038998787, 0.9940255244490905 0.0017520651660272119 0.004216497297274853 5.913087607451847e-06, 
7, 0000000000, 0000000000, 0.008227792744871591, 0.013708749321853527, 0.9742952519000986 0.0016634581442324331 0.010037305178001436 0.006595379602526709 0.0013987987916777246 0.0009257448441836947 0.005084061539279392, 
8, 0000000000, 0000000000, 0.002514358541795805, 0.004189167143850986, 0.9866056083371736 0.0017308339620214785 0.011586504201330257 7.705349947463897e-05, 
9, 0000000000, 0000000000, 0.0004238612766168092, 0.000706221732172901, 0.9969880384316971 0.0017873478704590543 0.0012238585709531532 7.551268906820388e-07, 
10, 0000000000, 0000000000, 0.04050751764680012, 0.06746513340481028, 0.9076873530852405 0.0015399653119611777 0.006982075111404288 0.01525684597110822 0.01688838249734623 0.033909651146254764 0.017735726876684767, 
11, 0000000000, 0000000000, 0.0005880307472386934, 0.0009798372021502222, 0.9963000637007889 0.0017132486382882024 0.0017942884081552212 0.00019239925276756285, 
12, 0000000000, 0000000000, 0.0001792401751167093, 0.00029850133597014386, 0.9982101062412913 0.0017887795015965155 1.1142571121738069e-06, 
13, 0000000000, 0000000000, 0.03685686139736785, 0.06138757738680499, 0.9203494646014422 0.0015625629574167806 0.003528422698879582 0.008753047438976196 0.020022853933757485 0.021346392303471108 0.024437256066056658, 
14, 0000000000, 0000000000, 0.00018144910103210445, 0.0003021903312095928, 0.9981872544387793 0.0018123491351838116 3.964260368727125e-07, 
15, 0000000000, 0000000000, 0.00017562989338322033, 0.0002924988329755431, 0.9982462608598908 0.0017524852823650975 1.2538577440806797e-06, 
16, 0000000000, 0000000000, 0.003335956201629419, 0.005556230426933585, 0.9877073520100529 0.0015756583400031213 0.0027347630194497034 0.005636708339278087 0.00234551829121618, 
17, 0000000000, 0000000000, 0.007572012254621285, 0.01261641170170492, 0.9765112222130465 0.0018089376936678097 0.0036023535155614034 0.007553020536911827 0.008596566329358247 0.0019278997114540847, 
18, 0000000000, 0000000000, 0.0001682064653274395, 0.000280111674264136, 0.9983209461661833 0.0016774376220486061 1.6162117681049163e-06, 
19, 0000000000, 0000000000, 0.00017774321040305163, 0.00029418276425685375, 0.9982354671387336 0.0017639691369918523 5.637242746353149e-07, 
20, 0000000000, 0000000000, 0.061383861228767184, 0.10224563662361157, 0.8681494229161424 0.0015859315510208189 0.002526267736238184 0.01595899372838179 0.031485420713991664 0.04874709144829068 0.031546871905934463, 
21, 0000000000, 0000000000, 0.00016924316994390944, 0.0002818507014797339, 0.9983097060408602 0.001689483709401017 8.102497386932372e-07, 
22, 0000000000, 0000000000, 0.00017626146207010149, 0.00029355797320340123, 0.9982400403097669 0.0017585715412456085 1.3881489873996801e-06, 
23, 0000000000, 0000000000, 0.0001604460736599751, 0.00026720652486688295, 0.9983973261290368 0.0016021085927252952 5.652782380013239e-07, 
24, 0000000000, 0000000000, 0.0001774068072787844, 0.0002954649813898179, 0.998227922537576 0.0017713650365092422 7.124259148325238e-07, 
25, 0000000000, 0000000000, 0.00017180517808954607, 0.00028611671259372084, 0.9982832997244376 0.001716700275562325, 
26, 0000000000, 0000000000, 0.011668825626029472, 0.01943413101255244, 0.97319479339165 0.001729668595766639 0.004333283855846723 0.0016056692055166333 0.002087801291983127 0.009252364972048486 0.007796418687188284, 
27, 0000000000, 0000000000, 0.18053201445161324, 0.30071199733545134, 0.6325410335413058 0.0011244984541851312 0.015877866855350985 0.020476822463859786 0.06890746573161549 0.13210245619231756 0.12896985676136533, 
28, 0000000000, 0000000000, 0.00017813891446338186, 0.0002966799174571138, 0.9982206033346014 0.0017787138260544517 6.828393441154842e-07, 
29, 0000000000, 0000000000, 0.08806338861232421, 0.14666879808678665, 0.8189220624785768 0.0013940317766128062 0.006206714926766199 0.015113549019254926 0.03867426330933186 0.05196864434126252 0.06772073414819499, 
30, 0000000000, 0000000000, 0.00016926407291380422, 0.0002818808855205171, 0.9983087146868769 0.0016912853131231028, 
31, 0000000000, 0000000000, 0.00016753869780811585, 0.0002790271207913913, 0.9983267616674143 0.0016723139404230263 9.243921626607576e-07, 
32, 0000000000, 0000000000, 0.00017376199235201635, 0.00028939718043423054, 0.9982653324051974 0.0017329521069999639 1.7154878027098517e-06, 
33, 0000000000, 0000000000, 0.0026387223087196965, 0.004396465104456312, 0.989947553870562 0.0017746001765021353 0.0022056215262346037 0.0040959503090380765 0.001976274117663077, 
34, 0000000000, 0000000000, 0.00017092272061722605, 0.00028465106194346817, 0.9982922406230154 0.00170761238230847 1.4699467616954017e-07, 
35, 0000000000, 0000000000, 0.001420222124494982, 0.002363520171988929, 0.9920479390158115 0.0017263052342804115 0.006222451452071617 3.304297836642889e-06, 
36, 0000000000, 0000000000, 0.0012104308052139382, 0.002016954933032106, 0.993442126649299 0.0017891093866437475 0.003994135040600796 0.0007741655634784698 4.6335997797193977e-07, 
37, 0000000000, 0000000000, 0.07017711030218983, 0.11690884787199599, 0.8502498144900937 0.0014381016178992225 0.00664219450872024 0.01841523410162377 0.03832933233642456 0.031384372725364026 0.05354095021987443, 
38, 0000000000, 0000000000, 0.10562189929942646, 0.17588631596793206, 0.7725519460450555 0.0013259764793635768 0.006057786826362326 0.03380345330459867 0.06580967090733107 0.04547969649134874 0.07497146994594006, 
39, 0000000000, 0000000000, 0.00016178902097900593, 0.0002694239977136942, 0.9983847749994901 0.0016139060147375589 1.3189857723031724e-06, 
40, 0000000000, 0000000000, 0.08271485614785995, 0.13777395898584716, 0.8327671280726824 0.001526569140919677 0.006675225230501265 0.010915356571782655 0.029725135067171025 0.05022339117252917 0.0681671947444138, 
41, 0000000000, 0000000000, 0.00032893218738544634, 0.0005479885204807594, 0.9975149580383559 0.0016821528004038102 0.0008028891612403733, 
42, 0000000000, 0000000000, 0.0065602989614800605, 0.01093078532097024, 0.9792937897451899 0.0018214357297800091 0.005778018835589034 0.0039280625444879985 0.005470414833366303 0.0037082783115868338, 
43, 0000000000, 0000000000, 0.0444718290673402, 0.074075582907971, 0.9175218784893153 0.001582205893803771 0.001433664379503954 0.002499234642839545 0.0035029596891730168 0.022265921322382743 0.05119413558298167, 
44, 0000000000, 0000000000, 0.03580233784460276, 0.05961566494226908, 0.9259982923033262 0.0016143250711136046 0.00551545164466657 0.009104091110346118 0.010397338616103919 0.008075874028947473 0.03929462722549606, 
45, 0000000000, 0000000000, 0.00023576703001533547, 0.000392715339839345, 0.9979860342304742 0.001671639500015691 0.00034232626951018967, 
46, 0000000000, 0000000000, 0.00017079607340170363, 0.00028444157246788903, 0.9982942923323649 0.0017047659004628998 9.417671722173689e-07, 
47, 0000000000, 0000000000, 0.09119506319732201, 0.15187901754265343, 0.8252582392998914 0.0014290387974407327 0.003498944399128187 0.008779382584065425 0.017421904055900005 0.054853531497018444 0.08875895936655583, 
48, 0000000000, 0000000000, 0.037610581291616055, 0.06264787128654327, 0.9237487859937888 0.0015857759811995123 0.0012970852086844897 0.006067364703525361 0.010691910665231204 0.02891692013623351 0.027692157311337104, 
49, 0000000000, 0000000000, 0.15352036456013696, 0.2556939516766296, 0.6819872684249271 0.0012065792909958888 0.0138530871072898 0.03292574170699306 0.06053039062847259 0.0926294281285964 0.11686750471272515, 
50, 0000000000, 0000000000, 0.08987893763600974, 0.14970041871749978, 0.8182272918581215 0.0014116520827779236 0.002673444213698123 0.014474948667405048 0.03022485313142186 0.0708071470125317 0.06218066303404393, 
51, 0000000000, 0011111100, 0.034261159391269315, 0.057043552816434785, 0.9301116574932898 0.001650404541605182 0.0020427734432324905 0.0022027904987670125 0.016567416684025695 0.02090241679634355 0.026522540542736162, 
52, 0000000000, 0000000000, 0.00017644978841863316, 0.0002938787378292041, 0.9982367911479993 0.001763145277026151 6.357497453689575e-08, 
53, 0000000000, 0000000000, 0.05259637548069586, 0.08759742710545759, 0.8953111300837454 0.001595147732667989 0.002183579046594784 0.008475604726409456 0.015648133922023886 0.02911551999178716 0.04767088449677138, 
54, 0000000000, 0000000000, 0.0017327145993990011, 0.0028851945345448843, 0.9913507758509863 0.0018226326298366087 0.0049912399800985194 0.0018353515390785533, 
55, 0000000000, 0000000000, 0.00027126876903533245, 0.00045092168615243415, 0.9977967434672991 0.0017009829484874674 0.000502273584213569, 
56, 0000000000, 0000000000, 0.05888339538949843, 0.09803766359087876, 0.8813549176473846 0.0014678886520199993 0.0023777816342613806 0.005830344169663134 0.030696424044921053 0.02791006217444289 0.05036258167730694, 
57, 0000000000, 0000000000, 0.0761293042880199, 0.12679669193616425, 0.8469723098110835 0.0013800969594955504 0.001311530670987765 0.011642395731616814 0.028083907104706193 0.05414438063082195 0.056465379091288244, 
58, 0000000000, 0000000000, 0.0049716958691281505, 0.008279058623732134, 0.9834048043690917 0.0016776612432172005 0.0041447816259335335 0.0053203276194586065 0.0035159813225616723 0.001936443819737207, 
59, 0000000000, 0000000000, 0.00015728805590263327, 0.0002619426972344338, 0.9984283933316841 0.0015715571532252913 4.951509065571285e-08, 
60, 0000000000, 0000000000, 0.00016225380968150054, 0.00027020127397080435, 0.9983797888575194 0.001619214641136282 9.965013442720684e-07, 
61, 0000000000, 0000000000, 0.0006477788401973204, 0.0010772798145863114, 0.9959519823447802 0.0016352343914085251 0.0024099052953245096 2.877968486774535e-06, 
62, 0000000000, 0000000000, 0.0006226071080753436, 0.0010367631429493043, 0.9960061673384432 0.0017670864654180508 0.0022267461961388867, 
63, 0000000000, 0000000000, 0.003465299363585081, 0.005774400841070922, 0.9908731500490071 0.0017184519557900597 0.0002387451323900336 0.0003458203954620588 0.0027061606972844255 0.0041176717700663066, 
64, 0000000000, 0000000000, 0.10369045525954042, 0.17266388363665672, 0.7915194384878391 0.0012970994037550636 0.009171681165109353 0.017183385468161956 0.029961649676972683 0.06025438981538136 0.0906123559827805, 
65, 0000000000, 0000000000, 0.011813264286043233, 0.019683115509262005, 0.9552747688255834 0.0016018548730962828 0.018059844231460544 0.01987706773437602 0.005186375160992486 8.917449133736746e-08, 
66, 0000000000, 0000000000, 0.00018415797836916303, 0.0003067168558997685, 0.9982145538159496 0.0017305912327020016 5.485495134830474e-05, 
67, 0000000000, 0000000000, 0.00017593846044653062, 0.0002930178602269597, 0.9982432101749007 0.001755472488836829 1.3173362624645231e-06, 
68, 0000000000, 0000000000, 0.00017294437005931364, 0.0002880089764325048, 0.9982745520253722 0.0017228420906605817 2.6058839672236212e-06, 
69, 0000000000, 0000000000, 0.00637486767424725, 0.010615520293488397, 0.9848229291933612 0.0016183863715623036 0.0005637412162839799 0.001672871548274585 0.003339508833791074 0.005324774043549015 0.0026577887931778315, 
70, 0000000000, 0000000000, 0.0001793021770278122, 0.00029861785067272247, 0.9982086021665537 0.0017910885628563827 3.0927058997608364e-07, 
71, 0000000000, 0000000000, 0.27513000542291477, 0.4582240402187715, 0.42980084251430917 0.000808360267565315 0.023597262004438267 0.06334578254059377 0.09396656340573378 0.1954493798126879 0.1930318094546718, 
72, 0000000000, 0000000000, 0.09017872087041993, 0.15017887945794448, 0.821373468030283 0.0012770565664829933 0.004679298895696188 0.013612210023245995 0.025949236125058842 0.05284833433557934 0.08026039602365355, 
73, 0000000000, 0000000000, 0.0005849443399903187, 0.0009746884718206903, 0.9962205777383659 0.0017107442373519293 0.002068647479274216 3.0545007927077156e-08, 
74, 0000000000, 0000000000, 0.01973336649400649, 0.032877193371138314, 0.9512219797767196 0.0016365327253545982 0.004549494579879733 0.01032059793064645 0.014221172146469865 0.00962018108168125 0.00843004175924846, 
75, 0000000000, 0000000000, 0.00027136928212690835, 0.0004503863425177371, 0.9977752595911034 0.0017471627626868015 0.0004775776462098104, 
76, 0000000000, 0000000000, 0.0030669805372172646, 0.005106939433293102, 0.9865198683213877 0.0016857147693882454 0.006430790918613019 0.005360163969299338 3.462021311578296e-06, 
77, 0000000000, 0000000000, 0.02228668797421882, 0.037116537537147005, 0.9529434108629542 0.0016055996302417619 0.0025961128173960955 0.0036774456129588396 0.010418942974166075 0.0093576373913908 0.01940085071089222, 
78, 0000000000, 0000000000, 0.00017663921637790054, 0.00029362021780082975, 0.9982496443119814 0.0017389900692321495 1.1365618786414463e-05, 
79, 0000000000, 0000000000, 0.030502489294905163, 0.050808495239770074, 0.929757871338723 0.00169956750146614 0.009403320762942233 0.006572269805849393 0.01884288674249893 0.013088097067395789 0.020635986781124497, 
80, 0000000000, 0000000000, 0.03692666961120616, 0.061530651783359085, 0.917516981353564 0.0015420270218263782 0.006085372064962017 0.009482202726451923 0.01921094329194005 0.026794083046245813 0.019368390495009852, 
81, 0000000000, 0000000000, 0.00018136529404646668, 0.00030206146913609684, 0.9981876443794045 0.0018123424263746324 1.319422097433181e-08, 
82, 0000000000, 0000000000, 0.0008463290096431412, 0.0014103275326274932, 0.9949164507414294 0.0017051333213763344 0.003378415937194313, 
83, 0000000000, 0000000000, 0.0004696975914417711, 0.0007826133928751647, 0.997016255260294 0.0018334123226546738 0.0005888833265839871 0.0005612949804406648 1.541100265866234e-07, 
84, 0000000000, 0000000000, 0.00017438094165136842, 0.00029042492962103955, 0.9982581242073617 0.0017412020075506097 6.737850878139336e-07, 
85, 0000000000, 0000000000, 0.00016438870197497287, 0.00027376070965180125, 0.9983590170683824 0.0016394016053242514 1.581326293278308e-06, 
86, 0000000000, 0000000000, 0.00025631439794972276, 0.0004269536674794315, 0.9978871947825206 0.0016638884300821724 0.00044891678739720863, 
87, 0000000000, 0000000000, 0.008308244330215899, 0.013843058977432272, 0.9795698812441972 0.0017091913654943046 0.0018847892897821605 0.004370865012197607 0.004321676506844702 0.0016812966333407445 0.006462299948143277, 
88, 0000000000, 0000000000, 0.00017691760384262495, 0.00029463586651196273, 0.9982329153046648 0.0017663541915984215 7.305037366776239e-07, 
89, 0000000000, 0000000000, 0.00018944093427302586, 0.00031552087570124856, 0.998206662827093 0.001693549091606435 9.978808130052827e-05, 
90, 0000000000, 0000000000, 0.00026136468361758874, 0.00043539840681278824, 0.9978039606473444 0.001779688264434129 0.0004163510882213002, 
91, 0000000000, 0000000000, 0.02969343225745312, 0.04947754834975192, 0.9386327924897598 0.0015192041521551415 0.0011792092554724215 0.004091097856467933 0.011603329266966807 0.023545145076926944 0.019429221902250958, 
92, 0000000000, 0000000000, 0.05053125051077913, 0.08417322008593213, 0.8869189453201608 0.0014896256601367465 0.01025063303691969 0.014912405597496726 0.01935978644935358 0.04153955742388191 0.025529046512050426, 
93, 0000000000, 0000000000, 0.0002057432907853043, 0.00034224701608465174, 0.9981436121156196 0.0016592936722529708 0.0001970942121274698, 
94, 0000000000, 0000000000, 0.00016536563730364077, 0.0002753878777035063, 0.9983483536981471 0.001650965337484726 6.809643681560244e-07, 
95, 0000000000, 0000000000, 0.00034400879186052347, 0.000573126112772367, 0.9974310935637082 0.0016990561959493089 0.0008698502403424466, 
96, 0000000000, 0000000000, 0.0561381567984795, 0.09349226507789354, 0.8843717355434358 0.0015329917673500288 0.0017137350235590194 0.008229869682924803 0.026077976743527763 0.04145053480520742 0.03662315643399511, 
97, 0000000000, 0000000000, 0.061999928770802286, 0.10325639210782894, 0.8666758208023757 0.0014404003625478384 0.002197747430235314 0.013553383274989074 0.043480857818424555 0.03679186554327519 0.03585992476815232, 
98, 0000000000, 0000000000, 0.00018791402757633387, 0.00030698631839550417, 0.9981593216517737 0.0018394387860796411 1.2395621466920489e-06, 
99, 0000000000, 0000000000, 0.14883487478889854, 0.24789882755837983, 0.6826623300952788 0.001162027484304368 0.013895589338976881 0.03671631091031165 0.07510975513070656 0.09487211630827073 0.09558187073215098, 
100, 0000000000, 0000000000, 0.00017263566122846866, 0.00028750554555025413, 0.9982771815440953 0.0017206036385078686 2.2148173968281064e-06, 
