run, initial grid state, final grid state, mean grid cell occupancy, mean binding site occupancy, fraction of time with N TFs bound, warning
1, 0000111000, 0011111100, 0.5771293796632532, 0.9618517650192332, 0.0001602238711497897 0.00019209752759808584 0.00029926858430589945 0.002409451721984149 0.026944782692793323 0.16465258413094813 0.8053415914712205, 
2, 0011111100, 0011111100, 0.5747456568752007, 0.9578790788807365, 0.0 0.0 0.00020345091920843434 0.0028496274866289003 0.02755955289887384 0.18824373478111375 0.7811436339141751, 
3, 0011111100, 0011111100, 0.574656448425247, 0.9577305053853009, 0.0 0.0 0.0002642071734033879 0.003725745677437195 0.029278311064715713 0.18282627983283792 0.7839054562516058, 
4, 0011111100, 0011111100, 0.5763655576401239, 0.960577981004942, 0.0 0.0 1.1208364830811817e-05 0.0038224062995035534 0.026128097354327928 0.1727638669038587 0.7972744210774791, 
5, 0001111100, 0011111100, 0.5780668818005597, 0.9634146809374711, 4.4170253650711714e-05 0.00011672901844360205 0.0005500298818215721 0.0029074207698615907 0.02091934418798126 0.16590217754821832 0.8095601283400229, 
6, 0011111100, 0011111100, 0.5748052883940808, 0.9579784074385564, 0.0 0.0 0.00020503007025616507 0.00328602371813702 0.03098242203349012 0.17948651986624609 0.7860400043118706, 
7, 0011111100, 0011111100, 0.5784309537774999, 0.9640201073793471, 0.00015323668850160779 2.9531910061949772e-05 0.0004072700780648844 0.0027727197959290656 0.02363870854441382 0.15758761925372414 0.8154109137293046, 
8, 0011111100, 0011111100, 0.5763043559722892, 0.9604764682381244, 0.0 8.008055799830526e-06 0.0004825625128789742 0.003404670054960648 0.025775677588818692 0.17340553489821908 0.7969235468893229, 
9, 0011111100, 0011111100, 0.5760887446191066, 0.9601168684302359, 0.0 0.0 0.00045381788850029306 0.0031239697641874953 0.02559566488545176 0.17692027880111674 0.7939062686607438, 
10, 0011111100, 0011111100, 0.5760124076873057, 0.9599898683517647, 0.0 0.0 0.0005549880184174435 0.004790844865962286 0.026881687566492143 0.1697049280848707 0.7980675514642573, 
11, 0011111100, 0011111100, 0.5755746163184138, 0.9592602111224855, 0.0 0.0 0.00023990447095314658 0.004000650501234673 0.0276299567673008 0.17621725034297028 0.7919122379175412, 
12, 0011111100, 0001111100, 0.5781080518753013, 0.9634835949610533, 0.0 0.0 6.209721660557247e-05 0.0027146507029227446 0.02170450648583533 0.16729707628681878 0.8082216693078177, 
13, 0011111100, 0011111000, 0.574961490113374, 0.9582387706206892, 0.0002983983318179278 0.00012545840193458965 0.0008420768597994105 0.00439722579936764 0.026741115202652425 0.17810747903267848 0.7894882463717495, 
14, 0011111000, 0011111100, 0.5743616144052719, 0.9572390123516387, 1.8170639209520247e-06 0.000223959471755936 0.0004246672889013659 0.004458310846170754 0.027860581332877055 0.18464046178799035 0.7823902022083835, 
15, 0011111100, 0011111100, 0.5735875873199647, 0.9559492928496905, 0.00015286909740026508 0.00024249821622353222 0.0009559513523220802 0.004963776526363634 0.03132182199559192 0.18081575825677404 0.7815473245553245, 
16, 0011111100, 0001111100, 0.5750393516655705, 0.9583687067553335, 0.0 4.00040744016213e-06 0.0005818713852274417 0.0033907839008621194 0.02723018133522451 0.18280755751685243 0.7859856054543933, 
17, 0011111100, 0011111000, 0.577729282966634, 0.9628519219311519, 0.0 0.0 0.0002735148875752091 0.0032411208405072273 0.023049341728672196 0.16597236288392064 0.8074636596593248, 
18, 0001111100, 0011111100, 0.576054180273211, 0.9600596843033814, 0.0 9.161285029922212e-05 0.0006443732719078518 0.0037475178744925237 0.025149550239738347 0.17506468273762937 0.7953022630259327, 
19, 0011111100, 0001111000, 0.5756813176273441, 0.9594383101274471, 0.00020741062451285974 0.00038153134147597207 0.0008408501134782603 0.00440016304869395 0.027836155022853866 0.1679818191351577 0.7983520707138274, 
20, 0011111100, 0011111100, 0.5762880077951515, 0.9604501838699175, 0.0 0.0 0.00023711529518468036 0.0033578140657585854 0.02496317991881282 0.1763506335648554 0.7950912571553885, 
21, 0011111000, 0011111100, 0.5770254495212983, 0.9616783018207515, 0.0 0.0 0.00036431933161815003 0.0033542664963827243 0.02519664094245909 0.16801683037495307 0.8030679428545869, 
22, 0011111100, 0011111100, 0.5771498851163206, 0.9618858095583062, 7.469328377686795e-06 1.0829435329323722e-05 0.0008051875295711273 0.0030029223440881337 0.026317145075974643 0.16372237220075156 0.8061340740859075, 
23, 0011111100, 0011111100, 0.5763742730132663, 0.9605931937705827, 0.0 7.732933972335996e-05 0.00046358986511703046 0.0035330410545654804 0.02729995459935599 0.16900079885501068 0.7996252862862274, 
24, 0011111100, 0011111100, 0.5759276960199987, 0.9598493247059834, 0.0 0.0 0.0005081188484231347 0.004440104683150691 0.031528077310506816 0.16249510769994144 0.8010285914579779, 
25, 0001111100, 0001111100, 0.5749607059618803, 0.9582374211226233, 9.711538444019498e-05 0.00011273115331422713 0.00048056623771212633 0.0034484789678796376 0.02630564130953697 0.1845501407174857 0.7850053262296312, 
26, 0011111000, 0011111100, 0.5782172351546654, 0.9636644403572906, 0.0 0.00010089887184174287 0.00032140043603234343 0.003096087568266186 0.024242829104567744 0.15844934083898413 0.8137894431803079, 
27, 0011111100, 0011111100, 0.5750727101170359, 0.9584237153207438, 0.0 0.0 0.0002715208019505512 0.0043928353629345196 0.028611390065708325 0.17797033864751532 0.7887539151218913, 
28, 0011111100, 0011111100, 0.5748373160847071, 0.9580312098077206, 0.0 0.0 9.609129166236235e-05 0.003048510406531237 0.029626685318525497 0.18302947413038193 0.784199238852899, 
29, 0011111100, 0011111100, 0.5753643531906941, 0.9589095130118138, 0.0 1.2987771442958284e-06 0.0001728919653912527 0.0032880824424774834 0.03036759422914795 0.17524542439610233 0.7909247081897367, 
30, 0001111100, 0011111000, 0.5760451271650177, 0.9600455451790674, 0.0 0.0 0.00034263888461618194 0.0034943566079271545 0.028746267801217553 0.1703805679609154 0.7970361687453237, 
31, 0011111100, 0011111100, 0.5749966696105245, 0.9582966963995062, 0.0 4.874809943091301e-05 0.0006273611101613157 0.0059288949398592855 0.0281465979771158 0.17338675589135427 0.7918616419820784, 
32, 0011111000, 0011111000, 0.5765041914346531, 0.9608096727010254, 5.241438026133037e-05 0.0001572518233163016 0.00020391779381137516 0.004227008754339782 0.026194900236820154 0.16815472048379368 0.8010097865276574, 
33, 0011111100, 0011111100, 0.5772271369350362, 0.9620149069088697, 0.0 3.3099823988051636e-06 0.000487063079366471 0.003502258299919196 0.024105383976644267 0.16722821346427563 0.8046737711973957, 
34, 0011111100, 0011111100, 0.5774453039693884, 0.9623782299346663, 0.0 0.0 0.00021495354829506458 0.0020496460588059974 0.02123885650978794 0.17624415500282808 0.8002523888802829, 
35, 0011111100, 0011111100, 0.5751037003486296, 0.9584757223381913, 0.0 0.0 0.00045908980937980464 0.0054987703909501464 0.028780780828326184 0.17325143390382935 0.7920099250675144, 
36, 0011111000, 0011111100, 0.5730227078054374, 0.9550080433568545, 0.00023927215261501924 0.000303501180720755 0.00030591309386874947 0.0037610090980144516 0.03215874544924749 0.19017443047156601 0.7730571285539675, 
37, 0011110000, 0011111100, 0.5753827037139035, 0.9589407827470394, 0.0 2.9087883130141662e-05 0.0008225466140651418 0.004080627106896702 0.025272705420027138 0.18013238548510663 0.7896626474907742, 
38, 0011111100, 0011111100, 0.5753457470841065, 0.9588783617726556, 0.0 0.0 0.0003074005199962003 0.0023892129233447266 0.030277098616945795 0.17777839128015602 0.7892478966595573, 
39, 0011111100, 0011111100, 0.5750626669227739, 0.9584069563331613, 0.0 0.0 0.0005562175046906584 0.0035031295711060893 0.025573043231651504 0.18567791680564774 0.784689692886904, 
40, 0011111100, 0011111100, 0.5756243576608914, 0.9593426786083621, 0.0 0.0 0.0003123887297894557 0.0025630279103988434 0.027507097823966677 0.17999109405153957 0.7896263914843055, 
41, 0011111100, 0001111100, 0.5738287610675581, 0.9563511648064252, 0.0 0.0 0.00029653877363862023 0.0035258348433839064 0.03235422857861857 0.18542089437950512 0.7784025034248537, 
42, 0011111100, 0011111100, 0.577068453088744, 0.9617495757331557, 0.0 0.0 0.0002979120924971643 0.0027185282940780263 0.02608017825971169 0.1679949558294192 0.8029084255242939, 
43, 0011111100, 0001111100, 0.5775837141531811, 0.9626092020159681, 0.0 0.0 0.00019456571249345936 0.0031390640764492996 0.026602542427169744 0.160944247970531 0.8091195798133565, 
44, 0011111100, 0011111100, 0.5759264590157577, 0.9598467440818415, 0.00010817622597841988 0.0002490469718675386 0.00044130463732719417 0.00233463268513432 0.02635066230832107 0.17755480207239 0.7929613750989816, 
45, 0011111100, 0011111100, 0.5777161057934367, 0.9628297182227644, 0.0 0.0 0.0005837473024343379 0.0028581260390150437 0.024687446980952547 0.16273742937472607 0.8091332503028719, 
46, 0001111100, 0011111100, 0.577891598206389, 0.9631225770697321, 0.0 0.0 0.00031664826356210166 0.00396732519640692 0.023444861707114868 0.16120624552390847 0.8110649193090077, 
47, 0011111100, 0011111100, 0.5756558675299733, 0.95939650829378, 0.0 0.0 0.0004268072004847441 0.003568523106308213 0.02787420230560848 0.17545974750523893 0.7926707198823595, 
48, 0011111100, 0011111100, 0.577114415132305, 0.9618268025862654, 0.0 0.00017063209614776427 0.0005923855863113062 0.0027391464884192495 0.02502539014053217 0.16754826191010125 0.8039241837784882, 
49, 0011111100, 0011111100, 0.5752866722099992, 0.9587813261151008, 0.0 0.0 0.0006131859738428358 0.0038834518435326123 0.028558450242517134 0.1760920433983923 0.7908528685417151, 
50, 0011111100, 0011111100, 0.5773064865900518, 0.9621463601490526, 0.0 8.780714022468952e-05 0.0004407454581758805 0.0029341302993990833 0.026361085768922123 0.16339525913581582 0.8067809721974624, 
51, 0011111100, 0011111100, 0.5764085015384824, 0.9606505953116259, 3.447313634537515e-05 0.00022964798804476144 0.0005072011975686322 0.0030981653889947274 0.026366359868664636 0.1706853286773602 0.7990788237430216, 
52, 0011111100, 0011111100, 0.5734332816177962, 0.9556919034890027, 0.0 0.00023556149081423167 0.001609908801120186 0.004251005266125642 0.03158512170304558 0.18230787720296387 0.7800105255359305, 
53, 0001111100, 0011111100, 0.5753664988645102, 0.9589132215235597, 0.0 7.599238296872093e-05 0.0006542441791400313 0.003895311456420244 0.026203684034219216 0.17943042978953838 0.7897403381577133, 
54, 0011111100, 0011111100, 0.5763504972960692, 0.9605542365294858, 0.0 0.0 0.0003594753275529543 0.004349419520637768 0.025360986035486217 0.17146644887998788 0.7984636702363351, 
55, 0011111100, 0001111100, 0.5741513237932704, 0.9568887804473353, 0.00010803329310462587 5.353147594224838e-05 0.00040800892433680237 0.0035559716424210207 0.03127933432014982 0.18289284091273947 0.781702279431306, 
56, 0011111100, 0011111100, 0.5759683374884402, 0.9599165935614205, 0.0 0.0 0.0004682741478923956 0.004017660017972187 0.026541504145990793 0.17349135369400953 0.795481207994135, 
57, 0011111100, 0011111100, 0.5762361162613132, 0.9603628425377295, 0.0 0.0 0.0004214729743984483 0.003387384053809316 0.02716240636758907 0.17165008797942255 0.7973786486247807, 
58, 0011111100, 0001111100, 0.5758053686969016, 0.9596449395494032, 0.00016494268899049075 0.00024806425755597296 0.0008173008095269543 0.0031719108353763957 0.027716831360980878 0.17168178681565976 0.7961991632319095, 
59, 0011111100, 0011111100, 0.5751807102362396, 0.9586034840709127, 0.0 0.00011747836722737266 0.0010101739392643031 0.0046514422229885196 0.030792571603819704 0.168211538104725 0.7952167957619751, 
60, 0011110000, 0011111100, 0.5767380092854109, 0.9611995199209883, 0.0 0.0 0.0002574781743791557 0.003342062830641191 0.023825132188900946 0.17409651490682754 0.7984788118992512, 
61, 0011111100, 0011111100, 0.5765539964351384, 0.9608924517922963, 0.0 0.0 0.0003739445557932981 0.0031370143550148734 0.02657743673480824 0.17058359448838803 0.7993280098659956, 
62, 0001111100, 0011111100, 0.5759788307820921, 0.9599337847031347, 0.0 4.773865999082724e-05 0.00026632032812424176 0.0032163838582670206 0.026380028778143126 0.17668410803765347 0.7934054203378215, 
63, 0011111100, 0011111100, 0.5751513711398105, 0.9585554728856961, 0.0 0.0 9.196389118552207e-05 0.0035270663351289213 0.025844862433599333 0.18602838324849608 0.7845077240915902, 
64, 0011111100, 0011111000, 0.5755010676598734, 0.9591375550204212, 2.6139382881777625e-05 0.00010199259538781074 0.0004239758749749546 0.005108967085161925 0.026786551804897432 0.17391196223806185 0.7936404110186343, 
65, 0011111100, 0011111100, 0.5740057865032901, 0.9566465694742561, 0.0 0.0 0.0002869655857781285 0.004349411831445733 0.028641546546516274 0.1886413922239813 0.7780806838122786, 
66, 0011111100, 0011111100, 0.5760337141980003, 0.9600254822262153, 0.0 0.0 0.0002801812293257032 0.0029543835723306344 0.028177692815877464 0.17350784537665845 0.7950798970058077, 
67, 0011111100, 0011111100, 0.5753299411684226, 0.9588527002772687, 0.0 5.2767670475528346e-05 0.0007095840828391696 0.002970205686600011 0.029829378664616612 0.17521224926362092 0.7912258146318477, 
68, 0011111100, 0011111100, 0.5757472539434707, 0.9595487322213244, 0.0 0.0 0.00012907934869879766 0.0027452136116719165 0.029977376160014908 0.17400089612221223 0.7931474347574022, 
69, 0011111100, 0011111100, 0.575542723861816, 0.9592068546485434, 0.0 0.0 2.3510205521242955e-05 0.0033700772173252485 0.02764592891887986 0.1792627417969196 0.7896977418613541, 
70, 0011111100, 0011111100, 0.5741272276517345, 0.9568481142757438, 0.0 3.580594441433747e-05 0.0010968991211355015 0.0034403546607046404 0.027745228705176227 0.18853316674645756 0.7791485448221117, 
71, 0011111100, 0011111100, 0.5758466210186621, 0.9597133129856105, 0.0 0.00010714860366287685 0.0002600975137097601 0.003147762384996483 0.02751507891389713 0.17567054403039908 0.7932993685533347, 
72, 0000111100, 0011111100, 0.577677916789871, 0.9627656600018609, 0.0 0.0001426813222500256 0.0002742431323011148 0.003868078760839219 0.021853316878563234 0.1662847908087355 0.807576889097311, 
73, 0001111100, 0011111100, 0.5759750047360461, 0.9599286040562428, 0.0 0.0 0.0006328566635457674 0.002496157126051455 0.028617147526722543 0.1731741825767612 0.795079656106919, 
74, 0011111100, 0011111100, 0.5763821201887476, 0.9606070452759329, 0.0 3.6755049115135554e-07 0.0003780781818442685 0.0023134158509751 0.023560311163558424 0.18078270798452778 0.7929651192686032, 
75, 0011111100, 0011111100, 0.5774707064276706, 0.9624201835817487, 0.0 0.0 8.670028700817198e-05 0.002565281469189297 0.02305574605311951 0.1713247608476677 0.8029675113430152, 
76, 0011111100, 0011111100, 0.5737062349973617, 0.9561464866674472, 9.708308943021863e-05 4.61265549868629e-05 0.0006850259184962936 0.006062443407446379 0.029655331521639006 0.182069851744198 0.7813841377638031, 
77, 0011111000, 0011111100, 0.5760872037619408, 0.9601146906847982, 0.0 6.232354506867271e-05 0.0006235506775826073 0.0034588861527536413 0.025882229415905886 0.1743649181654651 0.7956080920432241, 
78, 0011111100, 0011111100, 0.5741298127680398, 0.9568523002300966, 0.0 5.146720766737347e-06 0.00040220354401418137 0.0036766486647452907 0.028930491022158358 0.18836072280097635 0.7786247872473391, 
79, 0011111100, 0011111100, 0.5743046253086442, 0.9571444934148277, 0.0 0.0 0.0006847408516808634 0.004598773351121523 0.03140924069288644 0.17777927466517324 0.7855279704391379, 
80, 0011111100, 0001111100, 0.5765396995935486, 0.9608693857954842, 0.0 9.885761830522899e-05 0.0003280117052280335 0.004163066412045864 0.02516995961399269 0.17014823185053388 0.8000918727998942, 
81, 0011111100, 0011111100, 0.5755464629184098, 0.9592137961531836, 0.0 0.0 0.00016779510287863865 0.00294410458292323 0.03193840062623833 0.1713369276681375 0.7936127720198223, 
82, 0011111100, 0011111100, 0.5756335479869582, 0.9593588012863288, 0.0 0.0 0.00042201294626034437 0.0035108574388412065 0.026578409594160742 0.1784697489921409 0.7910189710285969, 
83, 0011111100, 0011111100, 0.5760100593974642, 0.9599870412951461, 0.0 0.0 0.0002055868185735884 0.0037410646399757583 0.026688357783298644 0.17465549546830494 0.7947094952898472, 
84, 0011111100, 0011111100, 0.5774260264440565, 0.962345708680754, 0.00018195555982362653 0.00039239190313276786 0.0003400143196576691 0.0029502531105433825 0.0246385372406766 0.16338416394925637 0.8081126839169096, 
85, 0011111100, 0001111100, 0.5762818727091358, 0.9604395223150355, 0.0 0.0 9.635765962969688e-05 0.0040183293273357654 0.03016218053473822 0.164598086419785 0.8011250460585113, 
86, 0011111100, 0011111100, 0.5761374365574334, 0.9601979868093258, 0.0 0.0 0.00028948835794993805 0.002224788524694547 0.02508085116291083 0.18081805781234042 0.7915868141421042, 
87, 0011111100, 0011111100, 0.5736352446190902, 0.9560280023133706, 0.0 0.0 0.00031148885978485855 0.005661699749656709 0.031396402811620434 0.1828081258084264 0.7798222827705116, 
88, 0011111100, 0011111100, 0.5762576007125009, 0.9603985831482534, 0.0 0.0 0.000673442359069231 0.0035243127064778067 0.02773280971148188 0.1688761741318058 0.7991932610911653, 
89, 0011111100, 0011111100, 0.5753081854810951, 0.958816551290296, 0.0 0.0 0.0003123389136911006 0.0034680903068546945 0.02741538281887657 0.1806163000451427 0.7881878879154349, 
90, 0011100000, 0011110000, 0.5755536944499433, 0.9592247162326614, 4.8930163599082395e-05 0.0002073688435003871 0.0005663580453235194 0.004125943151839753 0.028311749306429233 0.17205451715526238 0.7946851333340457, 
91, 0001111100, 0011111100, 0.5750685476631509, 0.9584170982133581, 4.25256719535873e-05 4.281065452013697e-05 0.0004187414698273475 0.004941444188280754 0.028354080848242858 0.17582074327489275 0.7903796538922826, 
92, 0011111100, 0011111100, 0.5768707520900934, 0.9614208869814854, 0.0 0.00014504247704596744 0.0003257834746764813 0.003885978990597838 0.02715835611777355 0.1634716826198108 0.8050131563200953, 
93, 0001111100, 0011111100, 0.5762280980686617, 0.9603506318885567, 0.0 5.349475031795955e-05 0.0004816922150520341 0.0036815289805757286 0.02439427469276785 0.1758688297295981 0.7955201796316883, 
94, 0011111100, 0011111100, 0.5756760858226547, 0.959429290391343, 0.0 0.0 0.0002941051083371939 0.004056289746679794 0.028687364317442822 0.17270423934366794 0.7942580014838723, 
95, 0011111100, 0011111100, 0.5743682706268726, 0.9572497213693294, 0.0 0.0 0.0008537801183475872 0.004287426670089335 0.025620595591161643 0.18898308011804216 0.7802551175023593, 
96, 0001111100, 0011111100, 0.57392764401544, 0.9565154201129737, 7.376225445690608e-05 0.00010571084045239856 0.00072407799079553 0.005913640689217618 0.02925851071304524 0.18078209613622762 0.7831422013758047, 
97, 0011111100, 0011111100, 0.5768219332325052, 0.9613396000161823, 0.0 0.0 0.0002867827695528666 0.00337901291295967 0.027521502409688068 0.16563522526643956 0.80317747664136, 
98, 0011111100, 0011111100, 0.5748725602515715, 0.9580912047053367, 0.0 0.0 0.00020954347104563598 0.0039623538172033285 0.02775619070183753 0.1832151550285124 0.7848567569814011, 
99, 0011111100, 0011111100, 0.5756369700676657, 0.9593643717310182, 0.0 0.0 0.0002479463207706383 0.003222932292152132 0.028377391587271084 0.17639840427980988 0.7917533255199963, 
100, 0011111000, 0011111100, 0.5754091354229167, 0.958985092037626, 0.0 7.333334665184928e-06 0.0003012282118362827 0.004266640720750164 0.030017426852560623 0.1720130923862021 0.7933942784939856, 
run, initial grid state, final grid state, mean grid cell occupancy, mean binding site occupancy, fraction of time with N TFs bound, warning
1, 0011111100, 0011111100, 0.5758540219901375, 0.9597260302963642, 0.0 0.0 0.0005528848309883901 0.004139872282590978 0.02732834217561983 0.1723559776988485 0.7956229230119524, 
2, 0011111100, 0011111100, 0.5778568068369985, 0.9630638644000686, 0.0 0.0 0.00017951286617948895 0.002691542686834814 0.02585183464457209 0.1611204647852227 0.8101566450171909, 
3, 0011111100, 0011111100, 0.5763516000533698, 0.9605553808429984, 0.0 0.0 0.00019613671811424547 0.0033261431649388652 0.021940539591716133 0.1820236593913041 0.7925135211339267, 
4, 0011111100, 0011111100, 0.5764094355027993, 0.9606518484272947, 1.6533475639153093e-05 0.0003001517850670715 0.0007749302355625161 0.0033174963331649094 0.025540154500699262 0.17035643071391834 0.7996943029559488, 
5, 0011111100, 0011111100, 0.576188022031984, 0.9602826003100093, 0.0 2.8467146655264352e-05 0.0005271667631277867 0.0031843613816679053 0.02751893741679803 0.17146243637555703 0.797278630916194, 
6, 0011111100, 0011111100, 0.5755271496957854, 0.9591819048676357, 0.0 3.4716365526063096e-05 0.00035313507324894264 0.004275337544624152 0.02491597020650975 0.1806644956266675 0.7897563451834236, 
7, 0011111100, 0011111100, 0.5756094283176791, 0.9593186909949707, 0.0 0.0 0.000756219605733997 0.00546151546095516 0.029946876384449785 0.1647846764554745 0.7990507120933865, 
8, 0011111000, 0011111100, 0.574766928148335, 0.9579143859849452, 0.00028685247284412023 0.0003764748905504459 0.0006970226446393078 0.0043439211605070934 0.029290413843327062 0.17450951305377932 0.7904958019343526, 
9, 0011111000, 0001111100, 0.575377707641947, 0.9589324165743598, 0.0 0.0 0.0006600327643083603 0.002959923564512543 0.029306190267327496 0.17627321826841633 0.7908006351354352, 
10, 0011111100, 0011111100, 0.5766007920111734, 0.9609709659139022, 0.0 0.0 0.0001225909767963489 0.003945180732249018 0.026723983587153294 0.1684003312383468 0.8008079134654544, 
11, 0011111100, 0011111100, 0.5745606779873759, 0.9575698495581014, 0.0 0.0 0.0005738347344573267 0.003986014185470014 0.031306394023759426 0.1777147331096334 0.78641902394668, 
12, 0011111100, 0011111100, 0.5761242331950237, 0.9601768820374721, 0.0 3.5225406859815115e-05 0.0006307376429528565 0.0027802389419169862 0.030341781840199398 0.16721534966290624 0.7989966665051648, 
13, 0011111100, 0011111100, 0.576613885577669, 0.9609924509573493, 0.0 0.0 0.00014729796936829883 0.00360031342472237 0.025856962712584676 0.17094123667909467 0.79945418921423, 
14, 0011111100, 0010111100, 0.5778951527082693, 0.9631281993642881, 0.0 0.0 0.00016958900720607666 0.0017407388007386205 0.0221725925784357 0.17098504622636035 0.8049320333872592, 
15, 0011111100, 0011111100, 0.5757664591417652, 0.959581249466843, 4.274355473302659e-05 0.00025307655434361526 0.0003159172941479725 0.0029428485761301285 0.02776087503434009 0.17537669412516388 0.7933078448611413, 
16, 0011111100, 0011111100, 0.5757326737489935, 0.9595238281708527, 0.0 0.0 0.00020383205121627873 0.002445772269058025 0.028338998068183532 0.17802638982647803 0.7909850077850642, 
17, 0011111100, 0011111100, 0.5746462797682585, 0.9577133449592682, 5.3800436702058426e-05 0.0001551403317978836 0.0005168635961298679 0.003331245488419621 0.02718632150934503 0.18618759209672053 0.7825690365408849, 
18, 0011111000, 0011111000, 0.5753685177559726, 0.9589168706844065, 1.420728815686135e-05 4.6784288567872266e-05 0.00034508186078663377 0.0040523502769944635 0.029114219113702912 0.17441379422024525 0.7920135629515461, 
19, 0011111100, 0011111100, 0.577087537438571, 0.9617824802026496, 0.0 0.0 8.231046092887718e-05 0.002695725943716576 0.02350603344751759 0.1738766322142029 0.7998392979336341, 
20, 0011111100, 0011111100, 0.5770057900844537, 0.961646083007768, 0.0 0.0 8.185866413908344e-05 0.001659271296425055 0.02692802983618208 0.17096219373519658 0.8003686464680572, 
21, 0011111100, 0011111100, 0.5741021263577208, 0.9568070874714406, 0.00020709801753350664 0.0005713155263966605 0.001090576513952045 0.004149556327908905 0.028887989465137057 0.18047135546436247 0.7846221086847094, 
22, 0011111100, 0011111000, 0.5759248326310995, 0.959844493809746, 0.0 0.0 0.0004101299626655805 0.002786028330852783 0.029254268749373806 0.1724258947995566 0.7951236781575514, 
23, 0011111100, 0011111100, 0.576954956902455, 0.9615613707366885, 0.0 0.0 0.0 0.002845325101203443 0.02663985886666387 0.16881608254293093 0.8016987334892016, 
24, 0011111100, 0011111100, 0.5752736675304959, 0.9587589686505708, 0.0 0.0 0.0002133589283751306 0.004519520502659561 0.029647940799069575 0.173738309276957 0.7918808704929388, 
25, 0011111100, 0011111100, 0.5759373026496228, 0.9598648189330153, 0.0 0.0 0.0007068817529536854 0.003663153550074437 0.02235019732904096 0.18229370408178838 0.7909860632861425, 
26, 0011111100, 0011111000, 0.575924454344473, 0.9598432546710438, 1.9289567236105598e-05 0.0002836187388099907 0.0004722657805435678 0.004011267282857409 0.028394203785774876 0.1686953683339746 0.7981239865108034, 
27, 0011111100, 0011111100, 0.5742766637307375, 0.9570971557366456, 0.0 0.0 0.0007692626044773204 0.004203244800910968 0.028550299996002462 0.18462968076747982 0.7818475118311294, 
28, 0001111100, 0001111100, 0.5756827509405157, 0.9594400474959746, 0.0 0.0 0.00017175281623125075 0.003661866573479665 0.02943378389744029 0.17281953624390828 0.7939130604689405, 
29, 0001111100, 0011111100, 0.5772405760752324, 0.9620375425424009, 0.0 0.0 0.00017668417813471383 0.0035937123178020115 0.023112618293821968 0.17006163449200545 0.8030553507182357, 
30, 0000111000, 0011111100, 0.57634674856109, 0.960546553639444, 0.0 0.0 0.0004544825806618446 0.003877896920477976 0.023902163838853706 0.17546472940154736 0.796300727258459, 
31, 0011111100, 0011111100, 0.5758159020975442, 0.9596626825486971, 8.062008813704762e-05 5.7477138342403226e-05 0.00045276269640309464 0.0030925814609687238 0.025615115086829524 0.1789337731451046 0.7917676703842146, 
32, 0011111100, 0011111100, 0.5767528204520744, 0.9612240348282692, 0.0 0.0 9.882659402506691e-05 0.002134439060464157 0.026902333751571174 0.1720524999697498 0.7988119006241897, 
33, 0011111100, 0011111100, 0.5766779313591026, 0.9610989972108888, 0.0 0.0 0.00013069812011738617 0.0027266387731672086 0.024830773328650423 0.17504176127739557 0.7972701285006694, 
34, 0001111100, 0011111100, 0.5764890270349018, 0.9607850708673176, 2.7560888228529973e-05 0.00018066118219466434 0.0009440520411310468 0.0036603495690318423 0.025122269342309857 0.16921910799951112 0.800845998977593, 
35, 0011111100, 0011111100, 0.5759728301073004, 0.9599240645782731, 8.555898997017315e-06 7.7434957103786e-05 0.0008101052028100262 0.003343524472707084 0.027380491792464965 0.17198512453656922 0.7963947631393479, 
36, 0011111100, 0001111100, 0.575053056557913, 0.9583909501397968, 0.0 3.05789029045332e-05 0.0003907602191214636 0.004342260600470891 0.027529207903451234 0.17985316616189487 0.7878540262121569, 
37, 0011111100, 0011111100, 0.5776118656706153, 0.9626554869142263, 0.0 4.054825637144701e-05 0.0006920735913605987 0.003002102523198005 0.023134786289160752 0.165820162719427 0.8073103266204822, 
38, 0011111100, 0011111100, 0.574489142528952, 0.9574524535688853, 0.0 0.0 0.0001986007665060815 0.003675857670013954 0.029599140314963152 0.18426502188069574 0.782261379367821, 
39, 0011111100, 0011111100, 0.5752470201217896, 0.9587149656906531, 1.2584633062567029e-05 2.0610683952967322e-05 0.00030928620608011877 0.003889560251661262 0.030211899884494884 0.17420201928964738 0.7913540390511008, 
40, 0011111100, 0011111100, 0.5766168460512383, 0.9609971091103442, 0.0 5.7967711322988775e-05 0.0005919771917826539 0.003436513302647879 0.026650036105069306 0.16774998589610746 0.8015135197930697, 
41, 0011111100, 0011111100, 0.5752759797382822, 0.9587632278021729, 1.941387068544115e-06 2.4636854418686457e-05 0.0002933954037447202 0.003787310038653697 0.026935565580383777 0.18087915770075014 0.7880779930349804, 
42, 0011111100, 0011111100, 0.576705324448591, 0.9611445633001097, 0.0 0.0 0.0006528263025392662 0.004156095125335157 0.02401665553237464 0.17001971854842965 0.8011547044913213, 
43, 0011111100, 0011111100, 0.5731017869342511, 0.9551382550444083, 0.0 7.837456541515531e-06 0.0010451596297207332 0.007610820193960343 0.033148812682511374 0.17582055798505547 0.7823668120522106, 
44, 0011111100, 0011111100, 0.5751908912806525, 0.9586215365673906, 0.0 0.0 0.00024498086128058884 0.003214559476777499 0.029042624378932378 0.17956192996233752 0.787935905320672, 
45, 0001111100, 0011111100, 0.5747979766048581, 0.9579656142484884, 0.00010936703913166408 0.00019336265413965494 0.0006540371713224762 0.0036349577801947077 0.02783589458910565 0.18139048779949588 0.7861818929666099, 
46, 0011111100, 0011111100, 0.5760312528433318, 0.9600219240597677, 0.0 0.0 6.986121576121875e-05 0.0034567964523504334 0.026583105076494362 0.17605241126830978 0.7938378259870842, 
47, 0011111100, 0011111000, 0.5742084267348992, 0.9569840149187917, 4.438692104677359e-05 0.00016711516630215303 0.0010038601929794322 0.004452344747165711 0.030198891195403522 0.17922375572523713 0.7849096460518653, 
48, 0011111100, 0011111100, 0.5769898973611159, 0.9616192106672427, 0.0 0.0 0.00035435940019110833 0.0035766654954471826 0.025323692955369997 0.16748991599869786 0.8032553661502938, 
49, 0011111100, 0011111100, 0.5785471944474331, 0.9642139584666951, 0.0 2.281987184944607e-05 0.00021149026268902277 0.003570980907537715 0.023205939589287822 0.15663136688863735 0.8163574024799987, 
50, 0011111000, 0011111100, 0.5769931119388706, 0.961624330384895, 0.0 0.0 0.00019513455061816033 0.0030090156232698544 0.02635967934362402 0.16772707393109978 0.8027090965513882, 
51, 0011111000, 0010111100, 0.577058412816036, 0.9617338496286885, 5.003054675999141e-06 7.210725043742429e-06 0.0005236232562799964 0.004021304003633664 0.024209746262880853 0.16695293271281123 0.8042801799846746, 
52, 0001111000, 0011111100, 0.5745555035168137, 0.9575621001053978, 0.0 0.00014168982017387946 0.0006669315307774713 0.003276006419540175 0.028358345644583637 0.1847065135958449 0.7828505129890799, 
53, 0011111100, 0011111100, 0.5755853897632329, 0.9592788415869498, 2.7959242321196053e-09 3.9813480889456605e-05 0.0005270804071451368 0.0033626307979371644 0.026979122868123144 0.17797340653967023 0.7911179431103106, 
54, 0011111100, 0011111100, 0.5774161080458402, 0.9623297440630312, 0.0 0.0 0.0004990356292805359 0.0035044925562899613 0.026463781051886372 0.1605843533320478 0.8089483374304953, 
55, 0011111100, 0001111100, 0.57665875422678, 0.9610677803229905, 0.0 0.0 0.0002697558067411468 0.004412764118929902 0.02489527277561758 0.16948545692706754 0.8009367503716438, 
56, 0011111100, 0011111100, 0.5761247741980615, 0.9601771538224901, 0.0 0.0 5.658754884183406e-05 0.0033999378070684308 0.025049817363420268 0.1784112787216459 0.7930823785590235, 
57, 0011111100, 0011110000, 0.5762033855021274, 0.9603084635236696, 0.0 0.00011387657020661091 0.0005644492581746265 0.004053134160961104 0.02583603421587712 0.1714905680596127 0.7979419377351679, 
58, 0011111100, 0001110000, 0.5751860359061726, 0.9586131852049, 0.0 3.058646296064058e-05 0.0003839909020912363 0.0046852216203623585 0.027020130952346275 0.1785360660816516 0.7893440039805879, 
59, 0011111000, 0011101100, 0.5746495144175905, 0.9577187699539984, 6.681811990465436e-05 6.897420829330171e-05 0.0006555482993804273 0.004244103813298433 0.02947991546725175 0.17862726494319509 0.7868573751486763, 
60, 0011111100, 0011111100, 0.5766400668142894, 0.9610359684854766, 0.0 1.0074472464947472e-05 5.186002360724267e-05 0.002657831653809729 0.026007852121901896 0.17353717742515412 0.7977352043030621, 
61, 0011111100, 0011111100, 0.576250178470216, 0.9603868725104482, 7.1742213124320614e-06 0.00017259588417098634 0.0007692060051712996 0.002339392048922305 0.023595288419445047 0.17948716318223912 0.7936291802387389, 
62, 0011111100, 0011111100, 0.5757769010207325, 0.9595980118429541, 0.0 2.2499354983852022e-05 0.0002549529318800604 0.0036839759574938454 0.02694332107775361 0.1763410504118464 0.7927542002660424, 
63, 0011111000, 0011111100, 0.5748714963515507, 0.9580889470786835, 0.0 0.0 0.0002611364737053437 0.003191111600963686 0.028701301297436536 0.18344583423531388 0.7844006163925806, 
64, 0011111100, 0011111100, 0.575442052156166, 0.9590396782178408, 0.0 0.0 0.0006332001468214817 0.005058195783279096 0.027001540360950448 0.17405146203393168 0.7932556016750174, 
65, 0011111100, 0011111100, 0.5768886699042176, 0.9614514246952349, 0.0 0.0 0.00015757378825326758 0.003039355500383391 0.023101745473467147 0.17533959922749265 0.7983617260104036, 
66, 0011111100, 0011111100, 0.5759100819401574, 0.9598195377486044, 1.389041731425694e-05 4.5413138189188066e-05 0.0004427154149681045 0.0026805826292144964 0.02812066567925612 0.1747184244075143 0.7939783083135434, 
67, 0011111100, 0011111100, 0.575952316846709, 0.959890141049256, 0.0 0.0 0.0004573136085347618 0.00432346644733646 0.026506427574379127 0.1728466447795571 0.7958661475901925, 
68, 0011111100, 0001111100, 0.5735772461910947, 0.9559319804460348, 0.0 0.0 0.0004117751199140027 0.004384428516108977 0.03224799373756415 0.18511174382068035 0.7778440588057325, 
69, 0011111100, 0011111100, 0.5760741287724248, 0.960093338971432, 0.0 0.0 0.000359031321109661 0.004858136708033496 0.028339648917940313 0.16675013292698876 0.7996930501259278, 
70, 0011111100, 0011111100, 0.5755330371819771, 0.9591910507238788, 5.0585373564334134e-05 0.00018695692096341223 0.00041837411560474225 0.00524445498218562 0.02626594054874273 0.17367665630406298 0.7941570317548761, 
71, 0011111100, 0011111100, 0.5778509305225132, 0.9630535915286458, 0.00011389985667792813 0.00014480166989765705 0.0008524006683768331 0.003968217348439981 0.02213695485310318 0.16068287891353528 0.8121008466899692, 
72, 0011111100, 0011111100, 0.5763010880675644, 0.9604708882782578, 0.0 1.5133148531629923e-05 0.00045218116222211287 0.0029906454901989796 0.027998582326790568 0.17032117881472933 0.7982222790575274, 
73, 0011111000, 0000111100, 0.576804785643574, 0.9613107145360116, 0.0 0.0 0.00021161459352156588 0.0027393740224130837 0.02784200556956759 0.16738712120346946 0.8018198846110283, 
74, 0011111100, 0011111100, 0.5755957198986132, 0.9592962357247554, 0.0 0.0 0.0003067926415799487 0.004558586769577747 0.030591462378298642 0.16813673001981613 0.7964064281907275, 
75, 0011111100, 0011111100, 0.5761319286064263, 0.9601891656672722, 0.0 1.9066395619639326e-05 0.00019753098469772507 0.0032690761233908927 0.02610364743844887 0.17596502683240622 0.7944456522254366, 
76, 0011111100, 0011111100, 0.5763134507575783, 0.9604919374791494, 2.7927358774202206e-06 5.4251365673655547e-05 0.0009721163643385292 0.0032163910974255696 0.025056854494737376 0.17310901414236604 0.7975885797995814, 
77, 0011111100, 0011111100, 0.5765927590808293, 0.9609571079919887, 0.0002813680790218853 0.000233603631531511 0.0005742970569137022 0.0035943810603882866 0.02637861038385235 0.16556357323975449 0.8033741665485379, 
78, 0011111100, 0001111100, 0.5740598007180706, 0.956735627406306, 3.7613064731870375e-08 8.473233186412425e-05 0.0008448897062937879 0.003738307564103037 0.03329202468404827 0.17798381733887397 0.784056190761752, 
79, 0011111100, 0011111100, 0.5748921788441724, 0.9581236212977724, 0.0 2.330565601757594e-06 0.00038366874143503954 0.003313851097515438 0.031142222451791185 0.1774859462234875 0.787671980920169, 
80, 0001111100, 0011111100, 0.5764918107663959, 0.9607887953929735, 0.0 2.0987864465032304e-05 0.00038019221822633626 0.0036925106267547995 0.025358338497327423 0.17184731057201053 0.7987006602212159, 
81, 0011111100, 0011111100, 0.5745553524408384, 0.957561770384229, 0.0 0.0 0.0005071621981955993 0.00437707696840635 0.027832459100923437 0.18380457979477763 0.783478721937697, 
82, 0011111100, 0011111100, 0.5730948343220397, 0.9551274651451237, 0.0 7.132821929810479e-05 0.0009016233230076872 0.0061478815711376545 0.031673953206563986 0.18348052361419576 0.7777246900657967, 
83, 0011011100, 0011111100, 0.5741832271853603, 0.9569424836551566, 5.213333359116599e-05 0.00030582805065657406 0.0006680667172265903 0.005171443315686408 0.029150777670076053 0.180015005658113 0.7846367452546502, 
84, 0001111100, 0011111100, 0.5743543920392973, 0.9572273525863567, 0.0 0.0 0.00032707455058937976 0.004174022047385545 0.0283021662682646 0.18620118760081567 0.7809955495329447, 
85, 0011111100, 0011111000, 0.5756163655912603, 0.9593299310859091, 5.156402779090971e-05 9.29352110572656e-05 0.0010305327220341703 0.003990849548315664 0.028041305744058637 0.17106906224131208 0.7957237505054313, 
86, 0011111100, 0011111000, 0.5760610786411868, 0.960071845059348, 6.465471893140247e-05 2.862421090160097e-05 0.00045147754344666103 0.004636490337481879 0.02808544564000444 0.16715160780957553 0.7995816997396585, 
87, 0011111100, 0001111100, 0.57508679020855, 0.9584471663533705, 0.0 0.0 4.4590367696058176e-05 0.0036125880073982425 0.028601217705542588 0.18109844097571273 0.7866431629436503, 
88, 0011111100, 0011111100, 0.575689458264994, 0.9594512190481003, 0.0 0.0 0.000529703718909309 0.0030109618215968742 0.02728357972894869 0.17757382591307305 0.7916019288174722, 
89, 0011111100, 0011111100, 0.5748467621283919, 0.9580476804199115, 0.0 0.0 1.4603749079306918e-05 0.0019679415940055036 0.029978963922622774 0.18579374985695157 0.7822447408773409, 
90, 0011111100, 0011111100, 0.5767812586128109, 0.9612714815041893, 0.0 8.518899208122065e-05 0.0003517674240048407 0.0036447531051123634 0.024033218883890373 0.17153739923532052 0.8003476723595907, 
91, 0011111100, 0011111100, 0.577095435300687, 0.9617950173445652, 0.0 0.0 6.326803586596533e-06 0.0031808389459533908 0.026062190145266572 0.1675376915898693 0.8032129525153241, 
92, 0011111100, 0011111100, 0.5777577328478027, 0.9628984399405282, 0.0 0.0 0.0001369178711594854 0.0018497296207474596 0.02528691655658837 0.16593866689677333 0.8067877690547314, 
93, 0011111100, 0011111100, 0.57779052752801, 0.9629531664850106, 0.0 3.557898963684127e-05 0.0005723066437778125 0.0024580245336924883 0.02416875252870307 0.16410230090815772 0.8086630363960321, 
94, 0011111100, 0011111100, 0.5762425116937415, 0.9603733868548535, 0.0 0.0 0.00017230652791942866 0.004054375664803045 0.026503734132321866 0.17189985750014866 0.7973697261748071, 
95, 0011111100, 0011111100, 0.5757162871457076, 0.9594969428044018, 0.00011632894597428185 5.201397557326725e-05 0.0004873225305764093 0.003998758499736494 0.02820567570737766 0.17170338258360646 0.7954365177571555, 
96, 0011111000, 0011111100, 0.57563523724472, 0.959361383595954, 0.0 5.13550996462504e-06 0.0003361951958487076 0.0027109187164259326 0.026198308547884457 0.1819318668460106 0.7888175751838657, 
97, 0011111100, 0011111000, 0.5747287924467128, 0.9578501151052142, 0.0 0.0 0.0004517562690659931 0.0036257969378656143 0.0282121324217594 0.18379062863533502 0.7839196857359739, 
98, 0000111100, 0011111100, 0.5772632252393657, 0.9620740642524436, 6.903474579595383e-05 2.5558300759224662e-05 0.0006381554475552623 0.002758904908030008 0.022755995754091197 0.17067228648427382 0.8030800643594946, 
99, 0011111100, 0011111100, 0.5757334779131695, 0.959525052569605, 8.581665240582965e-08 2.867224054081099e-05 0.0006846025971501781 0.0038258959266405327 0.029098076424006785 0.1702935574632162 0.7960691095317932, 
100, 0011111100, 0011111000, 0.5768376388479034, 0.9613651913798625, 0.0 4.005048809335345e-06 0.000485692847584713 0.003399951871170481 0.02351981570678465 0.17260656805935828 0.7999839664662926, 
run, initial grid state, final grid state, mean grid cell occupancy, mean binding site occupancy, fraction of time with N TFs bound, warning
1, 0011111100, 0011111100, 0.5758037544595613, 0.9596421413552112, 0.0 0.0 0.0004290007870491629 0.0042821633571131345 0.026207300090506664 0.17517005846818395 0.7939114772971472, 
2, 0001111100, 0011111100, 0.5753919209455521, 0.9589558539101075, 0.0 1.1118034842468441e-05 0.0010164640689332143 0.003985330052302302 0.03148493313585203 0.16721757366079926 0.7962845810472706, 
3, 0011111100, 0001111100, 0.5759959245368322, 0.9599624113091175, 0.0 0.0 0.0007269850550632816 0.003042695002790469 0.029706952003183247 0.16877560291030436 0.7977477650286586, 
4, 0011111100, 0011111100, 0.5772584952049784, 0.9620669572857052, 0.0 0.0 0.00017821134448431784 0.004052121175385222 0.02653056356977715 0.16166792024212245 0.8075711836682309, 
5, 0001111100, 0011111100, 0.5752492357809216, 0.958719069157649, 0.0 0.0 0.0004343348463588101 0.0031549307583664424 0.028274857523397312 0.17993373834677648 0.7882021385251009, 
6, 0011111100, 0011111100, 0.5761473978809096, 0.9602152210334561, 0.0 0.0 0.0005652903098123413 0.002146208408548264 0.026351679472736388 0.17730552838889602 0.793631293420007, 
7, 0011111100, 0011111100, 0.5744324781507413, 0.9573564472178278, 1.1974792953616095e-05 3.369195490987527e-05 0.0005332278533722389 0.003797176051389301 0.028858725070299174 0.1843791184525075 0.7823860858245683, 
8, 0011111100, 0011111100, 0.5769173859230078, 0.9614989079405719, 0.0 8.655928544316971e-06 0.0004693823272724875 0.0029763191759637226 0.02849176085792745 0.1631732641610109 0.804880617549281, 
9, 0011111100, 0011111100, 0.5759453764675517, 0.9598785007637074, 0.0 0.0 0.0002499382944301196 0.0032199966426163977 0.026398789616813353 0.1772716730785593 0.7928596023675809, 
10, 0011111100, 0011111100, 0.5753106653696123, 0.9588206587947544, 1.956103628317515e-05 0.00011234036794191314 0.0008987806642187705 0.004611742317563111 0.0256715913958655 0.17762344677276984 0.7910625374453577, 
11, 0011111000, 0001111100, 0.5753031009809705, 0.9588089996158906, 0.0 8.391065281799861e-05 0.00037247075451419463 0.0041118278207340105 0.02921003660002131 0.1744810093602651 0.7917407448116475, 
12, 0011111100, 0011111100, 0.5753222849977524, 0.9588401727295291, 0.0 0.0 0.00024276365962542945 0.0030287020218289712 0.030343119160710474 0.17621556459741544 0.7901698505604197, 
13, 0011111100, 0011111100, 0.5736899755876674, 0.956120283313107, 8.738774233681814e-05 7.848503708620156e-05 0.0008403694085073718 0.005436504512012588 0.032030018932951015 0.178630519445937 0.7828967149211691, 
14, 0011111100, 0011011100, 0.5774636091976165, 0.9624082155900603, 0.0 3.321325563044775e-05 0.00021015311858798774 0.0027759462053696337 0.02530340258835734 0.16560938391431007 0.8060679009177445, 
15, 0011111100, 0011111100, 0.5754093882535372, 0.9589852626991936, 0.0 0.0 9.907227667462257e-05 0.0030560228233412873 0.028996717692117747 0.17853063084388032 0.789317556363986, 
16, 0011111100, 0011111100, 0.5748830936256484, 0.958107667418345, 0.0 1.0360508883567083e-06 0.0003130652388985845 0.003603601340861352 0.02783617819434149 0.18361339386862707 0.7846327253063831, 
17, 0001111100, 0011111100, 0.5747779988751014, 0.9579334572161615, 0.0 0.0 0.0007615889268890732 0.004279019859224802 0.026376351003069627 0.18376313941166164 0.7848199007991549, 
18, 0011111100, 0011111000, 0.5770938601487051, 0.9617924174793703, 0.0 0.0 0.00043242208450512513 0.0026078244175611327 0.022354873562165426 0.17498258640874298 0.7996222935270253, 
19, 0011111000, 0011111000, 0.5758706261075183, 0.9597541734799001, 0.0 0.0 0.00025614080564880654 0.0028722666406135844 0.02746128595286046 0.1769110240704427 0.7924992825304343, 
20, 0011111100, 0011111100, 0.5767888008240082, 0.961284427850068, 0.0 0.00012857013572613397 0.0005404727463835761 0.0035775700135396702 0.022925719813918867 0.1729045415669706 0.7999231257234611, 
21, 0011111000, 0011111000, 0.5752492882798732, 0.9587184529120953, 5.2285029937199175e-05 0.00014640790894755295 0.0012925107994291398 0.005155943916587282 0.03139203877677461 0.16322158030203826 0.7987392332662859, 
22, 0011111100, 0011111100, 0.5758282986485317, 0.9596832242547593, 0.0 8.53128356277375e-05 0.0004528107839158603 0.0037864379727483165 0.03183913622383499 0.16462526079172665 0.7992110413921464, 
23, 0011111100, 0011111000, 0.5770406264319617, 0.961704021226608, 0.0 0.0 0.0003525380182247076 0.0022945850713677633 0.025138909856380728 0.1712041456405886 0.8010098214134382, 
24, 0011111100, 0011111100, 0.5753572599645708, 0.9588986353179605, 0.0 2.29164782444636e-06 0.0005631804436850015 0.004189390587421845 0.02966446617652465 0.17244690396305984 0.7931337671814843, 
25, 0011111100, 0011111100, 0.5768206968483238, 0.9613373723436679, 2.6392749466441924e-05 0.00018310672257588022 0.0005585431112139619 0.0034190442555855423 0.023237518458547466 0.17193553369960798 0.8006398610030027, 
26, 0011111100, 0000111100, 0.5770736656357829, 0.9617587543123612, 0.0 3.239866258802868e-05 0.0004218503996129227 0.005772115887894011 0.025373411833884387 0.15953490788298974 0.808865315333031, 
27, 0011111100, 0011111100, 0.5763222833845253, 0.9605069090737969, 0.0 0.0 0.0004446860005128099 0.002988384776218748 0.024733737813648092 0.17674717159921433 0.795086019810406, 
28, 0011111100, 0011111100, 0.5759431070016807, 0.9598749211170172, 0.0 0.0 0.00032398747295965747 0.0035696769665552034 0.02836977409919629 0.17200594430799956 0.7957306171532892, 
29, 0011111100, 0011111100, 0.5760671434045095, 0.960081021431417, 0.0 0.0 0.00036381899556285564 0.004377745995797039 0.028927594684302976 0.1670701680732488 0.7992606722510883, 
30, 0011111100, 0011111100, 0.5765805192745214, 0.9609376523912243, 0.0 0.0 0.00013282572625671112 0.002626854497532 0.026163024417163432 0.17363617042070453 0.7974411249383434, 
31, 0011111100, 0011111100, 0.575859344613568, 0.9597353794634527, 0.0 0.0 0.0003930543640128487 0.003417050982106668 0.026433093128774218 0.17689816655936494 0.7928586349657413, 
32, 0000111100, 0011111100, 0.5778350424249364, 0.9630274956657474, 0.0 0.0 0.00022859033573261326 0.0020537747538814655 0.02358357807118085 0.16759218425857952 0.8065418725806256, 
33, 0001111100, 0001111100, 0.5752174332354143, 0.958665872382509, 0.0 9.542844019969303e-05 0.0007243527468052931 0.004470642213265285 0.02608387847870128 0.17905052891952758 0.7895751692015007, 
34, 0011111100, 0011111100, 0.5747626676514994, 0.9579072972045068, 0.0 0.0 0.0003181843618783709 0.0036589613141709888 0.030530292754971128 0.17924600987299105 0.7862465516959884, 
35, 0011111100, 0011111100, 0.5764984740915815, 0.9608002818888641, 6.036314288474264e-05 0.0001274939277336427 0.00045735906684249634 0.00375238385529765 0.027258945944499246 0.1665941804485772 0.801749273614165, 
36, 0011111100, 0001111100, 0.5755499029114763, 0.9592190754799803, 0.0 0.0 0.00027634476645152923 0.0037848067847846825 0.02795945901391891 0.17630682967212027 0.7916725597627247, 
37, 0011111100, 0011111100, 0.5764969406366819, 0.9607974559697786, 0.0 0.0 0.00013277109256165366 0.0026768796967800244 0.02764136869391974 0.1713708033329028 0.7981781771838358, 
38, 0011111100, 0011111100, 0.575568615213979, 0.9592511177126398, 0.0 6.881829828971907e-05 0.0007236215430988299 0.003836399151104795 0.03128183146082853 0.1671818556853448 0.7969074738613333, 
39, 0001111100, 0011111100, 0.5767530413883045, 0.9612251119041277, 0.0 0.0 0.0005050603889337393 0.0032316404236244706 0.02358362800025113 0.17376690974812298 0.7989127614390676, 
40, 0011111000, 0011111100, 0.5749161756568312, 0.9581635987621769, 0.0 7.072232380628585e-05 0.0008556937284803177 0.003925695388519856 0.027073554240309824 0.18131782624780557 0.7867565080710781, 
41, 0011111100, 0011111000, 0.5756578927238607, 0.9593988079650034, 0.0001244760410337221 0.00022674336852471032 0.0008006253654224957 0.00419829723028178 0.027202914194839025 0.17152335757894088 0.7959235862209575, 
42, 0011111100, 0011111100, 0.5768510883920069, 0.9613877028843655, 0.0 0.0 0.00021448921544287884 0.002496911132430718 0.02400928485675992 0.17530652272122252 0.797972792074144, 
43, 0011111100, 0011111100, 0.5756268239192063, 0.9593475869383324, 0.0 0.0 0.00011238881010181845 0.003011964585503609 0.026680055647190795 0.18106891807870554 0.7891266728784982, 
44, 0011111100, 0011111000, 0.5774667401133797, 0.9624143726935539, 0.0 0.0 0.000476896169854516 0.0024592149259655407 0.025237824339154218 0.16575288570305402 0.8060731788619716, 
45, 0011111100, 0011011100, 0.5767435026272305, 0.9612086705833973, 0.0 4.387438263001896e-05 0.00048801181723992027 0.003963939136367965 0.02877231312805022 0.16114011365230155 0.8055917478834104, 
46, 0011111100, 0011111100, 0.5763098184530541, 0.9604863179459125, 0.00012711218376926012 0.00015326122471610705 0.0008704012465205929 0.0037893131622635462 0.025721763268150653 0.16926004208915402 0.8000781068254258, 
47, 0011111100, 0011111100, 0.5784465317557332, 0.9640472746604235, 0.0 5.2791843524745526e-05 0.00040404238520869184 0.001989336526468701 0.0219473477448193 0.1639735182099562 0.8116329632900223, 
48, 0011111000, 0011111100, 0.5754434122311337, 0.9590422236671946, 0.0 0.0 7.109702611781302e-05 0.0033059825199678572 0.028545445157254278 0.17845343201794883 0.7896240432787112, 
49, 0011111100, 0011111100, 0.5758262068364419, 0.9596796002657291, 0.0 0.0 0.00018413093212411516 0.003986494001927645 0.028462996258803972 0.17230040015373843 0.7950659786534058, 
50, 0011111100, 0001111000, 0.5771982252493385, 0.9619660243661882, 0.0 0.0 0.0003744725791253078 0.004191740892606828 0.02857648970622762 0.15697776139609368 0.8098795354259466, 
51, 0011111100, 0011111100, 0.5762338564349783, 0.9603594894513855, 0.0 0.0 0.00010624018397927283 0.002873210419881216 0.03026951359158208 0.16825944411296226 0.7984915916915951, 
52, 0011111100, 0011111100, 0.575802691882186, 0.9596402785378791, 8.212528823636826e-05 2.990024957781746e-05 0.00014572610226582913 0.0035989508637326844 0.024287918825669202 0.18156048114381812 0.7902948975266999, 
53, 0011111100, 0011111100, 0.5740683640106645, 0.9567505636091308, 0.0 2.420249484351703e-05 0.0005875466662760362 0.0030854978101820954 0.031197484814283256 0.18537395614678032 0.7797313120676349, 
54, 0011111100, 0011111100, 0.5762812062743731, 0.9604378790915858, 0.0 1.571027604514644e-05 0.0007467916513249987 0.00283603929800025 0.02853210486991331 0.16873467983113133 0.7991346740735848, 
55, 0011111100, 0011111100, 0.5758403773315903, 0.9597033641275496, 0.0 0.0 8.306272850692271e-05 0.002796557601276973 0.028379248795429673 0.1762993939259853 0.7924417369488012, 
56, 0011111100, 0011111000, 0.5744013242621961, 0.9573058052210434, 2.265056868030911e-05 5.7101669935612445e-05 0.0006971867650725727 0.00421058021096883 0.028626750964239264 0.18306976729030505 0.7833159625307984, 
57, 0011111100, 0011111100, 0.5761986051872667, 0.9603000175964929, 0.00015712659055522508 0.00023726131688679966 0.0007884814370562632 0.0038115708105309998 0.026462137029835953 0.16855791605378717 0.7999855067613476, 
58, 0001111100, 0011111100, 0.5749219781863495, 0.9581724200632575, 0.0 0.0 3.489292680445171e-05 0.003927500951780746 0.03140828521053269 0.1762268346368296 0.7884024862740525, 
59, 0011111100, 0011111100, 0.5753992283064479, 0.9589673532555397, 7.171034210332801e-05 0.00027309047569482807 0.0004528667461418821 0.004083664875263195 0.030551896478792286 0.16923391146772496 0.7953328596142796, 
60, 0011111100, 0011111100, 0.5754426658662366, 0.9590408193640221, 0.0 0.0 0.00013074987995783486 0.003404812808557578 0.024922724545011946 0.18517219678033925 0.7863695159861334, 
61, 0011111100, 0011111100, 0.5750146890873469, 0.9583267371157453, 7.462032541524796e-05 0.0001880444586423465 0.00044426142273365916 0.004217161337249101 0.03147909981647644 0.17126490372418965 0.7923319089152935, 
62, 0011111100, 0011111100, 0.5746798433067396, 0.9577689547864562, 0.0 0.0 0.0005997016665972414 0.004224618305422614 0.028132700617850313 0.18204820846290604 0.7849947709472238, 
63, 0011111100, 0011111100, 0.5763062495418153, 0.9604795009503296, 0.0 0.0 0.00013445331631184332 0.00474342895766867 0.0262155899961874 0.16992371416739313 0.7989828135624389, 
64, 0011111100, 0011111100, 0.5751657784456181, 0.9585795656357616, 0.0 1.680465463751838e-05 0.00035734168101991923 0.004420371007302068 0.02754347109514906 0.17866116097595897 0.7890008505859324, 
65, 0011111100, 0001111100, 0.5767281045335164, 0.9611834183080543, 0.00012958988064709162 7.029692119768686e-05 0.0002780189826369001 0.0025013751422403394 0.022460275186461 0.1782337145316129 0.796326729355204, 
66, 0011111100, 0011111100, 0.5752303164485788, 0.9586863669962111, 6.886937110554604e-05 8.193167950437181e-05 0.0007572802269026778 0.00567685577177792 0.029378048538857993 0.16824313809791672 0.7957938763139348, 
67, 0011111100, 0011111100, 0.5757927759827468, 0.9596244414507045, 0.0 0.0 0.0003728748375963313 0.0036229006971599228 0.026666664534281695 0.17655982078534424 0.7927777391456179, 
68, 0011111100, 0011111100, 0.5764659938578249, 0.9607460430554432, 0.0 0.0002055893822809486 0.00010587117191482156 0.002146053268163988 0.023767566083163282 0.1800990180974573 0.7936759019970195, 
69, 0011111100, 0011111100, 0.5734539818125328, 0.9557266200186967, 0.0 0.0 0.000696993464049782 0.005628209842297356 0.032537094182140985 0.18089348814044756 0.7802442143710643, 
70, 0011111000, 0011111100, 0.5758064436999434, 0.9596475991962685, 4.642515287016119e-06 6.937717470275504e-05 0.00017166850275944273 0.0029575742892656814 0.02792638326154895 0.17632750045522036 0.7925428538012158, 
71, 0011111100, 0011111100, 0.5776893293766372, 0.9627850628665374, 0.0 0.0 0.0006123620180638914 0.0035818260808086603 0.02345982389896711 0.1631750486881596 0.8091709393140009, 
72, 0011111100, 0011111100, 0.5756941064666176, 0.9594598792897057, 0.0 6.930072616974512e-05 0.0003131251661723568 0.003526888919372402 0.02631967926833295 0.17842169467144411 0.7913493112485084, 
73, 0001111100, 0011111100, 0.5756318429154765, 0.9593554593228208, 0.0 0.0 0.00023921532934313727 0.0031079540631936842 0.029544514927033548 0.17449749070205375 0.7926108249783759, 
74, 0011111100, 0001111100, 0.5737090884883657, 0.9561508499953435, 0.0003335814817727179 0.00043077630326804654 0.0004961782951499451 0.0035891781886157495 0.02649288097954917 0.1932015199154182 0.7754558848362261, 
75, 0011111100, 0011111100, 0.5764129145552639, 0.9606573320169448, 0.0 0.0 0.0005680446353222642 0.002565820748598303 0.02494165452679089 0.17620305805766576 0.7957214220316228, 
76, 0011111100, 0011111100, 0.5764565661261253, 0.9607306611369586, 0.0 0.0 4.331440898154463e-05 0.0025683000315635685 0.02753837538478285 0.17266112467806627 0.7971888854966058, 
77, 0011111000, 0011111100, 0.5771560153147952, 0.961896829925911, 0.0 0.0 0.0006382146063257683 0.00341879352913711 0.024796729006041837 0.16621632341973588 0.8049299394387593, 
78, 0011111100, 0011111100, 0.5765434850883692, 0.9608758682757372, 0.0 0.0 0.0002082168765405246 0.0023897202054721754 0.02558382479238236 0.17557511263823372 0.7962431254873712, 
79, 0011111100, 0011111100, 0.5767175922575385, 0.9611658255606167, 0.00017590619451375233 8.700072813621589e-05 0.0006078984698315744 0.0027456171677492963 0.023082320299787896 0.17468151984638627 0.7986197372935949, 
80, 0011111100, 0011111100, 0.5751072924058821, 0.9584817249311587, 0.0 0.0 8.640784027689978e-05 0.0025303312047942617 0.024832436163277998 0.1915081531110007 0.78104267168065, 
81, 0011111100, 0001111100, 0.5755592125615271, 0.9592351178187778, 0.0 0.0 0.0005367975705791087 0.003767868564863836 0.02606457119052297 0.179009354729379 0.7906214079446551, 
82, 0011111100, 0011111100, 0.5757078141171613, 0.959482420831927, 9.783787783225376e-05 0.0002599953087535926 0.00041219312320521896 0.005134204251697503 0.028235075268124007 0.16769693541351494 0.7981637587568725, 
83, 0011111100, 0011111100, 0.5755336952252562, 0.9591937352657407, 0.0 0.0 0.00010103410125579152 0.002473923241152472 0.02513471038347254 0.18674226151013015 0.7855480707639891, 
84, 0011111100, 0001111100, 0.5742356366137783, 0.9570293330368759, 0.0 0.0 3.536249562399728e-05 0.0017623700875784968 0.027931234552859417 0.19653297242779452 0.7737380604361436, 
85, 0011111100, 0011111100, 0.5743137250483169, 0.9571595680739058, 0.0 0.0 0.0003163156344788131 0.003750822928381005 0.030973340697259297 0.1825781788389883 0.7823813419008926, 
86, 0011111100, 0001111100, 0.573699343479455, 0.9561355096890579, 0.0 0.00014240378119525455 0.0006769452685246297 0.004316324829770781 0.03088778625514459 0.1850425948859757 0.7789339449793891, 
87, 0011111000, 0011111100, 0.5762840618685819, 0.9604429974003934, 0.0 0.0 0.0003601278070299398 0.0021341549322983337 0.02751489165459724 0.17446925626343113 0.7955215693426433, 
88, 0011111100, 0011111100, 0.5747632188117513, 0.9579085153598186, 2.835892921004976e-05 0.00017659515001302673 0.00040028326114890114 0.004794519727429868 0.02657347165565706 0.18236414297756398 0.7856626282989772, 
89, 0001111100, 0011111100, 0.5761136896236034, 0.9601591981884825, 0.0 6.274125781604221e-05 0.00025749092519669305 0.0029554454676764988 0.028449233724294892 0.17193633702761893 0.7963387515973969, 
90, 0011111100, 0011111100, 0.5783835356434471, 0.9639427685107272, 0.0 0.0 0.00048614882079720494 0.0017956509304531665 0.022990493487947027 0.16303085388519403 0.8116968528756087, 
91, 0001111100, 0011111100, 0.5753281406855565, 0.9588494702976235, 0.0 0.0 0.00013564822402556737 0.003301265351203538 0.028430009111301644 0.17959677104194263 0.7885363062715266, 
92, 0011111100, 0011111000, 0.5766444677254531, 0.9610429892491743, 0.0 4.5095250915359875e-05 0.0007962626875534564 0.0036632755238075 0.027439193778684305 0.1644633233713725 0.8035928493876668, 
93, 0011111100, 0000110100, 0.5758005391288779, 0.9596373824689006, 0.0 0.0 2.570901633830297e-05 0.0026932472091298156 0.027367331487753086 0.17925846451834718 0.7906552477684317, 
94, 0011111100, 0011111100, 0.5762248901225565, 0.9603441111346005, 0.0 0.0 0.0003062704112403733 0.0022557496526542055 0.026164287210173696 0.17761442816912415 0.7936592645568076, 
95, 0001111100, 0011111100, 0.5768846906052827, 0.9614439828536084, 1.5062705117407297e-05 0.00011082909322205043 0.0003583266032040403 0.003736164456821041 0.026169404578036706 0.16571097224218118 0.8038992403214176, 
96, 0011111100, 0000111100, 0.5744298156444183, 0.9573522664405347, 0.0 2.8771787375609075e-05 0.000853539295448235 0.0037448787116211844 0.03058317642824428 0.17992739624676962 0.784862237530541, 
97, 0011111100, 0011111100, 0.5742399179539094, 0.9570361594161897, 0.0 7.697689737478891e-05 0.0003242718420698387 0.003965133819006596 0.03233088437904691 0.17954390143259552 0.7837588316299064, 
98, 0010111100, 0011111100, 0.5739846740160068, 0.9566107153074578, 0.0 2.997031289452598e-06 0.00020657331475763092 0.004065194888807094 0.02824179890581706 0.19081524726171992 0.7766681885976089, 
99, 0011111100, 0011111100, 0.5759897542764999, 0.9599517644982998, 0.0 0.0 0.0001479649256538777 0.004148704923567268 0.029904419880743917 0.1674425987753962 0.7983563114946388, 
100, 0011111100, 0011111100, 0.5727405338332386, 0.9545374917063976, 2.8149419439945898e-05 0.00024270759145494017 0.000344949399405732 0.0053337659414565315 0.03228033217605879 0.1894508555135906 0.7723192399585935, 
run, initial grid state, final grid state, mean grid cell occupancy, mean binding site occupancy, fraction of time with N TFs bound, warning
1, 0011111100, 0011111100, 0.5779736467349347, 0.963258423102777, 4.3029848903020216e-05 7.66104236383665e-05 0.0005847523018941992 0.0031746773605836995 0.02271331530927718 0.16251855826384556 0.8108890564918579, 
2, 0011111100, 0011111100, 0.575971204872669, 0.959921634331932, 0.0 4.396484347709587e-05 0.00040448130818977236 0.0035954536780852197 0.02704248493403807 0.1737611136559317 0.7951525015802782, 
3, 0011111100, 0011111100, 0.5762968066409595, 0.960464647490496, 8.19336300918034e-05 1.8140181165365945e-05 0.0004436289262056918 0.004379881259811508 0.02959202437740575 0.16253160413157813 0.8029527874937418, 
4, 0011111100, 0011111100, 0.5754425180502309, 0.9590402534106756, 0.00022738999867672008 0.0002558007173114447 0.0010596600121507188 0.005033701298772628 0.02700051127965454 0.16977436945309995 0.7966485672403341, 
5, 0011111100, 0001111100, 0.5762301114958308, 0.9603534011163376, 3.396978705417542e-05 0.00010022966863359723 0.0002829858973683913 0.003337571688081778 0.02584555888258156 0.17433884981759915 0.7960608342586812, 
6, 0011111100, 0001111100, 0.5755231210845678, 0.9591751240910148, 0.0 0.0 8.111738097803932e-05 0.002523169718354543 0.02854028851203187 0.17997469975087171 0.7888807246377637, 
7, 0011111100, 0011111000, 0.5749909378564704, 0.9582882349882292, 0.0 0.0 0.0006014823661307493 0.003518909781948285 0.0303714203923869 0.1765650904754828 0.7889430969840512, 
8, 0011111100, 0011111100, 0.5766945295215937, 0.9611266011786016, 0.0 6.657187734161103e-05 0.0005965059655827407 0.003325988916992722 0.022785269346949074 0.17497300423447484 0.798252659658659, 
9, 0011111100, 0011111100, 0.5734616171276671, 0.9557383116187173, 0.0 0.0 0.0009168256645401034 0.0043543742284724825 0.033327987778413774 0.18218372938729133 0.7792170829412822, 
10, 0011111000, 0011111100, 0.5766660339611941, 0.9610796839058084, 0.0 0.0 0.00013989945235428708 0.003742662390217202 0.023013845533097287 0.17570662051888664 0.7973969721054447, 
11, 0011111100, 0001111100, 0.574881465807129, 0.9581054554854167, 0.0 2.959864208505267e-05 0.0006120441446846723 0.004306396519401591 0.02915531683228591 0.17754127407555823 0.7883553697859845, 
12, 0011111100, 0011111100, 0.573874917467024, 0.9564281015448277, 3.792968326091766e-05 0.00019599547914402824 0.000612950119588148 0.0044044351357705605 0.029301931238184035 0.1859548668737153 0.779491891470337, 
13, 0011111100, 0011111100, 0.5741885212383319, 0.9569511592071319, 0.0 0.0 0.00032816552055038155 0.0037527809026391976 0.030400071100949305 0.18492189776519202 0.7805970847106691, 
14, 0011111100, 0011111100, 0.5749201769689226, 0.9581708952130006, 0.0 0.0 0.0003902130831128075 0.004590167648853858 0.029013273868770284 0.1776167257054423 0.7883896196938207, 
15, 0011110100, 0011111100, 0.5746884317568897, 0.9577835683803392, 0.0 0.0 0.00084311518842761 0.0043621828359707215 0.02918633522928019 0.17846690999778267 0.7871414567485389, 
16, 0011111100, 0011111000, 0.5786736028642283, 0.9644260621727719, 5.72927148482913e-05 7.661097999450705e-05 0.0003036286919406766 0.003633823959075533 0.021315571010452897 0.15796968710841103 0.816643385535277, 
17, 0001111100, 0011111100, 0.5786713609904083, 0.9644207531774448, 0.0 0.0 0.0003057214838212444 0.0017558047545270336 0.02359060516109431 0.15980397041427638 0.8145438981862809, 
18, 0011111100, 0000111100, 0.5773597290044923, 0.9622351515219888, 7.107673026153019e-06 5.41043722142492e-05 4.5180574716499866e-05 0.0026187056504880925 0.02638056505210324 0.16547795361430126 0.8054163830631504, 
19, 0011111000, 0011111100, 0.5752613390629694, 0.9587386961233554, 0.0 0.0 0.0005206929398775398 0.004390155706189535 0.029145888218006788 0.17402280794577596 0.7919204551901501, 
20, 0011111100, 0011111100, 0.5745682680374706, 0.9575845841551504, 0.0 8.195847117026646e-05 0.0007011863140248968 0.00332775694208673 0.027258708076289422 0.18677727047830725 0.7818531197181214, 
21, 0011111100, 0011111100, 0.5752541129834665, 0.9587270315699513, 0.0 4.996887295501572e-06 0.0004262542970419213 0.00494049145691631 0.027907567425169432 0.17527119973455893 0.7914494901990179, 
22, 0011111100, 0011111100, 0.576196514314753, 0.960296417194805, 0.0 0.0 0.00029172531474634645 0.003970574589927859 0.029204453034696137 0.1667339657330092 0.7997992813276205, 
23, 0011111100, 0011111000, 0.5773266181054891, 0.9621801994053815, 0.0 0.0 3.75276714864728e-05 0.0038095460610012423 0.024546635554688365 0.16624678358938408 0.8053595071234397, 
24, 0011111100, 0011111100, 0.5762349578311796, 0.9603612167415999, 0.0 0.0 0.00022213707035263376 0.003927219979760944 0.024251385121847602 0.17665972108601188 0.794939536742027, 
25, 0011111100, 0011111100, 0.575637118637562, 0.9593654570896111, 0.0 0.0 1.3650579686533836e-05 0.0026178574371486614 0.028051551870049003 0.1797959790920436 0.7895209610210722, 
26, 0011111100, 0011111100, 0.576425218161092, 0.9606774062645548, 0.0 0.0 0.00010902346608332224 0.002337044764235196 0.02572976530528624 0.1770288036450597 0.7947953628193355, 
27, 0011111100, 0001111100, 0.5760367623869329, 0.9600310841193478, 0.0 0.0 0.0003104173185006777 0.003646602873662641 0.02695093934042494 0.17373013870807294 0.7953619017593389, 
28, 0011111100, 0011111100, 0.5778112767069284, 0.9629877146652471, 0.0 1.2848763445899599e-05 0.0004555865014624678 0.0029582280333317282 0.021407132296579444 0.16849817349228355 0.806668030912897, 
29, 0011111100, 0011111100, 0.5759197591044519, 0.9598362285966284, 9.505590581258137e-05 0.00016576624711195625 0.0002586420341655754 0.003485104661023162 0.025335251225594303 0.17742307717887304 0.7932371027474194, 
30, 0011011100, 0011111000, 0.5760432968366841, 0.9600410071095198, 0.0 0.0 0.00021847271809837646 0.0026530960570782303 0.029043892321472458 0.17283299365630833 0.7952515452470426, 
31, 0011111100, 0001111100, 0.5763374349561854, 0.9605320219213171, 0.0 0.0 0.00039814175154467417 0.0023036387315322634 0.023659544568190447 0.18098529613494121 0.7926533788137914, 
32, 0011111100, 0011111100, 0.5745637065509146, 0.9575757414636539, 0.0003692622273910294 0.0003200464585932521 0.0009633524507359486 0.004067162413286765 0.027127390118563792 0.18042006828083287 0.7867327180505964, 
33, 0011111100, 0011111100, 0.5747637273268108, 0.9579092559110229, 2.2570645968062534e-05 0.0001457752860815468 0.00045150757568498446 0.004077725864714312 0.029032565401208802 0.17957582552834572 0.7866940296979966, 
34, 0000111100, 0011111100, 0.5742237787354048, 0.9570097442227247, 0.0 0.0 0.00023234542522640453 0.004865156482754572 0.03076277519468334 0.180891133125116 0.7832485897722197, 
35, 0001111100, 0011111100, 0.5767565008075582, 0.9612308128304968, 0.0 0.0 0.00043469230379621185 0.0038457490570750555 0.025440288468693038 0.16845852969322295 0.8018207404772127, 
36, 0011111100, 0011111100, 0.5745268236707967, 0.9575142276184563, 0.0 4.7209533370179784e-05 0.0009417872704165322 0.00311832612477134 0.02967816211956416 0.18220013492730344 0.7840143800245742, 
37, 0001111100, 0011111100, 0.5758868374576759, 0.959781716970219, 0.0 0.00011374532417070297 0.0006900953811222314 0.003308976437369653 0.028130399205385834 0.17179286231046334 0.7959639213414883, 
38, 0011111100, 0011111100, 0.5770802153614795, 0.9617691230208353, 0.0 4.5251905961831404e-05 0.00041395652088403696 0.0029417205473057993 0.026505530425917488 0.16566695376789004 0.8044265868320408, 
39, 0011111000, 0011111100, 0.5749909683797955, 0.958287306891697, 4.7270323596908926e-05 6.19852811377389e-05 0.0008290515734593073 0.0032168860560044003 0.027937598604319425 0.18084054863205762 0.7870666595294246, 
40, 0011111100, 0011111100, 0.5746327694346127, 0.9576911603464393, 0.0 0.0 0.000469073167801698 0.003907353335724636 0.027577968595032237 0.18509874805291848 0.7829468568485229, 
41, 0011111000, 0011111000, 0.5754877464527883, 0.9591157491362824, 0.0001587314442985966 0.00025303790071249006 0.00028070273783922193 0.0029911327279743727 0.027527405159319184 0.1779369075590335 0.7908520824708227, 
42, 0011111100, 0011111100, 0.5765970315877098, 0.9609646203768216, 0.0 0.0 0.0002795789499997525 0.0033927376895055987 0.026883150649947472 0.1691494475706594 0.8002950851398878, 
43, 0001111000, 0011111100, 0.5752389277887636, 0.9587018823593879, 0.0 1.105817581233524e-05 0.000566471929375217 0.004044792706721471 0.027758429355875903 0.17781629041519373 0.7898029574170212, 
44, 0011111100, 0011111100, 0.5774175844190055, 0.9623319444289207, 0.0 2.198889177424567e-05 0.0005797908517484438 0.0027902070747276146 0.02497299405806646 0.16526261622029584 0.8063724029033873, 
45, 0011111100, 0011111100, 0.5767466089239878, 0.9612129266575684, 0.0 0.0 1.2650036330279848e-05 0.0034132197234641847 0.022717198074087938 0.1769977845906998 0.7968591475754178, 
46, 0011111100, 0001111100, 0.5753415912535044, 0.9588721482509033, 7.832317514050574e-05 0.00024176596213965187 0.00030489808806646434 0.0026962077155779974 0.025776575940032444 0.1842269742539742 0.7866752548650687, 
47, 0001111100, 0011111100, 0.5754886751340765, 0.9591175336946961, 2.596304088440679e-06 0.00010706886114964527 0.0005861873957501103 0.0027882573098519407 0.025999633899728047 0.18203508638953306 0.7884811698398988, 
48, 0011111000, 0011111100, 0.5757541820562242, 0.9595602065850536, 0.0 0.0 0.0003892599946007895 0.00419113109695803 0.030155998955971736 0.16819632930845813 0.7970672806440113, 
49, 0011111100, 0011111100, 0.5751240749257347, 0.9585093096396995, 0.0 0.0 0.00030682863341453527 0.00530804331593346 0.028299017843145886 0.1751946619940528 0.7908914482134534, 
50, 0011111100, 0011111100, 0.5754513550911708, 0.9590550088179006, 0.0 4.436938461122058e-06 0.0005582191213123403 0.0037651979527710943 0.025992467916408434 0.18013435622391075 0.7895453218471362, 
51, 0011111100, 0011111100, 0.5767877888038122, 0.9612826020590913, 0.0 0.0 0.00032498059083132516 0.0036246151517923065 0.024174799014915992 0.17178102179691793 0.8000945834455424, 
52, 0011111100, 0011111100, 0.5758663271183365, 0.959746466926579, 0.0 0.0 0.0004260151967631138 0.0025968287509275188 0.025953434695962268 0.18011978200876802 0.7909039393475792, 
53, 0011111100, 0011111100, 0.5747301075511572, 0.9578520086892923, 0.0 0.0 0.00027809426235511186 0.0034938905394108094 0.029947996071996184 0.1813979070526015 0.7848821120736363, 
54, 0011111100, 0011111100, 0.5757618902842135, 0.9595722698608439, 0.0 0.0 0.0005173866029169161 0.004324337324553323 0.028426465046319672 0.17067089235696944 0.7960609186692406, 
55, 0001111100, 0011111100, 0.5771649322099772, 0.9619112224737038, 0.0 0.0 2.751798405403892e-05 0.002333477023088359 0.02501139045619547 0.17139938123990467 0.8012282332967574, 
56, 0011111100, 0011111100, 0.5750192517076188, 0.9583351916340939, 9.002199836326495e-05 0.0002627136052965408 0.001077946767977774 0.004917944925934508 0.028466022893289585 0.17213748254248123 0.793047867266657, 
57, 0011111100, 0011111000, 0.5766979878792899, 0.9611330254470751, 0.0 5.6021248472418094e-05 0.0012960038081975777 0.003563804547588555 0.025261634523806774 0.1665230431520175 0.8032994927199171, 
58, 0011111100, 0011111100, 0.5738159028498465, 0.9563291230988632, 0.0 6.237475941272008e-05 0.000712860927409346 0.0039035493608987996 0.031945303133586476 0.18326068955024996 0.7801152222684428, 
59, 0011111000, 0011111100, 0.5755128986968214, 0.9591569802682471, 0.0 0.0 0.0002649170138426338 0.003768919555572803 0.02611387412695016 0.18046394341452737 0.789388345889107, 
60, 0011110100, 0011111100, 0.5764636614691135, 0.9607418887834807, 0.0 0.0 0.000422551019378814 0.0034861799747286397 0.02638311747497584 0.17063368834746237 0.7990744631834543, 
61, 0011111100, 0011111000, 0.5735980815708691, 0.955966489469009, 0.0 0.0 0.0004376121448891219 0.003926998949236125 0.03139604504505875 0.1878775276685634 0.7763618161922526, 
62, 0011111100, 0011111100, 0.5753919557032644, 0.9589561740515108, 0.0 0.0 0.0002638501156917356 0.004394019490447129 0.028229556103398147 0.17556638455003054 0.7915461897404324, 
63, 0011111000, 0011111100, 0.5745895193601389, 0.9576185912607788, 0.0 2.7590305746169313e-06 0.0008792851724235748 0.004252893174974024 0.029105707234842425 0.17978742259815286 0.7859719327890324, 
64, 0011111100, 0011111100, 0.5761321767474622, 0.9601900449446956, 0.0 0.0 0.0002451720782510155 0.001967663916015398 0.026627842455812727 0.17872036535915034 0.7924389561907705, 
65, 0011111100, 0011111100, 0.5755587614619475, 0.9592339664622013, 0.0 1.4346427510238828e-05 0.0002873064123594619 0.005038064451536508 0.024915152361591104 0.17843074536201248 0.7913143849849902, 
66, 0011111000, 0011111100, 0.5773746540887467, 0.9622603297027035, 5.816278665908745e-05 0.0004202977846228508 0.0007037719455580431 0.002831249684424519 0.020260570161375273 0.17215757898245446 0.8035683686549058, 
67, 0000111100, 0011111100, 0.5766165608553605, 0.9609971839526551, 0.0 0.0 0.00022802392849155832 0.00309856919481425 0.028117884636471815 0.16757332371271524 0.8009821985275071, 
68, 0011111100, 0001111100, 0.5768359654517528, 0.9613624798119018, 3.487801274665764e-05 5.1100876869303834e-05 0.0005421051133113247 0.003487347422628757 0.023644519264411308 0.17144084741780902 0.8007992018922236, 
69, 0011111100, 0011111100, 0.5750244167364204, 0.9583442164011398, 0.0 1.9620663229624427e-06 0.00030942762366919287 0.003135954992810131 0.028767868251415838 0.1817435792856081 0.7860412077801737, 
70, 0011111100, 0011111100, 0.577593193104399, 0.962624888613964, 0.0 6.12836621054865e-05 0.0003726473349417355 0.0033452791845238242 0.02264160133654778 0.1671346204392537 0.8064445680426274, 
71, 0000111100, 0011111100, 0.575863568483648, 0.959742196352265, 0.0 1.5593753215698967e-05 0.0004740888266475853 0.00434442224985063 0.029646491339941575 0.1672462483843075 0.798273155446037, 
72, 0000111100, 0001111100, 0.5769715795682876, 0.9615889033315267, 0.0 0.00010101586197989326 0.00033730280786854874 0.0028773916134630364 0.0241369502456734 0.17170621413772927 0.8008411253332858, 
73, 0011111100, 0011111100, 0.5763709927762761, 0.9605885263763452, 0.0 0.0 0.00027813504439036047 0.0032065636733689343 0.025556751808479505 0.17462310692730157 0.7963354425464596, 
74, 0011111100, 0011111100, 0.5758902084310861, 0.9597859822090703, 0.0 0.0 0.000447001487642853 0.003922951473903762 0.023785936764841087 0.18015537284361383 0.7916887374299983, 
75, 0011111100, 0011111100, 0.5765862382772804, 0.960946015945217, 0.0 0.0 0.00011350482111056644 0.0036471999664460584 0.02906965910725354 0.16478896693041062 0.8023806691747791, 
76, 0011111100, 0011111100, 0.5741026034105963, 0.9568072277712006, 5.48938227497396e-05 9.257897137993857e-05 0.0005533669978113685 0.004955827939985543 0.028502326823298056 0.18427877012159993 0.7815622353231754, 
77, 0011111100, 0011111100, 0.5765218708864077, 0.9608395778178874, 8.406042366584141e-05 5.732509939698945e-05 0.0005149679288013776 0.0026941540874103596 0.024653641926237556 0.17472192722378382 0.797273923310704, 
78, 0011111100, 0011111100, 0.5749209458422354, 0.9581708053651861, 0.0001504941569210234 6.31974909995851e-05 0.0006800882436971294 0.004490065786747242 0.029504519289531583 0.17455662649826517 0.7905550085338383, 
79, 0011111100, 0011111100, 0.5762232152034396, 0.9603420031185165, 0.0 0.0 9.380511793480032e-06 0.002547386622083116 0.025385581835792575 0.1794971357038931 0.7925605153264377, 
80, 0011111100, 0001111100, 0.5756432990147278, 0.9593757896247457, 9.253795670168739e-05 8.652397126129695e-06 0.00016631466166450862 0.0034627077100204424 0.026249847731376164 0.1795936952862141 0.790426244256897, 
81, 0011111100, 0011111100, 0.5754434080220712, 0.9590424949760311, 0.0 0.0 0.00041173915998003486 0.003975863596858796 0.028331689617803107 0.1755071034777108 0.7917736041476472, 
82, 0011111100, 0011111100, 0.5761765964359553, 0.9602640253247154, 0.0 7.603995043096088e-06 0.0005955800489114011 0.003912389937887196 0.026802705177760303 0.17065292771166382 0.7980287931287341, 
83, 0011111100, 0011111100, 0.5741957886925906, 0.9569620732770283, 5.024338348212696e-05 0.0002665503352227665 0.0009441153743542091 0.00569525244968567 0.032069357414488985 0.17159241468537179 0.7893820663573944, 
84, 0011111100, 0011111100, 0.5781792578347227, 0.963601390535313, 0.0 0.00012666458550839195 0.00037475989315685767 0.0030386892364103663 0.020916100973608128 0.16531102463150568 0.8102327606798106, 
85, 0011111100, 0011111000, 0.5751643833838017, 0.9585770318974731, 0.00010632881315276735 6.71121103300367e-05 0.0002996372162827423 0.003076621584542241 0.02795310729029452 0.1812296469852478 0.7872675460001499, 
86, 0011111100, 0011111100, 0.5750580691187253, 0.9583991365419462, 9.605692646276383e-06 0.00011738662661285627 0.0007715088229757263 0.0042661883360983624 0.02933850045014888 0.17439901225888513 0.7910977978126329, 
87, 0011111100, 0011111100, 0.5765566138376523, 0.9608969331010415, 0.0 0.0 0.0007774787762891962 0.003458642389059407 0.02868963995237467 0.16375327921666644 0.8033209596656102, 
88, 0011111100, 0011111100, 0.574314484066205, 0.9571601238342211, 8.765794227483726e-05 0.00032763830412827784 0.00043951928622347963 0.00402951601485733 0.030994025807688112 0.17904044101554165 0.7850812016292863, 
89, 0001111100, 0011111100, 0.576833052770902, 0.9613575313247482, 0.0 0.0 0.0002876940246293658 0.0024376666242764177 0.028301264242297255 0.1667885075955699 0.8021848675132272, 
90, 0011111100, 0011111100, 0.5780997875954584, 0.963468097478608, 0.0 2.8443581315108706e-05 0.0002118062125058259 0.002778013731338731 0.02435889668277269 0.16115013781219112 0.8114727019798766, 
91, 0011111100, 0011111100, 0.5769214520810998, 0.9615056676687604, 0.0 0.0 0.00030239075817692845 0.0030333729399215177 0.026089901455344015 0.16847650922427715 0.8020978256222804, 
92, 0011111100, 0011111100, 0.5751542848434293, 0.9585598889239806, 0.0 0.0 0.0003724268987792091 0.004149521044078295 0.028339901028961896 0.1780225936708407 0.7891155573573398, 
93, 0011111100, 0011111100, 0.5760830227292085, 0.9601088107847238, 0.0 0.0 0.000760012104118594 0.0036807037099360848 0.029994195254003174 0.16527658523736888 0.8002885036945733, 
94, 0011111100, 0011111100, 0.5764309038165979, 0.9606869987230607, 0.0 2.0122584838072456e-05 0.0009597859045501549 0.0031556748793739927 0.02917825436443173 0.16411471775225914 0.8025714445145469, 
95, 0011111100, 0011111100, 0.574923609792129, 0.958175561002488, 2.628878833997817e-05 0.00013392157333737327 0.0004458105872576293 0.0037879776712178115 0.0271601770449651 0.18265176393573035 0.7857940603991518, 
96, 0011111100, 0011111100, 0.5758325581878923, 0.9596907405760957, 0.0 7.783726232426506e-05 0.0008916594684792983 0.004347175397322227 0.026989007655108078 0.17088019085570438 0.7968141293610618, 
97, 0011111100, 0011111000, 0.5774064606218279, 0.9623138434114696, 0.0 0.0 9.674165390338215e-05 0.0030283810170331806 0.022828081935030036 0.1709886659944088 0.8030581293996246, 
98, 0011111100, 0001111100, 0.5756403650163949, 0.9593702978921959, 0.0 0.0 0.00015991183320791946 0.00338582700260824 0.028154566900946948 0.17667195050427395 0.7916277437589629, 
99, 0011111100, 0011111100, 0.5769495907805119, 0.9615518087295146, 1.213570605170159e-05 9.67461732779798e-05 0.0002203767209697621 0.0029291292370887665 0.022025154841421337 0.17641339824222438 0.7983030590789661, 
100, 0011111100, 0011111100, 0.5766105765303935, 0.9609870229987765, 0.0 0.0 9.252502044842355e-05 0.0029706317038266997 0.026625962333649784 0.17154394214676805 0.798766938795307, 
run, initial grid state, final grid state, mean grid cell occupancy, mean binding site occupancy, fraction of time with N TFs bound, warning
1, 0001111100, 0011111100, 0.5756187491110724, 0.9593342792810999, 0.0 0.00013427958601860772 0.0003407542016859849 0.0034728847709361204 0.027059575392194918 0.1774221044793645 0.7915704015697999, 
2, 0011111100, 0011111100, 0.5768461546319253, 0.9613800511981146, 0.0 0.00016564702930819419 0.00023700336431144246 0.002773063300155336 0.02608454497000796 0.1694551643670429 0.8012845769691742, 
3, 0001111100, 0011111100, 0.5763727155427726, 0.9605899812792704, 0.0 0.0 0.00023434552124647866 0.003970962879726145 0.030311508946854183 0.1629868237065045 0.8024963589456686, 
4, 0011111100, 0011111100, 0.5752426592879791, 0.9587074265158992, 0.0 0.0 0.0003588104381826236 0.003617908246165329 0.02821848453518359 0.17902950534301046 0.788775291437458, 
5, 0011111100, 0011110100, 0.5764550420808984, 0.960727209792038, 0.0 0.0 0.0004753168340111062 0.004494326758868981 0.026415766757160338 0.16742096012080027 0.8011936295291592, 
6, 0011111100, 0011111100, 0.5773146172594972, 0.9621600123519033, 0.0 0.0 0.0005792534477023851 0.0038825359098211636 0.024808852582140443 0.16345759920402686 0.8072717588563092, 
7, 0011111100, 0011111100, 0.5780306523790457, 0.9633537173039975, 0.0 0.0 0.00034578054726509816 0.002180216270486989 0.022554504621001108 0.1668449159334906 0.8080745826277561, 
8, 0000111100, 0011111100, 0.5732865740353752, 0.9554474000577573, 0.00029109437610155055 0.0002437667699320543 0.000684642821096494 0.004381129481395503 0.032082757079472224 0.1843027256596699 0.7780138838123323, 
9, 0011111100, 0011111100, 0.5770615085928432, 0.9617382150047015, 0.0 0.0 3.115101850239294e-05 0.002945603264318846 0.024247770956627963 0.17211375419156807 0.8006617205689828, 
10, 0011111100, 0011111100, 0.5749698813446, 0.958252247999046, 8.913864001092456e-05 0.00034922536897057576 0.0005485145292233852 0.004044821675048981 0.02981470480146738 0.17424762057583065 0.7909059744094481, 
11, 0011111100, 0011111100, 0.5738268683104311, 0.956347580507266, 0.0 0.0 0.0008846806947543364 0.003930890471504228 0.033802447992990654 0.17897822677689357 0.7824037540638572, 
12, 0011111100, 0011111100, 0.5777317937751117, 0.9628564127393969, 0.0 0.0 0.0001239553109523228 0.0024678390607531507 0.023700320780278755 0.16756154357699268 0.8061463412710231, 
13, 0011111100, 0011111100, 0.5766846859529351, 0.9611107710771186, 0.0 0.0 0.000646930824254822 0.004142311169218536 0.027553775085818015 0.16321316656097684 0.8044438163597317, 
14, 0001111100, 0011111100, 0.5765051081168664, 0.9608114813973339, 0.0 0.0 0.0006472685452127234 0.003302124995220524 0.025218352389725654 0.17219895767003465 0.7986332963998065, 
15, 0011111000, 0011111100, 0.577262003255534, 0.9620723457870431, 0.0 0.0 0.0004383710057076386 0.004501977990086479 0.021503678350427335 0.1692991505837971 0.8042568220699815, 
16, 0011111100, 0001111100, 0.5767055663034473, 0.9611450837043781, 0.0 0.0 0.00017367709255533556 0.0033112440004960833 0.026898421556695102 0.1687042142886308 0.8009124430616227, 
17, 0011111100, 0011111000, 0.5755662361194925, 0.9592465970819355, 9.478582902823175e-05 0.0003175530908767382 0.0004540589316842669 0.0031297640612794066 0.027950528414351312 0.1752573523405563 0.7927959573322237, 
18, 0011111100, 0011111100, 0.5737979704474595, 0.9562994935564859, 0.0 1.2383954150676725e-05 0.00050858103511833 0.003468925700151363 0.03152376733983005 0.18665248296974332 0.7778338590010062, 
19, 0001111100, 0011111100, 0.577026489818598, 0.9616796878736016, 0.0 0.0 0.0003002864519617125 0.003840936909523628 0.026583570444070108 0.16403077533383237 0.8052444308606121, 
20, 0011111100, 0011111100, 0.5736025602362803, 0.9559742809476004, 1.8138088589395793e-05 7.15858949509121e-05 0.000769824490323802 0.005108774764400132 0.03300340056868345 0.17927513291624436 0.7817531432768079, 
21, 0011111000, 0011111100, 0.5763578169942387, 0.9605651738475965, 4.977846406073797e-06 2.7079732051122753e-05 0.0008498612432058084 0.0026096635463040037 0.026691715888287094 0.17183182378741899 0.7979848779563269, 
22, 0011111000, 0011111100, 0.5768556373997946, 0.9613953496602914, 0.0 0.0 0.00028869039024389924 0.003617280961189695 0.02631725831428657 0.1669867809651346 0.8027899893691453, 
23, 0001111100, 0011111100, 0.5769867313911672, 0.9616144394033697, 0.0 0.00011712359085809616 0.0002768399265447897 0.003462738954044275 0.02668630567015007 0.16485955771687935 0.8045974341415234, 
24, 0011111000, 0011111100, 0.5748451899004562, 0.9580448915155209, 0.0 5.412568623480342e-06 0.0003569893721636789 0.0048670570294112765 0.03187010686856051 0.1719342457497482 0.7909661884114929, 
25, 0011111100, 0011111100, 0.5758190767694884, 0.9596675673274998, 0.0 0.0 0.00014412463651867138 0.002847210308848917 0.02881127964566383 0.17525390727105242 0.7929434781379162, 
26, 0011111100, 0011111100, 0.5762517534670968, 0.9603883629081331, 0.0 0.0 0.00040112255288339793 0.0030758913688286285 0.028071249510302987 0.17069515921257686 0.7977565773554082, 
27, 0011111100, 0011111100, 0.5755322279552246, 0.9591894298844857, 0.0 6.288513056885628e-05 0.00030896530884657583 0.0036158410941026105 0.03380068114484887 0.16486424823284926 0.7973473790887838, 
28, 0001111100, 0011111100, 0.5762416766841937, 0.9603727105187837, 0.0 0.0 0.00025293181307190936 0.004084531000369457 0.02640816880830225 0.17168207901729818 0.7975722893609583, 
29, 0011111100, 0001111100, 0.5768782805870859, 0.9614327239319349, 0.0 0.0 0.00020803489898908704 0.002645910025532678 0.028593933322300678 0.16544592009123466 0.8031062016619429, 
30, 0011111100, 0011111100, 0.5763544301963708, 0.9605602084898912, 0.0 0.0 0.0002866837351508367 0.0032107245801127025 0.02574181270587886 0.17437621496795344 0.7963845640109041, 
31, 0001111100, 0011111100, 0.575474954820304, 0.9590944925634756, 0.0 4.836045131388164e-05 0.000374599211446728 0.004725748420933757 0.027221316145354037 0.1750729679632809 0.7925570078076707, 
32, 0011111100, 0011111000, 0.5765434413768831, 0.9608750036338958, 2.659052750110626e-05 3.0098420698642727e-05 0.00020307684066644735 0.0036313341962674432 0.022020142028009317 0.17869334892063987 0.7953954090662172, 
33, 0011111100, 0011111100, 0.5761914146345969, 0.9602885558866716, 0.0 0.0 0.00038842689188825226 0.0036489392990389675 0.028490266151737824 0.168787606911824 0.7986847607455109, 
34, 0011111100, 0011111000, 0.5766148586494487, 0.960995054010026, 0.0 0.0 0.00011964295632120398 0.002462372567809316 0.02621044122413394 0.1737431039628636 0.797464439288872, 
35, 0011111100, 0011011100, 0.5755821132184494, 0.9592725940294807, 0.0 0.0 0.0004103395100657783 0.004279224876175212 0.025438875650165647 0.1790076518539955 0.7908639081095978, 
36, 0011111100, 0011111100, 0.5749954241892818, 0.9582959696460871, 0.0 0.0 0.000552172368415885 0.0034105206670080714 0.03177772076597553 0.17422848911683805 0.7900310970817624, 
37, 0011111100, 0011111100, 0.5765705042220176, 0.9609209803500084, 0.0 0.0 0.00021990623850745103 0.002806222591717171 0.024863512096056934 0.17544880097865442 0.7966615580950641, 
38, 0011111100, 0011111100, 0.5778640577287689, 0.9630760042670028, 0.0 0.0 0.0002974891956344105 0.002617793100391958 0.02482959672621733 0.16284144486183577 0.8094136761159205, 
39, 0011111100, 0011111100, 0.5736568650837217, 0.956064218256349, 0.0 0.0 0.00013102498589666114 0.0037651973230982045 0.03289853161190943 0.18599793532520553 0.7772073107538902, 
40, 0011111100, 0011111100, 0.5758104940637654, 0.9596539790997465, 0.0 0.0 0.00031592166863265487 0.0030274952815828576 0.030927694114581097 0.1698745646530798 0.7958543242821237, 
41, 0011111100, 0011111100, 0.5758132285992604, 0.9596583319530888, 0.0 0.0 0.000348575273766177 0.0034153568207599084 0.03246365466342785 0.16548232739726787 0.7982900858447782, 
42, 0011111100, 0011111100, 0.5733902482403433, 0.9556199294521751, 0.0 0.0 0.000469188178416604 0.005149770900424628 0.032196952469116726 0.18456045293377618 0.7776236355182659, 
43, 0011111000, 0011111100, 0.5770722962814065, 0.9617559057890058, 8.845228899518647e-06 2.9410856398713017e-05 0.0005856776659731425 0.0036198376416627775 0.02436763901165722 0.16732693799837983 0.8040616515970288, 
44, 0011111100, 0001111000, 0.5748363857804347, 0.9580307821274615, 0.0 0.0 0.00034556431969697275 0.004052717365341115 0.030357450324301753 0.17755999721181567 0.7876842707788445, 
45, 0011111000, 0011111100, 0.5779863339856764, 0.9632804488746038, 0.0 7.746642240456172e-07 0.00036668382001031006 0.0032100081115244536 0.022637931080006623 0.16394081165662946 0.809843790667605, 
46, 0011111100, 0011111100, 0.5759264602142878, 0.9598469913342818, 0.0 6.057673090429532e-05 0.0007542600102941762 0.004024918868849856 0.028870529547513978 0.16778231259703366 0.7985074022454041, 
47, 0001111100, 0001111100, 0.5744084246975143, 0.9573169016090168, 6.062394372622171e-06 0.00014058559741792224 0.0005140618460140483 0.0037731469927796343 0.029033886274553097 0.18391582708107243 0.7826164298137903, 
48, 0011111100, 0011111100, 0.5758480495274461, 0.9597155339242446, 0.0 0.0 0.00030935820451446583 0.003578564384688622 0.028609833325705866 0.17251400383099716 0.7949882402540939, 
49, 0011111000, 0011111100, 0.5771750999323944, 0.9619278843696615, 0.0 0.0 0.000594110532646321 0.0036687508313284403 0.02664057962621141 0.1617688399050376 0.8073277191047762, 
50, 0011111100, 0011111100, 0.5761274220137591, 0.9601821690776194, 0.0 0.0 0.0007127261700073451 0.0033907135869888604 0.028409323492294625 0.16906529310869736 0.7984219436420118, 
51, 0011111100, 0011111100, 0.5758753658090502, 0.959762091672769, 0.0 0.0 0.0005164682964354185 0.003088711527477928 0.028168470148337718 0.17375850189853506 0.7944678481292139, 
52, 0011111100, 0011111100, 0.5744721316015708, 0.9574231704110133, 0.0 0.0 0.0005215778308889979 0.006040125841474248 0.02900999371868069 0.17723430124858003 0.787194001360376, 
53, 0001111100, 0011111100, 0.5762598964719934, 0.9604024833322818, 5.248918581758226e-05 0.00011463293742157162 0.0001730299581984111 0.0026545689668155564 0.026946491979154913 0.1741481895127454 0.7959105974598466, 
54, 0011111100, 0011111100, 0.5736797162376246, 0.9561030017768859, 2.920435618638992e-05 0.00030873594489097593 0.0007671976911230314 0.004209820673406879 0.02998756001822455 0.1859897106559494 0.7787077706602188, 
55, 0011111100, 0011111100, 0.5765709933347678, 0.9609212403165793, 0.0 0.0 0.0005111159018693083 0.0040737530570839646 0.02764145627368371 0.16492392277442772 0.8028497519929353, 
56, 0011111100, 0011111100, 0.5775829064897736, 0.9626067562197019, 0.0 4.8251243390355785e-05 0.0006839093676142358 0.0026942816107676034 0.02458854634309752 0.164122631475881 0.8078623799592494, 
57, 0001111100, 0011111100, 0.5750215171109221, 0.9583380571813644, 0.0 4.6403204425062445e-05 0.00038671374147078815 0.005097368593212993 0.02823627712508491 0.17642812589399667 0.7898051114418094, 
58, 0011111100, 0011111100, 0.5744590003264849, 0.9574014063616898, 1.082016704899924e-05 5.302502168456713e-05 0.0003938994749518519 0.002928054053341966 0.03002166357205662 0.18485842851519912 0.781734109195717, 
59, 0011111100, 0011111100, 0.5767573338885787, 0.9612315398789738, 0.0 5.738174414918535e-06 0.0003793087554491701 0.0036290814682306168 0.02344507373874664 0.17328744295009968 0.7992533549130589, 
60, 0011111100, 0011111100, 0.5766410446796406, 0.961038043997261, 0.0 0.0 0.00016090644455674146 0.0038304953174589608 0.02494434975988253 0.17174792476606587 0.7993163237120359, 
61, 0011111100, 0001111100, 0.5764286886674608, 0.9606834711525376, 0.0001291405708362375 0.0001248022449613185 0.0007263866993553297 0.003962467783082787 0.025294438596115573 0.16911849109604984 0.800644273009599, 
62, 0011111100, 0011111100, 0.5777327867414562, 0.9628572172829978, 0.0 9.298099638337179e-06 0.0003771810493138574 0.0031344919238697378 0.02615208888975315 0.1595938280554504 0.8107331119819745, 
63, 0011111100, 0011111100, 0.5762955200555975, 0.9604619037328471, 0.0 0.0 0.0002919936971816846 0.0024790862778926877 0.02617700897804163 0.17626932602442963 0.7947825850224544, 
64, 0011111100, 0011111100, 0.5745125441451716, 0.9574906232214182, 0.0001658625966349102 0.0001191182675060133 0.0003692415128112815 0.0035871859549594792 0.028690374733084893 0.18384622037185866 0.7832219965631447, 
65, 0011111100, 0011111100, 0.5755401927211863, 0.9592030646821211, 8.748753301870254e-05 4.597769938003449e-05 0.0005614334610667682 0.0028731808458101514 0.02845531335747512 0.1762508951156132 0.791725711987636, 
66, 0011111100, 0000111100, 0.5756861671160293, 0.9594466689662571, 0.0 0.0 0.0008859654131336618 0.004455055061397276 0.028719102145971634 0.1689727550737884 0.7969671223057091, 
67, 0011111100, 0011111100, 0.575155241136524, 0.9585614260036526, 0.00011243996621290841 0.0002483491146322304 0.0012136600993373102 0.0047055603644549455 0.024965501325888793 0.17781273446515497 0.7909417546643188, 
68, 0011111100, 0011111100, 0.5759039932420855, 0.9598102752685886, 0.0 0.0 0.00025644866162822356 0.0032047653298567587 0.026306257035606552 0.17788574368117177 0.7923467852917367, 
69, 0011111100, 0011111100, 0.5762240600628054, 0.9603429366345879, 0.00011542694181499026 5.2270589029618666e-05 0.0006722285958749907 0.0026649163180147767 0.02680316168171876 0.17269847889545298 0.7969935169780938, 
70, 0011111100, 0011111100, 0.5750651894663704, 0.958412107927384, 0.0 0.0 0.0006281248697510361 0.005045590894124223 0.031661126443456276 0.16855582738740651 0.7941093304052619, 
71, 0011111100, 0011111100, 0.5750905590734421, 0.9584536155072182, 0.0 2.166025063872337e-05 0.00020932687911209605 0.004066751252270344 0.028672368290017607 0.17878770785020223 0.7882421854777589, 
72, 0011111100, 0011111100, 0.575649155917884, 0.9593847356832846, 0.0 0.0 0.0006381258103670959 0.003294230350514579 0.026182984187496997 0.1788904232322865 0.7909942364193348, 
73, 0011111100, 0011111100, 0.5763374531434746, 0.9605323725773175, 0.0 3.0452068323925845e-05 0.0007043081991620787 0.0034271948368356053 0.028202196113247327 0.16715029466082645 0.8004855541216047, 
74, 0011111100, 0010111100, 0.5782481283538865, 0.9637164181471796, 0.0 1.6257367635702802e-05 0.0004547784839996908 0.0027181705226433026 0.02397541467414447 0.1596957494265269 0.81313962952505, 
75, 0011111100, 0011101100, 0.575077737619989, 0.9584325611426624, 0.0 0.00019830741807108832 0.0007151252891704581 0.004996898073705598 0.029579992261953864 0.17140191615196357 0.7931077608051355, 
76, 0011110000, 0001111100, 0.5760107302014252, 0.9599872004146747, 0.00014932691702618483 0.00034170335076867464 0.0011468419307057913 0.004736457602447107 0.026220792445559474 0.1662339938346676 0.8011708839188251, 
77, 0011111100, 0011111100, 0.5770988015915878, 0.9618007221482591, 0.0 0.0 0.00041129990641525807 0.002344903885184156 0.02532825930627153 0.16985923721668952 0.8020562996854396, 
78, 0011111100, 0011111100, 0.5767271445368327, 0.96118144932323, 0.0 3.6701671170904518e-06 0.00031993028262714544 0.0029189867156592213 0.024975892839470663 0.1729044862686072 0.7988770337265186, 
79, 0011111100, 0011111100, 0.5750717189503427, 0.9584224620700085, 0.0 1.5424878068254106e-05 0.0004891249266768921 0.0037571912344905164 0.030831197933736336 0.1744976339119559 0.7904094271150721, 
80, 0011111100, 0011111000, 0.5762074382487714, 0.960316020727405, 0.0 0.0 3.557327928401174e-05 0.0034169141986627803 0.026422788097758134 0.17486526372692937 0.7952594606973657, 
81, 0011111100, 0011111100, 0.5776619625030832, 0.9627390472528978, 0.0 0.0 0.0004798307958237897 0.002727330939479034 0.02281662511554596 0.16783115024978845 0.8061450628993627, 
82, 0011111100, 0011111100, 0.5747432976049928, 0.9578750111656882, 0.0 7.740093707130069e-06 0.0005408192388367829 0.004494520907291666 0.030927514675770307 0.17520936350857233 0.7888200415758219, 
83, 0011111100, 0011111100, 0.575122761078187, 0.9585073712586394, 0.0 0.0 0.00042498339413685454 0.0042382756840009415 0.028417414782489145 0.17770618225463575 0.7892131438847373, 
84, 0011111100, 0011111100, 0.5759814640920777, 0.9599385619205213, 0.0 9.432057215032122e-06 0.0008911857533378685 0.003990195319824623 0.029373665757706002 0.1660388077025603 0.7996967134093562, 
85, 0011111100, 0011111100, 0.5756924506472155, 0.9594567637873384, 1.8177539547284441e-06 0.0002134669301370212 0.00023862175239463645 0.0026372514750194974 0.027024873543863952 0.179265187579191 0.7906187809654391, 
86, 0001111100, 0011111100, 0.5768418952459698, 0.961372490889051, 0.0 2.685937962253888e-05 0.00048598584070912425 0.0020934384141047466 0.024580353729875645 0.1742457917026809 0.798567570933007, 
87, 0011111100, 0011111100, 0.5754723744754235, 0.9590889677004705, 8.646201510957308e-05 0.00015619963951280427 0.000631968918317237 0.0042296223847831695 0.025624469444207158 0.1777007417929232 0.7915705358051469, 
88, 0001111100, 0001111000, 0.573909792547189, 0.9564853536331492, 0.0 4.595022868701389e-05 0.0005560309817681496 0.003957493433121572 0.02744364720293606 0.19187422842535995 0.7761226497281273, 
89, 0001111100, 0011111100, 0.5749670565511871, 0.9582484698973698, 0.0 0.0 0.0002945735706213258 0.0037694195345437166 0.02838638639904996 0.18124985493156553 0.7862997655642194, 
90, 0011111100, 0011111100, 0.5759601546580817, 0.9599030971903145, 5.415548036348252e-05 0.00011187013360518429 0.0008384274626888263 0.003698604634638001 0.02992430822961299 0.16539899309401096 0.7999736409650805, 
91, 0011111100, 0011111100, 0.5773742790260818, 0.9622593067592682, 0.0 0.0 0.0001487855759870438 0.0019677289237594133 0.025261447131468495 0.16942293610622705 0.803199102262558, 
92, 0011111100, 0011111100, 0.5752962412504637, 0.9587964324639784, 0.0 0.0 0.0 0.0023641616247865767 0.0293597734056583 0.18140937353045292 0.7868666914391022, 
93, 0011111100, 0011111100, 0.5771699088872239, 0.9619188869747024, 0.0 4.6571462762582863e-05 0.0004527944904279708 0.00228418739520342 0.026124345719751366 0.1673413892511469 0.8037507116807078, 
94, 0011111100, 0001111100, 0.5745378405387607, 0.9575323313791095, 0.0 0.0 0.00015924391082144918 0.004225692667332319 0.02966933580698323 0.18215328646609383 0.7837924411487692, 
95, 0011111100, 0011111100, 0.5758203147706207, 0.9596702613162278, 0.0 6.308670807446752e-05 0.00016188233285136165 0.001953665757716518 0.026059497713763626 0.18303547653017746 0.7887263909574165, 
96, 0011111000, 0001111100, 0.5744666602840401, 0.9574133122906473, 9.249413143341384e-06 6.74168652561981e-05 0.0004290170847359778 0.005321357753980044 0.029816704235555085 0.1778139953789806 0.7865422592683488, 
97, 0011111100, 0011111100, 0.5771913166852173, 0.9619549769747235, 0.0 1.1158062840756914e-05 0.0005752969504541158 0.0031289286378666436 0.021853394707993135 0.17281958470605185 0.8016116369347934, 
98, 0011111100, 0011111000, 0.5762010824257732, 0.960304067711975, 0.0 0.0 0.0003533886292791792 0.0034569343208681823 0.02718755157521594 0.1720161330979964 0.7969859923766404, 
99, 0011111100, 0011111100, 0.5757652572846772, 0.9595781426869466, 0.0 1.0283397356669107e-05 9.762151400248209e-05 0.002980091760933938 0.029587152847591367 0.17397465985754307 0.7933501906225725, 
100, 0001111000, 0011111100, 0.5766789273233145, 0.9611012896559924, 0.0 0.0 0.00028394295016152517 0.0028845870067063964 0.02412370378503623 0.1753553216732087 0.7973524445848871, 
