run, initial grid state, final grid state, mean grid cell occupancy, mean binding site occupancy, fraction of time with N TFs bound, warning
1, 000000, 000000, 2.3194366632291714e-05, 2.3194366632291714e-05, 0.9998608338002063 0.00013916619979375029, 
2, 000000, 000000, 2.1779832268703156e-05, 2.1779832268703156e-05, 0.9998693210063877 0.00013067899361221894, 
3, 000000, 000000, 2.297859577213995e-05, 2.297859577213995e-05, 0.9998621705130423 0.00013778739928265972 4.2087675089992226e-08, 
4, 000000, 000000, 2.1777753908362027e-05, 2.1777753908362027e-05, 0.9998693334765498 0.0001306665234501722, 
5, 000000, 000000, 2.3377645451309845e-05, 2.3377645451309845e-05, 0.999859734127292 0.0001402658727078591, 
6, 000000, 000000, 2.2965793895560593e-05, 2.2965793895560593e-05, 0.9998622052366267 0.00013779476337336357, 
7, 000000, 000000, 2.0307004908430203e-05, 2.0307004908430203e-05, 0.9998781579705494 0.00012184202945058122, 
8, 000000, 000000, 2.3774122237217025e-05, 2.3774122237217025e-05, 0.9998573552665767 0.00014264473342330216, 
9, 000000, 000000, 2.364416630142847e-05, 2.364416630142847e-05, 0.9998581350021916 0.0001418649978085708, 
10, 000000, 000000, 2.2037944873876436e-05, 2.2037944873876436e-05, 0.9998677723307567 0.00013222766924325864, 
11, 000000, 000000, 2.0956308681182805e-05, 2.0956308681182805e-05, 0.9998742621479129 0.0001257378520870968, 
12, 000000, 000000, 2.232235035987951e-05, 2.232235035987951e-05, 0.9998660658978407 0.00013393410215927707, 
13, 000000, 000000, 2.1137245146340593e-05, 2.1137245146340593e-05, 0.999873176529122 0.00012682347087804356, 
14, 000000, 000000, 2.1606234533038616e-05, 2.1606234533038616e-05, 0.9998703625928017 0.0001296374071982317, 
15, 000000, 000000, 2.194644872751649e-05, 2.194644872751649e-05, 0.9998683213076349 0.0001316786923650989, 
16, 000000, 000000, 2.0909456596026517e-05, 2.0909456596026517e-05, 0.9998745432604239 0.00012545673957615913, 
17, 000000, 000000, 2.203662204598983e-05, 2.203662204598983e-05, 0.9998677802677239 0.00013221973227593896, 
18, 000000, 000000, 2.1578417412001962e-05, 2.1578417412001962e-05, 0.999870529495528 0.00012947050447201176, 
19, 000000, 000000, 2.1722606606980457e-05, 2.1722606606980457e-05, 0.9998696643603581 0.00013033563964188276, 
20, 000000, 000000, 2.174664497612046e-05, 2.174664497612046e-05, 0.9998695201301433 0.00013047986985672275, 
21, 000000, 000000, 2.0847577477794633e-05, 2.0847577477794633e-05, 0.9998749145351331 0.00012508546486676781, 
22, 000000, 000000, 2.206994363372535e-05, 2.206994363372535e-05, 0.9998675803381977 0.00013241966180235212, 
23, 000000, 000000, 2.2827130373715455e-05, 2.2827130373715455e-05, 0.9998630372177577 0.00013696278224229274, 
24, 000000, 000000, 2.334652966709296e-05, 2.334652966709296e-05, 0.9998599208219975 0.00014007917800255777, 
25, 000000, 000000, 2.1353492173542163e-05, 2.1353492173542163e-05, 0.9998718790469587 0.00012812095304125297, 
26, 000000, 000000, 2.1713932286566682e-05, 2.1713932286566682e-05, 0.9998697164062805 0.00013028359371940009, 
27, 000000, 000000, 2.2165688764644462e-05, 2.2165688764644462e-05, 0.9998670058674121 0.0001329941325878668, 
28, 000000, 000000, 2.0836699950148188e-05, 2.0836699950148188e-05, 0.9998749798002992 0.00012502019970088912, 
29, 000000, 000000, 2.095173830131308e-05, 2.095173830131308e-05, 0.9998742895701922 0.00012571042980787848, 
30, 000000, 000000, 2.4076321680973326e-05, 2.4076321680973326e-05, 0.9998555420699141 0.00014445793008583996, 
31, 000000, 000000, 2.085044962667845e-05, 2.085044962667845e-05, 0.99987489730224 0.0001251026977600707, 
32, 000000, 000000, 2.1118850746138837e-05, 2.1118850746138837e-05, 0.9998732868955232 0.000126713104476833, 
33, 000000, 000000, 2.18407100650025e-05, 2.18407100650025e-05, 0.99986895573961 0.000131044260390015, 
34, 000000, 000000, 2.242644553546431e-05, 2.242644553546431e-05, 0.9998654413267872 0.00013455867321278587, 
35, 000000, 000000, 2.3182767804077322e-05, 2.3182767804077322e-05, 0.9998609033931756 0.00013909660682446393, 
36, 000000, 000000, 2.163755269550959e-05, 2.163755269550959e-05, 0.999870174683827 0.00012982531617305757, 
37, 000000, 000000, 2.2909901527344497e-05, 2.2909901527344497e-05, 0.999862540590836 0.00013745940916406698, 
38, 000000, 000000, 2.3757097450606168e-05, 2.3757097450606168e-05, 0.9998574574152963 0.00014254258470363702, 
39, 000000, 000000, 2.210159842754071e-05, 2.210159842754071e-05, 0.9998673904094347 0.00013260959056524425, 
40, 000000, 000000, 2.3323976830069883e-05, 2.3323976830069883e-05, 0.9998600561390196 0.0001399438609804193, 
41, 000000, 000000, 2.3578653806659413e-05, 2.3578653806659413e-05, 0.99985852807716 0.00014147192283995647, 
42, 000000, 000000, 2.1664079404963983e-05, 2.1664079404963983e-05, 0.9998700155235701 0.0001299844764297839, 
43, 000000, 000000, 2.1237349083068712e-05, 2.1237349083068712e-05, 0.9998725759055015 0.00012742409449841227, 
44, 000000, 000000, 2.062405349943975e-05, 2.062405349943975e-05, 0.9998762556790033 0.00012374432099663852, 
45, 000000, 000000, 2.1904566768141028e-05, 2.1904566768141028e-05, 0.9998685759242634 0.00013142075086444903 3.3248721985589887e-09, 
46, 000000, 000000, 2.254565901850616e-05, 2.254565901850616e-05, 0.999864726045889 0.00013527395411103697, 
47, 000000, 000000, 0.024573877861126532, 0.024573877861126532, 0.9599181878375918 0.0001313359266562864 0.0037507100536304425 0.01265244719234966 0.015883425393066405 0.007663893596705482, 
48, 000000, 000000, 2.069173870414218e-05, 2.069173870414218e-05, 0.9998758495677752 0.00012415043222485309, 
49, 000000, 000000, 2.302782476584013e-05, 2.302782476584013e-05, 0.999861833051405 0.00013816694859504077, 
50, 000000, 000000, 2.1083706335225174e-05, 2.1083706335225174e-05, 0.9998734977619885 0.00012650223801135107, 
51, 000000, 000000, 2.1572984913260625e-05, 2.1572984913260625e-05, 0.9998705620905204 0.00012943790947956375, 
52, 000000, 000000, 2.364783562815624e-05, 2.364783562815624e-05, 0.9998581129862311 0.00014188701376893745, 
53, 000000, 000000, 2.199013294236245e-05, 2.199013294236245e-05, 0.9998681540820248 0.00013175103829631926 9.487967892771675e-08, 
54, 000000, 000000, 2.417971842189097e-05, 2.417971842189097e-05, 0.9998549216894687 0.00014507831053134585, 
55, 000000, 000000, 2.120355366580667e-05, 2.120355366580667e-05, 0.9998727786780052 0.00012722132199484003, 
56, 000000, 000000, 2.2602283963168356e-05, 2.2602283963168356e-05, 0.999864386296221 0.00013561370377901014, 
57, 000000, 000000, 2.272216109406077e-05, 2.272216109406077e-05, 0.9998636670334357 0.00013633296656436462, 
58, 000000, 000000, 2.1772424961646796e-05, 2.1772424961646796e-05, 0.9998693654502301 0.0001306345497698808, 
59, 000000, 000000, 2.0457757590200955e-05, 2.0457757590200955e-05, 0.9998772534544589 0.00012274654554120574, 
60, 000000, 000000, 2.1953519876401763e-05, 2.1953519876401763e-05, 0.9998682788807416 0.00013172111925841058, 
61, 000000, 000000, 2.2775566437542915e-05, 2.2775566437542915e-05, 0.9998633466013748 0.00013665339862525749, 
62, 000000, 000000, 2.1898236879172604e-05, 2.1898236879172604e-05, 0.999868610578725 0.00013138942127503565, 
63, 000000, 000000, 2.1480104714710306e-05, 2.1480104714710306e-05, 0.9998711193717118 0.00012888062828826186, 
64, 000000, 000000, 2.1777477976157103e-05, 2.1777477976157103e-05, 0.9998693351321432 0.00013066486785694262, 
65, 000000, 000000, 0.0006806155608554749, 0.0006806155608554749, 0.9979000388279513 0.00011623960077948468 0.0019837109494542505 1.0621814954848515e-08, 
66, 000000, 000000, 2.3224422793845432e-05, 2.3224422793845432e-05, 0.9998606534632369 0.0001393465367630726, 
67, 000000, 000000, 2.1043550676505136e-05, 2.1043550676505136e-05, 0.999873738695941 0.00012626130405903082, 
68, 000000, 000000, 2.34791185706746e-05, 2.34791185706746e-05, 0.9998591252885759 0.0001408747114240476, 
69, 000000, 000000, 2.0520021379888494e-05, 2.0520021379888494e-05, 0.9998768798717207 0.00012312012827933098, 
70, 000000, 000000, 2.0822643573849887e-05, 2.0822643573849887e-05, 0.9998750641385569 0.00012493586144309932, 
71, 000000, 000000, 2.2639208780588275e-05, 2.2639208780588275e-05, 0.9998641647473164 0.00013583525268352965, 
72, 000000, 000000, 2.2045986932251408e-05, 2.2045986932251408e-05, 0.9998677240784065 0.00013227592159350843, 
73, 000000, 000000, 2.145490416658896e-05, 2.145490416658896e-05, 0.9998713682372188 0.0001285341005629515 9.766221829113505e-08, 
74, 000000, 000000, 2.1679910841117618e-05, 2.1679910841117618e-05, 0.9998699205349533 0.00013007946504670572, 
75, 000000, 000000, 2.3542594545872376e-05, 2.3542594545872376e-05, 0.9998587444327249 0.00014125556727523426, 
76, 000000, 000000, 2.315038989529655e-05, 2.315038989529655e-05, 0.9998610976606283 0.00013890233937177931, 
77, 000000, 000000, 2.2739887406365456e-05, 2.2739887406365456e-05, 0.9998635606755618 0.00013643932443819273, 
78, 000000, 000000, 2.3098153482443065e-05, 2.3098153482443065e-05, 0.9998614110791054 0.0001385889208946584, 
79, 000000, 000000, 2.2649713012670667e-05, 2.2649713012670667e-05, 0.9998641017219241 0.000135898278076024, 
80, 000000, 000000, 2.2274341273631805e-05, 2.2274341273631805e-05, 0.9998663539523582 0.00013364604764179084, 
81, 000000, 000000, 2.257093462853914e-05, 2.257093462853914e-05, 0.9998645743922286 0.00013542560777123484, 
82, 000000, 000000, 2.1980969917032523e-05, 2.1980969917032523e-05, 0.9998681141804979 0.00013188581950219512, 
83, 000000, 000000, 2.2528042568535365e-05, 2.2528042568535365e-05, 0.9998648317445887 0.0001351682554112122, 
84, 000000, 000000, 2.272901291101812e-05, 2.272901291101812e-05, 0.9998636370694457 0.00013635178364254866 1.1146911780039469e-08, 
85, 000000, 000000, 2.2985059690825627e-05, 2.2985059690825627e-05, 0.999862089641855 0.00013791035814495378, 
86, 000000, 000000, 2.193920159655268e-05, 2.193920159655268e-05, 0.9998683647904206 0.0001316352095793161, 
87, 000000, 000000, 2.2464012679110796e-05, 2.2464012679110796e-05, 0.9998652159239253 0.00013478407607466476, 
88, 000000, 000000, 2.247162918648782e-05, 2.247162918648782e-05, 0.9998651702248811 0.00013482977511892694, 
89, 000000, 000000, 2.2409783756852714e-05, 2.2409783756852714e-05, 0.9998655412974589 0.0001344587025411163, 
90, 000000, 000000, 2.3488880946296742e-05, 2.3488880946296742e-05, 0.9998590667143222 0.00014093328567778046, 
91, 000000, 000000, 2.176223839089119e-05, 2.176223839089119e-05, 0.9998694265696546 0.00013057343034534712, 
92, 000000, 000000, 2.418693659574682e-05, 2.418693659574682e-05, 0.9998548783804255 0.00014512161957448092, 
93, 000000, 000000, 2.1665524121435702e-05, 2.1665524121435702e-05, 0.9998700068552713 0.0001299931447286142, 
94, 000000, 000000, 2.1936388555953652e-05, 2.1936388555953652e-05, 0.9998683816686643 0.0001316183313357219, 
95, 000000, 000000, 2.3745911839863185e-05, 2.3745911839863185e-05, 0.9998575245289608 0.00014247547103917913, 
96, 000000, 000000, 2.050612626731049e-05, 2.050612626731049e-05, 0.9998769632423962 0.00012303675760386295, 
97, 000000, 000000, 2.2671891040382825e-05, 2.2671891040382825e-05, 0.9998639686537577 0.00013603134624229696, 
98, 000000, 000000, 2.2997882484301685e-05, 2.2997882484301685e-05, 0.9998620127050941 0.00013798729490581012, 
99, 000000, 000000, 2.198142316509459e-05, 2.198142316509459e-05, 0.9998681114610094 0.00013188853899056755, 
100, 000000, 000000, 2.117388054150907e-05, 2.117388054150907e-05, 0.9998729567167509 0.00012704328324905442, 
run, initial grid state, final grid state, mean grid cell occupancy, mean binding site occupancy, fraction of time with N TFs bound, warning
1, 000000, 000000, 2.2303022115132492e-05, 2.2303022115132492e-05, 0.9998661818673091 0.00013381813269079494, 
2, 000000, 000000, 2.2800309534639113e-05, 2.2800309534639113e-05, 0.9998631981427921 0.00013680185720783467, 
3, 000000, 000000, 2.1909231987215377e-05, 2.1909231987215377e-05, 0.9998685446080767 0.00013145539192329226, 
4, 000000, 000000, 2.3629132144955528e-05, 2.3629132144955528e-05, 0.9998582252071303 0.0001417747928697332, 
5, 000000, 000000, 2.2843923983930286e-05, 2.2843923983930286e-05, 0.9998629364560964 0.00013706354390358175, 
6, 000000, 000000, 2.1169270130858295e-05, 2.1169270130858295e-05, 0.9998729843792148 0.00012701562078514978, 
7, 000000, 000000, 2.1253590978310876e-05, 2.1253590978310876e-05, 0.9998724784541302 0.00012752154586986527, 
8, 000000, 000000, 2.183436351379409e-05, 2.183436351379409e-05, 0.9998689938189173 0.00013100618108276453, 
9, 000000, 000000, 2.113737180582713e-05, 2.113737180582713e-05, 0.999873175769165 0.0001268242308349628, 
10, 000000, 000000, 2.2614231288672073e-05, 2.2614231288672073e-05, 0.9998643146122679 0.00013568538773203246, 
11, 000000, 000000, 2.0808901342661744e-05, 2.0808901342661744e-05, 0.999875146591944 0.0001248534080559705, 
12, 000000, 000000, 2.1507725544064142e-05, 2.1507725544064142e-05, 0.9998709536467356 0.00012904635326438485, 
13, 000000, 000000, 2.2427075799259146e-05, 2.2427075799259146e-05, 0.99986544941577 0.0001345387136642719 1.1870565641494023e-08, 
14, 000000, 000000, 2.304959802713787e-05, 2.304959802713787e-05, 0.9998617024118372 0.00013829758816282723, 
15, 000000, 000000, 2.505298883178137e-05, 2.505298883178137e-05, 0.9998497224374354 0.00015023719213833227 4.037042617797851e-08, 
16, 000000, 000000, 2.26132637795802e-05, 2.26132637795802e-05, 0.9998643204173224 0.00013567958267748126, 
17, 000000, 000000, 2.4627737006834732e-05, 2.4627737006834732e-05, 0.9998522335779589 0.00014776642204100842, 
18, 000000, 000000, 2.2061159508959827e-05, 2.2061159508959827e-05, 0.999867842479104 0.00013194808473849978 2.094361576296034e-07, 
19, 000000, 000000, 2.1669409675441735e-05, 2.1669409675441735e-05, 0.9998699835419474 0.00013001645805265044, 
20, 000000, 000000, 2.1890758658736536e-05, 2.1890758658736536e-05, 0.9998686554480477 0.00013134455195241922, 
21, 000000, 000000, 2.16491528428566e-05, 2.16491528428566e-05, 0.9998701050829428 0.0001298949170571396, 
22, 000000, 000000, 2.2285690647994223e-05, 2.2285690647994223e-05, 0.9998662858561119 0.00013371414388796535, 
23, 000000, 000000, 0.0001644813017713777, 0.0001644813017713777, 0.999440821394425 0.0001314694005215394 0.00042770920505336347, 
24, 000000, 000000, 2.376286453502267e-05, 2.376286453502267e-05, 0.9998574228127899 0.00014257718721013603, 
25, 000000, 000000, 2.370792445885109e-05, 2.370792445885109e-05, 0.9998577524532469 0.00014224754675310654, 
26, 000000, 000000, 2.1575449970773186e-05, 2.1575449970773186e-05, 0.9998705473001753 0.0001294526998246391, 
27, 000000, 000000, 2.265269992224e-05, 2.265269992224e-05, 0.9998640838004665 0.00013591619953344004, 
28, 000000, 000000, 2.1917232431605294e-05, 2.1917232431605294e-05, 0.9998684966054104 0.0001315033945896318, 
29, 000000, 000000, 2.2388358932574695e-05, 2.2388358932574695e-05, 0.9998656698464045 0.00013433015359544818, 
30, 000000, 000000, 2.1226388646766008e-05, 2.1226388646766008e-05, 0.9998726416681194 0.00012735833188059605, 
31, 000000, 000000, 2.2041338201436252e-05, 2.2041338201436252e-05, 0.9998677519707914 0.0001322480292086175, 
32, 000000, 000000, 2.2298728186206208e-05, 2.2298728186206208e-05, 0.9998662076308827 0.00013379236911723727, 
33, 000000, 000000, 2.13144263002507e-05, 2.13144263002507e-05, 0.9998721134421985 0.0001278865578015042, 
34, 000000, 000000, 2.2288558628128477e-05, 2.2288558628128477e-05, 0.9998662686482312 0.00013373135176877085, 
35, 000000, 000000, 2.3748034915226316e-05, 2.3748034915226316e-05, 0.9998575117905086 0.0001424882094913579, 
36, 000000, 000000, 2.495659366758231e-05, 2.495659366758231e-05, 0.9998503062535885 0.0001496479308173283 4.581559408278692e-08, 
37, 000000, 000000, 2.3276409598242133e-05, 2.3276409598242133e-05, 0.9998603415424105 0.00013965845758945282, 
38, 000000, 000000, 2.331328029674607e-05, 2.331328029674607e-05, 0.9998601203182195 0.00013987968178047643, 
39, 000000, 000000, 2.2397519147413053e-05, 2.2397519147413053e-05, 0.9998657093110002 0.0001341962631153943 9.442588454201107e-08, 
40, 000000, 000000, 2.115263832486357e-05, 2.115263832486357e-05, 0.9998730841700508 0.00012691582994918144, 
41, 000000, 000000, 2.2214712019514543e-05, 2.2214712019514543e-05, 0.9998667117278829 0.00013328827211708726, 
42, 000000, 000000, 2.1840904767375703e-05, 2.1840904767375703e-05, 0.9998689545713957 0.00013104542860425418, 
43, 000000, 000000, 2.2086140154678084e-05, 2.2086140154678084e-05, 0.9998674831590719 0.0001325168409280685, 
44, 000000, 000000, 2.266827911274488e-05, 2.266827911274488e-05, 0.9998639903253236 0.00013600967467646927, 
45, 000000, 000000, 1.9656003415214437e-05, 1.9656003415214437e-05, 0.9998820639795086 0.00011793602049128664, 
46, 000000, 000000, 2.3407353998916435e-05, 2.3407353998916435e-05, 0.9998595558760065 0.00014044412399349864, 
47, 000000, 000000, 2.25668297343122e-05, 2.25668297343122e-05, 0.9998645990215941 0.00013540097840587318, 
48, 000000, 000000, 2.0752704476832332e-05, 2.0752704476832332e-05, 0.9998754837731391 0.00012451622686099402, 
49, 000000, 000000, 2.168572257998569e-05, 2.168572257998569e-05, 0.9998698856645202 0.00013011433547991416, 
50, 000000, 000000, 2.3027587242896466e-05, 2.3027587242896466e-05, 0.9998618344765428 0.0001381655234573788, 
51, 000000, 000000, 2.3455245858230467e-05, 2.3455245858230467e-05, 0.9998592685248505 0.00014073147514938282, 
52, 000000, 000000, 2.2308880251482023e-05, 2.2308880251482023e-05, 0.9998661467184912 0.00013385328150889215, 
53, 000000, 000000, 2.0729665487774805e-05, 2.0729665487774805e-05, 0.9998756220070734 0.00012437799292664884, 
54, 000000, 000000, 2.1341348256842426e-05, 2.1341348256842426e-05, 0.999871951910459 0.00012804808954105455, 
55, 000000, 000000, 2.172111379623002e-05, 2.172111379623002e-05, 0.9998696733172225 0.00013032668277738012, 
56, 000000, 000000, 2.16909251458875e-05, 2.16909251458875e-05, 0.9998698544491247 0.00013014555087532503, 
57, 000000, 000000, 2.2919057757368914e-05, 2.2919057757368914e-05, 0.9998624856534558 0.00013751434654421348, 
58, 000000, 000000, 2.3000989717292455e-05, 2.3000989717292455e-05, 0.9998619940616963 0.00013800593830375473, 
59, 000000, 000000, 2.2057637122575457e-05, 2.2057637122575457e-05, 0.9998676541772646 0.00013234582273545273, 
60, 000000, 000000, 2.1755366603660668e-05, 2.1755366603660668e-05, 0.999869467800378 0.00013053219962196402, 
61, 000000, 000000, 2.086730703822027e-05, 2.086730703822027e-05, 0.9998747961577708 0.00012520384222932163, 
62, 000000, 000000, 2.139875861099489e-05, 2.139875861099489e-05, 0.9998716074483341 0.00012839255166596938, 
63, 000000, 000000, 2.1915462260437986e-05, 2.1915462260437986e-05, 0.9998685072264374 0.00013149277356262794, 
64, 000000, 000000, 2.177206681542327e-05, 2.177206681542327e-05, 0.9998693675991075 0.00013063240089253964, 
65, 000000, 000000, 2.280108515089456e-05, 2.280108515089456e-05, 0.9998632291941889 0.0001367351007169195 3.570509422393072e-08, 
66, 000000, 000000, 2.2180117071343804e-05, 2.2180117071343804e-05, 0.999866919297572 0.0001330807024280628, 
67, 000000, 000000, 2.438673536709646e-05, 2.438673536709646e-05, 0.9998536795877975 0.0001463204122025788, 
68, 000000, 000000, 2.2657796826243622e-05, 2.2657796826243622e-05, 0.9998640532190426 0.00013594678095746175, 
69, 000000, 000000, 2.1623177226565345e-05, 2.1623177226565345e-05, 0.9998702609366407 0.00012973906335939209, 
70, 000000, 000000, 2.1396861722157758e-05, 2.1396861722157758e-05, 0.9998716188296671 0.00012838117033294656, 
71, 000000, 000000, 2.2327542773957918e-05, 2.2327542773957918e-05, 0.9998660347433562 0.0001339652566437475, 
72, 000000, 000000, 2.247803261434016e-05, 2.247803261434016e-05, 0.999865131804314 0.00013486819568604095, 
73, 000000, 000000, 2.393684344726163e-05, 2.393684344726163e-05, 0.9998563789393164 0.00014362106068356982, 
74, 000000, 000000, 0.002189802837222247, 0.002189802837222247, 0.9933580444344655 0.0001455927165444192 0.006495864240180821 4.986088091418856e-07, 
75, 000000, 000000, 2.09189410256534e-05, 2.09189410256534e-05, 0.9998744863538461 0.00012551364615392038, 
76, 000000, 000000, 2.206235900767672e-05, 2.206235900767672e-05, 0.9998677714338036 0.00013208297834671278 1.4558784967377072e-07, 
77, 000000, 000000, 2.1758258555913995e-05, 2.1758258555913995e-05, 0.9998694504486646 0.00013054955133548395, 
78, 000000, 000000, 2.386710884995514e-05, 2.386710884995514e-05, 0.9998567973469003 0.00014320265309973086, 
79, 000000, 000000, 2.226845348139892e-05, 2.226845348139892e-05, 0.9998663892791116 0.0001336107208883935, 
80, 000000, 000000, 2.1321923048322914e-05, 2.1321923048322914e-05, 0.9998720684617101 0.0001279315382899375, 
81, 000000, 000000, 2.3633953278919363e-05, 2.3633953278919363e-05, 0.9998581962803265 0.00014180371967351617, 
82, 000000, 000000, 2.2451824989930082e-05, 2.2451824989930082e-05, 0.9998652890500604 0.0001347109499395805, 
83, 000000, 000000, 2.234613834763389e-05, 2.234613834763389e-05, 0.9998659231699142 0.00013407683008580335, 
84, 000000, 000000, 2.1566646369371207e-05, 2.1566646369371207e-05, 0.9998706001217839 0.0001293998782162273, 
85, 000000, 000000, 2.3115225014001716e-05, 2.3115225014001716e-05, 0.9998613086499161 0.00013869135008401031, 
86, 000000, 000000, 2.0995017021519568e-05, 2.0995017021519568e-05, 0.9998740298978709 0.0001259701021291174, 
87, 000000, 000000, 2.045736512567434e-05, 2.045736512567434e-05, 0.9998772558092459 0.00012274419075404604, 
88, 000000, 000000, 2.2079361320132278e-05, 2.2079361320132278e-05, 0.9998675238320792 0.0001324761679207937, 
89, 000000, 000000, 2.17796500720041e-05, 2.17796500720041e-05, 0.9998693220995679 0.0001306779004320246, 
90, 000000, 000000, 2.1776432793024956e-05, 2.1776432793024956e-05, 0.999869422506797 0.000130496389647881 8.110355513436453e-08, 
91, 000000, 000000, 2.138039920939694e-05, 2.138039920939694e-05, 0.9998717176047437 0.00012828239525638165, 
92, 000000, 000000, 2.1211620937002307e-05, 2.1211620937002307e-05, 0.999872730274378 0.00012726972562201387, 
93, 000000, 000000, 2.3924289145129474e-05, 2.3924289145129474e-05, 0.9998564542651293 0.00014354573487077686, 
94, 000000, 000000, 0.00025454038052101925, 0.00025454038052101925, 0.9991706731952834 0.0001314113263070583 0.0006979154784095287, 
95, 000000, 000000, 2.266825929505046e-05, 2.266825929505046e-05, 0.9998639904442297 0.00013600955577030278, 
96, 000000, 000000, 2.2012709329045905e-05, 2.2012709329045905e-05, 0.9998679237440257 0.00013207625597427543, 
97, 000000, 000000, 2.2678066961955592e-05, 2.2678066961955592e-05, 0.9998639315982284 0.00013606840177173354, 
98, 000000, 000000, 2.2189465142701595e-05, 2.2189465142701595e-05, 0.9998668632091439 0.00013313679085620955, 
99, 000000, 000000, 2.486395176419633e-05, 2.486395176419633e-05, 0.9998508162894147 0.000149183710585178, 
100, 111111, 000000, 0.0996219511430674, 0.0996219511430674, 0.8592326542492116 0.0001216747613312233 0.01267361005923657 0.026672744197914912 0.033064972138018615 0.04942137673294176 0.01881296786134535, 
run, initial grid state, final grid state, mean grid cell occupancy, mean binding site occupancy, fraction of time with N TFs bound, warning
1, 000000, 000000, 2.195954823137512e-05, 2.195954823137512e-05, 0.9998682427106117 0.00013175728938825073, 
2, 000000, 000000, 2.2698390147495892e-05, 2.2698390147495892e-05, 0.999863809659115 0.00013619034088497537, 
3, 000000, 000000, 2.3651885916245502e-05, 2.3651885916245502e-05, 0.9998580886845024 0.00014191131549747305, 
4, 000000, 000000, 2.4451380079238807e-05, 2.4451380079238807e-05, 0.9998532917195246 0.00014670828047543284, 
5, 000000, 000000, 2.183506894428373e-05, 2.183506894428373e-05, 0.9998689895863343 0.0001310104136657024, 
6, 000000, 000000, 2.1496561534384013e-05, 2.1496561534384013e-05, 0.9998710206307937 0.00012897936920630408, 
7, 000000, 000000, 2.0935815313738725e-05, 2.0935815313738725e-05, 0.9998743851081177 0.00012561489188243235, 
8, 000000, 000000, 2.2996640504472304e-05, 2.2996640504472304e-05, 0.9998620201569732 0.00013797984302683382, 
9, 000000, 000000, 2.106138851889659e-05, 2.106138851889659e-05, 0.9998736316688865 0.00012636833111337955, 
10, 000000, 000000, 2.2052180616354587e-05, 2.2052180616354587e-05, 0.9998676869163019 0.0001323130836981275, 
11, 000000, 000000, 2.312972219125057e-05, 2.312972219125057e-05, 0.9998612216668525 0.00013877833314750342, 
12, 000000, 000000, 0.025396539494568656, 0.025396539494568656, 0.9527568000908669 0.00012609027726269548 0.008780221340267614 0.02165306307367905 0.013685611301042181 0.0029982139168816236, 
13, 000000, 000000, 2.3142558404293297e-05, 2.3142558404293297e-05, 0.9998611446495743 0.0001388553504257598, 
14, 000000, 000000, 2.3674205235363346e-05, 2.3674205235363346e-05, 0.9998579791752862 0.00014199641801531748 2.440669843128749e-08, 
15, 000000, 000000, 2.3170375392241933e-05, 2.3170375392241933e-05, 0.9998609777476466 0.00013902225235345162, 
16, 000000, 000000, 2.307453203057837e-05, 2.307453203057837e-05, 0.9998615528078165 0.0001384471921834702, 
17, 000000, 000000, 2.5179989965940482e-05, 2.5179989965940482e-05, 0.9998489200602043 0.0001510799397956429, 
18, 000000, 000000, 2.1148392215646966e-05, 2.1148392215646966e-05, 0.9998731096467062 0.0001268903532938818, 
19, 000000, 000000, 2.229721546924436e-05, 2.229721546924436e-05, 0.9998662167071846 0.00013378329281546619, 
20, 000000, 000000, 2.252958389705926e-05, 2.252958389705926e-05, 0.9998648224966177 0.00013517750338235557, 
21, 000000, 000000, 2.269466366912462e-05, 2.269466366912462e-05, 0.9998638320179853 0.00013616798201474776, 
22, 000000, 000000, 2.2566758550172908e-05, 2.2566758550172908e-05, 0.9998645994486989 0.00013540055130103747, 
23, 000000, 000000, 2.2177291449600796e-05, 2.2177291449600796e-05, 0.9998669362513023 0.0001330637486976048, 
24, 000000, 000000, 2.3559466654372875e-05, 2.3559466654372875e-05, 0.9998586432000738 0.0001413567999262373, 
25, 000000, 000000, 2.1663592727070837e-05, 2.1663592727070837e-05, 0.9998700184436375 0.000129981556362425, 
26, 000000, 000000, 2.299285664655194e-05, 2.299285664655194e-05, 0.9998620428601207 0.00013795713987931163, 
27, 000000, 000000, 2.210851739152606e-05, 2.210851739152606e-05, 0.9998673488956508 0.00013265110434915636, 
28, 000000, 000000, 2.4154203905742327e-05, 2.4154203905742327e-05, 0.9998550747765655 0.00014492522343445398, 
29, 000000, 000000, 2.0346086885159838e-05, 2.0346086885159838e-05, 0.9998779234786891 0.00012207652131095904, 
30, 000000, 000000, 2.1209163093805395e-05, 2.1209163093805395e-05, 0.9998727450214371 0.00012725497856283237, 
31, 000000, 000000, 2.183562748878632e-05, 2.183562748878632e-05, 0.9998689862350673 0.00013101376493271794, 
32, 000000, 000000, 2.0657712408624557e-05, 2.0657712408624557e-05, 0.9998760537255483 0.00012394627445174735, 
33, 000000, 000000, 2.04324340219639e-05, 2.04324340219639e-05, 0.9998774053958682 0.00012259460413178338, 
34, 000000, 000000, 2.1737872098940235e-05, 2.1737872098940235e-05, 0.9998695727674063 0.0001304272325936414, 
35, 000000, 000000, 2.3390245040232413e-05, 2.3390245040232413e-05, 0.9998596585297586 0.0001403414702413945, 
36, 000000, 000000, 2.1707247504072325e-05, 2.1707247504072325e-05, 0.9998697565149756 0.00013024348502443394, 
37, 000000, 000000, 1.949459676659023e-05, 1.949459676659023e-05, 0.9998830324194005 0.00011696758059954137, 
38, 000000, 000000, 2.3449597919659936e-05, 2.3449597919659936e-05, 0.999859302412482 0.00014069758751795964, 
39, 000000, 000000, 2.0969256909933555e-05, 2.0969256909933555e-05, 0.9998741844585404 0.00012581554145960134, 
40, 000000, 000000, 2.204740597936487e-05, 2.204740597936487e-05, 0.9998677155641238 0.00013228443587618924, 
41, 000000, 000000, 2.3455126369134607e-05, 2.3455126369134607e-05, 0.9998592692417853 0.00014073075821480766, 
42, 000000, 000000, 2.3026080911475575e-05, 2.3026080911475575e-05, 0.9998618435145311 0.00013815648546885341, 
43, 000000, 000000, 2.1650750248104786e-05, 2.1650750248104786e-05, 0.9998700954985114 0.00012990450148862875, 
44, 000000, 000000, 2.097773394010658e-05, 2.097773394010658e-05, 0.9998741335963593 0.00012586640364063947, 
45, 000000, 000000, 2.384723399271473e-05, 2.384723399271473e-05, 0.9998569165960438 0.00014308340395628838, 
46, 000000, 000000, 2.4322835952222035e-05, 2.4322835952222035e-05, 0.9998540629842866 0.0001459370157133322, 
47, 000000, 000000, 2.3966920457111237e-05, 2.3966920457111237e-05, 0.9998561984772574 0.00014380152274266742, 
48, 000000, 000000, 2.280397612003855e-05, 2.280397612003855e-05, 0.9998631761432798 0.0001368238567202313, 
49, 000000, 000000, 2.033098331415807e-05, 2.033098331415807e-05, 0.9998780141001151 0.00012198589988494845, 
50, 000000, 000000, 0.009626699741325228, 0.009626699741325228, 0.979170506413987 0.00012337043295111805 0.008490359738460494 0.008206945120326678 0.004008818294274807, 
51, 000000, 000000, 2.2702251857520273e-05, 2.2702251857520273e-05, 0.9998637864888549 0.00013621351114512164, 
52, 000000, 000000, 2.1246326957819224e-05, 2.1246326957819224e-05, 0.9998725853876171 0.0001273512630188535 6.334936403092883e-08, 
53, 000000, 000000, 1.9884455261410115e-05, 1.9884455261410115e-05, 0.9998806932684315 0.00011930673156846069, 
54, 000000, 000000, 2.1300192830565212e-05, 2.1300192830565212e-05, 0.9998721988430165 0.00012780115698339127, 
55, 000000, 000000, 2.0732458481016716e-05, 2.0732458481016716e-05, 0.9998756052491139 0.0001243947508861003, 
56, 000000, 000000, 2.2828572144080098e-05, 2.2828572144080098e-05, 0.9998630285671356 0.0001369714328644806, 
57, 000000, 000000, 2.0445235553186285e-05, 2.0445235553186285e-05, 0.9998773285866809 0.00012267141331911773, 
58, 000000, 000000, 2.320901287954539e-05, 2.320901287954539e-05, 0.9998607459227227 0.00013925407727727231, 
59, 000000, 000000, 2.365985277337482e-05, 2.365985277337482e-05, 0.9998580408833598 0.0001419591166402489, 
60, 000000, 000000, 2.0739321399802608e-05, 2.0739321399802608e-05, 0.9998755640716013 0.00012443592839881567, 
61, 000000, 000000, 2.1279184848577712e-05, 2.1279184848577712e-05, 0.9998723248909086 0.00012767510909146627, 
62, 000000, 000000, 2.3336414714978265e-05, 2.3336414714978265e-05, 0.9998599815117102 0.00014001848828986958, 
63, 000000, 000000, 2.212715953006117e-05, 2.212715953006117e-05, 0.9998672370428197 0.000132762957180367, 
64, 000000, 000000, 2.3848554143846393e-05, 2.3848554143846393e-05, 0.9998569086751369 0.00014309132486307836, 
65, 000000, 000000, 2.2609256725562656e-05, 2.2609256725562656e-05, 0.9998643444596467 0.00013565554035337596, 
66, 000000, 000000, 2.2211570695792318e-05, 2.2211570695792318e-05, 0.9998667305758253 0.00013326942417475393, 
67, 000000, 000000, 2.359765182749068e-05, 2.359765182749068e-05, 0.9998584140890351 0.00014158591096494406, 
68, 000000, 000000, 2.2551881602236588e-05, 2.2551881602236588e-05, 0.9998646887103865 0.00013531128961341956, 
69, 000000, 000000, 2.400669378759977e-05, 2.400669378759977e-05, 0.9998559598372745 0.0001440401627255986, 
70, 000000, 000000, 2.2092314772583735e-05, 2.2092314772583735e-05, 0.9998674461113645 0.00013255388863550244, 
71, 000000, 000000, 2.167247855162996e-05, 2.167247855162996e-05, 0.9998699651286903 0.00013003487130977976, 
72, 000000, 000000, 2.0455491913734152e-05, 2.0455491913734152e-05, 0.9998772670485176 0.0001227329514824049, 
73, 000000, 000000, 2.1613952851158766e-05, 2.1613952851158766e-05, 0.999870316282893 0.00012968371710695258, 
74, 000000, 000000, 2.089115364480272e-05, 2.089115364480272e-05, 0.9998751394692557 0.00012437413961981976 4.863911244982765e-07, 
75, 000000, 000000, 2.125551878220727e-05, 2.125551878220727e-05, 0.9998724668873067 0.0001275331126932436, 
76, 000000, 000000, 2.263137710117147e-05, 2.263137710117147e-05, 0.999864211737393 0.00013578826260702884, 
77, 000000, 000000, 2.3059362525233195e-05, 2.3059362525233195e-05, 0.9998616438248485 0.00013835617515139918, 
78, 000000, 000000, 2.360085723497952e-05, 2.360085723497952e-05, 0.9998583948565901 0.0001416051434098771, 
79, 000000, 000000, 2.1135657023304242e-05, 2.1135657023304242e-05, 0.9998731860578601 0.00012681394213982547, 
80, 000000, 000000, 2.2508810547897364e-05, 2.2508810547897364e-05, 0.9998649471367126 0.0001350528632873842, 
81, 000000, 000000, 2.2839637708395184e-05, 2.2839637708395184e-05, 0.9998629621737496 0.0001370378262503711, 
82, 000000, 000000, 2.32618962743351e-05, 2.32618962743351e-05, 0.999860428622354 0.0001395713776460106, 
83, 000000, 000000, 2.5039912803508705e-05, 2.5039912803508705e-05, 0.9998497605231789 0.00015023947682105224, 
84, 000000, 000000, 2.1646031579008057e-05, 2.1646031579008057e-05, 0.999870123810526 0.00012987618947404834, 
85, 000000, 000000, 2.137760306934981e-05, 2.137760306934981e-05, 0.9998717343815838 0.00012826561841609887, 
86, 000000, 000000, 2.1660210899718505e-05, 2.1660210899718505e-05, 0.9998700387346017 0.00012996126539831105, 
87, 000000, 000000, 2.2857904859107864e-05, 2.2857904859107864e-05, 0.9998628525708454 0.00013714742915464718, 
88, 000000, 000000, 2.317351090282061e-05, 2.317351090282061e-05, 0.999860958934583 0.00013904106541692365, 
89, 000000, 000000, 2.1871517106089357e-05, 2.1871517106089357e-05, 0.9998687708973635 0.00013122910263653617, 
90, 000000, 000000, 2.1508267793841974e-05, 2.1508267793841974e-05, 0.9998709503932369 0.00012904960676305183, 
91, 000000, 000000, 2.2001692322569396e-05, 2.2001692322569396e-05, 0.9998679898460645 0.00013201015393541637, 
92, 000000, 000000, 2.2391064030410852e-05, 2.2391064030410852e-05, 0.9998656536158176 0.00013434638418246514, 
93, 000000, 000000, 0.0019691367996245114, 0.0019691367996245114, 0.9944264435120245 0.00014883925474119372 0.0046081701566975455 0.0008165470765369278, 
94, 000000, 000000, 2.2650267357271787e-05, 2.2650267357271787e-05, 0.9998640983958563 0.00013590160414363072, 
95, 000000, 000000, 2.345346140203657e-05, 2.345346140203657e-05, 0.9998592792315877 0.00014072076841221943, 
96, 000000, 000000, 2.0438595340832388e-05, 2.0438595340832388e-05, 0.9998773684279549 0.00012263157204499435, 
97, 000000, 000000, 2.2290050892947007e-05, 2.2290050892947007e-05, 0.9998662596946424 0.00013374030535768207, 
98, 000000, 000000, 2.4361500488418514e-05, 2.4361500488418514e-05, 0.9998538309970696 0.0001461690029305111, 
99, 000000, 000000, 2.2699551067748027e-05, 2.2699551067748027e-05, 0.9998638026935935 0.0001361973064064882, 
100, 000000, 000000, 2.284435621156497e-05, 2.284435621156497e-05, 0.9998629338627305 0.00013706613726938984, 
run, initial grid state, final grid state, mean grid cell occupancy, mean binding site occupancy, fraction of time with N TFs bound, warning
1, 000000, 000000, 2.376191723906405e-05, 2.376191723906405e-05, 0.9998574284965656 0.00014257150343438432, 
2, 000000, 000000, 2.2037457226129275e-05, 2.2037457226129275e-05, 0.9998677752566432 0.00013222474335677564, 
3, 000000, 000000, 2.3766425772417878e-05, 2.3766425772417878e-05, 0.9998574014453655 0.00014259855463450729, 
4, 000000, 000000, 2.1886056442187157e-05, 2.1886056442187157e-05, 0.9998686836613468 0.00013131633865312293, 
5, 000000, 000000, 2.3737853887784024e-05, 2.3737853887784024e-05, 0.9998575728766733 0.00014242712332670414, 
6, 000000, 000000, 0.0007004609482545335, 0.0007004609482545335, 0.9978310986479725 0.00013531267034315732 0.0020333130258689608 2.756558153742835e-07, 
7, 000000, 000000, 2.1676325226257855e-05, 2.1676325226257855e-05, 0.9998699420486424 0.00013005795135754712, 
8, 000000, 000000, 2.1380158536512313e-05, 2.1380158536512313e-05, 0.9998717190487809 0.00012828095121907387, 
9, 000000, 000000, 2.104187820800306e-05, 2.104187820800306e-05, 0.999873748730752 0.00012625126924801838, 
10, 000000, 000000, 2.1291908280561246e-05, 2.1291908280561246e-05, 0.9998722485503166 0.00012775144968336748, 
11, 000000, 000000, 2.2176559264311778e-05, 2.2176559264311778e-05, 0.9998669406444141 0.00013305935558587069, 
12, 000000, 000000, 2.3038029508363203e-05, 2.3038029508363203e-05, 0.9998617718229497 0.00013822817705017924, 
13, 000000, 000000, 2.1134208713619864e-05, 2.1134208713619864e-05, 0.9998731947477183 0.00012680525228171919, 
14, 000000, 000000, 2.135202939140148e-05, 2.135202939140148e-05, 0.9998718878236516 0.00012811217634840888, 
15, 000000, 000000, 2.03922263914605e-05, 2.03922263914605e-05, 0.9998776466416512 0.000122353358348763, 
16, 000000, 000000, 2.303914106062445e-05, 2.303914106062445e-05, 0.9998617651536362 0.0001382348463637467, 
17, 000000, 000000, 2.2289718882449943e-05, 2.2289718882449943e-05, 0.9998662616867053 0.00013373831329469967, 
18, 000000, 000000, 2.4810070448571162e-05, 2.4810070448571162e-05, 0.9998512990854113 0.00014854140648602285 1.5950810270206556e-07, 
19, 000000, 000000, 2.199586364409326e-05, 2.199586364409326e-05, 0.9998680248181354 0.00013197518186455957, 
20, 000000, 000000, 1.9545090879785827e-05, 1.9545090879785827e-05, 0.9998827294547212 0.00011727054527871498, 
21, 000000, 000000, 2.153596553367222e-05, 2.153596553367222e-05, 0.999870784206798 0.00012921579320203334, 
22, 000000, 000000, 2.1462367376390514e-05, 2.1462367376390514e-05, 0.9998712257957416 0.0001287742042583431, 
23, 000000, 000000, 2.202683890112594e-05, 2.202683890112594e-05, 0.9998678389665933 0.00013216103340675566, 
24, 000000, 000000, 0.028926992922438725, 0.028926992922438725, 0.9426660520744917 0.00013095577331180916 0.016875099678696676 0.026120936505882736 0.011659510053288595 0.0006047228128460474 0.0019427231014823912, 
25, 000000, 000000, 2.1165736421073185e-05, 2.1165736421073185e-05, 0.9998730055814735 0.00012699441852643913, 
26, 000000, 000000, 2.1704489180368214e-05, 2.1704489180368214e-05, 0.9998697730649178 0.0001302269350822093, 
27, 000000, 000000, 2.1570569328698106e-05, 2.1570569328698106e-05, 0.9998708635526777 0.0001288494786723694 2.869686499096098e-07, 
28, 000000, 000000, 2.332569035269847e-05, 2.332569035269847e-05, 0.9998601193117027 0.00013980723447850387 7.345381884347825e-08, 
29, 000000, 000000, 2.293658589277871e-05, 2.293658589277871e-05, 0.9998623804846434 0.00013761951535667225, 
30, 000000, 000000, 2.3763413693994127e-05, 2.3763413693994127e-05, 0.999857419517836 0.00014258048216396477, 
31, 000000, 000000, 2.1757715711664473e-05, 2.1757715711664473e-05, 0.99986945370573 0.00013054629426998684, 
32, 000000, 000000, 2.2594991204388496e-05, 2.2594991204388496e-05, 0.9998649728588695 0.00013448433503468796 5.428060958215168e-07, 
33, 000000, 000000, 2.3310244545851948e-05, 2.3310244545851948e-05, 0.9998601385327248 0.0001398614672751117, 
34, 000000, 000000, 2.1391209006820994e-05, 2.1391209006820994e-05, 0.9998716527459591 0.00012834725404092597, 
35, 000000, 000000, 2.0322126425722507e-05, 2.0322126425722507e-05, 0.9998780672414456 0.00012193275855433505, 
36, 000000, 000000, 2.2388056091511718e-05, 2.2388056091511718e-05, 0.999865671663451 0.00013432833654907032, 
37, 000000, 000000, 2.092759232797268e-05, 2.092759232797268e-05, 0.9998744344460322 0.00012556555396783608, 
38, 000000, 000000, 2.2464151802854507e-05, 2.2464151802854507e-05, 0.9998652150891829 0.00013478491081712706, 
39, 000000, 000000, 2.0260418791733604e-05, 2.0260418791733604e-05, 0.9998784374872496 0.00012156251275040164, 
40, 000000, 000000, 2.2226928818909104e-05, 2.2226928818909104e-05, 0.9998666384270865 0.00013336157291345463, 
41, 000000, 000000, 2.1727933791281377e-05, 2.1727933791281377e-05, 0.9998696323972522 0.0001303676027476883, 
42, 000000, 000000, 2.307291183151075e-05, 2.307291183151075e-05, 0.9998615625290109 0.00013843747098906452, 
43, 000000, 000000, 2.3221750698787645e-05, 2.3221750698787645e-05, 0.9998606694958072 0.00013933050419272588, 
44, 000000, 000000, 2.3082504709651026e-05, 2.3082504709651026e-05, 0.9998615049717421 0.00013849502825790617, 
45, 000000, 000000, 2.1973619726920824e-05, 2.1973619726920824e-05, 0.9998681582816384 0.00013184171836152494, 
46, 000000, 000000, 2.118918047778232e-05, 2.118918047778232e-05, 0.9998728649171333 0.00012713508286669396, 
47, 000000, 000000, 2.190081919547015e-05, 2.190081919547015e-05, 0.9998685950848272 0.00013140491517282088, 
48, 000000, 000000, 2.241195364595011e-05, 2.241195364595011e-05, 0.9998655282781244 0.00013447172187570065, 
49, 000000, 000000, 2.1102046705422342e-05, 2.1102046705422342e-05, 0.9998733877197675 0.00012661228023253408, 
50, 000000, 111110, 0.1497029333089418, 0.1497029333089418, 0.8181800492860777 0.00010980418410996827 0.007353743460979007 0.019012590375208173 0.02394601472299371 0.057808309093805375 0.07358948887682608, 
51, 000000, 000000, 2.223650997658319e-05, 2.223650997658319e-05, 0.9998665809401405 0.00013341905985949913, 
52, 000000, 000000, 1.9272728796014577e-05, 1.9272728796014577e-05, 0.999884363627224 0.00011563637277608747, 
53, 000000, 000000, 2.375523852499549e-05, 2.375523852499549e-05, 0.99985746856885 0.00014253143114997295, 
54, 000000, 000000, 7.062842601781939e-05, 7.062842601781939e-05, 0.9997240333008397 0.00012816284221388885 0.00014780385694651376, 
55, 000000, 000000, 2.271855086117192e-05, 2.271855086117192e-05, 0.9998636886948329 0.00013631130516703153, 
56, 000000, 000000, 2.2745373429819453e-05, 2.2745373429819453e-05, 0.9998635277594211 0.0001364722405789167, 
57, 000000, 000000, 1.934072225320547e-05, 1.934072225320547e-05, 0.9998839556664807 0.00011604433351923284, 
58, 000000, 000000, 2.241970751280179e-05, 2.241970751280179e-05, 0.9998654817549232 0.00013451824507681074, 
59, 000000, 000000, 2.2799236557221853e-05, 2.2799236557221853e-05, 0.9998632045806567 0.00013679541934333113, 
60, 000000, 000000, 2.2697821620294213e-05, 2.2697821620294213e-05, 0.9998638844678298 0.0001360441346186581 7.139755155358995e-08, 
61, 000000, 000000, 2.0607430603887312e-05, 2.0607430603887312e-05, 0.9998763554163765 0.0001236445836233239, 
62, 000000, 000000, 2.1066804946421785e-05, 2.1066804946421785e-05, 0.9998735991703215 0.00012640082967853072, 
63, 000000, 000000, 2.1209357386325642e-05, 2.1209357386325642e-05, 0.999872743855682 0.00012725614431795384, 
64, 000000, 000000, 2.2825478520422267e-05, 2.2825478520422267e-05, 0.9998630471288775 0.00013695287112253362, 
65, 000000, 000000, 2.4260284847236745e-05, 2.4260284847236745e-05, 0.9998544382909166 0.00014556170908342048, 
66, 000000, 000000, 2.303183794334527e-05, 2.303183794334527e-05, 0.99986180897234 0.0001381910276600716, 
67, 000000, 000000, 2.189397994654811e-05, 2.189397994654811e-05, 0.9998686361203207 0.00013136387967928865, 
68, 000000, 000000, 2.404872564650686e-05, 2.404872564650686e-05, 0.999855707646121 0.00014429235387904114, 
69, 000000, 000000, 2.2762176809318966e-05, 2.2762176809318966e-05, 0.999863426939144 0.0001365730608559138, 
70, 000000, 000000, 2.0234973366250122e-05, 2.0234973366250122e-05, 0.9998785901598025 0.00012140984019750074, 
71, 000000, 000000, 2.1120644252370034e-05, 2.1120644252370034e-05, 0.9998732761344858 0.00012672386551422022, 
72, 000000, 000000, 2.3079491968767506e-05, 2.3079491968767506e-05, 0.9998615230481873 0.00013847695181260506, 
73, 000000, 000000, 2.0405941642145546e-05, 2.0405941642145546e-05, 0.9998776013258134 0.00012236169852053124 3.69756661710285e-08, 
74, 000000, 000000, 2.2595504750714834e-05, 2.2595504750714834e-05, 0.9998644269714957 0.00013557302850428901, 
75, 000000, 000000, 2.2559515873582274e-05, 2.2559515873582274e-05, 0.9998646429047585 0.00013535709524149366, 
76, 000000, 000000, 2.3971522294539284e-05, 2.3971522294539284e-05, 0.9998561708662328 0.0001438291337672357, 
77, 000000, 000000, 2.1822932556684732e-05, 2.1822932556684732e-05, 0.9998690624046599 0.0001309375953401084, 
78, 000000, 000000, 2.2490501661115202e-05, 2.2490501661115202e-05, 0.9998650569900334 0.00013494300996669124, 
79, 000000, 000000, 8.086325644218899e-05, 8.086325644218899e-05, 0.9996904189423883 0.0001339825765700669 0.00017559848104153357, 
80, 000000, 000000, 2.3206766103967883e-05, 2.3206766103967883e-05, 0.9998607594033762 0.0001392405966238073, 
81, 000000, 000000, 2.306846473070767e-05, 2.306846473070767e-05, 0.9998615892116157 0.00013841078838424601, 
82, 000000, 000000, 2.326945431190932e-05, 2.326945431190932e-05, 0.9998603832741285 0.00013961672587145592, 
83, 000000, 000000, 2.140449894067018e-05, 2.140449894067018e-05, 0.999871573006356 0.00012842699364402107, 
84, 000000, 000000, 2.241146590706734e-05, 2.241146590706734e-05, 0.9998656110268922 0.00013430915077327997 7.982233456202914e-08, 
85, 000000, 000000, 2.258292398299506e-05, 2.258292398299506e-05, 0.999864502456102 0.00013549754389797036, 
86, 000000, 000000, 2.2560057726810495e-05, 2.2560057726810495e-05, 0.9998646396536391 0.00013536034636086298, 
87, 000000, 000000, 2.1517040476431615e-05, 2.1517040476431615e-05, 0.999870917201658 0.00012906335382559004 1.9444516499837237e-08, 
88, 000000, 000000, 2.194400622494996e-05, 2.194400622494996e-05, 0.9998683359626503 0.00013166403734969978, 
89, 000000, 000000, 2.370379906308521e-05, 2.370379906308521e-05, 0.9998577772056215 0.00014222279437851125, 
90, 000000, 000000, 2.228193918472392e-05, 2.228193918472392e-05, 0.9998663083648917 0.00013369163510834354, 
91, 000000, 000000, 2.1618382306653093e-05, 2.1618382306653093e-05, 0.9998702897061601 0.00012971029383991855, 
92, 000000, 000000, 2.343035240399272e-05, 2.343035240399272e-05, 0.9998594178855761 0.00014058211442395633, 
93, 000000, 000000, 2.2878308153462163e-05, 2.2878308153462163e-05, 0.9998627301510792 0.00013726984892077298, 
94, 000000, 000000, 2.164666491847664e-05, 2.164666491847664e-05, 0.9998701200104891 0.00012987998951085987, 
95, 000000, 000000, 2.2109636204546847e-05, 2.2109636204546847e-05, 0.9998673421827726 0.00013265781722728107, 
96, 000000, 000000, 0.001324317235199441, 0.001324317235199441, 0.9959566695014088 0.00014075758598566853 0.0039025729126054894, 
97, 000000, 000000, 2.4383302079639545e-05, 2.4383302079639545e-05, 0.9998537001875222 0.00014629981247783725, 
98, 000000, 000000, 0.0006210158991380343, 0.0006210158991380343, 0.998075246759393 0.0001234110863858182 0.001801342154221194, 
99, 000000, 000000, 2.1561754708506443e-05, 2.1561754708506443e-05, 0.999870629471749 0.00012937052825103866, 
100, 000000, 000000, 2.0861869217851195e-05, 2.0861869217851195e-05, 0.9998748287846928 0.00012517121530710717, 
run, initial grid state, final grid state, mean grid cell occupancy, mean binding site occupancy, fraction of time with N TFs bound, warning
1, 000000, 000000, 2.2120083397666473e-05, 2.2120083397666473e-05, 0.999867279499614 0.00013272050038599885, 
2, 000000, 000000, 2.2981634778190192e-05, 2.2981634778190192e-05, 0.9998621101913309 0.00013788980866914115, 
3, 000000, 000000, 2.1351489147770156e-05, 2.1351489147770156e-05, 0.9998718910651134 0.00012810893488662093, 
4, 000000, 000000, 2.3474124960679085e-05, 2.3474124960679085e-05, 0.9998591552502358 0.00014084474976407452, 
5, 000000, 000000, 2.3691646100187095e-05, 2.3691646100187095e-05, 0.999857850123399 0.00014214987660112258, 
6, 000000, 000000, 2.0697257024926975e-05, 2.0697257024926975e-05, 0.9998758164578505 0.00012418354214956183, 
7, 000000, 000000, 2.4448049476087893e-05, 2.4448049476087893e-05, 0.9998533117031435 0.00014668829685652739, 
8, 000000, 000000, 2.3385272471806077e-05, 2.3385272471806077e-05, 0.9998596883651691 0.00014031163483083645, 
9, 000000, 000000, 2.189447851093142e-05, 2.189447851093142e-05, 0.9998686331289345 0.00013136687106558853, 
10, 000000, 000000, 2.221134915134762e-05, 2.221134915134762e-05, 0.9998667319050919 0.00013326809490808573, 
11, 000000, 000000, 2.34443522630076e-05, 2.34443522630076e-05, 0.99985943174838 0.00014047038966192373 9.786195806094577e-08, 
12, 000000, 000000, 2.1246474679629177e-05, 2.1246474679629177e-05, 0.9998725211519222 0.00012747884807777507, 
13, 000000, 000000, 2.2152368463591568e-05, 2.2152368463591568e-05, 0.9998670857892186 0.00013291421078154942, 
14, 000000, 000000, 2.3112554894425488e-05, 2.3112554894425488e-05, 0.9998613246706335 0.00013867532936655293, 
15, 000000, 000000, 2.134363819801888e-05, 2.134363819801888e-05, 0.9998719381708119 0.00012806182918811328, 
16, 000000, 000000, 2.168984091227689e-05, 2.168984091227689e-05, 0.9998698609545263 0.00013013904547366136, 
17, 000000, 000000, 2.2923707712553068e-05, 2.2923707712553068e-05, 0.9998625143747113 0.00013742900430216808 5.6620986575172055e-08, 
18, 000000, 000000, 2.063909390443126e-05, 2.063909390443126e-05, 0.9998761654365733 0.00012383456342658755, 
19, 110000, 000000, 0.00033439488183799137, 0.00033439488183799137, 0.9989330190367418 0.00012759263548812926 0.0009393883277699096, 
20, 000000, 000000, 2.115300236713518e-05, 2.115300236713518e-05, 0.9998730819857972 0.00012691801420281108, 
21, 000000, 000000, 2.1329937716997976e-05, 2.1329937716997976e-05, 0.9998720203736979 0.00012797962630198785, 
22, 000000, 000000, 2.1738028242956484e-05, 2.1738028242956484e-05, 0.9998695718305424 0.00013042816945773892, 
23, 000000, 000000, 2.3239263378171515e-05, 2.3239263378171515e-05, 0.9998605644197309 0.00013943558026902907, 
24, 000000, 000000, 0.009176705257137796, 0.009176705257137796, 0.9808109089926784 0.00012745053801389898 0.00449085290156705 0.0123320750692837 0.0022387124984569206, 
25, 000000, 000000, 2.1970537233963633e-05, 2.1970537233963633e-05, 0.9998681767765961 0.00013182322340378182, 
26, 000000, 000000, 2.1674506251615515e-05, 2.1674506251615515e-05, 0.9998699529624904 0.00013004703750969308, 
27, 000000, 000000, 2.1419508709210247e-05, 2.1419508709210247e-05, 0.9998714829477447 0.00012851705225526148, 
28, 000000, 000000, 1.9621008491415752e-05, 1.9621008491415752e-05, 0.9998822739490515 0.00011772605094849452, 
29, 000000, 000000, 2.1474963643205652e-05, 2.1474963643205652e-05, 0.9998711502181408 0.0001288497818592339, 
30, 000000, 000000, 2.1798093662435697e-05, 2.1798093662435697e-05, 0.9998692114380254 0.00013078856197461418, 
31, 000000, 000000, 2.3357234742812245e-05, 2.3357234742812245e-05, 0.9998598565915431 0.00014014340845687346, 
32, 000000, 000000, 2.1104594103841233e-05, 2.1104594103841233e-05, 0.9998733812522723 0.00012660993083230462 8.81689537139166e-09, 
33, 000000, 000000, 2.2292796905907738e-05, 2.2292796905907738e-05, 0.9998662432185647 0.00013375678143544642, 
34, 000000, 000000, 2.13811260205534e-05, 2.13811260205534e-05, 0.9998717132438768 0.0001282867561233204, 
35, 000000, 000000, 2.189099585211318e-05, 2.189099585211318e-05, 0.9998686540248873 0.00013134597511267908, 
36, 000000, 000000, 2.2748485908705206e-05, 2.2748485908705206e-05, 0.9998635090845478 0.00013649091545223124, 
37, 000000, 000000, 2.2227217620800004e-05, 2.2227217620800004e-05, 0.9998666818987421 0.00013327289679095612 4.520446692194257e-08, 
38, 000000, 000000, 0.00025556988336162656, 0.00025556988336162656, 0.9991643038498886 0.00013800396599399125 0.0006976612181764557 3.096594095230102e-08, 
39, 000000, 000000, 2.1550069451212937e-05, 2.1550069451212937e-05, 0.9998706995832928 0.00012930041670727765, 
40, 000000, 000000, 2.0058429747224037e-05, 2.0058429747224037e-05, 0.9998796494215167 0.00012035057848334422, 
41, 000000, 000000, 2.1091577355084706e-05, 2.1091577355084706e-05, 0.9998734505358695 0.00012654946413050825, 
42, 000000, 000000, 2.1900409046330445e-05, 2.1900409046330445e-05, 0.9998685975457221 0.0001314024542779827, 
43, 000000, 000000, 2.0416392904938655e-05, 2.0416392904938655e-05, 0.9998775016425704 0.00012249835742963194, 
44, 000000, 000000, 2.3816871149764715e-05, 2.3816871149764715e-05, 0.9998570987731014 0.00014290122689858832, 
45, 000000, 000000, 2.1360194890995895e-05, 2.1360194890995895e-05, 0.9998718388306539 0.00012816116934597535, 
46, 000000, 000000, 2.1626568064719124e-05, 2.1626568064719124e-05, 0.9998702405916117 0.00012975940838831474, 
47, 000000, 000000, 2.2268795557817632e-05, 2.2268795557817632e-05, 0.9998663872266531 0.0001336127733469058, 
48, 000000, 000000, 2.4308560921367695e-05, 2.4308560921367695e-05, 0.9998541486344718 0.00014585136552820618, 
49, 000000, 000000, 2.1287870279048866e-05, 2.1287870279048866e-05, 0.9998722727783257 0.00012772722167429318, 
50, 000000, 000000, 2.3058813761835526e-05, 2.3058813761835526e-05, 0.999861647117429 0.00013835288257101316, 
51, 000000, 000000, 0.0022227382028448934, 0.0022227382028448934, 0.9948446575612441 0.00013241409344660426 0.0018647699123052186 0.0031581584330041064, 
52, 000000, 000000, 2.1463213887916548e-05, 2.1463213887916548e-05, 0.9998712207166726 0.0001287792833274993, 
53, 000000, 000000, 2.1350948086562048e-05, 2.1350948086562048e-05, 0.9998718943114806 0.0001281056885193723, 
54, 000000, 000000, 2.16845204060844e-05, 2.16845204060844e-05, 0.9998698928775634 0.0001301071224365064, 
55, 000000, 000000, 2.0644928103497207e-05, 2.0644928103497207e-05, 0.999876130431379 0.00012386956862098326, 
56, 000000, 000000, 2.3005147360008904e-05, 2.3005147360008904e-05, 0.9998619691158399 0.00013803088416005342, 
57, 000000, 000000, 2.1459036091451773e-05, 2.1459036091451773e-05, 0.9998712457834513 0.00012875421654871065, 
58, 000000, 000000, 2.1286369942398962e-05, 2.1286369942398962e-05, 0.9998722817803457 0.00012771821965439377, 
59, 000000, 000000, 2.0811792207216688e-05, 2.0811792207216688e-05, 0.9998751292467566 0.0001248707532433001, 
60, 000000, 000000, 0.012975884530920653, 0.012975884530920653, 0.9716512719150204 0.0001211630714452445 0.015843101004050286 0.005997014169806071 0.0038803496018300168 0.0025071002378479635, 
61, 000000, 000000, 0.07049503003119338, 0.07049503003119338, 0.9175241168257215 0.00012234398310966964 0.0006172005292580241 0.0021253860162826375 0.012718147067680556 0.03699214464172127 0.02990066093622633, 
62, 000000, 000000, 2.1497443871994953e-05, 2.1497443871994953e-05, 0.9998710153367679 0.00012898466323196973, 
63, 000000, 000000, 2.1091534263612854e-05, 2.1091534263612854e-05, 0.9998734507944184 0.00012654920558167714, 
64, 000000, 000000, 2.135502318047005e-05, 2.135502318047005e-05, 0.9998718698609171 0.00012813013908282033, 
65, 000000, 000000, 2.0260888560889065e-05, 2.0260888560889065e-05, 0.9998784346686346 0.00012156533136533439, 
66, 000000, 000000, 2.2574924410912307e-05, 2.2574924410912307e-05, 0.9998645504535345 0.00013544954646547383, 
67, 000000, 000000, 2.1315527058150804e-05, 2.1315527058150804e-05, 0.999872106837651 0.00012789316234890484, 
68, 000000, 000000, 2.1528856234670186e-05, 2.1528856234670186e-05, 0.9998708268625919 0.00012917313740802114, 
69, 000000, 000000, 2.1752455703876023e-05, 2.1752455703876023e-05, 0.9998694852657768 0.00013051473422325615, 
70, 000000, 000000, 2.350849542843377e-05, 2.350849542843377e-05, 0.9998589490274294 0.00014105097257060263, 
71, 000000, 000000, 2.2478938875222227e-05, 2.2478938875222227e-05, 0.9998651263667487 0.00013487363325133335, 
72, 000000, 000000, 2.132416214963013e-05, 2.132416214963013e-05, 0.9998720550271022 0.0001279449728977808, 
73, 000000, 000000, 2.270971210294447e-05, 2.270971210294447e-05, 0.9998637417273823 0.00013625827261766683, 
74, 000000, 000000, 0.0006891513304654053, 0.0006891513304654053, 0.9978677651692223 0.00012956167876320668 0.002002673152014613, 
75, 000000, 000000, 2.246094684710962e-05, 2.246094684710962e-05, 0.9998652343189174 0.00013476568108265773, 
76, 000000, 000000, 2.1675881048064107e-05, 2.1675881048064107e-05, 0.9998699447137115 0.00013005528628838464, 
77, 000000, 000000, 2.2087797449043523e-05, 2.2087797449043523e-05, 0.9998674732153057 0.00013252678469426115, 
78, 000000, 000000, 2.132446392057703e-05, 2.132446392057703e-05, 0.9998720532164765 0.0001279467835234622, 
79, 000000, 000000, 2.2533519902606493e-05, 2.2533519902606493e-05, 0.9998647988805843 0.00013520111941563897, 
80, 000000, 000000, 2.127739092146497e-05, 2.127739092146497e-05, 0.9998723356544713 0.00012766434552878981, 
81, 000000, 000000, 2.4357179984372208e-05, 2.4357179984372208e-05, 0.9998538569200937 0.00014614307990623327, 
82, 000000, 000000, 2.2088294831636836e-05, 2.2088294831636836e-05, 0.9998674702310102 0.000132529768989821, 
83, 000000, 000000, 2.350256124046064e-05, 2.350256124046064e-05, 0.9998589846325572 0.00014101536744276386, 
84, 000000, 000000, 2.2572265945524487e-05, 2.2572265945524487e-05, 0.9998645664043269 0.00013543359567314695, 
85, 000000, 000000, 2.08903329283469e-05, 2.08903329283469e-05, 0.9998746580024299 0.00012534199757008142, 
86, 000000, 000000, 2.363309036104527e-05, 2.363309036104527e-05, 0.9998582014578337 0.00014179854216627165, 
87, 000000, 000000, 2.2850225067940206e-05, 2.2850225067940206e-05, 0.9998628986495923 0.00013710135040764123, 
88, 000000, 000000, 2.3136901686162283e-05, 2.3136901686162283e-05, 0.999861178589883 0.0001388214101169737, 
89, 000000, 000000, 2.1028343413309782e-05, 2.1028343413309782e-05, 0.9998738299395201 0.0001261700604798587, 
90, 000000, 000000, 2.157808007908495e-05, 2.157808007908495e-05, 0.9998705315195254 0.0001294684804745097, 
91, 000000, 000000, 2.2016560285934558e-05, 2.2016560285934558e-05, 0.9998679006382843 0.00013209936171560736, 
92, 000000, 000000, 2.329135039372787e-05, 2.329135039372787e-05, 0.9998602518976376 0.00013974810236236723, 
93, 000000, 000000, 2.1508665794290995e-05, 2.1508665794290995e-05, 0.9998709851523642 0.00012897770050608427 3.714712983085995e-08, 
94, 000000, 000000, 2.3711653979995494e-05, 2.3711653979995494e-05, 0.9998577635932414 0.00014220288963725212 3.35171213604155e-08, 
95, 000000, 000000, 2.27203746180114e-05, 2.27203746180114e-05, 0.9998636777522919 0.00013632224770806839, 
96, 000000, 000000, 2.1211464360116918e-05, 2.1211464360116918e-05, 0.9998727312138392 0.00012726878616070152, 
97, 000000, 000000, 2.1264750886654895e-05, 2.1264750886654895e-05, 0.99987241149468 0.00012758850531992939, 
98, 000000, 000000, 2.1143148474362573e-05, 2.1143148474362573e-05, 0.9998731411091539 0.00012685889084617546, 
99, 000000, 000000, 2.2508510535657267e-05, 2.2508510535657267e-05, 0.9998649489367861 0.00013505106321394362, 
100, 000000, 000000, 2.2982069901597963e-05, 2.2982069901597963e-05, 0.9998621075805904 0.0001378924194095878, 
