run, initial grid state, final grid state, mean grid cell occupancy, mean binding site occupancy, fraction of time with N TFs bound, warning
1, 000000, 000000, 0.05072774034886352, 0.05072774034886352, 0.7735174360490498 0.16242443126401707 0.05185326573548582 0.010769038546028075 0.0012507783069881724 0.00018505009843111035, 
2, 000000, 000000, 0.046233263276943486, 0.046233263276943486, 0.7848911512885075 0.16564075833428085 0.03902995550186351 0.008473694985833348 0.0015443740814211821 0.0004200658080936613, 
3, 000000, 000000, 0.044647997040901714, 0.044647997040901714, 0.7930182575282321 0.15551692320917632 0.04316578045327634 0.007274820765014972 0.0009060543868653262 0.00011816365743500844, 
4, 000000, 000000, 0.043119548186209944, 0.043119548186209944, 0.7885763400809915 0.16705865418013602 0.04143638227949378 0.0029286234593786935, 
5, 000000, 000000, 0.04755586168330352, 0.04755586168330352, 0.7870918318914361 0.15124227801523749 0.05274702742951754 0.007076613429687098 0.0018422492341218248, 
6, 000001, 000100, 0.05005048700432546, 0.05005048700432546, 0.7727244951833271 0.16701075993522074 0.04796003228818745 0.011846752858701595 0.0004579597345630895, 
7, 000000, 000000, 0.05281839540120215, 0.05281839540120215, 0.7693649060140549 0.16562563342589304 0.04672806474897902 0.015554000916367215 0.0024703677392689384 0.0002570271554369018, 
8, 000000, 000000, 0.04413414366650027, 0.04413414366650027, 0.7879253042988229 0.1657127489710724 0.040526190230495 0.005303293431499472 0.0005324630681102048, 
9, 000000, 000000, 0.051202435395844986, 0.051202435395844986, 0.7739497605771557 0.1655007543693583 0.04408063450805508 0.01266335759672508 0.00346494854410285 0.000340544404602959, 
10, 000000, 000000, 0.04795889577337311, 0.04795889577337311, 0.7895822864292761 0.1585666655481981 0.038121161989020845 0.005314867343775658 0.005663819430591449 0.002162690194521461 0.0005885090646164758, 
11, 000000, 000000, 0.05216560940807214, 0.05216560940807214, 0.7606974930868897 0.17732720735696625 0.05089095464659712 0.010452839839915212 0.0006315050696316787, 
12, 000000, 000000, 0.053934738378073686, 0.053934738378073686, 0.7658338853789501 0.16127044222775344 0.0569982797949705 0.015248141942555945 0.0006492506557699611, 
13, 000000, 000000, 0.0541121849402351, 0.0541121849402351, 0.7658149567600572 0.16418205218781676 0.050391419796380364 0.01873806716214966 0.0008735040935960269, 
14, 000000, 000000, 0.05457831580762865, 0.05457831580762865, 0.7588134997824346 0.17405823248667596 0.05090755689653104 0.013493451370458652 0.0025201028648404703 0.00020715659905921842, 
15, 000000, 100000, 0.045689017817100226, 0.045689017817100226, 0.7885501779638342 0.16154026488594103 0.0380043776825707 0.011202925173136839 0.000534960340478335 0.00016729395403901733, 
16, 000000, 000010, 0.045683912132960455, 0.045683912132960455, 0.7802645869581044 0.1736003959631473 0.0388056384583151 0.006425714563747346 0.0009036640566857957, 
17, 000000, 000000, 0.05266721355399147, 0.05266721355399147, 0.7755539699685474 0.1576544480014672 0.04978957334203442 0.013065806081946664 0.001499238706439336 0.0010464698305744215 0.0013904940689905482, 
18, 000000, 000000, 0.0486675487517059, 0.0486675487517059, 0.7719657399977672 0.1787671292619517 0.0362762443223753 0.01127787106809027 0.0017130153498155728, 
19, 000000, 000000, 0.06160660336168801, 0.06160660336168801, 0.7402838201095766 0.17515550564224502 0.06429927108370274 0.01609076770308737 0.0032399080557255515 0.0009307274056626501, 
20, 000000, 000000, 0.05120180958879503, 0.05120180958879503, 0.7717297148481443 0.16573460390042724 0.04732299027132299 0.014020490830724933 0.0011922001493805397, 
21, 000000, 000000, 0.04821648551188121, 0.04821648551188121, 0.7838059853118614 0.15802133985858677 0.044661375455066564 0.012305296812336134 0.0009910809451867853 0.00021492161696235336, 
22, 000000, 000000, 0.04287183679173511, 0.04287183679173511, 0.7934588968723629 0.16265568073225348 0.03763472638455818 0.0056968967942609425 0.0005537992165644963, 
23, 000000, 000000, 0.04457584831807286, 0.04457584831807286, 0.796440300675509 0.15308930479226168 0.039403488562762164 0.008708815887217154 0.002358090082249925, 
24, 001000, 000000, 0.04707506697382082, 0.04707506697382082, 0.779587755173332 0.16852709305108768 0.042094406147876025 0.00942848601473189 0.00036225961297239574, 
25, 000000, 000000, 0.047757193579124696, 0.047757193579124696, 0.7798495973121533 0.16220669621650224 0.049606727317176434 0.008224905992779148 0.00011207316138890526, 
26, 100010, 000001, 0.0512876282542741, 0.0512876282542741, 0.7760054603442607 0.1614326077496725 0.04790449244377026 0.008145580960754894 0.006511858501541727, 
27, 000000, 000000, 0.0450685104722554, 0.0450685104722554, 0.7878005043332159 0.16387275782898475 0.03962760852554155 0.0077634372036327485 0.0006856842005588327 0.0002500079080661989, 
28, 000000, 000000, 0.04527096993529339, 0.04527096993529339, 0.7868908894266271 0.16607580263922814 0.03600167233013967 0.010579870103767566 0.00045176550023754434, 
29, 000000, 000000, 0.04302259685722232, 0.04302259685722232, 0.7842336251600983 0.17963095701965312 0.030032528433837427 0.00597199028963848 0.00013089909677261395, 
30, 010000, 011000, 0.04460719050420187, 0.04460719050420187, 0.7992046003298535 0.14351097194469656 0.04968923690659595 0.005627066008093169 0.00196812481076083, 
31, 000000, 000000, 0.04968661872219886, 0.04968661872219886, 0.7783157790629507 0.16077176221933398 0.04610230366204791 0.014097277432906414 0.0007128776227610309, 
32, 001000, 100000, 0.0458756662269712, 0.0458756662269712, 0.7828995978156594 0.16629254518447492 0.043462118822244704 0.007345738177620974, 
33, 000000, 000000, 0.04375991844794946, 0.04375991844794946, 0.793408686663389 0.16052634397713625 0.03655416499160022 0.009118380744137908 0.00039242362373658585, 
34, 000000, 000001, 0.04866343036265147, 0.04866343036265147, 0.788710707256615 0.14600644156472467 0.052563848197380456 0.010029567708696325 0.0026894352725835603, 
35, 010000, 000000, 0.04710740282461088, 0.04710740282461088, 0.7799856380123203 0.1671585493659076 0.04338309943412979 0.009171184037071182 0.0003015291505711419, 
36, 000000, 000000, 0.04852578814620847, 0.04852578814620847, 0.7851045891049352 0.15749035212833476 0.04233447430076655 0.01140533363214304 0.003546826918147944 0.00011842391567241577, 
37, 000000, 000000, 0.04578646527156499, 0.04578646527156499, 0.7869863942317378 0.16374479887994975 0.039485392012583734 0.008034847617009934 0.0008441704203510851 0.0009043968383677231, 
38, 001000, 000000, 0.049485587698068365, 0.049485587698068365, 0.7814126710710497 0.15917175097431624 0.04457423450203484 0.011282414037162448 0.003048582978646812 0.000510346436789944, 
39, 000000, 011000, 0.047295302444555126, 0.047295302444555126, 0.7798089377619343 0.169826115795203 0.03884157019298318 0.009830946513356593 0.0016924297365229185, 
40, 000000, 000000, 0.05071025792881413, 0.05071025792881413, 0.7738547789775551 0.16224030242961263 0.05115073735309739 0.011296954521862688 0.0014572267178723356, 
41, 000000, 000000, 0.047828723399319005, 0.047828723399319005, 0.7785341124512154 0.1672035733314606 0.04331012332119558 0.010660243162451719 0.0002919477336767883, 
42, 000000, 000000, 0.046278654652228295, 0.046278654652228295, 0.7848927910903719 0.16219544766255536 0.04497583909288517 0.006218886551706758 0.0017170356024809677, 
43, 000000, 000000, 0.05624165898925964, 0.05624165898925964, 0.7573036284493279 0.17015839177427794 0.05551438496949954 0.013435399401515663 0.0019843830091613103 0.001603812396217712, 
44, 000000, 000000, 0.04826833478549147, 0.04826833478549147, 0.7898954632154579 0.15305556748144095 0.039282233081235594 0.013730905737185486 0.003381894565920386 0.0006539359187597319, 
45, 000000, 000000, 0.05366281833178924, 0.05366281833178924, 0.7647534735357022 0.16780416737762222 0.05197173788921436 0.011753413405683828 0.0036170123412533595 0.0001001954505239214, 
46, 000110, 000000, 0.05060396837475969, 0.05060396837475969, 0.770884332559233 0.17302686364286446 0.0406994792017171 0.012359310182481903 0.0030300144137034527, 
47, 000000, 010000, 0.04898894861503589, 0.04898894861503589, 0.7762726298862618 0.16521881525597584 0.04768856709107546 0.009942208814658944 0.0008777789520279353, 
48, 000010, 111000, 0.04893563916435261, 0.04893563916435261, 0.7857994243091954 0.14938235210409248 0.05274853892376629 0.00954433361729284 0.002525351045653025, 
49, 000010, 000000, 0.05979880782344861, 0.05979880782344861, 0.7496928504988493 0.18012051022789982 0.045560401291744664 0.014348674293058956 0.0075255003878450955 0.002108870104868639 0.0006431931957336834, 
50, 000000, 000000, 0.0447890311052561, 0.0447890311052561, 0.7905093639138784 0.16081771086471688 0.04052642094686845 0.00572238322506229 0.0024241210494739948, 
51, 000000, 000000, 0.04612164544265576, 0.04612164544265576, 0.7791746373869869 0.17424085307630854 0.03744806960430805 0.008952879358575954 0.0001835605738205285, 
52, 000000, 000000, 0.05552050716997078, 0.05552050716997078, 0.7595199645240893 0.1680610148218378 0.05402459240489037 0.016766087387453076 0.0014271230828002519 0.0002012177789291881, 
53, 000000, 000000, 0.046311419733008084, 0.046311419733008084, 0.7874635269009739 0.15992312266362052 0.04058473629188939 0.011338533423415354 0.0006900807201008001, 
54, 000000, 000001, 0.04993096897131135, 0.04993096897131135, 0.7788932769724503 0.15974876931104715 0.0460693066521727 0.013456157044844498 0.0018324900194855245, 
55, 000000, 000000, 0.04638531504192847, 0.04638531504192847, 0.7865850843601541 0.16106102716540216 0.041495261667434245 0.009174167476738009 0.001684459330271539, 
56, 000000, 000000, 0.043366362896082214, 0.043366362896082214, 0.7936525496384965 0.15706612278735693 0.04471192813330327 0.004569399440843274, 
57, 000000, 000000, 0.04827461701114851, 0.04827461701114851, 0.7739362597356755 0.17101149930019727 0.04778649514392294 0.005999770801969368 0.0012659750182349623, 
58, 000000, 000000, 0.0631374365333714, 0.0631374365333714, 0.7461941985947903 0.1686249984956845 0.055052461160766425 0.022219628897758293 0.006107752565266262 0.0018009602857342218, 
59, 011000, 000000, 0.0535139787163534, 0.0535139787163534, 0.7634898378544492 0.17817482947890506 0.04085610461467384 0.008724959254502136 0.00874938816098751 4.880636482238769e-06, 
60, 000000, 000000, 0.049247744726936826, 0.049247744726936826, 0.7807164436070301 0.16260044532967657 0.04152722457890588 0.010791972063417284 0.004363914420970195, 
61, 000000, 000000, 0.055775264438599724, 0.055775264438599724, 0.7607807078163576 0.16673593343748921 0.05113322630637733 0.01975132917774883 0.0015988032620269839, 
62, 000000, 000100, 0.0424235692402054, 0.0424235692402054, 0.7957433275789979 0.16837674009473527 0.024876468308486114 0.007602117341598158 0.0034013466761826047, 
63, 000000, 000000, 0.047559407174376726, 0.047559407174376726, 0.7803272756307064 0.16397342657199132 0.04643826154811149 0.008537651618717106 0.0007233846304736818, 
64, 000000, 000000, 0.04508933884809067, 0.04508933884809067, 0.7899976873063379 0.16325708960323712 0.03561308247354246 0.00867945004077653 0.002249024464637211 0.0002036661114687011, 
65, 000000, 000000, 0.05503733069442737, 0.05503733069442737, 0.7663281155479478 0.16444709993647016 0.04855562439062212 0.01582514885630694 0.0030298674633357633 0.0018141438053171973, 
66, 100000, 000010, 0.0446948718242497, 0.0446948718242497, 0.7857081944097489 0.16982957220173225 0.036111544440977056 0.007286185928354908 0.001064503019186769, 
67, 110100, 000000, 0.04661972921428417, 0.04661972921428417, 0.7918440322702041 0.1495444355494079 0.04911113058637856 0.0068700844806655085 0.0018101604451764407 0.0008201566681675471, 
68, 100000, 100000, 0.049928093337903885, 0.049928093337903885, 0.7730071660766837 0.16554559566724053 0.05056667177325051 0.010632645117619388 0.00024792136520590096, 
69, 000000, 001000, 0.05271222198735052, 0.05271222198735052, 0.7666077737812986 0.16260875857897533 0.05882962566136852 0.011810045891039582 0.000143796087318006, 
70, 000000, 000010, 0.044957669386275205, 0.044957669386275205, 0.7926746837643748 0.15649430551069973 0.04183124120488532 0.006409849682979853 0.002589919837060315, 
71, 000000, 000000, 0.04699135976795962, 0.04699135976795962, 0.7823421366530866 0.16659961602350917 0.040153509726843485 0.008691653387433624 0.0020988580773748425 0.00011422613175227527, 
72, 000010, 000001, 0.04927683907388214, 0.04927683907388214, 0.7723289286199423 0.17503146878929005 0.03930414037723912 0.011320563954589876 0.002014898258938732, 
73, 000000, 000000, 0.042141565101143745, 0.042141565101143745, 0.7978806675437695 0.15668656632449196 0.041168853528498646 0.0036278794220136316 0.00023868694679890357 0.00039734623442734985, 
74, 010000, 001000, 0.0517927959430148, 0.0517927959430148, 0.7597091589637233 0.18043725537656963 0.05053009706207455 0.008034628233160219 0.001288860364472355, 
75, 000000, 000000, 0.04786529116779113, 0.04786529116779113, 0.7852302370671037 0.15318747744802866 0.05152635997179216 0.009272152437168196 0.0007837730759073155, 
76, 000000, 000000, 0.042947293268334887, 0.042947293268334887, 0.7915437851728335 0.16817463166981106 0.032050802464400174 0.0075155997604232595 0.000715180932532038, 
77, 000000, 000000, 0.04602517007831424, 0.04602517007831424, 0.7844277752857947 0.16625416565079007 0.039871556213191224 0.007650370475865219 0.0017780309066769478 1.8101467681896118e-05, 
78, 000000, 000000, 0.05552925242967764, 0.05552925242967764, 0.7606985998538125 0.1677166024416572 0.05150349810873789 0.01800986653864842 0.0019348489827319551 0.00013658407441195986, 
79, 000010, 000000, 0.046507549060420546, 0.046507549060420546, 0.7725313910873693 0.1824475044143129 0.038501608689264936 0.006483410666530877 3.608514252197174e-05, 
80, 000000, 000100, 0.04491513728065034, 0.04491513728065034, 0.7911088604579933 0.16164427915798424 0.03501056683863652 0.011119763332898552 0.0011165302124872803, 
81, 000000, 000110, 0.044688338469715184, 0.044688338469715184, 0.7827768642089176 0.16959571233234574 0.04451037634535898 0.0029546226582834404 0.0001624244550942807, 
82, 000000, 000000, 0.0493548080565345, 0.0493548080565345, 0.7712028065531791 0.17532452319565128 0.04051610814977225 0.012054139561578296 0.0009024225398190815, 
83, 000010, 000000, 0.052075903674708456, 0.052075903674708456, 0.7648614183743705 0.1667905905185056 0.05968029498443644 0.008366542929877608 0.0003011531928098769, 
84, 000000, 000000, 0.05185998974420229, 0.05185998974420229, 0.7641696886993041 0.17395065616861402 0.04964710211917157 0.011086468765756037 0.0010747494747825321 7.133477237167812e-05, 
85, 110000, 000000, 0.04850240025441602, 0.04850240025441602, 0.7759310036033844 0.169050451951766 0.04335685690330302 0.011396514398062062 0.00026517314348447886, 
86, 000000, 000000, 0.0473921696749003, 0.0473921696749003, 0.7733453757142198 0.17636450118818497 0.04346771209262245 0.006236551343919203 0.0005858596610535894, 
87, 000000, 000000, 0.041271046089296506, 0.041271046089296506, 0.7902846122079801 0.17484656969699405 0.031832193700534826 0.003031178140248968 5.446254242105143e-06, 
88, 000000, 000000, 0.04729380938807861, 0.04729380938807861, 0.7776120942245769 0.1672323760016078 0.049238287030160595 0.005615064708076043 0.0003021780355786425, 
89, 000000, 000000, 0.04611549975651116, 0.04611549975651116, 0.790256554605616 0.15309969829420855 0.04720420027737533 0.008573287601092851 0.0008662592217072985, 
90, 000000, 001000, 0.04753775306273461, 0.04753775306273461, 0.7809902155040288 0.16568032529469748 0.04073906486957798 0.012293513984228732 0.00029688034746702224, 
91, 000000, 000000, 0.048208691776543265, 0.048208691776543265, 0.7863808582052327 0.16000010795195588 0.03569526454298978 0.013833563577962168 0.004090205721859421, 
92, 000000, 000000, 0.046723185086873335, 0.046723185086873335, 0.7861455189884974 0.1616991168017772 0.04063630942467771 0.00903656190922461 0.002154775236681827 0.00032771763914125305, 
93, 001100, 000000, 0.05074520051093417, 0.05074520051093417, 0.7736598323084427 0.1687578522126055 0.04216153393249432 0.010591507228539713 0.004530610287196806 0.0002986640307209037, 
94, 000000, 000000, 0.04847690114750182, 0.04847690114750182, 0.7794967962900526 0.16361620570603233 0.044703505016903206 0.01089578080287516 0.00128771218413668, 
95, 100000, 000000, 0.04672737612481341, 0.04672737612481341, 0.7869967288703513 0.15832223280241284 0.043097204038157116 0.010487721286161458 0.0010961130029172555, 
96, 000000, 000001, 0.05499158558816926, 0.05499158558816926, 0.7680492345662147 0.1643068702444805 0.0441222712145322 0.016688395043619714 0.006833228931152876, 
97, 000000, 000000, 0.04943141632918654, 0.04943141632918654, 0.7756208845634139 0.16604371952058256 0.04714562850275123 0.008795875650060125 0.0021035643171069735 0.0002903274460851862, 
98, 000000, 000000, 0.045381161190456765, 0.045381161190456765, 0.7789823201779721 0.17535116657765393 0.04006373916803533 0.00560277407633868, 
99, 000000, 000010, 0.04923609870669665, 0.04923609870669665, 0.7676771628505042 0.18170631390620218 0.040851774716913085 0.007104113282154673 0.002608787167441334 5.184807678444044e-05, 
100, 000000, 000000, 0.050567455806718876, 0.050567455806718876, 0.785123733430861 0.15704171349749502 0.03842645458321792 0.009607216854839848 0.008315946556068715 0.0014849350775176001, 
run, initial grid state, final grid state, mean grid cell occupancy, mean binding site occupancy, fraction of time with N TFs bound, warning
1, 000000, 000011, 0.050985665489080546, 0.050985665489080546, 0.7735187640361693 0.1593589719971379 0.05586487842461448 0.010204278080196943 0.0010531074618814194, 
2, 000000, 000000, 0.0494681463171763, 0.0494681463171763, 0.7685326853419832 0.1769648505651446 0.044239642505713626 0.009686544022148365 0.0005762775650102183, 
3, 000000, 000000, 0.052813406866058135, 0.052813406866058135, 0.7675487792370053 0.16272607015480864 0.0575201581496601 0.010190403921233042 0.0015300997079435415 0.0004844888293493361, 
4, 000000, 000000, 0.046262681155635234, 0.046262681155635234, 0.7843002474773813 0.16210742458179853 0.045597212587523084 0.007706224236222093 0.000288891117075114, 
5, 000000, 000000, 0.04751498321579115, 0.04751498321579115, 0.7816590647480265 0.16272143811707784 0.045499371773420484 0.009110783815072576 0.0010093415464025876, 
6, 000000, 001100, 0.05338636290882857, 0.05338636290882857, 0.7682122184195442 0.16280320277691943 0.05276563463389459 0.012892071270304093 0.0033268728993376376, 
7, 000000, 000000, 0.05280367626828241, 0.05280367626828241, 0.7722636559709698 0.1530176759571671 0.06087788265676835 0.013314525321388087 0.0005262600937066191, 
8, 000000, 000000, 0.049547105540256826, 0.049547105540256826, 0.7775598723137854 0.16200156433348115 0.04816936481869066 0.01013445486549231 0.0021347436685503944, 
9, 000000, 000000, 0.05403539520501664, 0.05403539520501664, 0.7635244446215399 0.1708316148725418 0.05053676259287673 0.00897164695377104 0.005285364485861346 0.0008501664734092212, 
10, 000000, 000000, 0.0610624628405055, 0.0610624628405055, 0.7495891510892994 0.17151013355283254 0.0540108924398518 0.016587055304944767 0.0052262816575103285 0.0022823496677461122 0.0007941362878151167, 
11, 000000, 000000, 0.05142276147996507, 0.05142276147996507, 0.7710658290164267 0.16567342563974777 0.05077410430142108 0.008631629532417025 0.0038550115099873707, 
12, 000001, 000000, 0.053748736440906796, 0.053748736440906796, 0.7733347429497748 0.1583940642820677 0.05175206343758457 0.009895775202842495 0.0022098687589758915 0.00441348536875458, 
13, 000000, 000000, 0.04800624213097192, 0.04800624213097192, 0.7778181426175133 0.16638598293448945 0.04653905850489867 0.008535156291310552 0.0006404142913277092 8.124536046045166e-05, 
14, 000001, 000000, 0.052402342693893184, 0.052402342693893184, 0.7677669861468507 0.16093788778906115 0.06096664663529234 0.009771042611469632 0.0005574368173260915, 
15, 000010, 000000, 0.050555057932401774, 0.050555057932401774, 0.7724859094156982 0.16227597957182618 0.05494973127738733 0.009998613472543326 0.00028976626254496114, 
16, 000000, 000000, 0.057076683356632414, 0.057076683356632414, 0.7551243050292521 0.16995694800241298 0.05639764282116676 0.01437655009362447 0.0041445540535436495, 
17, 000001, 000000, 0.043686204073895736, 0.043686204073895736, 0.8000366658820076 0.1537214765412644 0.032679480221854885 0.011212721961092239 0.002349655393780881, 
18, 000000, 000000, 0.04640803362464566, 0.04640803362464566, 0.7821422491770028 0.16786019875714295 0.04046304086567302 0.008756365579736069 0.0004979035820488418 0.0002802420383962847, 
19, 100000, 000000, 0.05324522432787649, 0.05324522432787649, 0.7618269001721616 0.17361850345284693 0.050651388896281214 0.011062765192991394 0.0028404422857188465, 
20, 000000, 000000, 0.054134852220884835, 0.054134852220884835, 0.7667307758850485 0.15913528277261613 0.05724294294516742 0.01637604892631366 0.0005149494708542597, 
21, 001000, 000000, 0.052962543703473884, 0.052962543703473884, 0.7580474316533331 0.17834898292123033 0.051777757904163 0.011432546593807814 0.0003932809274659004, 
22, 000000, 000000, 0.054525991253796445, 0.054525991253796445, 0.7580380721876508 0.17288634949428752 0.053800281754196946 0.014432151735361515 0.0008431448285031886, 
23, 000000, 000000, 0.04696702000090621, 0.04696702000090621, 0.7834423772537614 0.16882555218196826 0.03413053040193904 0.009690653629733837 0.0039108865325973565, 
24, 000000, 000000, 0.04754666362212833, 0.04754666362212833, 0.7880903082033179 0.15075275098710936 0.0506104489643713 0.009117146642011771 0.0011918331250655365 0.0002375120781241144, 
25, 000000, 000000, 0.052343432519000505, 0.052343432519000505, 0.7660195499637483 0.1748291506814327 0.043122173142874046 0.011129406700957297 0.004899719510987608, 
26, 000000, 000000, 0.04820483783726875, 0.04820483783726875, 0.7863165151216853 0.1539338366255475 0.04573433067195468 0.01223474126909422 0.0017805763117182394, 
27, 000000, 100001, 0.05437378546669495, 0.05437378546669495, 0.7627681287973537 0.16952368337858373 0.051999641386504335 0.010590715538425147 0.004641554462363577 0.0004762764367695081, 
28, 000000, 000000, 0.044576132228947574, 0.044576132228947574, 0.7950402475797678 0.15218629071524797 0.044183991597794514 0.007455360965910745 0.0011341091412790509, 
29, 000000, 000000, 0.04826404948603022, 0.04826404948603022, 0.7772105186931926 0.17043443881888679 0.04083342254917741 0.008603466756032968 0.00291815318271021, 
30, 000000, 000100, 0.04994464889915168, 0.04994464889915168, 0.7804189867387266 0.1556608168242634 0.04921747936608201 0.01323875044522958 0.0014639666256984925, 
31, 000000, 000110, 0.043063774508562934, 0.043063774508562934, 0.7883084006472951 0.16916683607528296 0.038358478856171135 0.004166284421250802, 
32, 000000, 000000, 0.054723554227456964, 0.054723554227456964, 0.7639717622128495 0.16339542915241848 0.05631679875632255 0.012951740813959889 0.0033642690644496392, 
33, 000000, 100000, 0.045226619768035096, 0.045226619768035096, 0.7932747524215624 0.15358745263226806 0.04218533837284204 0.010408237063051504 0.0005442195102759769, 
34, 000000, 000000, 0.04664197591644605, 0.04664197591644605, 0.7854208361726015 0.15896800920475682 0.04632411460747344 0.00891254298170031 0.0003744970334679172, 
35, 000000, 000000, 0.05251102601010513, 0.05251102601010513, 0.7714784116797928 0.16927133435969902 0.04033440343037221 0.012304749548426957 0.004843738713638612 0.001767362268070408, 
36, 001000, 000000, 0.052584919360679466, 0.052584919360679466, 0.7570642150246383 0.18423115184255298 0.04727485850699455 0.008990451195721696 0.0024393234300924198, 
37, 000000, 010000, 0.04920510384004599, 0.04920510384004599, 0.7840551483313984 0.15474531894152832 0.04547366488821822 0.013365497033109056 0.0023603708057460043, 
38, 001000, 000000, 0.048653295617759065, 0.048653295617759065, 0.7861488576612748 0.15168687985720267 0.0498558259063038 0.009172174717192352 0.002676591404964431 0.0004596704530618729, 
39, 000000, 000000, 0.04423007920575378, 0.04423007920575378, 0.7896241204813644 0.16252934068421676 0.04185506120228553 0.004824898382798316 0.001166579249334988, 
40, 000000, 000000, 0.05878162345984383, 0.05878162345984383, 0.756713089548228 0.16550397589309285 0.056560667741152426 0.014150783105530326 0.004179699651758897 0.0024574229013857385 0.0004343611588516689, 
41, 000000, 000000, 0.04637747129141381, 0.04637747129141381, 0.7972877564525407 0.1470500671270307 0.03858579702492576 0.01426235101041072 0.002814028385092133, 
42, 000000, 000000, 0.05081463896086304, 0.05081463896086304, 0.7733804477297244 0.1698558418045781 0.03772379728125707 0.01671854276147825 0.0021780830011595997 0.00014328742180256615, 
43, 000000, 000000, 0.05726062217452544, 0.05726062217452544, 0.7594268187007066 0.16783086972737696 0.04858774767264694 0.018651260298750378 0.004912930924364697 0.000590372676154375, 
44, 000000, 000001, 0.04770504146479717, 0.04770504146479717, 0.7787318269758369 0.16966665931733185 0.039227220784139635 0.011388023787594542 0.0009862691350970665, 
45, 000000, 001000, 0.04152391665473269, 0.04152391665473269, 0.8014742014346489 0.15242422586815277 0.0415854440313517 0.004516128665846657, 
46, 000000, 000000, 0.05184106896532258, 0.05184106896532258, 0.7699223764289836 0.16732308054475153 0.04683134659811445 0.013824310573333201 0.0019067209431298004 0.00019216491168726056, 
47, 000000, 000000, 0.04952662554995536, 0.04952662554995536, 0.7798099618410823 0.15783208532612425 0.04929354189584112 0.011517059565883735 0.0015473513710686137, 
48, 000100, 000000, 0.0482234301852269, 0.0482234301852269, 0.7881517486779082 0.151683191597289 0.04691560207894853 0.011257796435951511 0.000779217839778321 0.00033873553153946284 0.0008737078385850361, 
49, 001100, 000000, 0.04669786170470937, 0.04669786170470937, 0.7834973977438409 0.16637404363757702 0.03978906783983956 0.007845456200113168 0.001771550582486618 0.0007224839961428301, 
50, 000000, 000000, 0.0522937921577405, 0.0522937921577405, 0.7711970367346366 0.16653579929196144 0.044748366943309095 0.012344968352508683 0.005173828677584344, 
51, 000000, 000000, 0.0505716484137617, 0.0505716484137617, 0.7748269710347684 0.16278835616215837 0.04959023598105906 0.009772283310342501 0.0029665551310923267 5.559838057938075e-05, 
52, 000000, 000000, 0.05060814741382164, 0.05060814741382164, 0.7761198681175624 0.16241919606871155 0.04565173505509127 0.01360417469547495 0.0019114360981884455 0.0002935899649714288, 
53, 000000, 100000, 0.04943219883876435, 0.04943219883876435, 0.7865783028878414 0.1495364201038328 0.04842148855357336 0.01252173564060918 0.0020616751709372546 0.0008803776432060059, 
54, 000000, 000000, 0.05665690796590569, 0.05665690796590569, 0.7579609093512555 0.16489312237813272 0.060318666032053964 0.013478734496443278 0.002768048846708791 0.0005805188954057011, 
55, 000000, 001000, 0.04132525835114041, 0.04132525835114041, 0.8019422403372951 0.15753176862480106 0.03302964341831703 0.006259460253928871 0.0006023229446689287 0.0006345644209890137, 
56, 000001, 010000, 0.04468861244450912, 0.04468861244450912, 0.7886536290555702 0.1613332258225715 0.04333025212618458 0.006593627390580943 8.926560509281499e-05, 
57, 000000, 000011, 0.04923685617837573, 0.04923685617837573, 0.7813437144762684 0.1553354091172581 0.05081283259622975 0.011572112480438209 0.0009359313298055458, 
58, 000001, 000000, 0.039903839174115906, 0.039903839174115906, 0.8099778400449913 0.15051508687736354 0.030948840914528306 0.007222662314192028 0.0013355698489248182, 
59, 000010, 000000, 0.059904584454549346, 0.059904584454549346, 0.7501883741873954 0.16731154512016225 0.0593265411294891 0.020474164005536047 0.0014564904555389815 0.0012428851018783235, 
60, 000010, 000000, 0.05472600815350337, 0.05472600815350337, 0.7669840663374812 0.15913891083463946 0.05501219573792991 0.01626656174927695 0.002598265340672518, 
61, 000000, 000000, 0.053315536061069965, 0.053315536061069965, 0.7649777207982822 0.16939086198819053 0.04875472108212305 0.01451387231163352 0.0023628238197706494, 
62, 000000, 000000, 0.04909816831145606, 0.04909816831145606, 0.7678583271782672 0.17911158147100725 0.04458142339219359 0.0074800902207859225 0.0009685777377460382, 
63, 000000, 110000, 0.04741172698420088, 0.04741172698420088, 0.7842848040356967 0.1563203061893915 0.05061891772530532 0.00819166793322336 0.00058430411638328, 
64, 000000, 000000, 0.04434387138311672, 0.04434387138311672, 0.7925427215182449 0.15937428221713723 0.03874606598668989 0.008150907003528595 0.0011860232743993826, 
65, 000000, 000000, 0.04802657145896051, 0.04802657145896051, 0.7742945078021448 0.17489055314551238 0.03918029557500527 0.011630289451110113 4.3540262274515055e-06, 
66, 000000, 000000, 0.04741881861160895, 0.04741881861160895, 0.7819853269723139 0.16228376699792493 0.04573078487679927 0.009232909693716906 0.000767211459244887, 
67, 000000, 110000, 0.06415487369552605, 0.06415487369552605, 0.7540622252474614 0.15246429619010216 0.0601197453001429 0.02225499516193956 0.010033220604820477 0.0010655174955335684, 
68, 000000, 001000, 0.04669196538887428, 0.04669196538887428, 0.7841933142864984 0.16516950829277183 0.039315757402905605 0.008934910836634167 0.0023865091811900337, 
69, 000000, 000010, 0.04259225836430026, 0.04259225836430026, 0.7965280207732595 0.16028642407827884 0.03494854368055749 0.007578007125209066 0.0006590043426951339, 
70, 000000, 000000, 0.04873009030424241, 0.04873009030424241, 0.7752551113436482 0.17272618374282592 0.03854954821288294 0.011783570520960832 0.0012233808044301894 0.0004622053752518835, 
71, 011100, 000000, 0.056487420712928456, 0.056487420712928456, 0.7647595583682738 0.1540064809032206 0.06224562051981492 0.015526558500042595 0.0034617817086481334, 
72, 000110, 000000, 0.05346486115550984, 0.05346486115550984, 0.7603252864061731 0.17194862977924205 0.05796983655941333 0.007009803738405847 0.0018607647640555244 0.0008856787527101379, 
73, 001000, 000000, 0.0504031312881766, 0.0504031312881766, 0.7840533017835809 0.1567694160238153 0.040305447352152225 0.012345800806262576 0.004629095588792846 0.0018969384453961394, 
74, 000000, 000000, 0.049608763560234526, 0.049608763560234526, 0.7766140571211926 0.1648441229641678 0.04364637041773979 0.01406608042584007 0.0008293690710598797, 
75, 000000, 000000, 0.04666880016273228, 0.04666880016273228, 0.7782716901102761 0.1711156061236514 0.04319868964032245 0.007156240930902773 0.0002577731948472772, 
76, 000000, 000000, 0.04405729184300328, 0.04405729184300328, 0.7874460927674078 0.1662925659384158 0.04116559976769289 0.004662980521715851 0.0004327610047676449, 
77, 000000, 000000, 0.04750843846142667, 0.04750843846142667, 0.7858734721945271 0.15871825976325032 0.042957713971123836 0.010127276000567837 0.0015812752912956474 0.000742002779235187, 
78, 000000, 000000, 0.047823904178736956, 0.047823904178736956, 0.782634780861965 0.16097547954707792 0.04478315033663159 0.010186394616491888 0.0012585121865625714 0.0001616824512709464, 
79, 000000, 000010, 0.04639535089472288, 0.04639535089472288, 0.7779147839556657 0.17590156155582576 0.03782422628704451 0.006615621567433646 0.0017438066340303986, 
80, 000000, 011000, 0.05847314267033819, 0.05847314267033819, 0.76245836002002 0.15814397330450572 0.04924603714380833 0.026537952086194368 0.0034794350560340423 0.0001342423894374995, 
81, 011001, 000000, 0.056065306836782985, 0.056065306836782985, 0.7601290309947758 0.17172990532608215 0.04596634680095293 0.015969625420046603 0.006205091458142541, 
82, 110000, 000000, 0.05035575712912816, 0.05035575712912816, 0.7714706907806056 0.16906454408380728 0.04688733328398181 0.011014395283423182 0.001563036568182139, 
83, 000100, 000000, 0.04456451971693613, 0.04456451971693613, 0.7811617634548593 0.17369746575122405 0.04177558366270252 0.0033222632998685677 4.292383134549572e-05, 
84, 000000, 000000, 0.05313406428662006, 0.05313406428662006, 0.7606635990143797 0.17673245351268446 0.04726282367058821 0.013818210343530908 0.0015229134588166998, 
85, 000000, 000000, 0.04020047429527756, 0.04020047429527756, 0.8103433601632606 0.14535806799116383 0.03805314775248847 0.005243214096823881 0.0010022099962632427, 
86, 000000, 000000, 0.04803898116021087, 0.04803898116021087, 0.7720098088230196 0.17546401245261112 0.045821532108475574 0.005834023628870472 0.0007283755300250365 0.00014224745699828578, 
87, 010000, 000000, 0.050564447161646514, 0.050564447161646514, 0.7744195721118069 0.16676659399903218 0.04506213912195597 0.00950272362224466 0.00325721586460034 0.0009917552803599267, 
88, 000000, 000000, 0.04878810600775231, 0.04878810600775231, 0.7778467939757032 0.16133266478988986 0.0515904047112926 0.00870538425841848 0.0005247522646958486, 
89, 000000, 000000, 0.047500069028675845, 0.047500069028675845, 0.7828706654304062 0.16275675105186616 0.04168133153169355 0.011884007887334683 0.0008072440986994333, 
90, 000000, 000000, 0.05011176790388509, 0.05011176790388509, 0.7745144375546111 0.16665415978633225 0.04595880498764198 0.00939155302396402 0.00348104464745056, 
91, 000000, 000000, 0.04938563896324281, 0.04938563896324281, 0.769888362383178 0.17126012867873625 0.05157762177085433 0.007197087109913825 7.680005731761455e-05, 
92, 000001, 000000, 0.05212318986307885, 0.05212318986307885, 0.7678248595407619 0.16717241723102308 0.05077574542696567 0.013305026662129618 0.0005096045884691533 0.00041234655065065334, 
93, 000000, 000000, 0.0403147212636254, 0.0403147212636254, 0.8024076232442305 0.16103860291011696 0.03112207554592795 0.0035203875281562404 0.0015121428625305491 0.00039916790903772625, 
94, 000000, 000000, 0.05526662957438491, 0.05526662957438491, 0.7706272938850838 0.15635442808645675 0.052469579034201186 0.01430592970658437 0.003825444266672219 0.002417325021001668, 
95, 000001, 000000, 0.03862463082146302, 0.03862463082146302, 0.8026502121523902 0.16744102661394775 0.02556459487419145 0.004199096871435039 0.00014506948803559653, 
96, 000000, 000000, 0.05870758303550489, 0.05870758303550489, 0.7604383035560782 0.1625567218830162 0.04878992966149406 0.020991238596222303 0.0069838302975884494 0.00023997600560086112, 
97, 000000, 000000, 0.04337967678652776, 0.04337967678652776, 0.7955373322439672 0.15708258004067147 0.039372969340781286 0.007578931501387847 0.00042818687319224783, 
98, 010000, 001000, 0.044282068463341935, 0.044282068463341935, 0.7925850564585494 0.16435387782212862 0.031101153402248 0.009223998806595282 0.0022153378187518883 0.0005205756917267186, 
99, 000000, 000000, 0.04711189846805482, 0.04711189846805482, 0.7872931602592316 0.15970437799952902 0.03964201541417992 0.010765136329874168 0.001588976995109206 0.0010063330020761488, 
100, 000000, 000000, 0.046814294223681455, 0.046814294223681455, 0.7848415681914104 0.160773845537592 0.043670376745962664 0.01009713318643858 0.0006056149397265343 1.1461398869923182e-05, 
run, initial grid state, final grid state, mean grid cell occupancy, mean binding site occupancy, fraction of time with N TFs bound, warning
1, 001000, 000000, 0.045679633487061826, 0.045679633487061826, 0.7937507571290074 0.1517600390351278 0.043236338936730234 0.00916637558275559 0.0020864893163789733, 
2, 010000, 000000, 0.051942764009133884, 0.051942764009133884, 0.7682506579465888 0.16876694746078363 0.04876106994269462 0.01190482646608183 0.0019294736088710737 0.0003870245749801397, 
3, 000000, 000001, 0.04585168049942505, 0.04585168049942505, 0.7857083920265828 0.16028980041594998 0.04731144952268408 0.006564048603900826 0.00012630943088241985, 
4, 000000, 000000, 0.05121128075360762, 0.05121128075360762, 0.7776478582969734 0.16128898658325014 0.04197410398216312 0.015243462479863648 0.002927840754270213 0.0009177479034795079, 
5, 000000, 000000, 0.05858612642784915, 0.05858612642784915, 0.7487387485468084 0.17857284986053087 0.05111807683984222 0.01557354398439417 0.005996780768424271, 
6, 000010, 000000, 0.043547751256799085, 0.043547751256799085, 0.7908234394380337 0.16481754292884757 0.03830318535496465 0.0043607352105984225 0.0016950970675555864, 
7, 000001, 000000, 0.05071837735213757, 0.05071837735213757, 0.7815958251915829 0.15406344043828463 0.0467286635499132 0.014779688103766064 0.0017114813188500062 0.0011209013976032393, 
8, 000010, 000000, 0.04689987884250357, 0.04689987884250357, 0.7813428904206071 0.16972304355504217 0.036230205152093624 0.011599624293236263 0.001104236579020818, 
9, 000000, 000000, 0.05174994231889226, 0.05174994231889226, 0.7638811636490835 0.17292159449800512 0.05289220626061023 0.009426495475076251 0.0008785401172247953, 
10, 000000, 000000, 0.043712815742715294, 0.043712815742715294, 0.7973596761478049 0.15561007726520706 0.03663548697924396 0.00818319519838003 0.0022115644093641776, 
11, 010000, 000000, 0.04332062014987115, 0.04332062014987115, 0.7876853996858633 0.17082349884002684 0.03590808805371429 0.005048007729810972 0.0005350056905846369, 
12, 110000, 000001, 0.04436500334732489, 0.04436500334732489, 0.799934990171174 0.1472834158246855 0.04294120897201522 0.007174289727244032 0.0018291593909049528 0.0008369359139763101, 
13, 000010, 000000, 0.049982977682497085, 0.049982977682497085, 0.772402959724929 0.17581469275922285 0.03594481840969784 0.012421810062963145 0.0021504888884611353 0.0012652301547259942, 
14, 011000, 111100, 0.04075895372955894, 0.04075895372955894, 0.8003722376727693 0.16333889650500463 0.02969808944455119 0.00491653541224471 0.00130216408063775 0.0003720768847923051, 
15, 000000, 100001, 0.051393024728134125, 0.051393024728134125, 0.773292659055392 0.16268151826992236 0.05013701972436783 0.010648067464941314 0.0027452891715596967 0.0004954463138168198, 
16, 000000, 000000, 0.05512103994126843, 0.05512103994126843, 0.7547860074163187 0.17517564906525157 0.05514875310520445 0.014305277280950913 0.0005843131322743495, 
17, 000000, 000000, 0.04516004115103899, 0.04516004115103899, 0.7876072941458133 0.1637880240095572 0.040066205888542754 0.007114092704755784 0.001424383251330973, 
18, 000000, 000000, 0.04450784371066124, 0.04450784371066124, 0.7924299732284745 0.15734381078497045 0.041020533236333596 0.009160545994555803 4.5136755665597455e-05, 
19, 000000, 000000, 0.0474666902566932, 0.0474666902566932, 0.7915947478895528 0.1515827980743252 0.041166102926482664 0.012612494164853293 0.002171629605622121 0.0008722273391640753, 
20, 000000, 000000, 0.04288972776008358, 0.04288972776008358, 0.7890104092203162 0.17020540835296205 0.03565939342315553 0.0046849846530363955 0.00043980435052979553, 
21, 010100, 000100, 0.04058483433121465, 0.04058483433121465, 0.7991913451490744 0.16450179680499893 0.030271287656174234 0.005677647689068991 0.00035792270068338934, 
22, 000000, 000000, 0.048505638347367916, 0.048505638347367916, 0.7790685766620742 0.16107606086309836 0.0509701380117061 0.00752340465478831 0.0013618198083330051, 
23, 001000, 010000, 0.05193220694418153, 0.05193220694418153, 0.767007341848882 0.1682769933917365 0.052346320592500405 0.010853769579172815 0.001515574587708371, 
24, 000000, 001000, 0.048270160428674144, 0.048270160428674144, 0.7775774174761088 0.16729289582097925 0.04404793611167819 0.01009480783722605 0.0009869427540077694, 
25, 000000, 000000, 0.05356602214188463, 0.05356602214188463, 0.7711404104661952 0.15672788765447274 0.05412629961387583 0.015605963092741539 0.002399439172714693, 
26, 000000, 000000, 0.052375540300122224, 0.052375540300122224, 0.7657994518973 0.16487219340171774 0.05956922019437195 0.00879393001616921 0.000965204490441027, 
27, 000000, 000000, 0.05404040760374965, 0.05404040760374965, 0.7574069579674683 0.1791763857949201 0.04867735461621697 0.011245855890434753 0.0034934457309599145, 
28, 000000, 000000, 0.04571921468715708, 0.04571921468715708, 0.7807636010606265 0.17025104496992352 0.043411024325306295 0.0050551240741680626 0.0005192055699755464, 
29, 001110, 000000, 0.05612763301663556, 0.05612763301663556, 0.7643151731683122 0.16742448739476445 0.04658838007182607 0.014079115546409731 0.00403701517127064 0.003555828647417014, 
30, 000000, 000000, 0.04850808837955524, 0.04850808837955524, 0.7870382887674233 0.15660501665320373 0.03849455341047769 0.014087000818595286 0.0036822974041134824 9.284294618651979e-05, 
31, 010000, 000000, 0.04774449944149765, 0.04774449944149765, 0.7888366129387532 0.15510632491823031 0.043148287940478175 0.009065679627928478 0.0020883659572089 0.0010147785672269512 0.000739950050173902, 
32, 000000, 011100, 0.04917593034330168, 0.04917593034330168, 0.7783665726357926 0.16022126091099845 0.05050783753871348 0.009798669586597218 0.0011056593278982525, 
33, 000000, 000000, 0.052288494308262115, 0.052288494308262115, 0.7596627986979599 0.17696124847238862 0.05475361460462692 0.007226864732167727 0.0013954734928567636, 
34, 000000, 011110, 0.042919796156120904, 0.042919796156120904, 0.7991156788723273 0.1533859679993715 0.039148220767857074 0.007564162040136896 0.0007859703203072859, 
35, 000000, 000000, 0.04880252990183279, 0.04880252990183279, 0.7720439047733119 0.1718525847810134 0.04758672366433831 0.008277999824038956 0.00023878695729746702, 
36, 000110, 000000, 0.04785509353258376, 0.04785509353258376, 0.7806968046017511 0.16428545379964998 0.043206393552839235 0.010813071892864814 0.0009982761528949367, 
37, 000000, 000000, 0.05379621548492834, 0.05379621548492834, 0.7659027259955932 0.16448571266594278 0.053790247032727945 0.012574171044772996 0.0032471432609630906, 
38, 100000, 001000, 0.054286449813097895, 0.054286449813097895, 0.7642693935654483 0.16335070355552586 0.056023522261554395 0.015104571669932914 0.001251808947538492, 
39, 000000, 000000, 0.04470778455946529, 0.04470778455946529, 0.7917583231614762 0.1583582689643211 0.040040003504988785 0.009565186094362476 0.00027821827485141295, 
40, 000000, 000001, 0.054474692424753064, 0.054474692424753064, 0.7651138438172257 0.16788290356091318 0.04352859223231823 0.02199057503520291 0.0014840853543399912, 
41, 001000, 010000, 0.0494284231187513, 0.0494284231187513, 0.7753728813702739 0.1667001895061168 0.04459375105838153 0.012649865171283362 0.0006833128939444678, 
42, 000000, 000000, 0.05417221791928238, 0.05417221791928238, 0.7690077986578284 0.16142705281590258 0.04871780593868072 0.01734057919697117 0.003384911721568462 0.00012185166904858179, 
43, 000000, 000000, 0.05240307010009524, 0.05240307010009524, 0.7757093373784716 0.16005075671945346 0.0440044667651665 0.014583026196848313 0.005652412940060013, 
44, 000000, 000100, 0.05256857139307832, 0.05256857139307832, 0.7612427970884874 0.1766419192345504 0.04917809947827729 0.011454868220024254 0.0013628743860113052 0.0001194415926493917, 
45, 000000, 000000, 0.055926736779328294, 0.055926736779328294, 0.7616895123242927 0.16507586665749435 0.05287855222472864 0.017381397490385725 0.002290099417632307 0.0006845718854663485, 
46, 000000, 001000, 0.0461403825010326, 0.0461403825010326, 0.7818832058724786 0.171084116470734 0.03760934184413303 0.007523751887077213 0.001529680441922233 0.0003699034836549986, 
47, 011000, 000000, 0.041718633060579664, 0.041718633060579664, 0.8033027898590972 0.1569267751261833 0.02845191106399528 0.009068903618801874 0.0019736114067131845 0.0002760089252091589, 
48, 000000, 000000, 0.050851941785294306, 0.050851941785294306, 0.772064094838116 0.1666881726365888 0.047381440204273824 0.011804571617456404 0.0020617207035650525, 
49, 000000, 001000, 0.04857889448599562, 0.04857889448599562, 0.7809082303226363 0.16790227126939827 0.03876618626680783 0.0071770132749288664 0.0017238110429697944 0.0035224878232588083, 
50, 001000, 000000, 0.049530821089322705, 0.049530821089322705, 0.7815901316492286 0.159197123025829 0.04343350534631639 0.012039274001143503 0.003696859073368509 4.3106904113973883e-05, 
51, 000000, 000000, 0.04817049590114341, 0.04817049590114341, 0.7739151039835194 0.17200992437720558 0.04636042547607608 0.006565984575293546 0.001148561587905529, 
52, 000000, 000000, 0.049636409180646185, 0.049636409180646185, 0.7777219817102113 0.1642426900317037 0.044321274910131714 0.010088466985465415 0.003460117536925077 0.00016546882556268144, 
53, 000000, 001100, 0.04582134431351237, 0.04582134431351237, 0.7814130428363899 0.17014829520120517 0.04085511306898555 0.0072646510317797295 0.00031889786163969585, 
54, 000000, 000000, 0.04639260094088078, 0.04639260094088078, 0.7842607861704912 0.1636095220764601 0.04247799620911537 0.008816691025139444 0.0008350045187938957, 
55, 001000, 100000, 0.04848978066745813, 0.04848978066745813, 0.778974950097351 0.1675630694609234 0.040988688674830576 0.009801301338732629 0.0013656189628454048 0.001306371465316954, 
56, 000000, 100000, 0.05275459712778876, 0.05275459712778876, 0.7695236556130411 0.16188366400007462 0.05489509778932388 0.010185637563739915 0.0032629146723115155 0.000249030361508869, 
57, 000000, 000000, 0.051624471730244856, 0.051624471730244856, 0.7717632123684922 0.17033251975945518 0.04036751266505872 0.011559281151494521 0.005885928440083775 9.154561541557311e-05, 
58, 000000, 000000, 0.04328569744398936, 0.04328569744398936, 0.7942991409613518 0.16160028017444245 0.03607077086308218 0.006606521104051513 0.0009636350341854066 0.0004596518628866331, 
59, 000010, 000000, 0.0470735751554746, 0.0470735751554746, 0.7809944637140515 0.16578400918923727 0.04331436353350805 0.009599939576218354 0.00030722398698477513, 
60, 000000, 110000, 0.05120357622317607, 0.05120357622317607, 0.7775911025949062 0.15774497380331728 0.0499078613129814 0.010898920186047985 0.0023217101621029346 0.0015354319406441278, 
61, 000000, 100000, 0.043615825553214076, 0.043615825553214076, 0.7898815460939418 0.16539070053599908 0.03855511861660631 0.005496523463738886 0.0006761112897140213, 
62, 000000, 001000, 0.045614328656634326, 0.045614328656634326, 0.7851817457180831 0.16390128088246583 0.042966229141013376 0.007950744258437802, 
63, 000100, 000000, 0.050545582873266305, 0.050545582873266305, 0.7800049549742142 0.15480411261499336 0.051044530985999946 0.011196335913228732 0.001959012644900509 0.0009910528666632798, 
64, 100000, 000000, 0.05458365408117193, 0.05458365408117193, 0.7598788014857009 0.17201197128912818 0.052717505999099044 0.011567942465329453 0.0037677799999954013 5.599876074707224e-05, 
65, 000000, 000000, 0.041209568634112924, 0.041209568634112924, 0.7982975139670352 0.16199810888631977 0.03385915994861478 0.005839885770992771 5.331427037488846e-06, 
66, 000000, 000000, 0.05245305311876628, 0.05245305311876628, 0.7788381221595758 0.1562705762432441 0.043785000823422966 0.015842531712886822 0.0029686996205040383 0.0022950694403662, 
67, 000000, 000000, 0.056130448794376446, 0.056130448794376446, 0.7626593168105351 0.16040405932515076 0.058051717498537846 0.01548846174538818 0.003172409894072328 0.00022403472631567998, 
68, 000000, 000000, 0.05198098150579371, 0.05198098150579371, 0.7692905788154206 0.16332390398472588 0.05498477031111728 0.011010543127143318 0.0013902037615929755, 
69, 000000, 000000, 0.04341826104556438, 0.04341826104556438, 0.792016546611136 0.16397474375818674 0.036930252825802715 0.005639510355904478 0.0014389464489701815, 
70, 000000, 000000, 0.054328726038459396, 0.054328726038459396, 0.7635696498028709 0.16492733798817105 0.056086710215562136 0.013571956814000504 0.0010659985275172192 0.000778346651878144, 
71, 000000, 100000, 0.047411135188545825, 0.047411135188545825, 0.7873407492368354 0.16241755152131998 0.03378373077195614 0.011391388440887927 0.005025267401623271 4.131262737716947e-05, 
72, 000000, 100000, 0.04589215568526598, 0.04589215568526598, 0.7854036305316825 0.16349291223127502 0.04218933309157074 0.008175140884707497 0.0007389832607642241, 
73, 000000, 000000, 0.04602756113790369, 0.04602756113790369, 0.7836751494876101 0.16385060539133542 0.046153538928856985 0.005275141190417186 0.0010455650017803055, 
74, 000000, 000000, 0.048650758860300757, 0.048650758860300757, 0.783632673947207 0.16066707813324546 0.03997341524078881 0.011616686168053114 0.0041101465107055354, 
75, 000010, 000000, 0.05031900096482152, 0.05031900096482152, 0.7822174211909038 0.15638401640234453 0.04236386060057933 0.015878034100069927 0.0026151726452959007 0.0005414950608065015, 
76, 000000, 000000, 0.049571991480592215, 0.049571991480592215, 0.7730686451555828 0.1715684190722812 0.042641676318084 0.01092638100969286 0.0011733580757704234 0.0006215203685887654, 
77, 000000, 000100, 0.04749772055103631, 0.04749772055103631, 0.7779728946284679 0.16880724874037045 0.04498692804348664 0.006726495871826282 0.001506432715848812, 
78, 000000, 000000, 0.049500786822048885, 0.049500786822048885, 0.7827177334434982 0.15453064965412186 0.04895427037499817 0.010647352052645298 0.003126498003443181 2.349647129331316e-05, 
79, 011001, 100000, 0.049809939006468434, 0.049809939006468434, 0.7771489142748742 0.16532798021534073 0.042899190376162535 0.010926710602058238 0.003532881392851107 0.00016432313871313773, 
80, 000000, 000000, 0.051494492326065844, 0.051494492326065844, 0.7798032418565538 0.1522476038716909 0.04749621318629256 0.020084840629731787 0.00036810045573092636, 
81, 000000, 000000, 0.045880069325552504, 0.045880069325552504, 0.782521691575603 0.16859009563366648 0.04134881604830515 0.00616489874666309 0.0013744979957622573, 
82, 000000, 000000, 0.04918167912421209, 0.04918167912421209, 0.7736130066299941 0.16940530007060525 0.048315713357284795 0.005610571808365874 0.0030554081337500183, 
83, 000000, 000000, 0.044218203791725745, 0.044218203791725745, 0.7909966962415533 0.1603800462263024 0.04097493670937544 0.007613980185773961 3.434063699483871e-05, 
84, 000000, 001111, 0.04754138187211723, 0.04754138187211723, 0.778508743082878 0.16684765988991548 0.046162999933418505 0.00784775689920117 0.0006328401945868559, 
85, 000000, 000000, 0.050096520882500634, 0.050096520882500634, 0.781434459507809 0.15678513157182133 0.042332627149415394 0.018662387659465676 0.0007853941114886601, 
86, 000000, 000000, 0.04930358103542684, 0.04930358103542684, 0.7791768694307944 0.15677689517015575 0.05443844323948448 0.008263464074825274 0.0013443280847401278, 
87, 000000, 000000, 0.05241125419709042, 0.05241125419709042, 0.773855865578392 0.16442570470341553 0.040749276546082465 0.015745765050221027 0.004810968373145659 0.0004124197487432616, 
88, 000000, 000000, 0.05140844109826235, 0.05140844109826235, 0.7723087094207343 0.16196307601217153 0.05310292851045873 0.010378730678749665 0.0020872553691925317 0.00015930000869319552, 
89, 000000, 000000, 0.04884506405628099, 0.04884506405628099, 0.7771230134547092 0.16638785724112695 0.04517341452967247 0.00892716106075113 0.002388553713740174, 
90, 000000, 000000, 0.0445365694609657, 0.0445365694609657, 0.7887996453884724 0.1651653268898162 0.0372748482626599 0.0075363244855483486 0.0012238549735032944, 
91, 000000, 000000, 0.06353612447228586, 0.06353612447228586, 0.7519710311861276 0.1600946058320908 0.0561473296755964 0.021179486417128735 0.007748712046236769 0.0028588348428196545, 
92, 000000, 000000, 0.04905476684014559, 0.04905476684014559, 0.7776434741761865 0.16229634690079342 0.049313051214026946 0.009582359123946086 0.0011647685850469979, 
93, 000000, 000000, 0.05648785718206879, 0.05648785718206879, 0.7644517294484714 0.1599065530439271 0.05407315449414404 0.016715983034983034 0.0035365679371236617 0.0013160120413507732, 
94, 000000, 000000, 0.05585054866618908, 0.05585054866618908, 0.7613748786361131 0.16748561013721064 0.04968210328162536 0.017684256364880913 0.0036650516988197108 0.0001080998813503129, 
95, 000000, 000001, 0.04819995213878561, 0.04819995213878561, 0.7754605658631608 0.1697633033198172 0.04683692242581384 0.005994268903564264 0.0019449394876440151, 
96, 000100, 000000, 0.04961390803489665, 0.04961390803489665, 0.7691940934536137 0.17874634406536702 0.04073150154025933 0.008506384084834803 0.002153435470635891 0.0006682413852892602, 
97, 000000, 000000, 0.050512263357789806, 0.050512263357789806, 0.7725796883018363 0.164715033591837 0.051182482441293635 0.01010566242446475 0.0014090718039208932 8.061436647347041e-06, 
98, 000000, 000000, 0.05775822354959337, 0.05775822354959337, 0.7495821131773187 0.18033076849259388 0.04821279698228769 0.019060751825717776 0.0014571242471718786 0.0013564452749100183, 
99, 000000, 000000, 0.051383210424906, 0.051383210424906, 0.7632381127811456 0.17809616026033814 0.048530870724711524 0.0073980640955444805 0.002736792138260333, 
100, 100000, 000000, 0.04376054280799059, 0.04376054280799059, 0.7972434035217872 0.160327269503787 0.03059140496789079 0.006456100300612506 0.005224232023074797 0.0001575896828476588, 
run, initial grid state, final grid state, mean grid cell occupancy, mean binding site occupancy, fraction of time with N TFs bound, warning
1, 000000, 000000, 0.04591770692102293, 0.04591770692102293, 0.7877154949260184 0.15928307464464542 0.04447002507844544 0.006929964788517404 0.0015139804528176216 8.746010955572127e-05, 
2, 000100, 000000, 0.044956486767064784, 0.044956486767064784, 0.7830405114769444 0.17316590878476396 0.03538179155586685 0.007837724023808048 0.0005740641586167329, 
3, 000000, 000000, 0.047819163991517866, 0.047819163991517866, 0.7822745703644559 0.1646964391628961 0.03840299179829525 0.013276529752740919 0.001164372676661199 0.0001850962449506067, 
4, 000000, 000000, 0.04159712411979579, 0.04159712411979579, 0.8028878194630926 0.15719941181497635 0.031806443556674203 0.004876532267472208 0.0020081155008897043 0.0012216773968949204, 
5, 000000, 001000, 0.049121831923109024, 0.049121831923109024, 0.7837796175798701 0.15983445182921033 0.03773201280808822 0.015183157038057778 0.0034707607447735183, 
6, 000000, 000000, 0.05413213160005381, 0.05413213160005381, 0.7603614377590645 0.17260191471497782 0.05145902486870683 0.01303766548107174 0.002539957176179048, 
7, 000000, 000000, 0.04809979640105501, 0.04809979640105501, 0.7823331121072994 0.16486405458255085 0.04000484037004975 0.007472016366619996 0.005320888883580139 5.087689899830591e-06, 
8, 000000, 000000, 0.04141378093430886, 0.04141378093430886, 0.8042044297616696 0.152180547355926 0.03621069498341618 0.005736563312857825 0.0016677645861303237, 
9, 000000, 000000, 0.04696280779061983, 0.04696280779061983, 0.7829667818280339 0.16747117458251226 0.03777041080474725 0.008401680587114095 0.0033899521975924852, 
10, 010000, 000000, 0.048543069373419186, 0.048543069373419186, 0.7808109080506329 0.16078940230551753 0.04540562564817136 0.01231849334405784 0.0006755706516203425, 
11, 000000, 000000, 0.045387538163542525, 0.045387538163542525, 0.7848708029192315 0.16898321530163843 0.03764816273259628 0.006392591005151115 0.0016582250079422761 0.0004470030334403401, 
12, 000000, 000110, 0.05397378427671633, 0.05397378427671633, 0.7674179203874912 0.16261614137829244 0.053287184922803495 0.012316831046863276 0.004107910026939653 0.0002540122376100222, 
13, 000000, 000000, 0.04822345538652878, 0.04822345538652878, 0.7792740656638696 0.16084076426592375 0.05179209042280319 0.007456531381971246 0.0006365482654322044, 
14, 000000, 000000, 0.0470979223301737, 0.0470979223301737, 0.7824525143703939 0.16164818079200238 0.04791062710729537 0.0068366119467846015 0.0011520657835238318, 
15, 000000, 000000, 0.05500246612792083, 0.05500246612792083, 0.7643823016572404 0.17074165738095495 0.04412734939417776 0.015012987666259506 0.0033386071634152956 0.0017575314819375672 0.0006395652560144946, 
16, 010000, 000000, 0.046194612627085886, 0.046194612627085886, 0.7953485787355844 0.1498672478417413 0.04113584042414788 0.009895318534164655 0.0034222808518248504 0.0003307336125369866, 
17, 000110, 000000, 0.04932610663481505, 0.04932610663481505, 0.7713025958676978 0.1730181730549971 0.04496188270297855 0.009854692149370018 0.0008626562249565124, 
18, 000000, 000000, 0.0438849183526029, 0.0438849183526029, 0.7946065529321996 0.15730591734391863 0.03888348332343229 0.008579559476963181 0.0006244869234861645, 
19, 100000, 000001, 0.05194940549464193, 0.05194940549464193, 0.768805496364972 0.16636537575587798 0.050900172233454666 0.012185109837717008 0.001743845807978312, 
20, 100000, 000000, 0.04795239462240924, 0.04795239462240924, 0.7830279634619682 0.16320171305583292 0.03887491251934818 0.012818814211476862 0.0020765967513738924, 
21, 000000, 000000, 0.04970127634357524, 0.04970127634357524, 0.7803531475156503 0.15976806886895745 0.046765386192045254 0.009074503118641664 0.002509164071048214 0.001529730233657133, 
22, 000000, 000010, 0.04845929610781919, 0.04845929610781919, 0.7800450879771422 0.16455622950446863 0.04260780562561189 0.010179571679886375 0.0026113052128909063, 
23, 000000, 000000, 0.04908876169643081, 0.04908876169643081, 0.7882167289373994 0.15625491505859612 0.03798786917186463 0.009402711929519176 0.006646066521419314 0.0014407353851838337 5.097299601759229e-05, 
24, 000001, 000000, 0.04430699681029751, 0.04430699681029751, 0.7853013696475153 0.17105872094134766 0.037498786901921856 0.0047788039202669545 0.0013623185889482213, 
25, 100000, 000000, 0.04547085158514477, 0.04547085158514477, 0.790004910390106 0.15684687827410684 0.04410924647467134 0.008396121157044224 0.0006428437040716125, 
26, 000000, 000000, 0.05236387555656228, 0.05236387555656228, 0.773836085521066 0.15875566376494973 0.050610402766864945 0.012984607747783527 0.0038132401993358697, 
27, 000000, 000000, 0.05390829502739869, 0.05390829502739869, 0.7582739488112654 0.18067111282450712 0.04631417481093966 0.009757056032862574 0.004039397982707893 0.0009443095377172742, 
28, 000100, 000000, 0.05703176066959363, 0.05703176066959363, 0.7554163223494489 0.17579062582012264 0.04628398066412178 0.017313146625058222 0.0040870857122211795 0.001108838829027244, 
29, 000000, 000000, 0.047542844030374294, 0.047542844030374294, 0.78253880847316 0.16082486544976768 0.04579547589992251 0.010522153775965768 0.00031869640118394575, 
30, 000000, 000001, 0.044377638647417034, 0.044377638647417034, 0.7832239418517861 0.17646045854800751 0.03328269118523127 0.004891642693867924 0.0021412657211070966, 
31, 000000, 000000, 0.04878087128070774, 0.04878087128070774, 0.7805103495186873 0.16027047586068777 0.04731836761435099 0.010154750041832554 0.0014165183528474965 0.0003295386115938141, 
32, 000000, 000000, 0.04144855158892131, 0.04144855158892131, 0.8046677590785852 0.15037514102865432 0.03684454414600952 0.007823142774149229 0.0002894129726017089, 
33, 000000, 000000, 0.05013901610002624, 0.05013901610002624, 0.7739860367646549 0.16307006218001074 0.05180493106098072 0.010401707679229323 0.00073726231512433, 
34, 000000, 000000, 0.055121011676730385, 0.055121011676730385, 0.7637951906227727 0.16212803508957 0.05672649838204842 0.014306885224671873 0.002992570871985242 5.081980895178658e-05, 
35, 011000, 000000, 0.060775450365877615, 0.060775450365877615, 0.7499521615250173 0.15892892368064263 0.0732846814232738 0.013971709448415037 0.0020733322904259817 0.001789191632225286, 
36, 000000, 010001, 0.045563336679586806, 0.045563336679586806, 0.7882226733965344 0.16018711240383135 0.04175808802704752 0.009651773070752295 0.00018035310183440643, 
37, 000000, 000000, 0.04274985468123485, 0.04274985468123485, 0.7966364885861553 0.1601051981637433 0.03415464181056816 0.008330039455603112 0.0007736319839300285, 
38, 000000, 000000, 0.04587905480922591, 0.04587905480922591, 0.7850137829060183 0.165093668550297 0.04091864862139295 0.007552236626894112 0.0014216632953975526, 
39, 000000, 000000, 0.05524854537622114, 0.05524854537622114, 0.7531374244455977 0.181782833764255 0.04827662067979175 0.014163355761930488 0.0025336968944285596 0.00010606845399652207, 
40, 000100, 000000, 0.05233961110123981, 0.05233961110123981, 0.7727889749856129 0.16555692520450188 0.047974206022662204 0.007196076103251033 0.002323065502944333 0.0033126740500835005 0.0008480781309441156, 
41, 000000, 000000, 0.04616586300246003, 0.04616586300246003, 0.793663805687574 0.1572950216523285 0.03567052567725613 0.00760453454703206 0.003675999797345059 0.0016991736533425535 0.0003909389851217042, 
42, 000000, 000000, 0.0441131547398105, 0.0441131547398105, 0.7903808181008369 0.1612931952887751 0.0415922266810758 0.006733759929312101, 
43, 000000, 000000, 0.049191417268891924, 0.049191417268891924, 0.7798693692488214 0.1640139245587336 0.03844071765410677 0.01645081040694836 0.0012251781313898271, 
44, 000000, 000000, 0.05503377659403209, 0.05503377659403209, 0.7669794213061534 0.15864606701382739 0.05782432985998823 0.011660245501360396 0.0038196441965029915 0.0007731331927095707 0.00029715892945794827, 
45, 000000, 000000, 0.037778119159794274, 0.037778119159794274, 0.8122592058227994 0.15275658164088732 0.03159146238972339 0.0028417920479279113 0.0005509580986619563, 
46, 000100, 000000, 0.062683305015135, 0.062683305015135, 0.7336753134849691 0.1844689289662667 0.059169047223926345 0.01752373402977923 0.005093276887940877 6.969940711787768e-05, 
47, 001000, 000000, 0.048407531656120766, 0.048407531656120766, 0.7718785338085912 0.17636263213063405 0.04198548330243429 0.0089818118321402 0.0007915389262003557, 
48, 000000, 000000, 0.054487719626225554, 0.054487719626225554, 0.7772084521704096 0.14605845131000927 0.05456711066342633 0.01697904856649887 0.005138187027284956 4.875026237098943e-05, 
49, 000000, 000000, 0.05043195243012163, 0.05043195243012163, 0.7866250708900283 0.15092125264755765 0.044542003558756364 0.010480694095668167 0.006010521511292535 0.001420457296696958, 
50, 000000, 000000, 0.05168426676603422, 0.05168426676603422, 0.7717032508734234 0.16613805878265075 0.04813754200170997 0.00944067109874723 0.003531941703449998 0.0010485355400185925, 
51, 000000, 000000, 0.048379879109652996, 0.048379879109652996, 0.7767483129916963 0.16874160726817192 0.042220106573655276 0.012062438423470335 0.00022753474300613358, 
52, 000000, 000000, 0.053203178933830385, 0.053203178933830385, 0.7793757575331096 0.14734802046244935 0.05167776105753949 0.01820307960503695 0.003070614498979378 0.0003247668428851309, 
53, 000000, 010110, 0.05641274737543595, 0.05641274737543595, 0.7638127425805594 0.16209650554261523 0.05305437749391644 0.014818203891484125 0.005274240409408821 0.0009439300820159911, 
54, 000000, 100000, 0.048363985286932365, 0.048363985286932365, 0.7763602234933425 0.16824800960996486 0.04525219449843897 0.009126776478262997 0.0010127959199905962, 
55, 000000, 000000, 0.03829817309799409, 0.03829817309799409, 0.8082916478089384 0.16065035415952789 0.024819190245874166 0.005506240604702649 0.0006812537822040489 5.131339875283695e-05, 
56, 000000, 000000, 0.0534979046760217, 0.0534979046760217, 0.7656804968096601 0.1708283595725978 0.04673023151775663 0.011558651300199372 0.003988652451509805 0.0012136083482763595, 
57, 000000, 000000, 0.048681912869664314, 0.048681912869664314, 0.7750714076671422 0.16749091023503548 0.04863218231776117 0.00788579677281677 0.0009197030072444392, 
58, 000000, 000000, 0.050212016270959434, 0.050212016270959434, 0.7758966446181756 0.16014898984275633 0.051782741989280706 0.011496481342266836 0.0003075312599640517 0.00036761094755643884, 
59, 000000, 000000, 0.04352784663721559, 0.04352784663721559, 0.788784906553457 0.17367322056162446 0.02810733006261163 0.007123527618322085 0.001646459738444785 0.0006645554655400841, 
60, 000000, 000000, 0.04924918799537761, 0.04924918799537761, 0.7783964962562396 0.1613930820687421 0.04926137847839534 0.008853716693360374 0.0014584936496609164 0.0006368328536016032, 
61, 000000, 000000, 0.04167492676526867, 0.04167492676526867, 0.798062330471184 0.16214911284701908 0.03331606548314266 0.004621648016309461 0.0018508431823448055, 
62, 000000, 000000, 0.056002750110003524, 0.056002750110003524, 0.7575054713674804 0.16803865842442944 0.05683434986537003 0.0161769388660288 0.0014445814766913083, 
63, 000000, 000000, 0.05276281483980313, 0.05276281483980313, 0.7708225650482744 0.1637226524945813 0.04796948767682079 0.013116705496620685 0.004277801717779756 9.078756592296418e-05, 
64, 000000, 000000, 0.05138604537965364, 0.05138604537965364, 0.7767962730177647 0.16060184281882675 0.04505940677381592 0.013402779373518987 0.003311212289462018 0.0008284857266116425, 
65, 000000, 000000, 0.0503566455058373, 0.0503566455058373, 0.7773237977781272 0.1590807924636554 0.051600756291373465 0.008289747675475023 0.0035362039946476615 0.00016870179672116324, 
66, 000000, 000000, 0.043643630110298655, 0.043643630110298655, 0.7930352013845711 0.15968852084852314 0.04032278908150334 0.00638597083383492 0.00046782010908041677 9.969774248713538e-05, 
67, 000000, 011000, 0.04454419859536196, 0.04454419859536196, 0.7956230527935333 0.15294083206262926 0.040831803838547336 0.009756493388712774 0.0008478179165773731, 
68, 000000, 000000, 0.04731766469797477, 0.04731766469797477, 0.7909462818092551 0.15272273677763584 0.04218604919603628 0.010367709639436666 0.0031780887883503662 0.0005991337892857619, 
69, 000000, 000000, 0.04838300725329167, 0.04838300725329167, 0.7854220228575576 0.1560003939515562 0.04302404315216404 0.013964596891022899 0.001588943147699258, 
70, 000000, 000000, 0.047110637936710185, 0.047110637936710185, 0.7845034196071379 0.16076575702817764 0.04269808159583754 0.01162905967497952 0.00040368209386746083, 
71, 000000, 000000, 0.04731363036267004, 0.04731363036267004, 0.7804930024289727 0.16876021630341762 0.03764547988806569 0.012574599421705062 0.0005267019578390178, 
72, 000000, 000000, 0.05022629883619579, 0.05022629883619579, 0.7743959049847278 0.16945859161561627 0.04467598355634876 0.0066994447182057975 0.0018994721146425744 0.002372606387079727 0.0004979966233791055, 
73, 000000, 000000, 0.04224016784488453, 0.04224016784488453, 0.7925604803208327 0.16558449966949193 0.037712272840522455 0.0041390269578409685 3.720211311862582e-06, 
74, 100000, 000000, 0.05350033193649023, 0.05350033193649023, 0.769812387391929 0.1640017367032364 0.04670069998580318 0.015644960871889324 0.0025371029072792754 0.001303112139862719, 
75, 000000, 000000, 0.0424148147077174, 0.0424148147077174, 0.7955593908205519 0.16014956380902146 0.039179120247166035 0.004466616550091437 0.0006453085731691405, 
76, 000000, 000000, 0.044972551272185225, 0.044972551272185225, 0.7836547840785889 0.17236662541427838 0.03635585750430325 0.00601950475899858 0.001317688285924111 0.0002855399579068592, 
77, 000000, 000000, 0.047350539119953794, 0.047350539119953794, 0.7812998043667407 0.16208783094067425 0.04827689947476537 0.007880256041760635 0.00045520917605896785, 
78, 000000, 000000, 0.0520363976717824, 0.0520363976717824, 0.7729547888158522 0.16252739912876138 0.04868034981719391 0.011552254108126148 0.003752515707164605 0.0005326924229016758, 
79, 000000, 000000, 0.055557426063158666, 0.055557426063158666, 0.7623840372545825 0.1710252397857647 0.045459050282403976 0.014981695701550165 0.004293755954763953 0.0018562210209346099, 
80, 000000, 011000, 0.05300547756259973, 0.05300547756259973, 0.7674666293241413 0.16420292504071682 0.05433910781456186 0.011844543831619066 0.0011158767339033739 0.0010309172550574369, 
81, 110000, 000000, 0.04484010745180346, 0.04484010745180346, 0.7848470268535742 0.16597936649934047 0.04498800392259059 0.003657140531679647 0.0005284621928150312, 
82, 001000, 000000, 0.044062081233630576, 0.044062081233630576, 0.7999467121140493 0.14873751732235796 0.04030641604716035 0.009015280080625002 0.001994074435807438, 
83, 000000, 000000, 0.043544182474424424, 0.043544182474424424, 0.7927226915982929 0.162621019416652 0.036407014560514143 0.007167051389297842 0.0010822230352431818, 
84, 000000, 000000, 0.05002451017612599, 0.05002451017612599, 0.7742095189299101 0.16429532022047996 0.04863374171255376 0.012861419137056166, 
85, 000000, 000010, 0.049358334043273236, 0.049358334043273236, 0.7784812846802625 0.16557051930365504 0.039956005373615246 0.013301288361115191 0.0026909022813520825, 
86, 000000, 000000, 0.03988695789033341, 0.03988695789033341, 0.8078305957778437 0.15170377045040218 0.03418240638319259 0.005879745429033097 0.00040348195952846885, 
87, 000000, 000000, 0.04171163995022559, 0.04171163995022559, 0.7992746389595194 0.16319094713494275 0.026419995560379664 0.01021877193498084 0.0008956464101772364, 
88, 000000, 000000, 0.04629685035276608, 0.04629685035276608, 0.7854525648569658 0.1626939974303121 0.04297443826457628 0.007262232220185167 0.0007323046432269186 0.0008844625847337359, 
89, 000000, 000010, 0.06521764648414817, 0.06521764648414817, 0.7512438101620444 0.16426212771741835 0.04405370006489467 0.025606612091794753 0.012160904611720015 0.002564175777349841 0.00010866957477796645, 
90, 000000, 000000, 0.050037117455720655, 0.050037117455720655, 0.776786794242689 0.1600177379694476 0.05020040365558947 0.012243480149321462 0.0006842009090289047 6.738307392347426e-05, 
91, 000000, 000000, 0.0500691643333414, 0.0500691643333414, 0.7704262495712865 0.1744400117443215 0.04122100268516649 0.012117975111507891 0.001794760887717576, 
92, 000000, 000000, 0.05318096830368479, 0.05318096830368479, 0.7696800198168113 0.1615282531098807 0.05068988259491581 0.016229586391172276 0.0018722580872199079, 
93, 000000, 000110, 0.04732950614062307, 0.04732950614062307, 0.7768142751286674 0.17449436677239494 0.03803982509692489 0.009203112130557365 0.0014484208714554032, 
94, 000000, 100000, 0.05249413389616616, 0.05249413389616616, 0.7789304554519092 0.15154284461881573 0.051260661954652335 0.013203641644543287 0.004022271735150586 0.0010401245949288776, 
95, 000010, 100000, 0.0487656183738341, 0.0487656183738341, 0.7831811905718854 0.15592240306755506 0.04753918088203945 0.011835956502709714 0.00152126897581038, 
96, 000111, 000000, 0.047323809071305345, 0.047323809071305345, 0.7864717930074128 0.1572168076387331 0.044992371440683486 0.008534807744950653 0.0027842201682200065, 
97, 000000, 000000, 0.047898819241263844, 0.047898819241263844, 0.777866302059066 0.16617125154227788 0.047048033469773515 0.008532054749772037 0.00038235817911051566, 
98, 000000, 000000, 0.05461461619110721, 0.05461461619110721, 0.7604758733452021 0.1701339718174748 0.05177885663650236 0.016449180747119384 0.001162117453701411, 
99, 000000, 000000, 0.04458953379154172, 0.04458953379154172, 0.7839587081333457 0.17123560062165552 0.03829228831299934 0.006336586226401783 0.00017681670559769583, 
100, 000000, 000000, 0.050110886485917924, 0.050110886485917924, 0.7649900755403214 0.17921530006019817 0.0477777786994127 0.006172921343787312 0.0018439243562805084, 
run, initial grid state, final grid state, mean grid cell occupancy, mean binding site occupancy, fraction of time with N TFs bound, warning
1, 000000, 000000, 0.04781921417935616, 0.04781921417935616, 0.7860411623767283 0.1586284710498785 0.0421546197204816 0.009553230602124367 0.002794698475013829 0.0008278177757733775, 
2, 000000, 000000, 0.051883191553089826, 0.051883191553089826, 0.7737945720690932 0.1648581201952761 0.041724924828328104 0.015668426392070608 0.0037838822857652102 0.00017007422946680158, 
3, 000000, 000000, 0.0561018911769658, 0.0561018911769658, 0.7643016862045383 0.1600868339425731 0.05329011926526808 0.019527591316577265 0.002607345716263119 0.00018642355478025617, 
4, 000000, 100000, 0.045852734850209194, 0.045852734850209194, 0.785063565015082 0.16142736400043836 0.04683816785262226 0.0066709031318574336, 
5, 000000, 000000, 0.04631263157387767, 0.04631263157387767, 0.7791487747533618 0.1741648452507015 0.03901679109454407 0.005718822113447246 0.0012329382765922374 0.0007178285113531351, 
6, 000000, 000000, 0.05853286296447081, 0.05853286296447081, 0.7622773231868134 0.15555305625871063 0.05720099152425606 0.01929910791384989 0.005002790843797553 0.0006667302725724379, 
7, 000000, 000000, 0.07204622788868895, 0.07204622788868895, 0.7319425946774508 0.16122867458470677 0.06614475301469373 0.028046950600070664 0.008566800697562594 0.0040702264255154125, 
8, 000000, 000000, 0.04868598426260993, 0.04868598426260993, 0.7759864669208787 0.1686684531699089 0.04538515178501851 0.007488813108407826 0.002144865568440528 0.00032624944734562005, 
9, 000000, 000000, 0.04533199443859219, 0.04533199443859219, 0.7914740872017055 0.15428332325756916 0.04590115451745272 0.007459405754011798 0.0008820292692607924, 
10, 000000, 000000, 0.04861928904925381, 0.04861928904925381, 0.7719826726470762 0.17353644680192787 0.04607808558450622 0.007588063541376336 0.0008147314251133958, 
11, 000000, 000000, 0.046102977769232015, 0.046102977769232015, 0.7882074141336933 0.16208785233486595 0.03689161260267842 0.010505694639879602 0.0023074262888826357, 
12, 000000, 000000, 0.0469209099460888, 0.0469209099460888, 0.7923439890858134 0.14494080115444585 0.05280560057691816 0.008914533367196942 0.0007455218114689701 0.00024955400415678817, 
13, 000000, 000110, 0.0469842308730646, 0.0469842308730646, 0.7812061270981286 0.1673808086150902 0.04082834388197671 0.009470992759873976 0.0011137276449305102, 
14, 000000, 000000, 0.04671204802963773, 0.04671204802963773, 0.7925909596008043 0.14833914977086327 0.04652856724074027 0.011289289624885958 0.0012520337627061773, 
15, 000000, 000000, 0.049375538742633854, 0.049375538742633854, 0.775078701338702 0.16578692982953858 0.0480243588653637 0.010022454970045712 0.001087554996350003, 
16, 000000, 000000, 0.04678064931225649, 0.04678064931225649, 0.7870128145897554 0.15868833033485685 0.042955935818725824 0.009287983125417367 0.0020549361312445853, 
17, 000000, 000000, 0.050071028791294644, 0.050071028791294644, 0.7738709413033621 0.16652163390364952 0.04884687528115641 0.007298991317727438 0.0029939766418997445 0.0004675815522048586, 
18, 100000, 000000, 0.04925968677942709, 0.04925968677942709, 0.7664955049350677 0.18312655667522942 0.04155532299450079 0.0059695435684767074 0.0028530718267253605, 
19, 000000, 000000, 0.0516795035632298, 0.0516795035632298, 0.7810795762846628 0.1532279932500743 0.04788446914384692 0.012981938999822735 0.001995838765823855 0.002830183555769402, 
20, 000000, 000000, 0.049895628345029336, 0.049895628345029336, 0.774100425211333 0.16321380549179887 0.053804852409099053 0.007272013849619598 0.0013102969794269968 0.0002986060587224506, 
21, 000000, 000000, 0.04946417076124054, 0.04946417076124054, 0.7670159403516539 0.17981482947059174 0.04277045887581674 0.010165807862532262 0.00023296343940530501, 
22, 000000, 100000, 0.04323746214562045, 0.04323746214562045, 0.7954919483749977 0.16094112882917172 0.03343888999534491 0.008906267148081135 0.0012217656524044559, 
23, 000000, 000000, 0.04263745654243406, 0.04263745654243406, 0.7889326285197519 0.1717337779258334 0.03392613689221406 0.0053911391044604556 1.6317557740381786e-05, 
24, 000100, 000000, 0.05453977343136284, 0.05453977343136284, 0.7659183044469321 0.16480321793162264 0.050835901653922766 0.013484581865672843 0.004480096757557931 0.000477897344291721, 
25, 000000, 000000, 0.0469899103921495, 0.0469899103921495, 0.793549587364328 0.14505956030806308 0.050299008809804695 0.008085489645992204 0.00300635387181199, 
26, 000000, 010000, 0.04513138246935885, 0.04513138246935885, 0.7898533554549264 0.1583573149578315 0.04297780390157357 0.008770730687499598 4.079499816891692e-05, 
27, 000000, 010000, 0.045650424629517475, 0.045650424629517475, 0.7827240397302172 0.1704051974748748 0.03869821535555132 0.006589270166299406 0.0015832772730573017, 
28, 000000, 000010, 0.04358679085801963, 0.04358679085801963, 0.7980886929214915 0.1533013694411025 0.03831334412568674 0.009593686591235228 0.0007029069204840347, 
29, 000000, 000000, 0.04727744794668511, 0.04727744794668511, 0.7866955331039729 0.15825305296664333 0.04111008301356682 0.012573854976934293 0.0013674759388827141, 
30, 000000, 000000, 0.05204372978070314, 0.05204372978070314, 0.7631772622312538 0.17055428071196532 0.05891318263938938 0.006204891893618943 0.0004848556062448024 0.0006655269175277437, 
31, 000000, 000000, 0.05470945854560163, 0.05470945854560163, 0.767884474548884 0.16867897381096741 0.04130682388348695 0.013831903099593536 0.006020702888452495 0.002277121768615586, 
32, 000000, 000000, 0.06299847635349366, 0.06299847635349366, 0.7549780633785723 0.15776611141661628 0.05343622355808402 0.02451094032959404 0.006723827986271579 0.0025848333308618405, 
33, 000000, 000000, 0.04708771436580319, 0.04708771436580319, 0.7833472611398538 0.1619045425213346 0.045289399738339266 0.008010242594231855 0.0012305536170925412 0.00021800038914805364, 
34, 000000, 000000, 0.04404465728606908, 0.04404465728606908, 0.7862152178425778 0.17113850423602647 0.03512284834357381 0.007209975518047319 0.00031345405977460596, 
35, 000000, 000000, 0.051314543254848036, 0.051314543254848036, 0.7716569257732011 0.16019792564610985 0.0594001884996108 0.006090883440555862 0.0026540766405223092, 
36, 000000, 000000, 0.04573658268886824, 0.04573658268886824, 0.7881529322188034 0.15882246916474832 0.043853622862419776 0.008794121772492357 0.00037685398153611586, 
37, 000000, 000000, 0.05662884440189602, 0.05662884440189602, 0.7562782459979859 0.1700438842883786 0.05615978895088971 0.012662718829765105 0.004855361932980701, 
38, 000000, 000000, 0.04944122706843183, 0.04944122706843183, 0.7714095768131993 0.17141918162629177 0.04689535059581976 0.009666084266097148 0.0006098066985920496, 
39, 000000, 000000, 0.05675249553141941, 0.05675249553141941, 0.7606227365804041 0.1613898212440674 0.0577741815839475 0.017655942430306076 0.0021776293207386986 0.0003796888405362197, 
40, 000000, 000000, 0.049015991831084814, 0.049015991831084814, 0.7742448551789817 0.17033369723895164 0.04415092494380668 0.009621686693096472 0.0016488359451636244, 
41, 000000, 000000, 0.04598014378251565, 0.04598014378251565, 0.7890458208419262 0.1566344644713393 0.04457413610160106 0.008913577467463147 0.000802611970188504 2.93891474818048e-05, 
42, 000000, 000001, 0.045746727609337165, 0.045746727609337165, 0.7885082033834863 0.15884110225616443 0.043005265602223716 0.008952982837091145 0.0006924459210344155, 
43, 000000, 000000, 0.046917183992147636, 0.046917183992147636, 0.7820421208181728 0.16517446656210263 0.04237992581697534 0.01004516145416464 0.0003583253485846519, 
44, 000000, 100000, 0.05100300956782683, 0.05100300956782683, 0.7746354000892244 0.15893802166049392 0.05270044627981871 0.013225384695021963 0.0005007472754409377, 
45, 000000, 000100, 0.05634263773605661, 0.05634263773605661, 0.762844564566975 0.16127395432311886 0.05389384591155852 0.01903492006197639 0.002874155597681268 7.855953868990852e-05, 
46, 000000, 000000, 0.05473763778726576, 0.05473763778726576, 0.7736635236204085 0.15438005919296677 0.04805889120321943 0.01807658657328664 0.005406471646264082 0.000414467763854549, 
47, 000000, 100000, 0.05123596960704641, 0.05123596960704641, 0.7733632968550427 0.16642220963959972 0.0431095375505583 0.013766427210188208 0.003217392452057855 0.00012113629255323182, 
48, 000000, 000001, 0.04059205350539492, 0.04059205350539492, 0.8036439270301295 0.15353143874693237 0.03860174940312615 0.0040741558000628895 0.00014872901974905103, 
49, 000000, 000000, 0.04807151373554476, 0.04807151373554476, 0.7787198117332337 0.1626348629392068 0.05024053084577561 0.00830602014462455 9.877433715923024e-05, 
50, 001000, 000000, 0.05979268806463953, 0.05979268806463953, 0.7515481659425098 0.16665088349065557 0.05822227867311979 0.01865400002391711 0.004924671869797678, 
51, 000100, 100000, 0.04288199794097988, 0.04288199794097988, 0.7989365143291073 0.1563225107309268 0.03614986102443381 0.005853330508422439 0.002579153694730656 0.0001586297123789787, 
52, 001000, 000001, 0.05639144497726668, 0.05639144497726668, 0.754539602773105 0.1764998354797908 0.050337257929374296 0.01451538215511787 0.0029114362533529596 0.001196485409259058, 
53, 000000, 000000, 0.04558860773169054, 0.04558860773169054, 0.7857413483633526 0.1659721759888557 0.039585331380717854 0.0064157694284431525 0.0022853748386305853, 
54, 000000, 000000, 0.052484904389943986, 0.052484904389943986, 0.7682644481636263 0.1659159189975963 0.052132350936644443 0.010177293778109692 0.003353016485667569 0.00015697163835587955, 
55, 000000, 000000, 0.058021901553617125, 0.058021901553617125, 0.7553464757616744 0.16650716567901855 0.05581483820356427 0.019658695762178727 0.002345643018801347 0.0003271815747628325, 
56, 000001, 000000, 0.0418865561528267, 0.0418865561528267, 0.7961137331581984 0.1628214376457998 0.0369839736968104 0.0024615248840844203 0.0009512758502483367 0.0006680547648585977, 
57, 000000, 000100, 0.054716692045371385, 0.054716692045371385, 0.7594850510150969 0.17125447358862256 0.054163323103276526 0.01261402621519151 0.0015386765575842486 0.0009444495202282496, 
58, 000000, 000000, 0.053352852735087795, 0.053352852735087795, 0.7655752538277033 0.1671281292665959 0.0501557977535311 0.015885884971809927 0.0012549341803597268, 
59, 000000, 001000, 0.05143674921289682, 0.05143674921289682, 0.7681049574078743 0.16752734424790247 0.05350784578146424 0.009361950784485836 0.001497901778273128, 
60, 000110, 011010, 0.050900323272265104, 0.050900323272265104, 0.7731087175145793 0.16152425498231054 0.05284841108425035 0.011893603192659587 0.0006250132262001718, 
61, 000100, 010000, 0.04159722367308279, 0.04159722367308279, 0.8009478302890375 0.1614794988434742 0.02834929111074739 0.006762922463399739 0.001185792883377302 0.0012746644099638574, 
62, 000011, 010000, 0.05103605558738719, 0.05103605558738719, 0.7672728389269167 0.1728165319798269 0.04820586606274721 0.009973182397083759 0.0015893809393766343 0.0001421996940488049, 
63, 000000, 000000, 0.05514322287306139, 0.05514322287306139, 0.7703268284387649 0.1599974303497392 0.04514376503631163 0.017678936214850585 0.006727631630214225 0.00012540833011945088, 
64, 000000, 000000, 0.05501019978429871, 0.05501019978429871, 0.7585108286168163 0.1740116649568704 0.04983669925906374 0.014187093438203752 0.003453713729045788, 
65, 001000, 000000, 0.05456585856858009, 0.05456585856858009, 0.7673390300285627 0.16107590303619582 0.05238124466663622 0.01525853003240914 0.003945292236196228, 
66, 001000, 110000, 0.05247864605078153, 0.05247864605078153, 0.7620805496837063 0.17268111193183652 0.05424476323717114 0.010273062690633406 0.0007205124566525504, 
67, 000000, 000000, 0.048650853307502254, 0.048650853307502254, 0.7828287651397368 0.1554855225805098 0.049059038926576204 0.012205174001357249 0.0004214993518198973, 
68, 001000, 000000, 0.052009051454735576, 0.052009051454735576, 0.7654441771514778 0.1700299197879999 0.0526053308081169 0.01104594460679598 0.0006972447242547784 0.00017738292135454357, 
69, 000000, 100000, 0.06261700586594035, 0.06261700586594035, 0.7498604033132791 0.1705901545384481 0.05109484829502262 0.014914235939488466 0.009756510299416012 0.0035496506350550195 0.00023419697929070107, 
70, 000000, 000000, 0.04684626697928921, 0.04684626697928921, 0.7876591368886464 0.1552913656080118 0.04543867812779764 0.011534397490048191 7.642188549590961e-05, 
71, 000000, 000000, 0.05067458618923208, 0.05067458618923208, 0.7626255722099533 0.18112557820368164 0.04644425866829128 0.00918494207716727 0.0006196488409066199, 
72, 000010, 000000, 0.05286112401756804, 0.05286112401756804, 0.7669193783707957 0.16726597764434903 0.0481262476888961 0.017105314100569487 0.0005830821953896539, 
73, 000000, 000000, 0.04497442163669767, 0.04497442163669767, 0.7798932477115061 0.17734032472014039 0.03633499342499678 0.005889518323374666 0.0005419158199820064, 
74, 000000, 000000, 0.05677508757320688, 0.05677508757320688, 0.7553232495016199 0.1640232096545793 0.06776098488936562 0.010464877811809735 0.002427678142625377, 
75, 000000, 010000, 0.053861363359032195, 0.053861363359032195, 0.7709695046387571 0.16059240748970463 0.049154038727970854 0.012917049867775787 0.0063184507737383735 4.8548502053192676e-05, 
76, 000000, 000000, 0.05264637030909472, 0.05264637030909472, 0.7750455719710194 0.1600178651856015 0.04897499074264537 0.00825162509564934 0.005394235128693438 0.00231571187639086, 
77, 000000, 000000, 0.049978963412109036, 0.049978963412109036, 0.776215946904537 0.16737416654895163 0.04077758395815872 0.011648939134528977 0.003919188665319851 6.417478850376037e-05, 
78, 000000, 000000, 0.04451956414158841, 0.04451956414158841, 0.7931286372682266 0.15955217052773352 0.03654373894068137 0.009173153323741341 0.0010532232288756043 0.0005490767107415554, 
79, 000000, 000000, 0.0645705400405292, 0.0645705400405292, 0.7460685969331134 0.15864780814131668 0.06373404450410271 0.025616926958042012 0.005206555097598802 0.0007260683658263796, 
80, 011000, 000000, 0.060829051258210545, 0.060829051258210545, 0.748474249455921 0.1655719896675067 0.06079286671857022 0.0228269921873922 0.0023339019706098804, 
81, 110000, 000100, 0.058303744901979385, 0.058303744901979385, 0.7548899745923602 0.16636914456106378 0.054034556773984194 0.02344108498752289 0.0012652390850688728, 
82, 000010, 000010, 0.048146820807792506, 0.048146820807792506, 0.7814768736229437 0.1601624270246406 0.04858025915599076 0.007563781275567014 0.00221665892085797, 
83, 000000, 000000, 0.045548263088000196, 0.045548263088000196, 0.7871861261042742 0.16025207366546002 0.04532539762661313 0.0065589008052958754 0.000677501798356821, 
84, 000000, 000000, 0.05395760315767736, 0.05395760315767736, 0.7679198427021804 0.16350181485605286 0.04823256786018689 0.017604429956682096 0.002741344624897809, 
85, 000000, 000001, 0.04377789215431866, 0.04377789215431866, 0.7809860086805683 0.17980092342817222 0.03477277417603847 0.004440293715220952, 
86, 000000, 000010, 0.04586390934515968, 0.04586390934515968, 0.781791936674224 0.16892489147888398 0.04276224786718974 0.005349627061114502 0.0011712969185877838, 
87, 000000, 000000, 0.06195799774059044, 0.06195799774059044, 0.7471619636902936 0.17343852259130063 0.05362725386018853 0.015939361222383517 0.006266496812374676 0.0032275257255382477 0.00033887609792073565, 
88, 001000, 000000, 0.05119013054519731, 0.05119013054519731, 0.7772808698825598 0.15860027659735199 0.04596137330337972 0.016012160799761543 0.0021453194169469532, 
89, 000000, 001000, 0.037329998189069055, 0.037329998189069055, 0.8159643724686708 0.14956449184731452 0.028997909764944277 0.005473225919070427, 
90, 000100, 100000, 0.045636010269833514, 0.045636010269833514, 0.7836922337560074 0.16916911441623564 0.03857392195816004 0.007022072128849411 0.0012804018038402283 0.000262255936907246, 
91, 000000, 000000, 0.04429962291257893, 0.04429962291257893, 0.7912564748639098 0.16124774280180987 0.0397999860125911 0.0058331626382754735 0.0018626336834137779, 
92, 001000, 000000, 0.047771907910223656, 0.047771907910223656, 0.770664784575025 0.17754634267919175 0.04628151345519994 0.005507359290583445, 
93, 000000, 000000, 0.04241643409393801, 0.04241643409393801, 0.7971965636174593 0.16097834791560955 0.03285999552411229 0.008060106171481502 0.0009049867713373615, 
94, 000000, 110000, 0.04823132891365531, 0.04823132891365531, 0.7799383111636998 0.1592757230813756 0.0531633864273669 0.006948890007231391 0.00042963907750265934 0.00024405024282353263, 
95, 000000, 000000, 0.05261850458254231, 0.05261850458254231, 0.7660422994659012 0.16711656718075138 0.052505732487597524 0.013758608123692184 0.0005767927420577265, 
96, 000000, 000000, 0.04676386274491474, 0.04676386274491474, 0.7820523532043104 0.16587387001286738 0.043406810732440175 0.006772179209787256 0.0018947868405947371, 
97, 000000, 000000, 0.04571894099890643, 0.04571894099890643, 0.7878754078941226 0.16356981169055182 0.03547072815072356 0.012533831056968071 0.0005502212076338699, 
98, 000000, 000000, 0.05136504955930834, 0.05136504955930834, 0.7693363226670763 0.1668071532916037 0.05106208100061455 0.01191879009980452 0.0008756529409009217, 
99, 000000, 100000, 0.04846576940657543, 0.04846576940657543, 0.7851341901407943 0.1539321094575393 0.04767388957542293 0.011524515473906028 0.0017352953523373602, 
100, 000000, 000010, 0.055464005537515515, 0.055464005537515515, 0.771498648421183 0.16362273214536432 0.038727818565792445 0.015617714004352716 0.007812912381451839 0.0027201744818556874, 
