run, initial grid state, final grid state, mean grid cell occupancy, mean binding site occupancy, fraction of time with N TFs bound, warning
1, 111111, 111111, 0.9750979362563988, 0.9750979362563988, 0.0 0.0 0.0 0.0022574638686065442 0.010560401855869832 0.12151918714404832 0.8656629471314753, 
2, 111111, 111111, 0.9739710755673988, 0.9739710755673988, 0.0 0.0 0.0 0.00029690754912230227 0.013026156740520965 0.1292305104671981 0.8574464252431586, 
3, 111111, 111111, 0.9690993053879255, 0.9690993053879255, 0.0 0.0 0.001120676955072539 0.002491336889446037 0.018822467808520184 0.13580251356677756 0.8417630047801836, 
4, 111111, 111111, 0.9728922011089063, 0.9728922011089063, 0.0 0.0 0.0 0.0007100361588616456 0.012850830471055761 0.13481502392786582 0.8516241094422168, 
5, 111111, 111111, 0.978791025619437, 0.978791025619437, 0.0 0.0 0.0 0.0002820833233963024 0.010110647697277785 0.10618630091863386 0.883420968060692, 
6, 111111, 111111, 0.9742699764936983, 0.9742699764936983, 0.0 0.0 0.0 0.002458673948510516 0.015944065011143094 0.11511598916999265 0.8664812718703537, 
7, 111111, 111111, 0.9773056735775516, 0.9773056735775516, 0.0 0.0 0.0 0.0006087981906654694 0.01315201655872821 0.1080355308452366 0.8782036544053696, 
8, 111111, 111111, 0.9773051197299496, 0.9773051197299496, 0.0 0.0 0.0 0.00036000480028300054 0.009341912018188419 0.11640544318307686 0.8738926399984518, 
9, 111111, 111111, 0.9730796590160539, 0.9730796590160539, 0.0 0.0 0.0 0.0021088606051493184 0.02270896567617261 0.10977753273588402 0.865404640982794, 
10, 111110, 111111, 0.9800454806565467, 0.9800454806565467, 0.0 0.0 0.0 0.0 0.010087358877970614 0.09955239830477762 0.8903602428172517, 
11, 111111, 111111, 0.976371563425581, 0.976371563425581, 0.0 0.0 0.0 0.0005484351326375916 0.011054645965484344 0.11801602211763265 0.8703808967842454, 
12, 111111, 111111, 0.9744418337202241, 0.9744418337202241, 0.0 0.0 0.0 0.0011306183782545725 0.012148473258680004 0.12566019602653103 0.8610607123365345, 
13, 011111, 111111, 0.976002037753124, 0.976002037753124, 0.0 0.0 1.716946218093236e-05 0.000874764796268656 0.010242169078324308 0.12081046308707709 0.868055433576149, 
14, 111111, 111111, 0.9744129009260083, 0.9744129009260083, 0.0 0.0 0.0 0.0007018915883699484 0.012439156824723368 0.12653860602939315 0.8603203455575136, 
15, 111111, 111111, 0.9786620775406153, 0.9786620775406153, 0.0 0.0 0.0 0.0013792317009611497 0.012177160418403006 0.0995355188166192 0.8869080890640167, 
16, 111111, 111110, 0.978233847849611, 0.978233847849611, 0.0 0.0 0.0 0.0 0.008735203586196389 0.1131265057299408 0.8781382906838627, 
17, 111111, 111111, 0.9772098986292362, 0.9772098986292362, 0.0 0.0 0.0 0.0019066389239335059 0.013406095207124673 0.1042085010385327 0.8804787648304091, 
18, 111110, 111111, 0.9765366409252595, 0.9765366409252595, 0.0 0.0 0.0 0.0009405864361008007 0.010765883175031654 0.11642662879007723 0.8718669015987904, 
19, 111111, 111111, 0.9711564883607929, 0.9711564883607929, 0.0 0.0 0.0 8.723376860387267e-05 0.016148011538608974 0.1405033454522132 0.8432614092405739, 
20, 111111, 111111, 0.9752153299900295, 0.9752153299900295, 0.0 0.0 0.00033343068212350206 0.0014684378573724909 0.011566257729535038 0.11983646830014164 0.8667954054308272, 
21, 111111, 111111, 0.9666265370641108, 0.9666265370641108, 0.0 0.0 0.0 0.004369572840366203 0.025504884181027435 0.1361222907321817 0.8340032522464247, 
22, 111111, 111111, 0.9756632491548326, 0.9756632491548326, 0.0 0.0 1.1248060291608174e-05 0.0015744696597355034 0.010849484423811683 0.11955313500300778 0.8680116628531535, 
23, 111111, 111111, 0.9721807659462791, 0.9721807659462791, 0.0 0.0 0.00020841594371297527 0.0016091233747103524 0.01957084185476496 0.12211268671381241 0.8564989321129993, 
24, 011111, 111111, 0.9768920648751745, 0.9768920648751745, 0.0 0.0 0.0 0.0008517046956727617 0.010619450641846648 0.11485359537824073 0.8736752492842399, 
25, 111111, 111111, 0.9753318874371044, 0.9753318874371044, 0.0 0.0 0.0 0.0006092551489040965 0.013399132165507584 0.11938264559964583 0.8666089670859425, 
26, 111111, 111111, 0.9778251284798926, 0.9778251284798926, 0.0 0.0 0.0 0.0010003881753759014 0.012624564488616897 0.10479893561728357 0.8815761117187235, 
27, 111111, 111111, 0.9758542477557341, 0.9758542477557341, 0.0 0.0 0.0 4.465111442770276e-05 0.011270359910975991 0.12219984030036002 0.8664851486742363, 
28, 111111, 111111, 0.9762326487787635, 0.9762326487787635, 0.0 0.0 0.0 0.0 0.01386216093101815 0.11487978546538259 0.8712580536035993, 
29, 111110, 111111, 0.9725820758266492, 0.9725820758266492, 0.0 0.0 0.0 0.0011277392684296765 0.013691348652783045 0.13374162992924968 0.8514392821495376, 
30, 111111, 111111, 0.9766403476669578, 0.9766403476669578, 0.0 0.0 0.0003951689938456671 0.0016380892676093463 0.010641165832749107 0.11238063855454421 0.8749449373512517, 
31, 111111, 111111, 0.9776711638918901, 0.9776711638918901, 0.0 0.0 0.0 0.0005225099123744169 0.01020527061428733 0.11199494568296149 0.8772772737903768, 
32, 011111, 111111, 0.9763254707201625, 0.9763254707201625, 0.0 0.0 0.0 0.000374184474107992 0.010540344024438545 0.11984393420782428 0.8692415372936292, 
33, 111111, 111111, 0.978018296846541, 0.978018296846541, 0.0 0.0 0.0007170983469812074 0.0005710339998350824 0.012720768073760455 0.10186718738580333 0.8841239121936199, 
34, 111111, 111111, 0.9760092341667265, 0.9760092341667265, 0.0 0.0 0.0 0.001086940381156433 0.012469496258247741 0.11574478133967597 0.8706987820209199, 
35, 111111, 111111, 0.9791195483945243, 0.9791195483945243, 0.0 0.0 5.73450613112109e-05 0.0001748348221917947 0.007144630432440737 0.11023956405615253 0.8823836256279037, 
36, 111111, 111111, 0.9801237337827363, 0.9801237337827363, 0.0 0.0 0.0 1.8810132009642463e-06 0.009304636133923983 0.10064268199613163 0.8900508008567435, 
37, 111111, 111111, 0.9772525936166199, 0.9772525936166199, 0.0 0.0 0.00012762736051565124 0.0028203955385996894 0.006848335347742608 0.11381607154693386 0.8763875702062082, 
38, 111111, 111111, 0.9769140254886093, 0.9769140254886093, 0.0 0.0 0.0 0.0001755725774867194 0.012186259810564403 0.11361660971475526 0.8740215578971937, 
39, 111111, 111111, 0.9719088387302405, 0.9719088387302405, 0.0 0.0 0.0 0.0005908979508180845 0.016067841038992992 0.13463859168811665 0.8487026693220724, 
40, 011111, 111110, 0.975040163869234, 0.975040163869234, 0.0 0.0 0.00022606665368721596 0.0010363077467977716 0.012155258485082138 0.12143530995928896 0.865147057155144, 
41, 111111, 111111, 0.9795522844945129, 0.9795522844945129, 0.0 0.0 0.0 0.0006396861864262818 0.003723585281858458 0.1133200639099272 0.8823166646217881, 
42, 111111, 111111, 0.9727127293839015, 0.9727127293839015, 0.0 0.0 0.0 0.004047178469008746 0.013609215664948387 0.12436365695966807 0.8579799489063747, 
43, 111111, 011111, 0.9776753397419792, 0.9776753397419792, 0.0 0.0 0.0 0.00038214892874080503 0.008761619992639988 0.11527827477662245 0.8755779563019968, 
44, 111111, 111111, 0.9759566051285726, 0.9759566051285726, 0.0 0.0 0.00012331045098054976 0.002473710688383068 0.01266251169076644 0.11102097197795949 0.8737194951919105, 
45, 111111, 111110, 0.9757814749487457, 0.9757814749487457, 0.0 0.0 0.0 0.0028505523261906983 0.015929693207416377 0.10490010691412108 0.8763196475522719, 
46, 111111, 111111, 0.974116404759055, 0.974116404759055, 0.0 0.0 0.00023440420975299106 0.0017507844333372795 0.013257195356982193 0.12259721059268239 0.8621604054072451, 
47, 011111, 111111, 0.974689693664372, 0.974689693664372, 0.0 0.0 0.0 0.00039905155989096273 0.015724758190865048 0.11921516695236524 0.8646610232968788, 
48, 111111, 111111, 0.9790605583348008, 0.9790605583348008, 0.0 0.0 0.0 0.0009391017520611626 0.01052779697005049 0.10176375079491123 0.8867693504829771, 
49, 111111, 111110, 0.9777126856803141, 0.9777126856803141, 0.0 0.0 0.00011977012847673324 0.0011801605862280299 0.009691912325200204 0.11032049899512386 0.8786876579649712, 
50, 111111, 111111, 0.9777060467378946, 0.9777060467378946, 0.0 0.0 0.0 0.0 0.008556810413004358 0.1166500987466233 0.8747930908403724, 
51, 111111, 111111, 0.9762633349745099, 0.9762633349745099, 0.0 0.0 0.0 0.00010608134968683831 0.009410435040626369 0.1232808760226273 0.8672026075870595, 
52, 111111, 111111, 0.9785244764139485, 0.9785244764139485, 0.0 0.0 0.0 0.0001339673245120616 0.008460872236654001 0.11152949506946541 0.8798756653693686, 
53, 111111, 111111, 0.9767296564451731, 0.9767296564451731, 0.0 0.0 0.0 0.0018014324016663856 0.008977583885535228 0.1162625963528911 0.8729583873599073, 
54, 011111, 111111, 0.9730919580685488, 0.9730919580685488, 0.0 0.0 0.0002612263169859137 0.004472685388284964 0.011341706556362274 0.12430187704318493 0.859622504695182, 
55, 111111, 111111, 0.9751720966437678, 0.9751720966437678, 0.0 0.0 0.0 5.766146425338018e-05 0.015695033565455863 0.11740436861372137 0.8668429363565694, 
56, 111111, 111111, 0.9774607201146626, 0.9774607201146626, 0.0 0.0 0.0 0.0003815276121896221 0.014501927987382226 0.10508724050069171 0.8800293038997365, 
57, 111111, 111111, 0.9808520103067774, 0.9808520103067774, 0.0 0.0 0.0 2.582622252895718e-05 0.006616887358989079 0.10157668477377108 0.891780601644711, 
58, 111111, 111110, 0.9518195602789651, 0.9518195602789651, 0.021962562155867643 8.746529777878805e-05 0.0004394916886269478 0.0026064736595499227 0.015791929590965224 0.1157086919870218 0.8434033856201898, 
59, 111111, 111111, 0.9747408141910006, 0.9747408141910006, 0.0 0.0 0.0019440147952363318 0.0007674891140804475 0.013114320413771089 0.11524794750326733 0.8689262281736447, 
60, 111111, 111111, 0.9742322325236468, 0.9742322325236468, 0.0 0.0 0.0 0.001971019081198956 0.011826636259711573 0.12504027509509924 0.8611620695639902, 
61, 011111, 111111, 0.9741373430323146, 0.9741373430323146, 0.0 0.0 0.0 0.0031987668553659456 0.010476917253585762 0.12462580673284332 0.861698509158205, 
62, 111111, 111111, 0.9777090247877173, 0.9777090247877173, 0.0 0.0 0.0 0.0 0.007644988503773179 0.11845587426615074 0.8738991372300761, 
63, 111111, 111111, 0.9763816474409974, 0.9763816474409974, 0.0 0.0 0.0 0.0005973515121476422 0.011166419217710518 0.11758522238215227 0.8706510068879896, 
64, 111111, 111111, 0.9781014199933489, 0.9781014199933489, 0.0 0.0 0.0 0.0005679565184624776 0.008088987275732843 0.11350963593305356 0.8778334202727512, 
65, 111111, 111111, 0.9769609440564179, 0.9769609440564179, 0.0 0.0 0.00011574230781316756 0.0021909790753445167 0.013369541132051702 0.10445934694010385 0.8798643905446867, 
66, 111111, 111111, 0.9795431337800935, 0.9795431337800935, 0.0 0.0 0.0 0.0003434655537098362 0.007395365353944549 0.10692006995042014 0.8853410991419255, 
67, 111111, 111111, 0.9787852358881549, 0.9787852358881549, 0.0 0.0 0.0 0.00028629990870277086 0.007939644455879635 0.11055039603320313 0.8812236596022144, 
68, 111111, 011111, 0.9810597738201492, 0.9810597738201492, 0.0 0.0 0.0 7.021319464342934e-05 0.00445898633510611 0.10451274482496227 0.8909580556452882, 
69, 111111, 111111, 0.9752718527837577, 0.9752718527837577, 0.0 0.0 0.0004518673635362443 0.0010242494301840237 0.011775733260121376 0.11993719903251404 0.8668109509136444, 
70, 111111, 111111, 0.9754281813044438, 0.9754281813044438, 0.0 0.0 0.0005008522290935686 0.0020584746507578094 0.012396875732311633 0.11445832784006603 0.8705854695477709, 
71, 011111, 111111, 0.9725880292513067, 0.9725880292513067, 0.0 0.0 0.0 0.0005125972224716061 0.013096989669571324 0.13674005348560195 0.8496503596223551, 
72, 111111, 111111, 0.979698040710784, 0.979698040710784, 0.0 0.0 0.0 0.00016613493261314572 0.009578229057495153 0.10215689282246537 0.8880987431874263, 
73, 111111, 111111, 0.974345470717093, 0.974345470717093, 0.0 0.0 5.8343250111852365e-05 0.0014630776909180482 0.011970602384991156 0.12536336485425792 0.8611446118197211, 
74, 111111, 111111, 0.9738539656343516, 0.9738539656343516, 0.0 0.0 0.0 0.000110141579375636 0.01230539870418728 0.13193498404738913 0.8556494756690479, 
75, 011110, 111111, 0.9786558167162301, 0.9786558167162301, 0.0 0.0 0.0 0.0012579545155567498 0.013312287258848511 0.09766666163825159 0.8877630965873431, 
76, 111111, 111111, 0.9728963622544857, 0.9728963622544857, 0.0 0.0 0.0 0.0018215190404638575 0.017716501908465646 0.12172426553476282 0.8587377135163077, 
77, 111111, 111111, 0.9773607306953718, 0.9773607306953718, 0.0 0.0 0.0 0.001376627943974208 0.014177062191480379 0.10335160761288623 0.8810947022516592, 
78, 111111, 011111, 0.9779892468213421, 0.9779892468213421, 0.0 0.0 0.0 0.0 0.007563489542902247 0.11693753998614241 0.8754989704709554, 
79, 011111, 111111, 0.9790517347653905, 0.9790517347653905, 0.0 0.0 0.0 0.0 0.010868597908812703 0.10395239559003103 0.8851790065011563, 
80, 111111, 111111, 0.9779040836903372, 0.9779040836903372, 0.0 0.0 0.0 0.00036467229852540147 0.009056563472562205 0.11336835401727607 0.8772104102116364, 
81, 111110, 111111, 0.9758681689287757, 0.9758681689287757, 0.0 0.0 0.0 0.0002072639729351089 0.011718941838433245 0.12073131083167397 0.8673424833569576, 
82, 111111, 111110, 0.9773205706348372, 0.9773205706348372, 0.0 0.0 0.0 0.0030528747547896133 0.01156849696334765 0.10378095799991251 0.8815976702819504, 
83, 111111, 111111, 0.9763873970149423, 0.9763873970149423, 0.0 0.0 0.0 0.0002541503679891427 0.01259714077954082 0.11571888524729775 0.8714298236051722, 
84, 111100, 111111, 0.9750915785933705, 0.9750915785933705, 0.0 0.0 0.0 0.00116688732765158 0.015860302328081 0.11422926180066056 0.8687435485436068, 
85, 111111, 111111, 0.9751128867076073, 0.9751128867076073, 0.0 0.0 0.00015030062614860987 0.0034755467153554866 0.009837876515367104 0.11861908407296103 0.8679171920701677, 
86, 111111, 111111, 0.9771976147764802, 0.9771976147764802, 0.0 0.0 5.7801750858113876e-05 0.00041230626298092656 0.0085706016200837 0.11820498230857678 0.8727543080575004, 
87, 111111, 111111, 0.9798594410344622, 0.9798594410344622, 0.0 0.0 0.0 0.0003692901830640293 0.007757750694657943 0.10421998185471874 0.8876529772675593, 
88, 111111, 111111, 0.9730282066114713, 0.9730282066114713, 0.0 0.0 0.0 0.0008502670724502631 0.012977275417490518 0.13332540827884054 0.8528470492312188, 
89, 111111, 111111, 0.9760269989806417, 0.9760269989806417, 0.0 0.0 0.0001441851555543712 0.0007997757359925763 0.012714180114367344 0.11543357805721935 0.8709082809368663, 
90, 011111, 111111, 0.9739390889440851, 0.9739390889440851, 0.0 0.0 0.0006097520162269615 0.0030860373073443837 0.012959330821353834 0.11874968470584026 0.8645951951492344, 
91, 111111, 111111, 0.9754646994029756, 0.9754646994029756, 0.0 0.0 0.0 0.00012366606006515877 0.011464408757396382 0.12391198788715681 0.8644999372953815, 
92, 011110, 111111, 0.9786395620005273, 0.9786395620005273, 0.0 0.0 0.0 0.0011177961263823509 0.010369804781361841 0.10406963005496601 0.8844427690372898, 
93, 011111, 111111, 0.975813191282069, 0.975813191282069, 0.0 0.0 0.0 0.00015601205470499536 0.012692192965808015 0.11926843021185417 0.8678833647676328, 
94, 111111, 111111, 0.9753152417989944, 0.9753152417989944, 0.0 0.0 0.0 1.1868676291760944e-06 0.007852489666395165 0.13240000927035578 0.8597463141956199, 
95, 111110, 111111, 0.9747194237301198, 0.9747194237301198, 0.0 0.0 0.0 0.00020934587609648702 0.011736456009578483 0.1275825079718348 0.8604716901424903, 
96, 111111, 111111, 0.9762271146262265, 0.9762271146262265, 0.0 0.0 0.00030922891147761115 0.002102816326100883 0.01592369558053123 0.10324455645736627 0.878419702724524, 
97, 111111, 011111, 0.9805199498956504, 0.9805199498956504, 0.0 0.0 0.0 0.0029643789882122474 0.0058037363758296455 0.09637969090980053 0.8948521937261575, 
98, 111110, 111111, 0.9727552716957206, 0.9727552716957206, 0.0 0.0 0.0 0.002581980737255783 0.017024615970270066 0.12167319567336961 0.8587202076191045, 
99, 111110, 111111, 0.9738525249966049, 0.9738525249966049, 0.0 0.0 0.00031202533197970616 0.0016982754635972066 0.011387551626126353 0.12776681904940687 0.8588353285288899, 
100, 111111, 111111, 0.9783891145988904, 0.9783891145988904, 0.0 0.0 0.0 0.0006020643187798275 0.008639255603403498 0.11058060824351049 0.8801780718343062, 
run, initial grid state, final grid state, mean grid cell occupancy, mean binding site occupancy, fraction of time with N TFs bound, warning
1, 111110, 111111, 0.9785794855629382, 0.9785794855629382, 0.0 0.0 4.733484687351045e-06 0.001576557942986772 0.0055591316855790095 0.11265621548350328 0.8802033614032435, 
2, 111111, 111110, 0.9801745101501698, 0.9801745101501698, 0.0 0.0 0.0 0.00021746111569745198 0.005104198405768211 0.1080921589403523 0.8865861815381821, 
3, 111111, 111111, 0.9753472236990568, 0.9753472236990568, 0.0 0.0 0.0 0.00025461666036685304 0.010510720192208868 0.1261313674401417 0.8631032957072826, 
4, 111111, 111100, 0.9766669214531163, 0.9766669214531163, 0.0 0.0 0.0 0.00037192693145269434 0.00982493291218573 0.1192328246625731 0.8705703154937884, 
5, 111110, 111111, 0.9782496337185862, 0.9782496337185862, 0.0 0.0 0.0 0.0009727862358080772 0.00915474919784744 0.10927434058536432 0.8805981239809801, 
6, 111111, 111111, 0.9719782442563466, 0.9719782442563466, 0.006024827249702498 2.294482121967134e-05 0.00043034639134214035 0.0012421875578108854 0.0063319515023005785 0.11375499561420493 0.8721927468634193, 
7, 111111, 011111, 0.9775989016109589, 0.9775989016109589, 0.0 0.0 0.0 0.0010117103313140926 0.009914373240310307 0.11154271285968444 0.8775312035686912, 
8, 111111, 011111, 0.9783044712197516, 0.9783044712197516, 0.0 0.0 0.0 0.0005523026872005348 0.008134391368279602 0.11224748188332968 0.8790658240611902, 
9, 111111, 111111, 0.9740386788053287, 0.9740386788053287, 0.0 0.0 0.0009965453706687688 0.0012286483408836806 0.012238887269465013 0.12361802612377207 0.8619178928952105, 
10, 111110, 111111, 0.976943222059823, 0.976943222059823, 0.0 0.0 0.0014971245253176258 0.0030054352658512775 0.010244933384301508 0.10284599697363472 0.8824065098508949, 
11, 111111, 111111, 0.9791971790200814, 0.9791971790200814, 0.0 0.0 0.0 0.00032106365218696135 0.007161640296938163 0.109530454329075 0.8829868417217999, 
12, 111111, 111111, 0.9747399664034074, 0.9747399664034074, 0.0 0.0 0.0 0.004132265621225663 0.014617316902027156 0.10992877091182421 0.871321646564923, 
13, 111111, 111111, 0.9770395059870021, 0.9770395059870021, 0.0 0.0 0.0 8.854378763664335e-05 0.011647334614800043 0.11420266348547743 0.8740614581120859, 
14, 111111, 111111, 0.9738850990678946, 0.9738850990678946, 0.0 0.0 0.0012308903647591952 0.001870890504155329 0.014274012719299563 0.11760514718253094 0.8650190592292549, 
15, 111111, 111111, 0.9769716391422852, 0.9769716391422852, 0.0 0.0 0.0 0.0006939814505636123 0.009819263134399936 0.11644969452579759 0.8730370608892388, 
16, 111111, 111111, 0.9727286321342199, 0.9727286321342199, 0.0 0.0 0.0 0.0012090109619033813 0.016873904574628375 0.1262533651597135 0.8556637193037547, 
17, 111111, 111111, 0.9734983277774707, 0.9734983277774707, 0.0 0.0 0.0 0.0003397276595977374 0.015430908487280598 0.12712903338182094 0.8571003304713007, 
18, 111111, 111111, 0.9809362303030887, 0.9809362303030887, 0.0 0.0 0.0 0.0013007034301807765 0.007903147674040885 0.09467421254284385 0.8961219363529345, 
19, 111111, 111111, 0.974962881427531, 0.974962881427531, 0.0 0.0 0.0 0.0008221440707685265 0.018530614235270845 0.11069505075196688 0.8699521909419937, 
20, 111111, 011111, 0.9769823127871685, 0.9769823127871685, 0.0 0.0 0.001121356015760274 0.0021571143203795522 0.010017423549287993 0.1071145091542339 0.8795895969603383, 
21, 111111, 111111, 0.9750869795905884, 0.9750869795905884, 0.0 0.0 0.0 0.0008363173229193119 0.013791200548900755 0.11938676938991026 0.8659857127382697, 
22, 111111, 111111, 0.9752723052713492, 0.9752723052713492, 0.0 0.0 0.0 0.0011185902996496643 0.008907998915459995 0.12719439964203585 0.8627790111428545, 
23, 111111, 111111, 0.9784344816530837, 0.9784344816530837, 0.0 0.0 0.0 0.000650925401147831 0.008110408779438796 0.11121951631917766 0.8800191495002357, 
24, 111111, 111111, 0.9763501163103326, 0.9763501163103326, 0.0 0.0 0.0 0.00024324465155050866 0.00924452511165936 0.12268051796003426 0.8678317122767558, 
25, 011111, 111111, 0.9796015490809273, 0.9796015490809273, 0.0 0.0 0.0 0.0010810984403189022 0.007346002909573355 0.10445540437433184 0.887117494275776, 
26, 011111, 111111, 0.9751322292370976, 0.9751322292370976, 0.0 0.0 0.0 0.0007953816104248291 0.008609841267265836 0.1296007972116077 0.8609939799107017, 
27, 011111, 111111, 0.9743114050842526, 0.9743114050842526, 0.0 0.0 0.0 0.0009479739179186025 0.01119772567131418 0.1288921963981005 0.8589621040126668, 
28, 111111, 111111, 0.9751444008938508, 0.9751444008938508, 0.0 0.0 0.0 0.00032766222915738816 0.016092977308781387 0.11596465333186046 0.8676147071302007, 
29, 111111, 011111, 0.9753313243462516, 0.9753313243462516, 0.0 0.0 0.0 8.439594676114264e-05 0.0156348673788664 0.11648913132447343 0.8677916053498991, 
30, 111111, 111111, 0.9767538453548106, 0.9767538453548106, 0.0 0.0 0.0 0.0013010791601716335 0.013197215340643439 0.10917925970933516 0.8763224457898497, 
31, 111111, 111111, 0.9763875155700165, 0.9763875155700165, 0.0 0.0 0.0 0.0003273530360010124 0.008667245071546302 0.12335835732880539 0.8676470445636474, 
32, 111111, 111111, 0.9742210676361571, 0.9742210676361571, 0.0 0.0 0.0 0.0007633904725159917 0.014982552303523178 0.1224183181584637 0.8618357390654972, 
33, 111111, 111111, 0.9753784243502341, 0.9753784243502341, 0.0 0.0 0.0 0.0008562198262287321 0.013309135376123798 0.11854252366766156 0.8672921211299859, 
34, 111111, 111111, 0.9787488889772243, 0.9787488889772243, 0.0 0.0 0.00055617016234466 0.001850066876878511 0.006441711745491897 0.10684836136565547 0.8843036898496295, 
35, 111111, 111111, 0.9800422871982176, 0.9800422871982176, 0.0 0.0 0.0 0.00023847095073989457 0.008213549719099763 0.10260376452027524 0.8889442148098852, 
36, 111111, 111111, 0.9755181376182386, 0.9755181376182386, 0.0 0.0 0.0 0.0007938509592552695 0.015439601428003033 0.11363041855679591 0.8701361290559457, 
37, 011111, 111111, 0.9747209484473761, 0.9747209484473761, 0.0 0.0 0.0 0.0006136586364669459 0.01170690740999602 0.12641951858635034 0.8612599153671867, 
38, 111111, 111111, 0.9793784320634692, 0.9793784320634692, 0.0 0.0 0.0 5.7166519943986616e-05 0.013173406193453679 0.09721109567244546 0.8895583316141568, 
39, 111111, 111111, 0.6775789865167967, 0.6775789865167967, 0.3033021533933383 0.0012589148514807224 0.001704694031341984 0.0006286534151533387 0.008069412575281312 0.08357502476039591 0.6014611469730083, 
40, 111111, 111111, 0.975336488887459, 0.975336488887459, 0.0 0.0 0.0 9.950118530846776e-05 0.011757621552000002 0.12416732001532076 0.8639755572473707, 
41, 111111, 111111, 0.9742654628761275, 0.9742654628761275, 0.0 0.0 0.0 0.00039982902520315985 0.010459160293592265 0.13228941508044115 0.8568515956007634, 
42, 111111, 011111, 0.9790344691794606, 0.9790344691794606, 0.0 0.0 0.0 0.0 0.008628092965557492 0.10853699899212138 0.8828349080423211, 
43, 111111, 111111, 0.9722239937185719, 0.9722239937185719, 0.0 0.0 0.0 0.0001314918459955851 0.013188371932207343 0.13988481828616725 0.8467953179356299, 
44, 111111, 111111, 0.9803092213282574, 0.9803092213282574, 0.0 0.0 0.0 0.0004256950942400523 0.009830997814668048 0.09720559111840005 0.8925377159726918, 
45, 111111, 111111, 0.974579846411194, 0.974579846411194, 0.0 0.0 0.0 0.00010278297624131753 0.01307370139073635 0.1260651698226392 0.860758345810383, 
46, 111111, 111111, 0.9789070599312104, 0.9789070599312104, 0.0 0.0 0.0 0.0 0.006634862810550643 0.1132879147916358 0.8800772223978136, 
47, 111111, 111111, 0.9775049534465104, 0.9775049534465104, 0.0 0.0 0.0 0.0011546875088438177 0.009465918536943842 0.1125743797205179 0.8768050142336944, 
48, 111111, 111111, 0.9730606422474121, 0.9730606422474121, 0.0 0.0 0.0008213855562791937 0.003903911618254411 0.01569966268880916 0.11523954405802915 0.864335496078628, 
49, 111111, 111111, 0.9748749930293498, 0.9748749930293498, 0.0 0.0 0.0 0.0011051404242051214 0.013622422534156952 0.12018977548297174 0.8650826615586661, 
50, 111111, 111111, 0.9783144176209141, 0.9783144176209141, 0.0 0.0 0.0 0.00024074914394177138 0.00626836366074678 0.11685451952119633 0.876636367674115, 
51, 111111, 111111, 0.967870576219752, 0.967870576219752, 0.0 0.0 0.0 0.00206084536669509 0.024646775704237164 0.13730045517292863 0.8359919237561391, 
52, 111111, 111111, 0.9735108858082221, 0.9735108858082221, 0.0 0.0 0.0 0.00038064738471387395 0.01656386902495071 0.1246650049466248 0.8583904786437107, 
53, 111111, 111111, 0.9726376253981172, 0.9726376253981172, 0.0 0.0 0.0 0.002991785030821221 0.016048083823787966 0.12310272487125702 0.8578574062741338, 
54, 111111, 111111, 0.973207408866654, 0.973207408866654, 0.0 0.0 0.0 0.0008714628892984914 0.015151742503180726 0.1278376731258189 0.8561391214817019, 
55, 111111, 111111, 0.9741408364978466, 0.9741408364978466, 0.0 0.0 0.0 0.004120663808617932 0.01491785501393189 0.11295727955920334 0.8680042016182469, 
56, 111111, 111110, 0.9774136809427406, 0.9774136809427406, 0.0 0.0 0.0 0.0010569915991155874 0.013001661418200559 0.10634361670980805 0.8795977302728759, 
57, 011111, 111111, 0.9775301398346783, 0.9775301398346783, 0.0 0.0 0.00015443898515706968 0.0004901373144969343 0.008267117255255526 0.11619675859730007 0.8748915478477904, 
58, 111111, 111111, 0.9739184820995611, 0.9739184820995611, 0.0 0.0 0.0 0.0013798614778729279 0.021577666138162747 0.10919419069268836 0.8678482816912759, 
59, 111111, 111111, 0.976486952091236, 0.976486952091236, 0.0 0.0 0.0006053606670545395 0.002349915485543445 0.009783526353256126 0.11204004562122395 0.8752211518729219, 
60, 111111, 111110, 0.937145736771284, 0.937145736771284, 0.04067387135017905 0.0001810535507848149 0.0004862517620599837 0.0020058336953136463 0.010831941045129212 0.10255069329285806 0.8432703553036752, 
61, 111111, 111111, 0.9762860628978606, 0.9762860628978606, 0.0 0.0 0.00039531314183723353 0.0018787829469611955 0.012269377385028044 0.11052726643454773 0.8749292600916257, 
62, 111111, 111111, 0.9812715540604622, 0.9812715540604622, 0.0 0.0 0.0 0.00011009200631760414 0.006735729707500393 0.09856894020327346 0.8945852380829086, 
63, 111111, 111111, 0.9762161882898089, 0.9762161882898089, 0.0 0.0 0.0 5.175215313298361e-05 0.007872754128555462 0.126802105544637 0.8652733881736745, 
64, 111111, 111111, 0.9803948714049502, 0.9803948714049502, 0.0 0.0 0.0 0.0008308109717678455 0.007509923827654782 0.10011849099968657 0.8915407742008907, 
65, 111111, 111111, 0.9764609832939432, 0.9764609832939432, 0.0 0.0 0.0 0.0012382823008384022 0.01382536297838604 0.10986852737705334 0.8750678273437222, 
66, 111111, 111111, 0.9797642690767732, 0.9797642690767732, 0.0 0.0 0.0 0.0007396085392241818 0.010794899388447346 0.09760576114479338 0.8908597309275351, 
67, 111111, 111111, 0.9776036726204772, 0.9776036726204772, 0.0 0.0 0.0 0.0 0.008979259363109098 0.11641944555091828 0.8746012950859725, 
68, 111110, 111111, 0.9771281009060411, 0.9771281009060411, 0.0 0.0 0.0 0.0006940787030897537 0.014378793085756581 0.10639157228297044 0.8785355559281832, 
69, 111111, 111111, 0.972340534710156, 0.972340534710156, 0.0 0.0 0.00046900277644191466 0.003174592422155709 0.013602114916398482 0.12735277353403268 0.8554015163509712, 
70, 011111, 011111, 0.9753493272944466, 0.9753493272944466, 0.0 0.0 0.0 0.0022249290197556356 0.007269928783331255 0.1266893916073912 0.8638157505895219, 
71, 111111, 111111, 0.9532698766030563, 0.9532698766030563, 0.022281249653234827 0.0001004795133870698 0.0015397108797935005 0.0013085513311796102 0.01171796967369899 0.11267040803520757 0.8503816309134985, 
72, 111111, 111111, 0.9792201732822858, 0.9792201732822858, 0.0 0.0 0.0 7.544168428409667e-06 0.007989134812081793 0.10867805817683601 0.8833252628426537, 
73, 111111, 111111, 0.9796552611130261, 0.9796552611130261, 0.0 0.0 0.0002940238051526887 0.0022646193205937883 0.007999702134180952 0.09809907587109 0.8913425788689826, 
74, 111111, 111111, 0.9768721517303341, 0.9768721517303341, 0.0 0.0 0.0 0.0009628253947166601 0.01212230927364684 0.11163399488655026 0.8752808704450862, 
75, 111111, 111111, 0.9764987449871496, 0.9764987449871496, 0.0 0.0 0.0002673592916292236 0.0008369678995337939 0.0111690299651772 0.11508912928163023 0.8726375135620296, 
76, 111111, 011111, 0.9759585403910561, 0.9759585403910561, 0.0 0.0 0.0 0.0011680696978466566 0.01098763849052925 0.11876927157906454 0.8690750202325596, 
77, 111111, 111111, 0.975661739126426, 0.975661739126426, 0.0 0.0 0.0 0.0008124990219301268 0.013368366616046332 0.1168553349435612 0.8689637994184624, 
78, 111111, 111111, 0.9741474280259446, 0.9741474280259446, 0.0 0.0 0.0 0.00026768626336770395 0.008942533144972746 0.13642730676428452 0.8543624738273751, 
79, 111111, 111111, 0.7508744119617354, 0.7508744119617354, 0.22209792571611253 0.0008981187532942209 0.0017885121169306406 0.003491158081606399 0.013097174350138081 0.11385350875362336 0.6447736022282947, 
80, 111111, 111111, 0.9743494551544, 0.9743494551544, 0.0 0.0 0.0 0.0013879088639010132 0.01263582417119267 0.12446789413951219 0.861508372825394, 
81, 111111, 111111, 0.9754077082473074, 0.9754077082473074, 0.0 0.0 0.0 0.0007488654500402084 0.01606765335491054 0.11317184745621395 0.8700116337388353, 
82, 111111, 111111, 0.9767998831438782, 0.9767998831438782, 0.0 0.0 0.0 0.0002234850530334881 0.0092471564207951 0.12003593313604054 0.8704934253901309, 
83, 111111, 011111, 0.9772159032181921, 0.9772159032181921, 0.0 0.0 0.0 0.0017548431793844982 0.005767317978444746 0.1199054151958045 0.8725724236463662, 
84, 111111, 111111, 0.9730368164052112, 0.9730368164052112, 0.0 0.0 0.0007125855309871832 0.0026317305172745384 0.01932836479855306 0.11237683829585474 0.8649504808573304, 
85, 111110, 111111, 0.9725834645210935, 0.9725834645210935, 0.0 0.0 0.0 0.005334155686860652 0.016504364235388678 0.11548801734208014 0.8626734627356706, 
86, 011111, 111111, 0.9755985462810768, 0.9755985462810768, 0.0 0.0 0.0 0.0 0.008599710148473487 0.12920930201659264 0.8621909878349339, 
87, 111111, 011111, 0.97621084201417, 0.97621084201417, 0.0 0.0 0.0 0.00047386681635856623 0.008417979889034238 0.12447738768783649 0.8666307656067707, 
88, 111111, 111111, 0.9771717220642163, 0.9771717220642163, 0.0 0.0 0.0 9.013622031268618e-05 0.008209129756343123 0.12028099944107823 0.8714197345822661, 
89, 111111, 111111, 0.9752907270473381, 0.9752907270473381, 0.0 0.0 0.00033348088380841977 0.0009480477123148667 0.013397161286775532 0.11728324847024257 0.8680380616468585, 
90, 111110, 111111, 0.9756954899431224, 0.9756954899431224, 0.0 0.0 0.0 0.0008031690474833192 0.014548436641999878 0.11432067991481604 0.8703277143957008, 
91, 111111, 111111, 0.9749059186668843, 0.9749059186668843, 0.0 0.0 0.0 0.00021222819251514615 0.014404597351837072 0.12111860871747535 0.8642645657381725, 
92, 111111, 001111, 0.8679223482075151, 0.8679223482075151, 0.10717412570911423 0.00044522532760313575 0.00030236733449822377 0.0012711093987664154 0.011400471114645422 0.11937129009862496 0.7600354110167477, 
93, 111111, 111111, 0.9781852038950851, 0.9781852038950851, 0.0 0.0 0.0 0.0004317557346457526 0.010721825352872723 0.10814985871980629 0.8806965601926753, 
94, 111110, 111111, 0.97308912153953, 0.97308912153953, 0.0 0.0 0.0 0.002267632256383328 0.019920221550388122 0.11482193089289357 0.8629902153003349, 
95, 111110, 111111, 0.9736958854917394, 0.9736958854917394, 0.0 0.0 0.0 0.0020850857580633955 0.014089205511324823 0.12339101875272432 0.8604346899778874, 
96, 111111, 111110, 0.9777515309174244, 0.9777515309174244, 0.0 0.0 0.0 0.0006056828100243068 0.009843031408488806 0.1119877032484037 0.8775635825330832, 
97, 111111, 111111, 0.9761921744093447, 0.9761921744093447, 0.0 0.0 0.0 0.00023082993841886518 0.01206288592319323 0.11802869188228869 0.8696775922560993, 
98, 111111, 111111, 0.9762060661660409, 0.9762060661660409, 0.0 0.0 0.0 0.00025579919926932876 0.011975582778257186 0.1180450398494326 0.8697235781730409, 
99, 111111, 111110, 0.9732427787924929, 0.9732427787924929, 0.0 0.0 0.0 0.0019826468425843667 0.011461821328305016 0.1316717440606797 0.854883787768431, 
100, 111111, 111111, 0.9769884601256124, 0.9769884601256124, 0.0 0.0 0.0 2.926222595419202e-05 0.010570536594177738 0.11684037938010797 0.8725598217997601, 
run, initial grid state, final grid state, mean grid cell occupancy, mean binding site occupancy, fraction of time with N TFs bound, warning
1, 111111, 111111, 0.9795494620283222, 0.9795494620283222, 0.0 0.0 0.0 0.0 0.00763667425611884 0.10742987931782978 0.8849334464260513, 
2, 111100, 111111, 0.9759782197732677, 0.9759782197732677, 0.0 0.0 0.00014365921958185376 0.0009915791835976228 0.011789213528274778 0.11700287987472399 0.8700726681938218, 
3, 111111, 011111, 0.971265645516734, 0.971265645516734, 0.0 0.0 0.0 0.0029813937511926746 0.011064580567799437 0.14133278451041947 0.8446212411705883, 
4, 111111, 111111, 0.9768539257619695, 0.9768539257619695, 0.0 0.0 0.0002476887397794496 0.0019140859596781501 0.01182074906461855 0.10850193446079387 0.87751554177513, 
5, 111111, 111111, 0.9786249000893467, 0.9786249000893467, 0.0 0.0 0.0 0.0006093695211432545 0.009058437195144722 0.10830561651020117 0.8820265767735108, 
6, 111111, 111111, 0.9762945241072072, 0.9762945241072072, 0.0 0.0 0.0 0.0 0.007517202761785827 0.12719844983318485 0.8652843474050294, 
7, 011111, 111111, 0.979376522091401, 0.979376522091401, 0.0 0.0 0.0002812315584276971 0.0019080502557131788 0.006419278315018024 0.10405323382070733 0.8873382060501338, 
8, 111111, 111111, 0.9737968615282604, 0.9737968615282604, 0.0 0.0 0.00014164892024187814 0.0030594259338343707 0.013141506389216058 0.12119094456953461 0.862466474187173, 
9, 111111, 111111, 0.9734788042259893, 0.9734788042259893, 0.0 0.0 0.0 0.0010158429832210995 0.01687494791934454 0.12232974985571202 0.8597794592417223, 
10, 111111, 111111, 0.97152625486839, 0.97152625486839, 0.0 0.0 0.0001232017915046215 0.0020692964190468046 0.010776350445787444 0.14258907347492583 0.8444420778687354, 
11, 111111, 111111, 0.9744669792660883, 0.9744669792660883, 0.0 0.0 1.0429043051515306e-05 0.0008321719465410141 0.014859515162567078 0.12094086206650673 0.8633570217813337, 
12, 111111, 111111, 0.9814896168831144, 0.9814896168831144, 0.0 0.0 0.0 0.00039096128863683763 0.008029465866839289 0.09383048310172461 0.8977490897427993, 
13, 111111, 111111, 0.9725461851278574, 0.9725461851278574, 0.0 0.0 0.00027796801866229086 0.0026462125925253116 0.01606730413887463 0.123537771102881 0.8574707441470567, 
14, 111111, 111111, 0.9787127651348487, 0.9787127651348487, 0.0 0.0 0.0 0.0002157180462572191 0.007117687258339559 0.11284088053545714 0.8798257141599461, 
15, 111111, 111111, 0.9762619190441887, 0.9762619190441887, 0.0 0.0 0.0 0.0009523881737404209 0.011734382313129333 0.11610255658738838 0.871210672925742, 
16, 111111, 111111, 0.9732845621968653, 0.9732845621968653, 0.0 0.0 0.0 0.0005696518733747231 0.01075299152958217 0.13707768813951982 0.8515996684575232, 
17, 111111, 111111, 0.972289380048098, 0.972289380048098, 0.0 0.0 0.0007271651567201386 0.002106337829633639 0.01357806077396688 0.1298799240476969 0.8537085121919824, 
18, 111111, 111100, 0.975691804418675, 0.975691804418675, 0.0 0.0 0.0 0.0005938480632829878 0.011793495482030823 0.12048063833403924 0.867132018120647, 
19, 111111, 111111, 0.9768699182773877, 0.9768699182773877, 0.0 0.0 0.0004668732715245655 0.0006036576621063549 0.01056408232683732 0.1139738596095823 0.8743915271299495, 
20, 111111, 111110, 0.9772159949243377, 0.9772159949243377, 0.0 0.0 0.0 0.000578028014705621 0.015301521460744405 0.10436690348836798 0.879753547036182, 
21, 111111, 011111, 0.980747799524853, 0.980747799524853, 0.0 0.0 0.0 0.0009778771435604776 0.01028834226335089 0.09200288689349886 0.8967308936995898, 
22, 111111, 111111, 0.9738981993534473, 0.9738981993534473, 0.0 0.0 0.00011457967364640461 0.0017543858760971681 0.017957852145368065 0.11497362326570218 0.8651995590391862, 
23, 111111, 001100, 0.9739566510394332, 0.9739566510394332, 0.0 0.0 0.0007869888929823466 0.0016048476037227538 0.011614744623864566 0.12506810613257419 0.8609253127468562, 
24, 111111, 111111, 0.9767908714236182, 0.9767908714236182, 0.0 0.0 0.0 0.0023297040671141087 0.011565243207030899 0.10913517284288649 0.8769698798829685, 
25, 111110, 011111, 0.9790288416473195, 0.9790288416473195, 0.0 0.0 0.0003199367036455124 0.00319406967219888 0.009295565156574388 0.09637386397175501 0.8908165644958262, 
26, 111110, 111111, 0.9769895219392922, 0.9769895219392922, 0.0 0.0 0.0 0.0011306931560479457 0.013606150481140644 0.10745848793382107 0.8778046684289904, 
27, 111111, 111111, 0.9746072687555496, 0.9746072687555496, 0.0 0.0 0.0 0.00077245718576493 0.017725015436697723 0.11458898503601278 0.8669135423415245, 
28, 111111, 111100, 0.974975772780765, 0.974975772780765, 0.0 0.0 0.0 0.0005231255945991334 0.012153783467631388 0.12426841959634981 0.8630546713414197, 
29, 111111, 011111, 0.9763363340813781, 0.9763363340813781, 0.0 0.0 1.3413461202666872e-06 0.0007462948923606673 0.014247202080151514 0.11124334128986536 0.8737618203915022, 
30, 111111, 111111, 0.9764558186250701, 0.9764558186250701, 0.0 0.0 0.0006818627176166716 0.0028936393743089262 0.011202455852627845 0.10745180755092917 0.8777702345045174, 
31, 111111, 111111, 0.9806635712536377, 0.9806635712536377, 0.0 0.0 0.0 0.0 0.007976119238489053 0.1000663340011959 0.8919575467603151, 
32, 111111, 111111, 0.9763858655260119, 0.9763858655260119, 0.0 0.0 0.0 0.0012763676075591359 0.01061398042666493 0.11662774316792146 0.8714819087978545, 
33, 111111, 111111, 0.9770496751071409, 0.9770496751071409, 0.0 0.0 0.0 0.0007284417681698004 0.010656919295329187 0.11420278546198633 0.8744118534745148, 
34, 111111, 111111, 0.9762045140143959, 0.9762045140143959, 0.0 0.0 2.2570596656487098e-05 0.00028169946042658315 0.009652924673241497 0.12253168579923548 0.86751111947044, 
35, 011111, 011111, 0.9744254393631421, 0.9744254393631421, 0.0 0.0 0.0 0.0022094067015493764 0.013219295135673041 0.12038055344515351 0.864190744717624, 
36, 111111, 111111, 0.9782836398544549, 0.9782836398544549, 0.0 0.0 0.0 0.0008907692092676956 0.01094178389222074 0.10574228546102633 0.8824251614374853, 
37, 111111, 011111, 0.9720576924287485, 0.9720576924287485, 0.0 0.0 0.0010256415843534468 0.0009957939507326625 0.014565661256846387 0.13143257472420505 0.8519803284838624, 
38, 111111, 111111, 0.9171840461669345, 0.9171840461669345, 0.05718533346977625 0.00024665547485692155 0.002245826325437625 0.0007910339213882741 0.01120578270876692 0.118782472322001 0.809542895777773, 
39, 111111, 111111, 0.9732659074392445, 0.9732659074392445, 0.0 0.0 0.0004349912000867298 0.0015214018535335857 0.013725982844050607 0.12664841931548418 0.8576692047868448, 
40, 111111, 111111, 0.9755531764985188, 0.9755531764985188, 0.0 0.0 0.0 0.000390558284289553 0.015484361541320197 0.11454054307337824 0.8695845371010121, 
41, 111111, 111111, 0.9790611795198383, 0.9790611795198383, 0.0 0.0 0.0 4.694160632303782e-05 0.008789927117875138 0.10791224382625077 0.8832508874495509, 
42, 011111, 011111, 0.9762372979267612, 0.9762372979267612, 0.0 0.0 5.8392543069408046e-05 0.002868646972333505 0.015313164842342963 0.10311037166546912 0.878649423976785, 
43, 111111, 111111, 0.9728015003226647, 0.9728015003226647, 0.0 0.0 0.0 0.0010293193283502401 0.013101923010124843 0.13389919405871173 0.8519695636028132, 
44, 111111, 111111, 0.9756329791879154, 0.9756329791879154, 0.0 0.0 0.0 0.00030055011942687487 0.01646756930315747 0.1123653359079121 0.8708665446695036, 
45, 111111, 111111, 0.9800319918754565, 0.9800319918754565, 0.0 0.0 0.0 0.0005354885178622744 0.010588809408526249 0.09702396437662188 0.8918517376969896, 
46, 111111, 111110, 0.9711161356852056, 0.9711161356852056, 0.0 0.0 0.0 0.003567544933707969 0.01841558412859361 0.12576938283045608 0.8522474881072424, 
47, 111111, 111111, 0.9788280525335545, 0.9788280525335545, 0.0 0.0 0.0 0.0019601960874875385 0.008987400096221412 0.10317629634376715 0.8858761074725239, 
48, 111111, 111111, 0.9796709293801041, 0.9796709293801041, 0.0 0.0 0.00018531708151805966 0.0011636484754393214 0.005354796371246448 0.1070326172244927 0.8862636208473035, 
49, 111111, 111110, 0.975464542151196, 0.975464542151196, 0.0 0.0 4.654873976026262e-05 0.0025241097967913036 0.012324118667981993 0.11480598540744515 0.8702992373880213, 
50, 111111, 111111, 0.9774486504684776, 0.9774486504684776, 0.0 0.0 0.00044303357891412005 0.0015349340225475174 0.011119169900512425 0.10669282100481062 0.8802100414932154, 
51, 111111, 111111, 0.9810497395433442, 0.9810497395433442, 0.0 0.0 0.0 0.0005761814997271128 0.008402465708575373 0.09516808682360245 0.895853265968095, 
52, 111111, 111111, 0.9753710459205076, 0.9753710459205076, 0.0 0.0 0.0 0.00047849584004013305 0.01515188565176413 0.11603446565330577 0.86833515285489, 
53, 111111, 111111, 0.9773500064999594, 0.9773500064999594, 0.0 0.0 0.0 0.0003671081129789352 0.011428058276393213 0.11194252010852056 0.8762623135021073, 
54, 111111, 111111, 0.9735072875925822, 0.9735072875925822, 0.0 0.0 0.0 0.0019474774253536687 0.016702229616730558 0.11970938293498459 0.8616409100229312, 
55, 111111, 111111, 0.9760545460538728, 0.9760545460538728, 0.0 0.0 0.0 0.0004962401119058472 0.0140073716328427 0.11416926007536027 0.8713271281798911, 
56, 011111, 111111, 0.973043486301504, 0.973043486301504, 0.0 0.0 0.0 0.0009705875070490723 0.013669788351014305 0.13148774296779953 0.8538718811741371, 
57, 111111, 111111, 0.9724161083623842, 0.9724161083623842, 0.0 0.0 0.0 0.0007203133752327873 0.014965248563012805 0.13341191257397128 0.8509025254877832, 
58, 111111, 111111, 0.9701091434890735, 0.9701091434890735, 0.0 0.0 0.0 0.00311064956620012 0.017216167071510205 0.1355808562239386 0.844092327138351, 
59, 011111, 111111, 0.9770695182492264, 0.9770695182492264, 0.0 0.0 0.0 0.00010640924498313948 0.008556603866861554 0.1201504550359689 0.8711865318521864, 
60, 111111, 111111, 0.9757671924492903, 0.9757671924492903, 0.0 0.0 6.448453291711352e-06 0.001540318623703718 0.010077692615175346 0.12059471038963024 0.8677808299181989, 
61, 111111, 111111, 0.9797745606361948, 0.9797745606361948, 0.0 0.0 0.0011883579286306243 0.0008768445077478583 0.007331778360185351 0.09930511422469473 0.8912979049787415, 
62, 111111, 111111, 0.9769943858958461, 0.9769943858958461, 0.0 0.0 0.00019630696728695004 0.001318115889465014 0.014018429122789586 0.10525725084180071 0.8792098971786577, 
63, 111111, 111111, 0.9760124683081521, 0.9760124683081521, 0.0 0.0 0.0 2.0829297788313455e-05 0.009136752725272519 0.12558919680717737 0.8652532211697618, 
64, 111111, 111111, 0.9731469996517048, 0.9731469996517048, 0.0 0.0 0.0 0.00043898074738661977 0.015108523467807848 0.12958401291199467 0.8548684828728108, 
65, 111111, 111111, 0.9753626215656086, 0.9753626215656086, 0.0 0.0 0.0 0.003611404533199944 0.01147549927056364 0.11403905846562132 0.8708740377306151, 
66, 111111, 111111, 0.9758957436548509, 0.9758957436548509, 0.0 0.0 0.0 0.0027225506090535435 0.010043076994859597 0.11637173225401437 0.8708626401420725, 
67, 111111, 111111, 0.9755980124946864, 0.9755980124946864, 0.0 0.0 0.0 0.000727938333640212 0.012249479423442766 0.11972915118407558 0.8672934310588415, 
68, 111111, 111111, 0.9726484881692935, 0.9726484881692935, 0.0 0.0 0.0004510357798507667 0.0005166560329127311 0.012191919494958845 0.13637112077617985 0.8504692679160978, 
69, 111111, 111111, 0.9751511198416821, 0.9751511198416821, 0.0 0.0 0.0 0.00030269582874105084 0.010621751732812523 0.12694168999805894 0.8621338624403876, 
70, 111100, 111111, 0.9750831579234986, 0.9750831579234986, 0.0 0.0 0.0 0.000255748625735763 0.013220664466893262 0.1222924776480148 0.8642311092593562, 
71, 111111, 111111, 0.9718388069814997, 0.9718388069814997, 0.0 0.0 0.0 0.001306654970654987 0.01736699965676631 0.13031319388550427 0.8510131514870745, 
72, 111110, 111111, 0.974133864255235, 0.974133864255235, 0.0 0.0 0.0 0.0013369372602531455 0.013851664133238602 0.12348267442135391 0.8613287241851544, 
73, 111111, 111111, 0.9805077968820968, 0.9805077968820968, 0.0 0.0 0.0 0.0 0.004576532643818259 0.10780015341978319 0.8876233139363985, 
74, 111111, 111111, 0.9764552250224812, 0.9764552250224812, 0.0 0.0 8.294047787359782e-05 0.00011068993066293852 0.011363633681573908 0.11787755079848208 0.8705651851114075, 
75, 011111, 111111, 0.9795763219610132, 0.9795763219610132, 0.0 0.0 0.0 0.0003262239150333972 0.012994127506558829 0.09557514147570294 0.8911045071027048, 
76, 111111, 111110, 0.9776726141476544, 0.9776726141476544, 0.0 0.0 0.0 0.0003935929428064255 0.010244901038575055 0.1122937342085045 0.877067771810114, 
77, 111111, 111111, 0.9754310459746737, 0.9754310459746737, 0.0 0.0 0.0 0.0004734160604681287 0.010950823520449985 0.12409182892965427 0.8644839314894276, 
78, 111110, 111111, 0.9741600874996167, 0.9741600874996167, 0.0 0.0 0.0 0.0007022493392378375 0.014483173514890868 0.12396637995480363 0.8608481971910676, 
79, 011111, 111110, 0.9800243039710168, 0.9800243039710168, 0.0 0.0 0.0 0.00019524641726789018 0.007621784461186399 0.10402486799972147 0.8881581011218243, 
80, 111111, 111111, 0.9760410739005857, 0.9760410739005857, 0.0 0.0 0.0008834402964191209 0.00021219252450988403 0.013303849065071436 0.1129755197071362 0.8726249984068634, 
81, 111111, 111111, 0.9785886970626355, 0.9785886970626355, 0.0 0.0 0.0 0.00044542066230751214 0.00661848634992615 0.11389458293741224 0.8790415100503541, 
82, 111111, 111111, 0.977790564529254, 0.977790564529254, 0.0 0.0 0.0 0.000679850268491762 0.014510713557199231 0.10219563490460201 0.882613801269707, 
83, 111111, 111111, 0.976762354308706, 0.976762354308706, 0.0 0.0 0.0 0.0004653988399296147 0.009495660066225552 0.11903835749552484 0.87100058359832, 
84, 111111, 111111, 0.9721415974605336, 0.9721415974605336, 0.0 0.0 0.0 0.001280300743394352 0.013651026305192923 0.13600746039622946 0.8490612125551834, 
85, 111111, 111111, 0.9759937886968797, 0.9759937886968797, 0.0 0.0 0.0 0.0001923948130695025 0.009408092006629384 0.12464389936625445 0.8657556138140466, 
86, 111111, 111111, 0.9755059793416012, 0.9755059793416012, 0.0 0.0 0.0 0.0004414273130389622 0.011906352745843266 0.1218271365195898 0.8658250834215279, 
87, 111111, 111111, 0.9757152381763439, 0.9757152381763439, 0.0 0.0 0.0003805085677556764 0.0013596131523167518 0.011140927155448337 0.11782584290306754 0.8692931082214117, 
88, 111111, 111111, 0.9716568442116019, 0.9716568442116019, 0.0 0.0 0.00015762108158849533 0.0013237696089794663 0.014896483519268857 0.13566417453855864 0.8479579512516046, 
89, 111111, 111111, 0.9757084223993907, 0.9757084223993907, 0.0 0.0 0.0 0.0 0.01301756214668234 0.11971434131029134 0.8672680965430263, 
90, 111111, 111111, 0.9773542504080193, 0.9773542504080193, 0.0 0.0 0.0 0.0003764935996805202 0.012847698533382529 0.10904961968607775 0.8777261881808592, 
91, 111111, 111111, 0.9710502861132057, 0.9710502861132057, 0.0 0.0 0.0 0.002511488368415183 0.01675684036196692 0.13265013749158683 0.8480815337780311, 
92, 111111, 111111, 0.9759755554988051, 0.9759755554988051, 0.0 0.0 0.00011373365528023578 0.0010695709580949924 0.011488937971434311 0.11750514356889591 0.8698226138462946, 
93, 111111, 111111, 0.9762538654070846, 0.9762538654070846, 0.0 0.0 0.0 0.0010349375808137511 0.010993180616626937 0.11738563358179668 0.8705862482207627, 
94, 111111, 111111, 0.9752614028569881, 0.9752614028569881, 0.0 0.0 0.0 0.0006772588303403627 0.011707067624059006 0.12298567111893187 0.8646300024266687, 
95, 111111, 111111, 0.9761162256157873, 0.9761162256157873, 0.0 0.0 3.857956803350221e-05 0.0007409556548435346 0.008672740393201232 0.12357998028220894 0.8669677441017127, 
96, 111111, 111111, 0.9777961408222227, 0.9777961408222227, 0.0 0.0 0.0 0.0 0.009286578558141637 0.11464999795038022 0.8760634234914781, 
97, 111111, 111111, 0.9781043979606233, 0.9781043979606233, 0.0 0.0 0.0 0.00024819337663355324 0.007009795643401671 0.11660944081955552 0.8761325701604092, 
98, 111111, 111111, 0.9764275643083221, 0.9764275643083221, 0.0 0.0 4.642835999239058e-05 0.00018440564550536016 0.011600333089282147 0.11749501759501776 0.8706738153102024, 
99, 111111, 111111, 0.9762435605486255, 0.9762435605486255, 0.0 0.0 0.001579306534880059 0.003998991091094612 0.007402263344168023 0.1094199106071073 0.87759952842275, 
100, 111111, 111111, 0.9776571688946911, 0.9776571688946911, 0.0 0.0 0.0 0.001849781784463191 0.008713275433495754 0.1110810904114722 0.8783558523705688, 
run, initial grid state, final grid state, mean grid cell occupancy, mean binding site occupancy, fraction of time with N TFs bound, warning
1, 011111, 111111, 0.9745725915108909, 0.9745725915108909, 0.0 0.0 0.0 0.000518823280985923 0.014645560166702794 0.12171686075829115 0.8631187557940201, 
2, 111111, 111111, 0.9763607288617442, 0.9763607288617442, 0.0 0.0 0.0 0.0006716986940371422 0.0074678798020699185 0.1248847711432833 0.8669756503606096, 
3, 111111, 111111, 0.9723683425568463, 0.9723683425568463, 0.0 0.0 1.053262820743379e-05 0.001600441331081447 0.014873832769412513 0.13119882461402302 0.8523163686572757, 
4, 111111, 111111, 0.9792683708810589, 0.9792683708810589, 0.0 0.0 0.0 0.0018501110444611594 0.007311560166693251 0.10421632124687676 0.8866220075419688, 
5, 111111, 111111, 0.9751617349487202, 0.9751617349487202, 0.0 0.0 1.3729197551182337e-05 0.005247442024757464 0.012967055048054902 0.1072982373470928 0.8744735363825435, 
6, 111111, 001111, 0.9753871212117426, 0.9753871212117426, 0.0 0.0 0.0 0.002849328460929869 0.01406545312704628 0.11099838109266182 0.8720868373193621, 
7, 011111, 011111, 0.9754639951426051, 0.9754639951426051, 0.0 0.0 0.0 8.714008809147846e-05 0.010191083078078922 0.12657244272393675 0.8631493341098928, 
8, 111111, 111111, 0.9745849560250519, 0.9745849560250519, 0.0 0.0 0.0 0.0008551816197772252 0.011852578247559361 0.12621956249523777 0.8610726776374258, 
9, 111111, 111111, 0.9782661866998431, 0.9782661866998431, 0.0 0.0 0.0 0.001455514372675493 0.011289204008615472 0.10345792866568405 0.883797352953025, 
10, 111111, 111111, 0.9735930545904492, 0.9735930545904492, 0.0 0.0 0.0 0.00128076598888471 0.017246165764183315 0.12010704296228368 0.8613660252846483, 
11, 111111, 111111, 0.9783602359495718, 0.9783602359495718, 0.0 0.0 0.0 0.00013919031982582593 0.013030099939593686 0.10336081346390427 0.8834698962766762, 
12, 111111, 111111, 0.9739715282915758, 0.9739715282915758, 0.0 0.0 0.0 0.0010007903903873194 0.012995172006150458 0.12717811506708213 0.8588259225363801, 
13, 111111, 111111, 0.9760865970804338, 0.9760865970804338, 0.0 0.0 0.0 0.0007000444348041216 0.014583551381091495 0.11221318145080149 0.8725032227333029, 
14, 111111, 111111, 0.9734455411589916, 0.9734455411589916, 0.0 0.0 0.0 0.0008224982472630908 0.014509634212461701 0.12783998987933726 0.8568278776609379, 
15, 111111, 111111, 0.9746275462698554, 0.9746275462698554, 0.0 0.0 0.0 0.00239699941875875 0.010966521675371009 0.12311068077384969 0.8635257981320206, 
16, 111111, 111111, 0.9771372357289851, 0.9771372357289851, 0.0 0.0 0.0 0.0011412350578332868 0.011607722416582809 0.11053743561942397 0.8767136069061598, 
17, 111110, 111111, 0.9726248471866696, 0.9726248471866696, 0.0 0.0 0.0 0.0010995144618556967 0.012500056049132329 0.13595226139615074 0.8504481680928612, 
18, 111111, 111111, 0.9783581530667932, 0.9783581530667932, 0.0 0.0 0.0 0.0008717993781255681 0.011980277301611556 0.1032751288616417 0.8838727944586212, 
19, 111111, 111111, 0.9756794706604162, 0.9756794706604162, 0.0 0.0 0.0 0.00043765091286409463 0.014243679571993654 0.11612286415492332 0.8691958053602189, 
20, 111111, 111111, 0.9765350170371263, 0.9765350170371263, 0.0 0.0 0.0 0.0005991405706957407 0.012584175952926645 0.11382412415930208 0.8729925593170755, 
21, 111111, 111111, 0.9775361839488625, 0.9775361839488625, 0.0 0.0 0.0 0.0 0.008648430260000199 0.1174860357868237 0.8738655339531761, 
22, 111110, 111111, 0.9759710689028669, 0.9759710689028669, 0.0 0.0 0.0 0.0010000063390118734 0.016451143157859897 0.10827128125004329 0.8742775692530849, 
23, 111111, 111110, 0.9780568916937086, 0.9780568916937086, 0.0 0.0 0.0 0.0002809740233332202 0.008735200912523037 0.11334532594270282 0.877638499121441, 
24, 111111, 111111, 0.9773269168386624, 0.9773269168386624, 0.0 0.0 8.15289147797085e-06 0.0010401890256115367 0.009986240993129922 0.11291283833901906 0.8760525787507615, 
25, 111111, 111111, 0.974359375666661, 0.974359375666661, 0.0 0.0 0.0 0.00019041412235719815 0.011157135323161304 0.1309582329866405 0.8576942175678411, 
26, 111111, 111111, 0.9781045135202663, 0.9781045135202663, 0.0 0.0 0.0 0.0009398939319104239 0.01029860497643724 0.10795602712979643 0.8808054739618559, 
27, 111111, 111111, 0.9753500654407796, 0.9753500654407796, 0.0 0.0 0.0 0.0030783315602084423 0.01098471120584895 0.11669519026299884 0.8692417669709438, 
28, 111111, 111111, 0.9718900916336138, 0.9718900916336138, 0.0 0.0 0.001298086923425538 0.004104576050828865 0.009832831565475634 0.13148771122117744 0.8532767942390924, 
29, 111111, 011111, 0.977402177938973, 0.977402177938973, 0.0 0.0 0.00040540509936139694 0.0007208762040653682 0.009486775039991473 0.11282913327653742 0.8765578103800444, 
30, 111111, 011111, 0.971382264985714, 0.971382264985714, 0.0 0.0 0.00045304969937562937 0.002311418101236054 0.016076642342215976 0.1308066723000732 0.8503522175570991, 
31, 111111, 011111, 0.9781853849209656, 0.9781853849209656, 0.0 0.0 0.00024584915633303774 0.0006713965248507544 0.0068175982151573175 0.11425490784400742 0.8780102482596515, 
32, 111111, 111110, 0.9720758904754072, 0.9720758904754072, 0.0 0.0 0.0 0.0014839751508192646 0.016474559805622926 0.13014361208385286 0.851897852959705, 
33, 111111, 111111, 0.9648004083081, 0.9648004083081, 0.011650179130236448 5.586392970803237e-05 0.00023618474678950647 0.0024920208904931087 0.01017205221788175 0.11225224962703946 0.8631414494578518, 
34, 111111, 111111, 0.9777698406069427, 0.9777698406069427, 0.0 0.0 0.0 4.905116866305115e-05 0.0077035390967804505 0.11782672465879374 0.8744206850757628, 
35, 111111, 111111, 0.97585400087099, 0.97585400087099, 0.0 0.0 0.0 0.000851754312791881 0.012477138364703263 0.11736645510627823 0.8693046522162267, 
36, 111111, 111111, 0.9765477425975085, 0.9765477425975085, 0.0 0.0 0.0 0.0014315753643036598 0.009411731865511266 0.11759535459101554 0.8715613381791695, 
37, 111111, 111111, 0.9775935704213015, 0.9775935704213015, 0.0 0.0 0.0 0.0013639600789641482 0.012239109102928013 0.10586847902944271 0.8805284517886651, 
38, 111111, 111111, 0.9607776050505115, 0.9607776050505115, 0.008381967505232152 2.5574720872810907e-05 0.0003746892952283223 0.002050357530515155 0.019752274102578668 0.13776031308355885 0.831654823762014, 
39, 111111, 111111, 0.9782370137411578, 0.9782370137411578, 0.0 0.0 0.0 0.000325120339621348 0.009331546117249364 0.11093946429969102 0.8794038692434383, 
40, 111111, 111111, 0.9789211697394181, 0.9789211697394181, 0.0 0.0 0.0 0.00047851621125459667 0.008901223947422668 0.10723498503488156 0.8833852748064412, 
41, 111111, 111111, 0.9760014460891899, 0.9760014460891899, 0.0 0.0 0.0 0.0008045165476524545 0.008069939623992321 0.12543789457391794 0.8656876492544373, 
42, 111111, 111111, 0.9722464352822738, 0.9722464352822738, 0.0 0.0 7.597473725807099e-05 0.0028101341561119044 0.016151161174931674 0.1254847645391253 0.8554779653925731, 
43, 111111, 111111, 0.9742614753396139, 0.9742614753396139, 0.0 0.0 0.0008372855215712955 0.0009107777295666932 0.009271759502563717 0.1298061536822039 0.8591740235640943, 
44, 111111, 111111, 0.9789947718592257, 0.9789947718592257, 0.0 0.0 0.0 0.00032832630050931653 0.005236506100568033 0.11457337774198124 0.8798617898569415, 
45, 111111, 111111, 0.9744937298482345, 0.9744937298482345, 0.0 0.0 0.0 0.0036035826281651533 0.010714019599845012 0.12079883382640814 0.8648835639455817, 
46, 111111, 111111, 0.9822231515845288, 0.9822231515845288, 0.0 0.0 0.0 0.00033190237509374103 0.0044114648092206665 0.0968424537491051 0.8984141790665805, 
47, 011111, 111111, 0.9748418537740017, 0.9748418537740017, 0.0 0.0 0.001429313591451588 0.0021375039824293907 0.013887068662558878 0.11104497371777731 0.8715011400457828, 
48, 111111, 111111, 0.977663118371166, 0.977663118371166, 0.0 0.0 0.0 0.00016979285864820082 0.013875475228358207 0.10576096074034287 0.8801937711726507, 
49, 001100, 111111, 0.9733469431041547, 0.9733469431041547, 0.0 0.0 0.0006497893518893566 0.0012023309583706857 0.013563087435291056 0.12658601622181972 0.8579987760326292, 
50, 111111, 111111, 0.9773043750989256, 0.9773043750989256, 0.0 0.0 0.0 0.0012379016028913996 0.011539649129641802 0.10938074633848842 0.8778417029289783, 
51, 111111, 111111, 0.9738135224814983, 0.9738135224814983, 0.0 0.0 3.942100272022542e-05 0.0015218051596714484 0.018915750378832957 0.1145642648634483 0.8649587585953271, 
52, 111111, 011111, 0.9769052001500984, 0.9769052001500984, 0.0 0.0 0.00034857441418613703 0.000854871571230278 0.010007832064717566 0.11459422259953886 0.8741944993503271, 
53, 111111, 111111, 0.9769903044651057, 0.9769903044651057, 0.0 0.0 0.0 0.0008481492774648041 0.012275266334078706 0.11096319270881365 0.8759133916796429, 
54, 111111, 011110, 0.9793284000818872, 0.9793284000818872, 0.0 0.0 0.0 0.0001298513462924957 0.00883336162899127 0.10597332221181661 0.8850634648128997, 
55, 111111, 111111, 0.9752486254123655, 0.9752486254123655, 0.0 0.0 0.0 0.00029270341856036866 0.00989810679684639 0.1278339236764342 0.861975266108159, 
56, 111111, 011111, 0.9758357401253472, 0.9758357401253472, 0.0 0.0 0.0 0.0020052862468023097 0.014926214289919916 0.10911727192767043 0.8739512275356074, 
57, 111111, 111111, 0.9761615344113278, 0.9761615344113278, 0.0 0.0 0.00027351508818081443 8.925390276363917e-05 0.010465387974931486 0.120738195521156 0.868433647512968, 
58, 111111, 111111, 0.9787045735331945, 0.9787045735331945, 0.0 0.0 0.0 5.7617206857317964e-06 0.008283465036498038 0.11118834356577939 0.8805224296770369, 
59, 111111, 111111, 0.9790989204130452, 0.9790989204130452, 0.0 0.0 0.0 0.0002994453463541893 0.00960298177885632 0.10530217792495354 0.884795394949836, 
60, 111111, 111111, 0.9793786060114101, 0.9793786060114101, 0.0 0.0 0.0 0.00011299312819015411 0.005656618900201733 0.11207614674656534 0.8821542412250427, 
61, 111111, 011111, 0.9750625918859606, 0.9750625918859606, 0.0 0.0 0.0002961310272773674 0.0008182266611917245 0.011193766637182696 0.12359771131718673 0.8640941643571615, 
62, 111111, 111111, 0.9766360640115576, 0.9766360640115576, 0.0 0.0 0.00012213594559345924 0.00021247073256782121 0.018187551221426117 0.10268255750772512 0.8787952845926874, 
63, 111111, 111111, 0.9770305293205385, 0.9770305293205385, 0.0 0.0 0.0 0.0016792166481126914 0.009966458313974275 0.11284625750448217 0.8755080675334309, 
64, 111111, 111111, 0.9697879380780906, 0.9697879380780906, 0.0 0.0 0.0 0.001710413610055787 0.020021267135589882 0.13609859643011002 0.8421697228242443, 
65, 111110, 111111, 0.9753471735125849, 0.9753471735125849, 0.0 0.0 0.0 0.0013205855847292854 0.01090834907017624 0.12213850402995063 0.8656325613151438, 
66, 111111, 111110, 0.9718100590650317, 0.9718100590650317, 0.0 0.0 0.0006373981531211592 0.0023767561115609188 0.012152768679613296 0.13515424730341657 0.849678829752288, 
67, 111111, 111111, 0.9762734208347852, 0.9762734208347852, 0.0 0.0 0.0 0.0016147747151347568 0.009354197610039855 0.11880675562580559 0.8702242720490198, 
68, 111111, 111111, 0.9740223563735284, 0.9740223563735284, 0.0 0.0 0.0 9.452996143328291e-05 0.01076326127917963 0.13405574931617006 0.855086459443217, 
69, 111111, 111111, 0.973453259880202, 0.973453259880202, 0.0 0.0 0.0 0.002229041883204423 0.013586298119759019 0.12542071882965639 0.8587639411673802, 
70, 111111, 111111, 0.9762675191903, 0.9762675191903, 0.0 0.0 0.0005588017570165224 0.0010551051318894113 0.012107010759930209 0.11278034091460559 0.8734987414365584, 
71, 111111, 111111, 0.9383693990027615, 0.9383693990027615, 0.03807094887837631 0.00015213109250028926 0.0005665808388211045 0.0015323253854362168 0.010702242114507158 0.11232947351006473 0.8366462981802941, 
72, 111111, 111111, 0.9774934501380051, 0.9774934501380051, 0.0 0.0 0.0 0.00244038921105504 0.011131331869461848 0.10545546779988 0.8809728111196031, 
73, 111111, 111111, 0.9801635278325457, 0.9801635278325457, 0.0 0.0 0.0 0.0003549092290953227 0.00755644436815166 0.10284121658113693 0.8892474298216161, 
74, 111110, 111111, 0.9730755603032756, 0.9730755603032756, 0.0 0.0 0.0002294048034896169 0.002133073976575874 0.013874757355278718 0.12648028232610328 0.8572824815385525, 
75, 111111, 111111, 0.9783181055255884, 0.9783181055255884, 0.0 0.0 0.00016098989827712375 0.00044365788579463954 0.0114888720165913 0.10513868956279447 0.8827677906365425, 
76, 111111, 111111, 0.9779986170049113, 0.9779986170049113, 0.0 0.0 0.0 0.0003460803218007087 0.009986974851746551 0.11099610730163635 0.8786708375248163, 
77, 111111, 111111, 0.9734672510458997, 0.9734672510458997, 0.0 0.0 0.0 0.0009848146962843055 0.014516126222303083 0.1272097971911431 0.8572892618902695, 
78, 011111, 111111, 0.9797648382144974, 0.9797648382144974, 0.0 0.0 0.0 0.0 0.00736930307343524 0.10667236456614519 0.8859583323604197, 
79, 111110, 111111, 0.9770031800793278, 0.9770031800793278, 0.0 0.0 0.0 0.0011135867125147154 0.010043556220281016 0.11455304694592613 0.874289810121278, 
80, 111111, 111111, 0.9777462987785717, 0.9777462987785717, 0.0 0.0 0.0 0.0016909145263268265 0.009342637146902017 0.10976418945578606 0.879202258870985, 
81, 111111, 111111, 0.9809760993851433, 0.9809760993851433, 0.0 0.0 0.0 0.0011166198380027498 0.007911596161733578 0.09497035185166479 0.8960014321485988, 
82, 111111, 011111, 0.9778950155552137, 0.9778950155552137, 0.0 0.0 0.0 0.0009991268040696211 0.009687191178894368 0.1102581438987201 0.8790555381183159, 
83, 111111, 011111, 0.979915352365112, 0.979915352365112, 0.0 0.0 0.0 0.00043384107901618587 0.0076153946988684 0.1039755731745431 0.8879751910475723, 
84, 111111, 111111, 0.9791843820649544, 0.9791843820649544, 0.0 0.0 0.0 0.001132201208264033 0.008690151836419318 0.10411680031264224 0.8860608466426744, 
85, 111111, 111111, 0.9816715323330553, 0.9816715323330553, 0.0 0.0 0.0 0.0 0.007214803084136587 0.0955411998333959 0.8972439970824675, 
86, 111111, 111111, 0.973552072003745, 0.973552072003745, 0.0 0.0 0.0 0.0008100030000180857 0.013781968407446714 0.1286936221625824 0.8567144064299528, 
87, 111111, 111111, 0.973700741815311, 0.973700741815311, 0.0 0.0 0.0 0.0008056690784610985 0.018706206122828688 0.11796612962709287 0.8625219951716174, 
88, 111111, 111111, 0.9779250448730963, 0.9779250448730963, 0.0 0.0 0.0 0.000529228288077854 0.011182673494785753 0.10849669890761732 0.879791399309519, 
89, 111111, 111110, 0.979745780758409, 0.979745780758409, 0.0 0.0 0.0 0.0010053913971588724 0.008058437638793346 0.10239226598048232 0.8885439049835654, 
90, 111111, 111111, 0.9741013676398683, 0.9741013676398683, 0.0 0.0 7.34536475211098e-05 0.0028438064313182692 0.0144501551376129 0.11766625000152495 0.8649663347820228, 
91, 111111, 111111, 0.972660142776046, 0.972660142776046, 0.0 0.0 0.0001886204532363301 0.0007265681777000426 0.015169889537526718 0.1307651779226258 0.8531497439089111, 
92, 111111, 111111, 0.977213513216775, 0.977213513216775, 0.0 0.0 0.0 0.0006881661300570624 0.01136337309240262 0.11192767612437401 0.8760207846531662, 
93, 111111, 111111, 0.9759139623705717, 0.9759139623705717, 0.0 0.0 0.0 0.00034215951927232775 0.01644326392069308 0.11060321937736597 0.8726113571826686, 
94, 111111, 111111, 0.9736700718421543, 0.9736700718421543, 0.0 0.0 0.0 0.0014139868765319812 0.013669341371482027 0.1263989255745145 0.8585177461774715, 
95, 111111, 111111, 0.9760946161792405, 0.9760946161792405, 0.0 0.0 0.0 0.0012675276303987842 0.012916716210660224 0.11379628761203972 0.8720194685469014, 
96, 111111, 011110, 0.9733301041825879, 0.9733301041825879, 0.0 0.0 0.0 0.0010518887236825908 0.013739555448769656 0.12938459783588543 0.8558239579916623, 
97, 111111, 111110, 0.9767630431121617, 0.9767630431121617, 0.0 0.0 0.0 0.0005749534226817175 0.01350205187366193 0.11069277731166109 0.8752302173919952, 
98, 111111, 111111, 0.9748236247702374, 0.9748236247702374, 0.0 0.0 0.0 0.0012823892301369137 0.012271620952851217 0.12266784178246232 0.8637781480345496, 
99, 111111, 111111, 0.9773632150089047, 0.9773632150089047, 0.0 0.0 0.00015871871085745945 0.00244112837840313 0.007699868834928239 0.11246271229807633 0.8772375717777349, 
100, 111111, 111110, 0.9791759706570401, 0.9791759706570401, 0.0 0.0 0.0 0.00016722716578248 0.010396892262525237 0.1036487100353622 0.88578717053633, 
run, initial grid state, final grid state, mean grid cell occupancy, mean binding site occupancy, fraction of time with N TFs bound, warning
1, 111111, 011111, 0.974430202215692, 0.974430202215692, 0.0 0.0 0.0 0.001371687347693074 0.014671140981067645 0.11996144270063364 0.8639957289706056, 
2, 111111, 111111, 0.9745815935666472, 0.9745815935666472, 0.0 0.0 0.0 0.000262749350933429 0.01283973619954714 0.12604271814822238 0.860854796301297, 
3, 111111, 111111, 0.9770825884185486, 0.9770825884185486, 0.0 0.0 0.0 0.0 0.00860775767737993 0.1202889541339492 0.8711032881886708, 
4, 111111, 111111, 0.97682690425695, 0.97682690425695, 0.0 0.0 0.0 0.00046000801137487086 0.009857619082886845 0.11794331225840168 0.8717390606473366, 
5, 111111, 111111, 0.9743695890288806, 0.9743695890288806, 0.0 0.0 0.0 2.6861163381792246e-05 0.01206220287384208 0.12957747658888671 0.8583334593738894, 
6, 111111, 111111, 0.9767357592131268, 0.9767357592131268, 0.0 0.0 0.0 0.0021148901665944 0.008150066364326256 0.11694064149280253 0.8727944019762767, 
7, 111111, 111111, 0.9745817820606368, 0.9745817820606368, 0.0 0.0 0.0 0.0006560236020538352 0.011079108303893125 0.12838302022223158 0.8598818478718214, 
8, 111111, 111111, 0.9792659009241909, 0.9792659009241909, 0.0 0.0 0.00019839806170963102 0.0012852398440602846 0.006060691277494317 0.10763390012084596 0.8848217706958899, 
9, 111100, 111111, 0.9736329746360173, 0.9736329746360173, 0.0 0.0 0.0 0.0014211593244671456 0.01595322745606498 0.1220322192983652 0.8605933939211027, 
10, 111111, 111111, 0.9775704922724586, 0.9775704922724586, 0.0 0.0 0.0005299584655534653 0.00040172113292137775 0.01054951840468999 0.11015301229489036 0.8783657897019449, 
11, 111100, 111111, 0.9741650798551205, 0.9741650798551205, 0.0 0.0 0.0 0.00249402980105194 0.011444040537209753 0.12463935039170183 0.8614225792700365, 
12, 011111, 111111, 0.9779372551112177, 0.9779372551112177, 0.0 0.0 0.0 0.00030459232916985236 0.01341383119260106 0.10463502995998265 0.8816465465182465, 
13, 111111, 111111, 0.9715509821315608, 0.9715509821315608, 0.0 0.0 0.0 0.0016174043191348084 0.017071710799275084 0.1316984726546803 0.8496124122269099, 
14, 111111, 111111, 0.9763123319276774, 0.9763123319276774, 0.0 0.0 0.0 0.001507344077165808 0.011336407785490027 0.11493116063145761 0.8722250875058866, 
15, 111111, 111111, 0.9694061766121033, 0.9694061766121033, 0.0 0.0 0.0011972643504511971 0.0035177529643816985 0.023406915245129226 0.12140679354217242 0.8504712738978655, 
16, 111111, 111111, 0.9790077302487832, 0.9790077302487832, 0.0 0.0 0.0 0.0001851011057947363 0.009206826159437223 0.10698466287104146 0.8836234098637267, 
17, 111111, 111111, 0.9791042387229661, 0.9791042387229661, 0.0 0.0 0.0 0.0 0.010070696955190429 0.10523317375182203 0.8846961292929876, 
18, 111111, 111111, 0.9746027347865382, 0.9746027347865382, 0.0 0.0 0.00023222127695534907 0.0013188891919748555 0.012271607923785 0.12295482274945377 0.863222458857831, 
19, 111111, 111111, 0.9806193474077627, 0.9806193474077627, 0.0 0.0 0.0 0.0 0.007360472735273128 0.10156297008287848 0.8910765571818484, 
20, 111111, 011111, 0.9763652709204131, 0.9763652709204131, 0.0 0.0 0.0 0.0008254865535658881 0.013965199244340571 0.11140151632814266 0.8738077978739508, 
21, 111111, 111111, 0.9728086706934612, 0.9728086706934612, 0.0 0.0 0.0012017423671687216 0.0040695710595632165 0.014215402624364359 0.1177014879431393 0.8628117960057644, 
22, 011111, 111111, 0.9779206650536618, 0.9779206650536618, 0.0 0.0 0.0 5.230978543712979e-05 0.006216668290405018 0.11988574374090824 0.8738452781832496, 
23, 111111, 111111, 0.9715748428392571, 0.9715748428392571, 0.0 0.0 0.0 0.0024960884595610125 0.01778393927267642 0.1274947990404213 0.8522251732273411, 
24, 111111, 111110, 0.9758890833859356, 0.9758890833859356, 0.0 0.0 0.0 0.00024219522062994181 0.012640822774302759 0.11865726847389146 0.8684597135311758, 
25, 111111, 111111, 0.9751320046684416, 0.9751320046684416, 0.0 0.0 0.0 0.0 0.010744878305040454 0.1277182153792691 0.8615369063156904, 
26, 111111, 111111, 0.9764672576533627, 0.9764672576533627, 0.0 0.0 0.0 0.002249086295997869 0.01091405823609539 0.11262107871963895 0.8742157767482678, 
27, 111111, 111100, 0.9770746315352934, 0.9770746315352934, 0.0 0.0 8.670368392467498e-05 0.0011952575108373732 0.007918975343612659 0.11778167283280334 0.8730173906288219, 
28, 111111, 111111, 0.973786222933811, 0.973786222933811, 0.0 0.0 0.0 0.003969926364637767 0.014666664482802062 0.11603955433761597 0.8653238548149441, 
29, 111111, 111111, 0.9760750928574495, 0.9760750928574495, 0.0 0.0 0.0003855389097634951 0.00259158056701399 0.008944181026589103 0.11634418346202866 0.8717345160346047, 
30, 111111, 111111, 0.9718987984226725, 0.9718987984226725, 0.0 0.0 0.0 0.0018352795945068767 0.01313999273574377 0.1368213852089571 0.8482033424607923, 
31, 111111, 111111, 0.9704778060063894, 0.9704778060063894, 0.0 0.0 0.00037288529976765313 0.0056789539574444575 0.016567192826916693 0.12547037523642607 0.8519105926794451, 
32, 011111, 111111, 0.9760490755050687, 0.9760490755050687, 0.0 0.0 0.0 0.0024786285745720064 0.009029545409543243 0.11821057042678498 0.8702812555890997, 
33, 111111, 111111, 0.9777696963807965, 0.9777696963807965, 0.0 0.0 0.0 0.0001523916444845994 0.01176744997119913 0.10938974683936985 0.8786904115449464, 
34, 111111, 111111, 0.9767604324481921, 0.9767604324481921, 0.0 0.0 0.0 3.1876842763083316e-05 0.011276281457207894 0.11678921186814299 0.8719026298318859, 
35, 111111, 111111, 0.9781379258102911, 0.9781379258102911, 0.0 0.0 5.842079325233186e-05 2.356057288442339e-05 0.007907934354262557 0.11505221153806632 0.8769578727415344, 
36, 111111, 111111, 0.9716290379018281, 0.9716290379018281, 0.0 0.0 0.0 0.0016057623545146413 0.01396395803167846 0.13748056946213075 0.8469497101516761, 
37, 111111, 111111, 0.9769317541994519, 0.9769317541994519, 0.0 0.0 7.413400505185126e-05 0.0006848236352302346 0.010408302560882524 0.11524186275562581 0.8735908770432097, 
38, 111111, 111111, 0.9733711819117024, 0.9733711819117024, 0.0 0.0 0.0 0.0004319085876651037 0.013874873408519403 0.1307274359497508 0.8549657820540646, 
39, 111111, 111111, 0.9726535618186597, 0.9726535618186597, 0.0 0.0 0.0001107997062879091 0.0010826321935136862 0.013380747282398152 0.1336260391175536 0.8517997817002467, 
40, 111111, 111111, 0.9701137702509485, 0.9701137702509485, 0.0 0.0 0.0 0.0019264442675692693 0.014797509020275301 0.1439430276510505 0.8393330190611049, 
41, 111111, 111111, 0.9763094534335574, 0.9763094534335574, 0.0 0.0 0.00011470463182948883 0.003314602449821063 0.010319940162512694 0.11110077319684887 0.8751499795589879, 
42, 111110, 111111, 0.973214482025303, 0.973214482025303, 0.0 0.0 0.0 0.0027044782953135594 0.01445051428335834 0.1236986443955242 0.8591463630258039, 
43, 111110, 011111, 0.9708418101547162, 0.9708418101547162, 0.0 0.0 0.0004854086908884275 0.0032715884726502637 0.015126187202817115 0.13294036448456423 0.84817645114908, 
44, 111111, 111111, 0.9787938812056672, 0.9787938812056672, 0.0 0.0 0.0 0.0006278880982092448 0.004813397412713212 0.11572625364594276 0.8788324608431347, 
45, 111111, 111111, 0.9733320840422881, 0.9733320840422881, 0.0 0.0 0.0 0.0008132346749910853 0.013067420332011763 0.13143295105727412 0.854686393935723, 
46, 111111, 111110, 0.8980301195381643, 0.8980301195381643, 0.08013284694686298 0.00032848207648345396 0.0005935983631655148 0.0026452363320627025 0.009026107757885532 0.10101747274279785 0.806256255780742, 
47, 111111, 011110, 0.978343486410415, 0.978343486410415, 0.0 0.0 0.0 0.0 0.009458219321962544 0.1110226428935847 0.8795191377844528, 
48, 111111, 111111, 0.9785491328417261, 0.9785491328417261, 0.0 0.0 0.0 0.0007172234975656157 0.01262830482528743 0.10129692280637201 0.8853575488707749, 
49, 111111, 111111, 0.9720276662275986, 0.9720276662275986, 0.0 0.0 0.0003973514129243578 0.0016177822766093482 0.015448046482344348 0.13049515718819418 0.8520416626399278, 
50, 111111, 111111, 0.9786794479397184, 0.9786794479397184, 0.0 0.0 0.0 0.0015055565719410528 0.010646066749922344 0.10211450914602146 0.8857338675321151, 
51, 111111, 111111, 0.977272083181686, 0.977272083181686, 0.0 0.0 0.0 0.0008991587492166246 0.01301201773922915 0.10764598918377548 0.8784428343277787, 
52, 111111, 111110, 0.9771762115562304, 0.9771762115562304, 0.0 0.0 0.0006053018799311773 0.0016078757168067068 0.009914698653382707 0.10986849868570772 0.8780036250641717, 
53, 111111, 111111, 0.9749822490410007, 0.9749822490410007, 0.0 0.0 0.0 0.0001304223532003377 0.01159203343127423 0.12653117183184576 0.8617463723836796, 
54, 111111, 111111, 0.9737593358716684, 0.9737593358716684, 0.0 0.0 0.0 0.0003094529279053211 0.01621705215218744 0.12408152168189855 0.8593919732380088, 
55, 111111, 011111, 0.9740105208348643, 0.9740105208348643, 0.0 0.0 0.0 0.0009960376715081078 0.01338984362261464 0.1261690747310605 0.8594450439748168, 
56, 111111, 111111, 0.9745272794329367, 0.9745272794329367, 0.0 0.0 0.0 0.0004583787810436884 0.009320650610212757 0.1328198858388229 0.8574010847699206, 
57, 111111, 111111, 0.9761713980461317, 0.9761713980461317, 0.0 0.0 0.0 0.0012316187073654786 0.009152171484913946 0.12097241263128515 0.8686437971764355, 
58, 111111, 111111, 0.9800198711952786, 0.9800198711952786, 0.0 0.0 0.0 0.0016599050870320909 0.007598938233476415 0.09970318110027973 0.8910379755792117, 
59, 111111, 111111, 0.9744281553840068, 0.9744281553840068, 0.0 0.0 0.0 0.0011151344224470852 0.012182428469451508 0.12572080748971456 0.8609816296183869, 
60, 111111, 111111, 0.9718938723066042, 0.9718938723066042, 0.0 0.0 0.0 0.0027961628823546564 0.012179934738871717 0.13588840803556745 0.8491354943432062, 
61, 111111, 111110, 0.9780097910573075, 0.9780097910573075, 0.0 0.0 0.0 0.0019239820495393798 0.009544788560953046 0.10707973038563078 0.8814514990038769, 
62, 111111, 111111, 0.9760144242178924, 0.9760144242178924, 0.0 0.0 0.0 0.0007157221892035006 0.011125160846120828 0.1195159664327938 0.8686431505318819, 
63, 111111, 111111, 0.9764527791157828, 0.9764527791157828, 0.0 0.0 0.0 0.001110413118454388 0.0115516084279781 0.11484886909398369 0.8724891093595839, 
64, 111111, 111111, 0.9784010476028064, 0.9784010476028064, 0.0 0.0 0.0 0.00034241823042477875 0.009763368963431093 0.10903972176502504 0.8808544910411191, 
65, 111111, 111111, 0.9768825543170593, 0.9768825543170593, 0.0 0.0 0.0 0.00028491547203756513 0.015058281360374553 0.10773336496078201 0.8769234382068058, 
66, 111111, 111111, 0.9763651818508274, 0.9763651818508274, 0.0 0.0 0.0 0.0015937350861101774 0.00910102499391391 0.1188256536488766 0.8704795862710992, 
67, 111110, 111111, 0.9795064206476128, 0.9795064206476128, 0.0 0.0 0.0 0.00020575093658946808 0.009870338316233837 0.10260354667208677 0.88732036407509, 
68, 111111, 111111, 0.9765884807961308, 0.9765884807961308, 0.0 0.0 0.0 0.00041126402139115897 0.008879657726619824 0.12147600770580211 0.8692330705461869, 
69, 111111, 111111, 0.9770457397759716, 0.9770457397759716, 0.0 0.0 0.0 0.000837493398844401 0.010584088348180821 0.11404490445127535 0.8745335138016995, 
70, 111111, 111111, 0.9758973724869642, 0.9758973724869642, 0.0 0.0 0.00015051227534736904 0.0009037755516927582 0.01145097553900077 0.11840043824374563 0.8690942983902135, 
71, 111111, 111111, 0.9768545175115338, 0.9768545175115338, 0.0 0.0 0.0 0.0002524952766272 0.00764530081205706 0.12282480747680151 0.8692773964345143, 
72, 111111, 111110, 0.9734499824631941, 0.9734499824631941, 0.0 0.0 0.0008473539962943394 0.0030004365990877716 0.012474408519767223 0.12196056239885984 0.8617172384859908, 
73, 111111, 111111, 0.9775050097392723, 0.9775050097392723, 0.0 0.0 0.0 0.0006247309233120509 0.010718368958611559 0.11165901087720709 0.8769978892408692, 
74, 111111, 111111, 0.9756209515568676, 0.9756209515568676, 0.0 0.0 0.0 0.0 0.015800372658156595 0.11467354534248145 0.869526081999362, 
75, 111111, 111111, 0.9794024233814034, 0.9794024233814034, 0.0 0.0 0.0 0.00016900828393618265 0.008134063690695853 0.10681030747837902 0.8848866205469889, 
76, 111111, 111111, 0.9751246270704269, 0.9751246270704269, 0.0 0.0 0.0007318845223291714 0.002475170802530362 0.011347320249037025 0.11620454658245637 0.8692410778436471, 
77, 111110, 111111, 0.9759553149839821, 0.9759553149839821, 0.0 0.0 0.0 0.00013394713125807896 0.016086685359753772 0.11169289798282604 0.8720864695261621, 
78, 011111, 111111, 0.9783200340377323, 0.9783200340377323, 0.0 0.0 0.0 0.0009904836268253446 0.007782340957862525 0.11154366297740503 0.8796835124379071, 
79, 111111, 111111, 0.9774432497123338, 0.9774432497123338, 0.0 0.0 0.0 0.00031383717498370577 0.00730810568997234 0.11978277882110162 0.8725952783139423, 
80, 011111, 011111, 0.9724643967877762, 0.9724643967877762, 0.0 0.0 3.179994534515199e-05 0.0013432392432385532 0.016282788100422347 0.12849112556140269 0.8538510471495913, 
81, 111111, 111111, 0.9775540189552995, 0.9775540189552995, 0.0 0.0 0.00023873906233571823 0.0024661561799390256 0.006283776508948135 0.11375490846114662 0.8772564197876305, 
82, 111111, 111111, 0.9770191845432545, 0.9770191845432545, 0.0 0.0 0.0 0.0001627313742089839 0.013140949363442072 0.11111479989096136 0.8755815193713876, 
83, 111111, 111111, 0.9742427540219228, 0.9742427540219228, 0.0 0.0 0.0004932865123116402 0.0019515655382787611 0.010529755806908334 0.1256561215905626 0.8613692705519387, 
84, 111111, 111111, 0.9736089504627177, 0.9736089504627177, 0.0 0.0 0.0009032391737647282 0.0010319452303637776 0.011593012310547693 0.12845148021644792 0.8580203230688759, 
85, 011111, 111111, 0.9744126820655482, 0.9744126820655482, 0.0 0.0 0.0 0.00045956871524340334 0.013175913234039879 0.1257933749929006 0.860571143057816, 
86, 111111, 111111, 0.9769454055508702, 0.9769454055508702, 0.0 0.0 0.00019849907627647828 0.0031764626054755986 0.011078484619515622 0.10584721333421468 0.8796993403645176, 
87, 111111, 111111, 0.9772807395588983, 0.9772807395588983, 0.0 0.0 0.0 0.0009542360548035302 0.009228078809093264 0.11499669686401368 0.8748209882720895, 
88, 111111, 111100, 0.9772212730671783, 0.9772212730671783, 0.0 0.0 0.0 0.0005189971070530301 0.0083681732204217 0.1183790238349281 0.8727338058375972, 
89, 111111, 111111, 0.9821547178806844, 0.9821547178806844, 0.0 0.0 0.0 0.00010790086401292255 0.007122805382595427 0.09250237935866483 0.9002669143947268, 
90, 111111, 111111, 0.9783714476608028, 0.9783714476608028, 0.0 0.0 0.0 0.0 0.007703711789453064 0.11436389045627784 0.8779323977542691, 
91, 111111, 111111, 0.9757637499232116, 0.9757637499232116, 0.0 0.0 0.0 0.0010813524274907792 0.010166761924156794 0.12183991932994469 0.8669119663184076, 
92, 111111, 011111, 0.9748919359904358, 0.9748919359904358, 0.0 0.0 0.0 0.00010479263486805415 0.009819217351630811 0.13069557144952004 0.8593804185639811, 
93, 111111, 111111, 0.9772617331245932, 0.9772617331245932, 0.0 0.0 0.0 0.0005950524114874431 0.007590114456527736 0.11946421510492301 0.8723506180270618, 
94, 111111, 111111, 0.9748730665170957, 0.9748730665170957, 0.0 0.0 4.36140391805626e-05 0.0014159021488723584 0.009801676056339456 0.12673608618140791 0.8620027215741997, 
95, 111111, 111111, 0.9789237167672054, 0.9789237167672054, 0.0 0.0 0.0 0.000237449012542963 0.008233262541685344 0.10927882727576828 0.8822504611700034, 
96, 111111, 111111, 0.9746710684343503, 0.9746710684343503, 0.0 0.0 0.0 0.0008333745221970194 0.009076810008043872 0.13131984581121983 0.8587699696585394, 
97, 111111, 111111, 0.9702414443543923, 0.9702414443543923, 0.0 0.0 0.0 0.00044523734475919176 0.01930961276270322 0.1385963963139623 0.8416487535785753, 
98, 111111, 111110, 0.9801005881047602, 0.9801005881047602, 0.0 0.0 0.0 0.00011783025983765011 0.00575339297389652 0.10753619464413258 0.8865925821221332, 
99, 111111, 111100, 0.9759207586153595, 0.9759207586153595, 0.0 0.0 0.0 0.0001483080372995422 0.013795765473020246 0.11643899324990334 0.8696169332397768, 
100, 111111, 111111, 0.9750475497698069, 0.9750475497698069, 0.0 0.0 0.00038201940061137783 0.0021276418871134235 0.00752632325015444 0.12675105161706385 0.863212963845057, 
