run, initial grid state, final grid state, mean grid cell occupancy, mean binding site occupancy, fraction of time with N TFs bound, warning
1, 111111, 111111, 0.9733486643028547, 0.9733486643028547, 0.0 2.3786167216528028e-05 0.00022282064929167428 0.0010491297160939942 0.014612868811593207 0.1265246739781535 0.8575667206776512, 
2, 111111, 111111, 0.9693673013562941, 0.9693673013562941, 0.0 0.0 5.191904758487428e-05 0.003271283546693552 0.01768972450642431 0.13839521601896596 0.8405918568803313, 
3, 111111, 011100, 0.9721729718029286, 0.9721729718029286, 0.0 0.0 4.656984072180021e-05 0.0016609414120020538 0.01665467367237559 0.12848371823878413 0.8531540968361164, 
4, 111111, 111111, 0.9721756337213556, 0.9721756337213556, 0.0 0.0 9.320635372587612e-05 0.002050425382921582 0.01578040888031906 0.12886127834755998 0.8532146810354735, 
5, 011111, 111110, 0.9742325800894964, 0.9742325800894964, 0.0 0.0 0.0003417817281860893 0.002873457937236726 0.01333609251648338 0.11794483370559956 0.8655038341124942, 
6, 111111, 111111, 0.9714287836341703, 0.9714287836341703, 0.0 0.0 0.0 0.0024468029316736966 0.01646922651189315 0.13114843637617138 0.8499355341802618, 
7, 111111, 111111, 0.9725771064974211, 0.9725771064974211, 0.0 0.0 6.445130066985175e-05 0.0019009514064481142 0.015440281507332983 0.12769613857878265 0.8548981772067664, 
8, 111111, 111111, 0.9715905233724776, 0.9715905233724776, 0.0 0.0 0.0 0.001043449153023958 0.01824533742945179 0.13083583744715774 0.8498753759703664, 
9, 111111, 111111, 0.9747025814983248, 0.9747025814983248, 0.0 0.0 0.0 0.0002909841848948456 0.012959445194173224 0.12499266806701986 0.861756902553912, 
10, 111111, 111111, 0.9726913516266122, 0.9726913516266122, 0.0 0.0 0.0 0.0016542817687538619 0.013129784262119984 0.13262947640982434 0.8525864575593018, 
11, 111111, 111111, 0.9739095963275527, 0.9739095963275527, 0.0 0.0 0.0 0.0007454658334420975 0.013303348130152515 0.12769932827405267 0.8582518577623528, 
12, 111111, 111110, 0.9757555244080156, 0.9757555244080156, 0.0 0.0 0.0 0.0014371292658933003 0.01302678556500554 0.11510189462421606 0.8704341905448851, 
13, 011111, 111111, 0.9694670486283573, 0.9694670486283573, 0.0 0.0 0.0 0.00209442989061743 0.01943442826082099 0.1380455620363619 0.8404255798121997, 
14, 111111, 111111, 0.9742501900625616, 0.9742501900625616, 0.0 0.0 0.0002229390358060882 0.0014920494628444738 0.01361659052916456 0.12189777403454334 0.8627706469376415, 
15, 111111, 111111, 0.9726233611711426, 0.9726233611711426, 0.0 0.0 0.0 0.0008745268044814041 0.014815217473830402 0.1320058176120395 0.8523044381096487, 
16, 111111, 111111, 0.9770037284068597, 0.9770037284068597, 0.0 0.0 0.0 0.0007279814361666497 0.010178248874690415 0.11543718750096187 0.8736565821881811, 
17, 111111, 111111, 0.9734591806498522, 0.9734591806498522, 0.0 0.0 0.00015954359737907134 0.0014293926630219674 0.014226897961731001 0.1258647677988429 0.858319397979025, 
18, 111111, 111111, 0.9730449176512088, 0.9730449176512088, 0.0 0.0 0.00030661793872110895 0.0018092627032629575 0.013975415207313319 0.12712540381344775 0.8567833003372548, 
19, 111111, 111111, 0.971661091583762, 0.971661091583762, 0.0 0.0 0.00028035580388954703 0.0013704962956575552 0.01636150094792793 0.13207753649904036 0.8499101104534845, 
20, 111111, 111111, 0.9741464691779299, 0.9741464691779299, 0.0 0.0 0.00016414129418185777 0.0018604768767671639 0.014583397741557017 0.1197163936422772 0.8636755904452168, 
21, 111111, 111111, 0.9722713148218137, 0.9722713148218137, 0.0 0.0 0.0 0.0007080528042094906 0.013586581167629981 0.13707479032122952 0.848630575706931, 
22, 111111, 111111, 0.9732588450982244, 0.9732588450982244, 0.0 0.0 0.0 0.0014267392826014472 0.011825108218556202 0.13251649512573724 0.8542316573731051, 
23, 011111, 111110, 0.9739709300824319, 0.9739709300824319, 0.0 0.0 3.257083105876332e-05 0.0012940568944275308 0.014918856571757446 0.1223242523543762 0.86143026334838, 
24, 111111, 111111, 0.9713563270875176, 0.9713563270875176, 0.0 0.0 0.00040260564869755785 0.002376354055423653 0.014178106970353065 0.13476633877312738 0.8482765945523983, 
25, 111111, 111111, 0.9731359527774036, 0.9731359527774036, 0.0 0.0 0.00019818971059507555 0.0017979465121723212 0.013488797880243044 0.12802008919619495 0.8564949767007946, 
26, 111111, 111111, 0.976553854394278, 0.976553854394278, 0.0 0.0 0.0 0.00011979088563215163 0.009099935194402237 0.12211763058863077 0.8686626433313348, 
27, 111111, 111111, 0.9731711750501298, 0.9731711750501298, 0.0 0.0 0.0004385739823869438 0.0019541294413982116 0.013646454356233064 0.12606335673301222 0.8578974854869696, 
28, 111111, 111111, 0.9744018704794526, 0.9744018704794526, 0.0 0.0 0.0 0.0005184277447544392 0.013820074260921222 0.12439334536717839 0.8612681526271461, 
29, 111111, 011111, 0.9741150062813431, 0.9741150062813431, 0.0 8.024261923858097e-05 0.00041624581714794743 0.0020660707028411903 0.014223390448694617 0.11859877294124362 0.864615277470834, 
30, 111111, 111111, 0.9746626506893477, 0.9746626506893477, 0.0 0.0 0.000146213588440106 0.001459812137693486 0.012186813588451032 0.1226861779201707 0.8635209827652447, 
31, 011111, 111111, 0.9752522752601654, 0.9752522752601654, 0.0 0.0 0.0 0.0011023008750103125 0.013414674226723043 0.11835009736053083 0.8671329275377359, 
32, 111111, 111111, 0.9757149212975391, 0.9757149212975391, 0.0 2.2229292159194034e-05 0.0004996923046137321 0.0020520009693763934 0.00976270141098219 0.11791915080542115 0.8697442252174474, 
33, 111111, 111111, 0.9744456056788525, 0.9744456056788525, 0.0 0.0 0.0 0.0018725257211873218 0.010874199569842764 0.12596038962363737 0.8612928850853326, 
34, 111111, 111111, 0.9755649641164486, 0.9755649641164486, 0.0 0.0 0.0 0.0008178019849274059 0.013200185484040974 0.1177564383784447 0.8682255741525869, 
35, 111111, 111111, 0.9738377571481347, 0.9738377571481347, 0.0 5.845678389560608e-05 5.546290650356383e-05 0.001373010571662386 0.015433069791727951 0.1214741502672562 0.8616058496789543, 
36, 011111, 111111, 0.9753719718268958, 0.9753719718268958, 0.0 0.0 0.0 0.0003293952825584298 0.013459711325411966 0.11986056054012584 0.8663503328519038, 
37, 111111, 111110, 0.9710410689685849, 0.9710410689685849, 0.0 0.0 0.00015740727015163216 0.002186173467910999 0.019054331259505314 0.1284567741851403 0.8501453138172919, 
38, 111111, 111110, 0.9744631572589686, 0.9744631572589686, 0.0 0.0 0.0006505869891044071 0.0032721032261475774 0.015044600754089268 0.11071319730314923 0.8703195117275095, 
39, 111111, 111111, 0.9750957771189054, 0.9750957771189054, 0.0 0.0 6.245650959889093e-05 0.0014555222208014697 0.013395924450406873 0.11801709568495437 0.8670690011342383, 
40, 111111, 111111, 0.9780683826237139, 0.9780683826237139, 0.0 0.0 0.0 0.00016088795521898637 0.010943471442236183 0.10922009750758789 0.8796755430949569, 
41, 111111, 111111, 0.9666071862445397, 0.9666071862445397, 0.0 0.0 0.00035022131228008434 0.0032155966354379764 0.024063097548060287 0.1411830122812074 0.8311880722230143, 
42, 111111, 111111, 0.9742233546910624, 0.9742233546910624, 0.0 0.0 0.00022896150354427948 0.001510279245949359 0.011953387479864117 0.12530641314187252 0.8610009586287697, 
43, 111111, 111111, 0.9747817964116784, 0.9747817964116784, 0.0 0.0 0.00017344643602098736 0.001227915752560553 0.01102227651238396 0.12488713550339647 0.8626892257956381, 
44, 111110, 111110, 0.9743726399623804, 0.9743726399623804, 0.0 0.0 1.5762508414245785e-05 0.0013455620887518566 0.010410159403055827 0.1288441051196936 0.8593844108800845, 
45, 111111, 111111, 0.9712093189451473, 0.9712093189451473, 0.0 7.870637425127483e-06 0.000638407683466389 0.0013949844730739081 0.017841840747170646 0.1302824674945621 0.8498344289643018, 
46, 111111, 111111, 0.971867242123485, 0.971867242123485, 0.0 0.0 0.0 0.0009995882491384942 0.016303180936054727 0.13319142063956604 0.8495058101752407, 
47, 111111, 111111, 0.9719712084747557, 0.9719712084747557, 0.0 0.0 0.00018644921766757964 0.001956923392800433 0.016204961873743127 0.12914625835490778 0.8525054071608811, 
48, 111111, 111111, 0.9722710793453708, 0.9722710793453708, 0.0 0.0 0.0002425189401679947 0.0007163209944418497 0.012588874961975078 0.1380767352598276 0.8483755498435874, 
49, 111111, 111111, 0.9761589854043015, 0.9761589854043015, 0.0 0.0 0.00025206187379144484 0.001360839959083767 0.010487892123580284 0.11697953595461266 0.8709196700889319, 
50, 111111, 111111, 0.9698384065559157, 0.9698384065559157, 0.0 0.0 2.382753747043155e-05 0.0012329077865772871 0.016531664590469265 0.14411219797395333 0.8380994021115298, 
51, 111111, 111111, 0.9715479889488355, 0.9715479889488355, 0.0 0.0 0.00033878675713243936 0.0022338775516080145 0.015578262175983388 0.1314987622716662 0.8503503112436099, 
52, 111111, 111111, 0.9741994797411992, 0.9741994797411992, 0.0 0.0 0.0 0.0010263202658312093 0.013214495599854239 0.12529516955560158 0.8604640145787129, 
53, 111111, 111111, 0.9731024467866131, 0.9731024467866131, 0.0 0.0 0.00010360670629779496 0.0019185094210653075 0.015203796734076609 0.12480777072378146 0.8579663164147789, 
54, 111110, 111111, 0.9708645646352874, 0.9708645646352874, 0.0 0.0 0.00014466969921756356 0.0018725767954508178 0.017926268135543703 0.1327636667339655 0.8472928186358224, 
55, 001111, 111111, 0.9740088770266393, 0.9740088770266393, 0.0 0.0 0.0 0.0003869409319447335 0.010003196264101148 0.13477952251612718 0.854830340287827, 
56, 111111, 111111, 0.9688845045964274, 0.9688845045964274, 0.0 0.0 0.00017660977626407428 0.0006935463542821009 0.01858535433987066 0.14673518557379187 0.8338093039557912, 
57, 011111, 011111, 0.9720529436894543, 0.9720529436894543, 0.0 0.0 8.475702061255772e-05 0.0012723816119402079 0.01620266081602006 0.13112084331296328 0.8513193572384639, 
58, 111110, 111110, 0.9740923752133189, 0.9740923752133189, 0.0 0.0 0.00011301317660797209 0.0013791709327951854 0.0124346169024784 0.12598694941031202 0.8600862495778064, 
59, 111111, 111111, 0.9728888010690382, 0.9728888010690382, 0.0 0.0 0.0 0.0018228833424143243 0.015823384616291087 0.12555177432594547 0.8568019577153491, 
60, 111111, 111111, 0.9692336487009736, 0.9692336487009736, 0.000362983983240979 0.0001748691673857825 0.0007011302218121289 0.0023951518510248403 0.018589942474538428 0.13437599666838326 0.8433999256336145, 
61, 111111, 111111, 0.9745822501014789, 0.9745822501014789, 0.0 4.542864036520322e-05 0.00043552822836637493 0.001192274136882332 0.012506548864929436 0.12194732313532938 0.8638728969941272, 
62, 111111, 111111, 0.9735722628554709, 0.9735722628554709, 0.0 0.0 6.758696571179798e-05 0.0006826908922785094 0.014390629200119172 0.12746674392725313 0.8573923490146373, 
63, 111111, 111111, 0.9742883695556451, 0.9742883695556451, 0.00018672740909406115 0.0001463871291019803 0.00013828184094043003 0.0011979158273395752 0.01487286839910474 0.11852487092206582 0.8649329484723534, 
64, 111111, 111111, 0.9759146687376932, 0.9759146687376932, 0.0 0.0 0.0 0.0007542006971043064 0.010396451263090087 0.12145648295634663 0.8673928650834589, 
65, 111111, 111111, 0.9740759559001874, 0.9740759559001874, 0.0 0.0 0.0 0.0011140208789807273 0.013369057636673825 0.1254640866885855 0.86005283479576, 
66, 111111, 111111, 0.9744824701747627, 0.9744824701747627, 0.0 0.0 0.0 0.0008415434765661826 0.013822373396245733 0.12293580172923332 0.8624002813979548, 
67, 011111, 111111, 0.9733783173255377, 0.9733783173255377, 0.0 0.0 0.0007286625393604664 0.0013116665378645912 0.014998142400581999 0.12288416147457475 0.8600773670476182, 
68, 111111, 111111, 0.9745499785085181, 0.9745499785085181, 0.0 0.0 0.00020924336491300944 0.0009556925944229817 0.009963390814433246 0.12906929607710385 0.8598023771491269, 
69, 111111, 111111, 0.9723661165331607, 0.9723661165331607, 0.0 0.0 9.544415793112345e-05 0.0018358363700029677 0.01804564833396544 0.12382271839137089 0.8562003527467297, 
70, 111111, 011111, 0.972307375620536, 0.972307375620536, 0.0 0.0 0.0 0.0012740369270717528 0.01378731462027087 0.1347590062550271 0.8501796421976303, 
71, 111111, 111111, 0.9725760645835362, 0.9725760645835362, 0.0 0.0 0.0 0.0008266753682532196 0.015449237078960404 0.13116511223610208 0.8525589753166842, 
72, 111111, 111111, 0.9758946397376059, 0.9758946397376059, 0.0 0.0 0.0001607317464414097 0.00038604506624863256 0.007876835310326104 0.12707742876920095 0.8644989591077828, 
73, 111111, 111111, 0.9724791346253655, 0.9724791346253655, 0.0 0.0 0.00014148915362585158 0.0011348945767014366 0.012797110651546902 0.13556033060010472 0.8503661750180211, 
74, 111111, 111111, 0.974164333714449, 0.974164333714449, 0.0 6.169523546763828e-05 5.559565392539614e-05 0.0012074530738904645 0.011551862062137186 0.12775705557432115 0.8593663384002581, 
75, 111111, 111111, 0.9737629500784335, 0.9737629500784335, 0.0 0.0 0.0 0.0015405087849853008 0.013880835885854198 0.12503910140273478 0.8595395539264258, 
76, 111111, 111111, 0.9724998010739011, 0.9724998010739011, 0.0 0.0 0.000506975316658247 0.0015870512700860272 0.013384736127923175 0.13144266622385617 0.8530785710614764, 
77, 111111, 111111, 0.9741364877176156, 0.9741364877176156, 0.0 0.0 7.851213878393172e-05 0.0006037128536585399 0.01051005373579575 0.13203577910660358 0.8567719421651583, 
78, 111111, 111111, 0.9728065891190826, 0.9728065891190826, 0.0 0.0 0.0 0.000623659868400629 0.014700708873918354 0.13188806793246585 0.8527875633252152, 
79, 011111, 111111, 0.9744060120070693, 0.9744060120070693, 0.0 0.0 0.0001741113253427829 0.0011675993004260886 0.01218872990536305 0.12498722494420804 0.86148233452466, 
80, 111111, 111111, 0.9749415680122026, 0.9749415680122026, 0.0 0.0 0.0 0.0010435459192053476 0.011169305652029927 0.12488134286510888 0.8629058055636559, 
81, 111111, 111111, 0.9721822330454842, 0.9721822330454842, 0.0 0.0 0.0 0.0018197057790671925 0.01339647158239976 0.1346545412250936 0.8501292814134395, 
82, 111111, 111110, 0.9705718229466488, 0.9705718229466488, 0.0 0.0 0.0 0.00111163677917944 0.024494427232181173 0.12424529751820657 0.8501486384704328, 
83, 111111, 111111, 0.9772220137693306, 0.9772220137693306, 0.0 0.0 0.0002432650892618724 0.0006914964663038083 0.010269732144545006 0.11308090333896721 0.8757146029609221, 
84, 111111, 111111, 0.9729562075340581, 0.9729562075340581, 0.00013506432462090536 4.1666542747247783e-05 0.00018498519259713944 0.0017670603429026687 0.01710095929413789 0.1210009957468172 0.859769268556177, 
85, 111111, 111111, 0.9748023871294907, 0.9748023871294907, 0.0 0.0 0.0 0.0005226847152153579 0.015833364696582298 0.11795089368424548 0.8656930569039568, 
86, 111111, 111111, 0.9733236077897224, 0.9733236077897224, 0.0 0.0 0.0 0.0011836774966836542 0.014477024863776163 0.12755327104406217 0.856786026595478, 
87, 111111, 111111, 0.9736965591426631, 0.9736965591426631, 0.0 0.0 5.9544277507237016e-05 0.0022216853548342836 0.011576899791445397 0.12776361238659908 0.858378258189614, 
88, 111111, 111111, 0.9744493807623403, 0.9744493807623403, 0.00012460510507228826 0.00038442373684524064 0.0007283089494150024 0.0008161274605997545 0.010442952129728414 0.12438644367238191 0.8631171389459574, 
89, 111111, 111111, 0.9749292122670339, 0.9749292122670339, 0.0 0.0 0.0 0.0007509320438809054 0.010950479697781281 0.1262709708705926 0.8620276173877451, 
90, 111111, 111111, 0.9706279644365058, 0.9706279644365058, 0.0 0.0 0.0 0.001358541347149 0.01231389112466739 0.1475288070901836 0.8387987604380001, 
91, 111111, 111111, 0.9747507122302926, 0.9747507122302926, 0.0 0.0 0.0 0.0019984528118239695 0.011402458644015954 0.12269545089474058 0.8639036376494196, 
92, 111111, 111111, 0.9731561290291226, 0.9731561290291226, 0.0 0.0 0.0 0.0012568441677137214 0.01356263851355346 0.13016741629501585 0.855013101023717, 
93, 111111, 111111, 0.9740817372073368, 0.9740817372073368, 0.0 0.0 0.00026136917102280113 0.0009673043842584109 0.012551464281362619 0.12645925835638866 0.8597606038069674, 
94, 111111, 111111, 0.9718039123427131, 0.9718039123427131, 0.0 0.0 0.00021329582979610985 0.002414046936497869 0.017767999744517413 0.12554520232600874 0.8540594551631799, 
95, 011111, 011111, 0.9764396100988909, 0.9764396100988909, 0.0 0.0 0.0 0.00016531853679296513 0.011307366704663008 0.11825165038694888 0.8702756643715952, 
96, 111110, 111111, 0.9708614629243536, 0.9708614629243536, 0.0 0.0 0.00017657537135862167 0.0022691011723591312 0.014134181577795234 0.13904925429577586 0.8443708875827112, 
97, 111111, 011111, 0.9786163607090234, 0.9786163607090234, 0.0 0.0 0.0 0.00028082144424018403 0.011411779461985705 0.10463581248916798 0.8836715866046062, 
98, 111111, 111111, 0.9760523011034549, 0.9760523011034549, 0.0 0.0 0.0 0.0016216254383588972 0.009726963926506894 0.11936738921118042 0.8692840214239538, 
99, 111111, 111111, 0.975882035043884, 0.975882035043884, 0.0 0.0 0.0 0.00043859942531591364 0.014065237473210767 0.115261516514327 0.8702346465871462, 
100, 111111, 111111, 0.9759302020067694, 0.9759302020067694, 0.0 0.0 0.00015137802997912677 0.0020945653532611188 0.012974260567567255 0.1115810586445488 0.8731987374046437, 
run, initial grid state, final grid state, mean grid cell occupancy, mean binding site occupancy, fraction of time with N TFs bound, warning
1, 111111, 111111, 0.9742487859150549, 0.9742487859150549, 0.0 0.00010750603076117378 0.0002455420447094667 0.002817323160937751 0.01521113122297304 0.11411335424826767 0.8675051432923508, 
2, 111111, 111111, 0.9756764754075524, 0.9756764754075524, 0.0 0.0 0.0 0.0005519993339721646 0.011809960957468531 0.12066522763783177 0.8669728120707275, 
3, 111111, 111111, 0.9725634352338878, 0.9725634352338878, 0.0 0.0 0.00012196968490634644 0.0012750297329835096 0.012775399748579415 0.13475562116093928 0.8510719796725915, 
4, 111111, 111111, 0.9737225388996018, 0.9737225388996018, 0.0 0.0 0.0 0.0006910917840751714 0.011454813366612485 0.132681864516939 0.8551722303323733, 
5, 111111, 111111, 0.9694753621109781, 0.9694753621109781, 0.0 0.0 6.986000169197718e-05 0.0022089870514035363 0.016832039109328706 0.14257734795449536 0.8383117658830804, 
6, 111111, 111111, 0.9758078826212934, 0.9758078826212934, 0.0 0.0 0.0 0.0014832852742126441 0.012607501160681756 0.11548784612823833 0.8704213674368674, 
7, 111111, 111111, 0.9759882070627475, 0.9759882070627475, 0.0 0.0 0.0 0.001303552601416203 0.0110003060294036 0.1181594877604592 0.869536653608721, 
8, 011111, 111111, 0.9728984586807391, 0.9728984586807391, 0.0 7.24408565005802e-05 0.0003568092783826873 0.001900683093654882 0.017016669780167113 0.1210844176782335 0.8595689793130612, 
9, 111111, 111111, 0.9740343898998998, 0.9740343898998998, 0.0 0.0 0.0 0.0009435025485898199 0.013461640197044787 0.1260398725607425 0.8595549846936229, 
10, 011111, 111111, 0.976171124927208, 0.976171124927208, 0.0 0.0 0.00018112196663691883 0.0008289861360643023 0.011577698091683613 0.11660640797864369 0.8708057858269714, 
11, 111110, 111111, 0.9745775498348626, 0.9745775498348626, 0.0 0.0 0.0 0.0017118140221395305 0.012886811170911344 0.12162563658258302 0.8637757382243662, 
12, 011111, 111111, 0.9726258046189117, 0.9726258046189117, 0.0 0.0 0.0 0.0014612945803328212 0.016713817526681003 0.12643365349216967 0.8553912344008165, 
13, 111111, 111111, 0.9721801907345681, 0.9721801907345681, 0.0 0.0 1.6533005577041988e-06 0.0006013382269222963 0.014780973999159088 0.13554627971127578 0.8490697547620851, 
14, 111111, 111111, 0.9749156051555775, 0.9749156051555775, 0.0 0.0 0.0003808753033728826 0.0004635941975892299 0.010473510528642337 0.12664506420299096 0.8620369557674046, 
15, 111111, 111111, 0.9724627363032238, 0.9724627363032238, 0.0 0.0 3.285363643771126e-05 0.001855795996568201 0.015917566476070087 0.12768964669306165 0.8545041371978622, 
16, 111111, 111111, 0.9776255793913069, 0.9776255793913069, 0.0 0.0 0.0 0.0002884171937834649 0.013924436300869092 0.10553239946906963 0.8802547470362778, 
17, 111111, 111111, 0.9710167211757668, 0.9710167211757668, 0.0 0.0 3.540882535173779e-05 0.0015249681121128227 0.01849770904865605 0.13218771521034137 0.8477541988035381, 
18, 111111, 111111, 0.9748592990434537, 0.9748592990434537, 0.0 0.0 0.0 0.00035673297844705126 0.016012785693041272 0.1177484354178539 0.8658820459106579, 
19, 111111, 111110, 0.9767262292807304, 0.9767262292807304, 0.0 0.0 0.0 0.0005264440739359174 0.013095664916920277 0.11187196225996922 0.8745059287491747, 
20, 001111, 111111, 0.9749443449883577, 0.9749443449883577, 0.0 0.0 0.0007490974362867218 0.001232449924917306 0.014408857018513091 0.11482247651292926 0.8687871191073537, 
21, 111111, 111111, 0.974405492705539, 0.974405492705539, 0.0 0.0 0.0003222656352882442 0.0007498781094372839 0.013406935679066737 0.12321447553916853 0.8623064450370392, 
22, 111111, 111111, 0.9774329396434809, 0.9774329396434809, 0.0 0.0 5.683967144943418e-05 0.0001599974989393779 0.010209184591646863 0.11427664177320522 0.8752973364647592, 
23, 111111, 111111, 0.974265243897363, 0.974265243897363, 0.0 0.0 0.0 0.0006139012107784548 0.017615528304108313 0.11733577637527004 0.8644347941098431, 
24, 111111, 111111, 0.973562682250124, 0.973562682250124, 0.0 0.0 0.0 0.0006633433106921967 0.013654759332250958 0.12932435790267824 0.8563575394543785, 
25, 111111, 111111, 0.9773196506124121, 0.9773196506124121, 0.0 0.0 0.0 0.0002825648862082901 0.009561433458327937 0.11611153475024633 0.8740444669052175, 
26, 111110, 011111, 0.9749875724686562, 0.9749875724686562, 0.0 0.0 0.00015220686540183564 0.0011459290455571242 0.012324311044404884 0.12137932850097383 0.8649982245436623, 
27, 111111, 111111, 0.9743887323401639, 0.9743887323401639, 0.0 0.0 0.0 0.0014406644610140435 0.013900779616705767 0.12154405334256364 0.8631145025797167, 
28, 111111, 111111, 0.9713327298721905, 0.9713327298721905, 0.0 0.0 0.0001975409041568211 0.0016276236887955663 0.017416698306226254 0.13149718947138994 0.8492609476294315, 
29, 111111, 111111, 0.9758781051515129, 0.9758781051515129, 0.0 0.0 8.7590292115325e-05 0.0010184191933828024 0.009197955118500679 0.12292984010531216 0.866766195290689, 
30, 111111, 111111, 0.9737791331473977, 0.9737791331473977, 0.0001297064828350998 9.368061380465825e-05 0.0004492530092587357 0.0010786040562939074 0.013815382805109694 0.12341496933344404 0.8610184036992539, 
31, 111111, 111111, 0.9741285478246356, 0.9741285478246356, 0.0 0.0 2.370940682683672e-05 0.0010104220020928552 0.010963663030467839 0.13017528335766487 0.8578269222029477, 
32, 111111, 111111, 0.9773689049577172, 0.9773689049577172, 0.0 0.0 0.0 0.00010279871628715878 0.009756547262101086 0.11596507958063279 0.8741755744409789, 
33, 111111, 111111, 0.9720752444092559, 0.9720752444092559, 0.0 0.0 0.0 0.00040281049339708824 0.013151052141377103 0.14003799778151926 0.8464081395837065, 
34, 111111, 111111, 0.9738309713052523, 0.9738309713052523, 0.0 0.0 0.0 0.0004075009698064554 0.01330968353959466 0.12917230217987777 0.8571105133107212, 
35, 111111, 111111, 0.9747868184200835, 0.9747868184200835, 0.0 0.0 2.661620432331448e-05 0.0018536759159157388 0.01074817305529899 0.1241152508038605 0.8632562840206015, 
36, 111111, 111111, 0.9782728842908311, 0.9782728842908311, 0.0 0.0 2.8933023544039042e-05 0.0005144539942235038 0.013441010165720763 0.10182157984672542 0.8841940229697862, 
37, 011111, 111111, 0.9717656379690558, 0.9717656379690558, 0.0 0.0 0.0001204815739644709 0.0011362854674408264 0.0129097418315438 0.13969590582439792 0.846137585302653, 
38, 111111, 111110, 0.9735496903589976, 0.9735496903589976, 0.0 0.0 0.0 0.0007982273266769306 0.011310634906079763 0.13368590605382377 0.8542052317134196, 
39, 111111, 011111, 0.9709194833001054, 0.9709194833001054, 0.0 0.0 0.00012707839006502003 0.0021930147906646983 0.015227504048291582 0.13694073417053115 0.8455116686004476, 
40, 111111, 111111, 0.970157111254155, 0.970157111254155, 0.0 0.0 0.00028436443689465517 0.0023632882589014934 0.015595706146495107 0.13963859765779624 0.8421180434999125, 
41, 111111, 111111, 0.9753730165343065, 0.9753730165343065, 0.0 0.0 8.727496040849457e-05 0.0016854006040557526 0.013312089083087158 0.11573242097418446 0.8691828143782642, 
42, 111111, 111111, 0.9770003275134872, 0.9770003275134872, 0.0 0.0 0.0 0.0012739027239215372 0.011683201600356448 0.11080992354659938 0.8762329721291225, 
43, 111111, 111111, 0.9714004556922018, 0.9714004556922018, 0.0 0.0 9.634397995642253e-06 0.0022115080300696404 0.013061476373013236 0.1388012514185709 0.8459161297803506, 
44, 111111, 111111, 0.9740056788287569, 0.9740056788287569, 0.0 0.0 3.662816234770275e-06 0.0014712048459654477 0.010495701144598813 0.13054625893542554 0.8574831722577755, 
45, 111110, 111111, 0.9741996513526445, 0.9741996513526445, 0.0 0.0 0.0 0.0006989455122521377 0.01378779150900941 0.12512967232935762 0.8603835906493809, 
46, 111111, 111111, 0.9760636169280401, 0.9760636169280401, 0.0 0.0 0.0 0.0005180458310442311 0.008219534349089053 0.12562509224044804 0.8656373275794187, 
47, 111110, 111111, 0.9732310898319017, 0.9732310898319017, 0.0 0.0 0.0 0.00020586754557774177 0.015545417528225245 0.12890502331540676 0.8553436916107903, 
48, 110111, 111111, 0.9744179304919801, 0.9744179304919801, 0.0 0.0 0.0 0.0006508759424438007 0.012518783441202042 0.12650222233838335 0.8603281182779708, 
49, 111111, 111111, 0.9755327796778006, 0.9755327796778006, 0.0 0.0 0.00018487007415879337 0.0017076857250518172 0.013501781161107635 0.11393722213919129 0.8706684409004906, 
50, 111111, 111111, 0.9732209531612309, 0.9732209531612309, 0.0 0.0 0.0 0.0007547899420433952 0.014025502686564325 0.13035890583335563 0.8548608015380367, 
51, 111110, 111111, 0.9720521324816399, 0.9720521324816399, 0.0 0.0 9.641202133727392e-05 0.002104451779690718 0.015314026013861887 0.13036014965801573 0.8521249605270943, 
52, 111111, 111111, 0.9738843226981242, 0.9738843226981242, 0.0 0.0 9.251665964830489e-05 0.0011387272050336675 0.014706051626672488 0.12349571230421583 0.8605669922044297, 
53, 111111, 111110, 0.9744547721095678, 0.9744547721095678, 0.0 0.0 0.0 0.0010937710616803593 0.01644633004051132 0.11709739407652964 0.8653625048212787, 
54, 011111, 011111, 0.9764865851087117, 0.9764865851087117, 0.0 0.0 0.0 0.000595254541008373 0.009080970159724915 0.12113278540525438 0.8691909898940124, 
55, 111110, 111111, 0.9774411773059081, 0.9774411773059081, 0.0 0.0 9.217009040230795e-05 0.0008837264482401665 0.011175495680619893 0.10998208509698192 0.8778665226837556, 
56, 111111, 111111, 0.973166335180936, 0.973166335180936, 0.0 0.0 2.4554941862197148e-05 0.0006596045184935842 0.013357592767190243 0.13220977005707393 0.85374847771538, 
57, 011111, 111111, 0.9710558607008871, 0.9710558607008871, 0.0 0.0 0.00019537687515985396 0.0014691406982612607 0.011297881871379091 0.14588014245649533 0.8411574580987045, 
58, 111111, 111111, 0.9778269435027424, 0.9778269435027424, 0.0 0.0 0.0 0.0009418006044107958 0.0108593280725695 0.10849428102517425 0.8797045902978454, 
59, 111111, 111111, 0.9708099554073737, 0.9708099554073737, 0.0 0.0 0.0 0.0021194117373284555 0.015720877022963604 0.13734027829784598 0.844819432941862, 
60, 111111, 111111, 0.9759158059901043, 0.9759158059901043, 0.0 0.0 1.5936003602913447e-05 0.0016520614143075197 0.012086567973279725 0.11531209985548029 0.8709333347533296, 
61, 111111, 111111, 0.9764598139343544, 0.9764598139343544, 0.0 0.0 0.0 0.0006522879295212882 0.012749465411378792 0.11378532178255191 0.872812924876548, 
62, 011111, 111111, 0.9713490261454654, 0.9713490261454654, 0.00031662129988635577 0.00012862889910632654 0.0003526639913258914 0.0017582426729914756 0.014713220186961709 0.13325114647415634 0.8494794764755719, 
63, 111111, 111111, 0.9719945143197583, 0.9719945143197583, 0.0 0.0 0.0 0.0009504930069443724 0.011847793252790093 0.14148584855503735 0.8457158651852282, 
64, 111111, 111111, 0.972187326482224, 0.972187326482224, 0.0 0.0 0.0 0.001715975862463159 0.01638387300039729 0.1289603675184724 0.8529397836186672, 
65, 111111, 111111, 0.9747010779943023, 0.9747010779943023, 0.0 0.0 0.0 0.0007707788762706233 0.009631483185011757 0.13021822903535113 0.8593795089033666, 
66, 111111, 111111, 0.9738298506551984, 0.9738298506551984, 0.0 0.0 0.0 0.001618078894294486 0.012702336728770029 0.1267619859283864 0.8589175984485491, 
67, 011111, 111111, 0.9728445765272176, 0.9728445765272176, 0.0 0.0 0.0 0.001480599533806452 0.016001946636734495 0.12648684896180623 0.8560306048676528, 
68, 111111, 111111, 0.9748758280497678, 0.9748758280497678, 0.0 0.0 0.0 0.0007806584633359028 0.00924166395743892 0.1299197283965072 0.860057949182718, 
69, 111110, 111111, 0.972625055286842, 0.972625055286842, 0.0 0.0 0.0 0.0008926087484574033 0.011041553406106115 0.13948873522136465 0.8485771026240718, 
70, 111110, 111111, 0.9755518691692884, 0.9755518691692884, 0.0 0.0 0.0 0.00047578498159594476 0.009513290340879929 0.12623484935772256 0.8637760753198016, 
71, 111110, 111111, 0.9727636322323945, 0.9727636322323945, 0.0 0.0 0.00012582639333280778 0.00032615952044433066 0.012644719907719293 0.1366469826555306 0.850256311522973, 
72, 111111, 111111, 0.9714534892394437, 0.9714534892394437, 0.0 0.0 0.0005855429615684917 0.002910958738105549 0.018500245639092507 0.12320352522456228 0.8547997274366712, 
73, 111111, 111111, 0.9736299675783238, 0.9736299675783238, 0.0 0.0 0.0 0.00023475593518096772 0.011588545491725144 0.1343388357410637 0.8538378628320302, 
74, 111111, 001111, 0.9738856557933947, 0.9738856557933947, 0.0 0.0 0.00011308171593234651 0.0005702607297215574 0.012704669392832024 0.1291136174010735 0.8574983707604406, 
75, 111111, 111111, 0.9731187150630437, 0.9731187150630437, 0.0 0.0 0.0 0.001491481329917567 0.014717386612642448 0.1273784924066997 0.8564126396507403, 
76, 111111, 111111, 0.9750106017339154, 0.9750106017339154, 0.0 0.0 3.874043060245967e-05 0.0016376376574193862 0.010630506029205693 0.12360750284342872 0.8640856130393437, 
77, 111111, 111111, 0.9719941213427872, 0.9719941213427872, 0.0 0.0 2.7146961734635486e-05 0.0031354517260618647 0.014507015412637493 0.1295062980928776 0.8528240878066884, 
78, 111111, 111111, 0.9772671541271256, 0.9772671541271256, 0.0 0.0 0.0 0.0009014182350222269 0.010595727523208061 0.1125013654857639 0.8760014887560058, 
79, 111111, 111111, 0.9766699727640118, 0.9766699727640118, 0.0 0.0 0.0002606026145467871 0.0013946054902334438 0.012215044338552822 0.11032384780993586 0.8758058997467311, 
80, 111111, 111111, 0.9723114993116103, 0.9723114993116103, 0.0 0.0 0.0 0.0012782529103372068 0.01711751825882747 0.1280612088816719 0.8535430199491634, 
81, 111111, 111111, 0.971704163750744, 0.971704163750744, 0.0 1.5011395490737188e-05 0.0006323754013062658 0.002053112400253486 0.015450346919164717 0.13011042787376803 0.8517387260100169, 
82, 111111, 111111, 0.973965381248927, 0.973965381248927, 0.0 0.0 0.0 0.0011860312947058961 0.013561374662401668 0.1255268692975165 0.8597257247453759, 
83, 111111, 111111, 0.974027941703047, 0.974027941703047, 0.0 0.0 0.0 0.0015558243306911415 0.015044823267820352 0.12107523025400427 0.8623241221474842, 
84, 111111, 111111, 0.9722115240016869, 0.9722115240016869, 0.0001964037173601559 5.492755171616871e-05 0.0016751199218118197 0.003247444856669475 0.01442316110501959 0.11998865945984218 0.8604142833875806, 
85, 111111, 111111, 0.9748706077890152, 0.9748706077890152, 0.0 0.0 1.4275058812300363e-05 0.0009127163282065461 0.012455196352813948 0.12307071134041153 0.8635471009197556, 
86, 111111, 011111, 0.9741960587108986, 0.9741960587108986, 6.15825293393362e-06 7.315515207108996e-05 0.00011977646105550583 0.0023023798576164243 0.013027984461912591 0.12097870811575265 0.8634918376986578, 
87, 111111, 111111, 0.9744029107118605, 0.9744029107118605, 0.0 0.0 2.2662770677904287e-05 0.0008529773401194739 0.01214174787832559 0.12664945686911655 0.8603331551417605, 
88, 111111, 111111, 0.975391724169922, 0.975391724169922, 0.0 0.0 0.0005070823921435219 0.0007625084950156367 0.014496440113564326 0.11434091969971848 0.8698930492995581, 
89, 111111, 111111, 0.9697746320368359, 0.9697746320368359, 0.0 0.0 0.0 0.0012285179139688751 0.01907921174640559 0.1395082305442663 0.8401840397953593, 
90, 111110, 111111, 0.9770744026210897, 0.9770744026210897, 0.0 0.0 0.0 0.00032052815640757476 0.009727004924387916 0.11713798995546287 0.8728144769637416, 
91, 111111, 111111, 0.9721192291830638, 0.9721192291830638, 0.0 0.0 0.0 0.0018103530286128747 0.014322186913042805 0.13320919198969255 0.8506582680686519, 
92, 111111, 111111, 0.9721521766195398, 0.9721521766195398, 0.0 0.0 0.0 0.002195286191837901 0.018892932793770325 0.12271521611970668 0.8561965648946851, 
93, 111111, 111111, 0.9726094093930434, 0.9726094093930434, 0.0 0.0 0.0006001136076851117 0.0018867824169467742 0.014276410108563927 0.127729921743031 0.8555067721237732, 
94, 111111, 111111, 0.9775646024878005, 0.9775646024878005, 0.0 0.0 5.665775823173068e-05 0.0016718671209725736 0.009348688882166426 0.11067277491301998 0.8782500113256092, 
95, 111111, 111111, 0.9760645212521679, 0.9760645212521679, 0.0 0.0 0.00013497647148245855 0.0005194830095419429 0.01352897258888979 0.11445657239465701 0.8713599955354288, 
96, 111111, 111111, 0.9745121138901115, 0.9745121138901115, 0.0 0.0 1.77382257267407e-05 0.0014802274987402982 0.01308857052266864 0.12223854021486673 0.8631749235379976, 
97, 111111, 111111, 0.9774561137331926, 0.9774561137331926, 0.0 0.0 0.00021869188132076035 0.002168980006181654 0.011108956692418103 0.10566369667218052 0.8808396747478989, 
98, 111111, 011111, 0.9721668059448922, 0.9721668059448922, 0.0 0.0 2.917705562489373e-05 0.0016759524207225582 0.015691812399199357 0.13047097404758082 0.8521320840768724, 
99, 111111, 111111, 0.9710449592838684, 0.9710449592838684, 0.0 0.0 0.0006412912615355991 0.002045313329316342 0.015087761390943599 0.13485361648081154 0.847372017537393, 
100, 111111, 111111, 0.9704951324754633, 0.9704951324754633, 0.0 0.0 9.956830273490575e-05 0.002041755349416676 0.016442817700164584 0.1376200304877019 0.8437958281599819, 
run, initial grid state, final grid state, mean grid cell occupancy, mean binding site occupancy, fraction of time with N TFs bound, warning
1, 111111, 111111, 0.9704450708516627, 0.9704450708516627, 0.0 0.0 0.0004314437601978438 0.0021504855995046804 0.015991059355714793 0.1371702243392895 0.8442567869452932, 
2, 111111, 111111, 0.9715012521421302, 0.9715012521421302, 0.0 0.0 0.0 9.765316934693426e-05 0.012115822038726243 0.14646788356172516 0.8413186412302016, 
3, 111111, 111111, 0.970937402937313, 0.970937402937313, 0.0 0.0 8.86545906645911e-06 0.0008287959977059385 0.01792628438833375 0.13600116377007043 0.8452348903848234, 
4, 111111, 111111, 0.9754567882395572, 0.9754567882395572, 0.0 0.0 6.860030717781612e-05 0.0007084826478916867 0.012010555845792687 0.12083830969868493 0.866374051500453, 
5, 111111, 111111, 0.9713911742756343, 0.9713911742756343, 0.0 0.0 5.4248183276880346e-05 0.0010698100263608636 0.01485950199371266 0.1385075275465784 0.8455089122500712, 
6, 111111, 111111, 0.973804833277018, 0.973804833277018, 0.0 0.0 0.0 0.0017231093902315552 0.012308485770761008 0.12738470062567486 0.8585837042133326, 
7, 111100, 111111, 0.9731993742071845, 0.9731993742071845, 0.0 0.0 4.560752755675997e-05 0.0010072013527849298 0.011325013597481146 0.13494969339334872 0.8526724841288285, 
8, 111111, 111111, 0.9714891810817818, 0.9714891810817818, 0.0 0.0 0.00010662426473038536 0.0011066885159766106 0.013872266147126373 0.13957381860820514 0.8453406024639615, 
9, 111111, 111111, 0.9742185627768367, 0.9742185627768367, 0.0 0.0 0.0 0.0012036639312687657 0.012389343964273726 0.126298943616626 0.8601080484878314, 
10, 111111, 111111, 0.9720325234061731, 0.9720325234061731, 0.0 0.0 3.21123600710006e-05 0.0008583684686568236 0.016717402349448084 0.13166650001781097 0.8507256168040132, 
11, 111111, 111111, 0.9738297331682167, 0.9738297331682167, 0.0 0.00012788836598010288 3.376335628339222e-05 0.0009409949871636855 0.013564469799463786 0.12629518117524666 0.8590377023158624, 
12, 111111, 111111, 0.9733264068981946, 0.9733264068981946, 0.0 0.0 0.00029425134810033294 0.0008235479171213294 0.01369891579147289 0.12899607788412146 0.8561872070591839, 
13, 111111, 111111, 0.9738309268736375, 0.9738309268736375, 0.0 0.0 0.0 0.00046945497333923973 0.013283314300484315 0.1290394452371894 0.8572077854889871, 
14, 111111, 111111, 0.9759401828390483, 0.9759401828390483, 0.0 0.0 0.0 1.4432198069776806e-05 0.007678313153981577 0.12895898006353793 0.8633482745844107, 
15, 111111, 111101, 0.9723485873678157, 0.9723485873678157, 0.0 0.0 0.0001688626190854254 0.0013471088070493083 0.013963923089750934 0.133263852716114 0.8512562527680003, 
16, 111111, 111111, 0.971323967929685, 0.971323967929685, 0.0 0.0 7.666513954264777e-05 0.0016276702131405897 0.0173020803553345 0.13226236051362872 0.8487312237783535, 
17, 111111, 111111, 0.9741879262057974, 0.9741879262057974, 0.0 0.0 0.0 0.00019199493087961557 0.012661170637202889 0.12897411669817072 0.8581727177337468, 
18, 111111, 111111, 0.974662658181748, 0.974662658181748, 0.0 0.0 0.0 0.0013004136673515892 0.013104781830492131 0.12191324624647301 0.8636815582556833, 
19, 111111, 111111, 0.9744608844924828, 0.9744608844924828, 0.0 0.0 0.0 0.002073291044287369 0.014713050871257504 0.11758871816972603 0.8656249399147291, 
20, 111111, 111111, 0.9738534672419379, 0.9738534672419379, 0.0 0.0 0.0005282673575622694 0.0017514748431693937 0.009236956809908967 0.13103778896879748 0.857445512020562, 
21, 111111, 111111, 0.9779795365388326, 0.9779795365388326, 0.0 0.0 0.0 0.0011968470994731073 0.007747408880826071 0.11303742170693243 0.8780183223127684, 
22, 111110, 111111, 0.9718944267841239, 0.9718944267841239, 0.0 0.0 0.0006780165849337123 0.0031846272398355704 0.01360295366737799 0.1291615839012594 0.8533728186065934, 
23, 111111, 111111, 0.9751560963789144, 0.9751560963789144, 0.0 0.0 0.0001787245590339388 0.0006195370284537758 0.013849884583991324 0.11879014323703375 0.8665617105914872, 
24, 111111, 111111, 0.9751927612860416, 0.9751927612860416, 0.0 0.0 0.0 0.0014498481507367745 0.011622719995724777 0.12124844784009055 0.8656789840134479, 
25, 111111, 111111, 0.974288949201203, 0.974288949201203, 0.0 0.0 6.850023186490649e-06 0.0012838852457855569 0.014929144931916171 0.12052895909884662 0.8632511607002651, 
26, 011111, 111111, 0.9719816219332424, 0.9719816219332424, 0.0 0.0 0.00036073473175417806 0.0012677877950532095 0.013961626439666246 0.13494071320903664 0.8494691378244897, 
27, 111111, 111111, 0.9733261346942699, 0.9733261346942699, 0.0 0.0 0.0002819196579417728 0.0008136973635567086 0.016200438570335457 0.12407354397127329 0.8586304004368928, 
28, 111110, 111111, 0.9745115134009862, 0.9745115134009862, 0.0 0.0 0.0 0.0007478090551551608 0.012417201599747579 0.12585308922912242 0.8609819001159749, 
29, 111111, 011111, 0.9737619840429655, 0.9737619840429655, 0.0 0.0 0.0002115192492283242 0.0004402612436205432 0.011261867800293519 0.13273749941384463 0.8553488522930129, 
30, 111111, 111111, 0.9731273119487166, 0.9731273119487166, 0.0 0.0 0.0003764763802278751 0.0024185847470687824 0.012519217010104956 0.12743603452537214 0.8572496873372263, 
31, 111111, 111111, 0.9745565524553663, 0.9745565524553663, 0.0 0.0 9.128642453125545e-06 0.000807801151868559 0.011068657235192474 0.12806345277199868 0.8600509601984871, 
32, 111111, 111111, 0.9735532033283995, 0.9735532033283995, 0.0 0.0 0.0 0.0003179845709661642 0.013035754695198985 0.1316553169263071 0.8549909438075278, 
33, 011111, 111110, 0.9745582258694887, 0.9745582258694887, 0.0 0.0 0.0 0.0016233326971398221 0.012133953141791306 0.123512740408065 0.8627299737530039, 
34, 111110, 111111, 0.9736588942991965, 0.9736588942991965, 0.0 0.0 0.0002147476181099528 0.0009318741978341837 0.012442207599874286 0.12950760593912977 0.8569035646450519, 
35, 111111, 111111, 0.9753560223823283, 0.9753560223823283, 0.0 0.0 0.0 0.001620613835106648 0.013519156654256594 0.11596371089219666 0.8688965186184401, 
36, 111110, 011111, 0.9707506696529893, 0.9707506696529893, 0.0 0.0 5.406784212816329e-05 0.00131872140711404 0.01362188966277183 0.14407976716666565 0.8409255539213202, 
37, 111111, 111111, 0.9739431463532344, 0.9739431463532344, 0.0 0.0 7.241159820636112e-05 0.001151612088116017 0.014578704693439515 0.12343922983654117 0.860758041783697, 
38, 111111, 111111, 0.9753163948155539, 0.9753163948155539, 0.0 0.0 0.0001687293230128288 0.00033493700846314424 0.012852067687171847 0.12071776741489255 0.8659264985664596, 
39, 111111, 111111, 0.9757890089696433, 0.9757890089696433, 0.0 0.0 0.0004689457184359005 0.000673252210343253 0.008691271011840942 0.12398786465368568 0.8661786664056943, 
40, 111111, 011111, 0.9756727504141012, 0.9756727504141012, 0.0 0.0 0.0 0.0010182123389428427 0.009738925232667933 0.12343101003322798 0.8658118523951612, 
41, 111111, 111111, 0.9762641157750858, 0.9762641157750858, 0.0 0.0 0.0 0.0011067917997146077 0.012656139170241585 0.11378265160985851 0.8724544174201853, 
42, 111111, 111111, 0.9742422219872917, 0.9742422219872917, 0.0 0.0 0.0002231776566253957 0.0015248898597601693 0.012348209887109881 0.12438286809624755 0.8615208545002571, 
43, 111111, 111111, 0.975136070658112, 0.975136070658112, 0.0 0.0 9.846623997915358e-06 0.00159715572187313 0.013225310117752926 0.11790210215421079 0.8672655853821651, 
44, 111111, 111111, 0.9726453714766937, 0.9726453714766937, 0.0 0.0 2.710601581789198e-06 0.001534287894365844 0.01676825530453014 0.125977554441353 0.8557171917581692, 
45, 111111, 111111, 0.9738764085352535, 0.9738764085352535, 0.0 0.0 0.00011060813847195533 0.0010688232080510612 0.012209809840989454 0.12867302692845956 0.857937731884028, 
46, 111111, 111111, 0.9720773346123179, 0.9720773346123179, 0.0 0.0 0.0 0.0016918650679466835 0.012217943704033384 0.13802450971418612 0.8480656815138338, 
47, 111111, 111111, 0.9734921401234223, 0.9734921401234223, 0.0 0.0 0.0 0.000899987089844942 0.010906243036395332 0.1345347119171406 0.8536590579566191, 
48, 111111, 111111, 0.9737201084401995, 0.9737201084401995, 0.0 0.0 0.0 0.00022421438896150814 0.01688542278540818 0.12323586062110208 0.8596545022045282, 
49, 011111, 111111, 0.9701511072493048, 0.9701511072493048, 0.0 0.0 0.00021070333026945587 0.002331316103260985 0.01647717945748058 0.13830223595834928 0.8426785651506397, 
50, 111111, 111111, 0.9749358679525101, 0.9749358679525101, 0.0 0.0 0.00010283456646754628 0.0027119634734903485 0.01302107825165846 0.11579540709528148 0.8683687166131021, 
51, 111111, 111111, 0.9732154941741085, 0.9732154941741085, 0.0 0.0 2.2702290803477874e-06 0.001314391104431209 0.012752701347322978 0.13124937803108808 0.8546812592880774, 
52, 011111, 111110, 0.9706218128513041, 0.9706218128513041, 0.0 0.0 0.0005508471442498479 0.0021664090456127052 0.01845351943379274 0.13065946831075234 0.8481697560655923, 
53, 111111, 011111, 0.974850218798403, 0.974850218798403, 0.0 0.0 0.0 0.0013567138512618553 0.013055160856740957 0.12071822394231482 0.8648699013496823, 
54, 111111, 111111, 0.9730780861570529, 0.9730780861570529, 0.0 0.0 0.000802059264027533 0.0017202166479094892 0.012159146444647155 0.12884430316854942 0.8564742744748665, 
55, 111111, 111111, 0.9754320010418926, 0.9754320010418926, 0.0 0.0 0.0 0.000774414320926652 0.012561881595125658 0.11996098759561341 0.8667027164883342, 
56, 111111, 111111, 0.9704930497646345, 0.9704930497646345, 0.0 0.0 0.0 0.0023897125217661403 0.016288762491165308 0.13729503886456498 0.8440264861225035, 
57, 111110, 111111, 0.9706165718130052, 0.9706165718130052, 0.0 0.0 5.100128568161101e-05 0.0017789767163607618 0.016118354515623223 0.13852292479891412 0.8435287426834203, 
58, 111111, 011111, 0.9754733525878406, 0.9754733525878406, 0.0 0.0 3.958810544286455e-05 0.0008622366360686222 0.011025659226057373 0.12236350369086417 0.865709012341567, 
59, 111110, 111111, 0.9760691537223649, 0.9760691537223649, 0.0 0.0 0.000546696865098817 0.0012149740978382598 0.010953885379579666 0.11584559715274076 0.8714388465047425, 
60, 011111, 111110, 0.9704166414285831, 0.9704166414285831, 0.0 0.0 0.0 0.0005200384753665469 0.016065555978197615 0.14380892404600681 0.839605481500429, 
61, 111111, 111111, 0.9693377197938334, 0.9693377197938334, 0.0 0.0 4.678265573910304e-05 0.003636355900002533 0.017210766080355957 0.13845595075332323 0.8406501446105793, 
62, 111111, 111111, 0.9737118207166655, 0.9737118207166655, 0.0 0.0 0.0 0.0009357180221052112 0.014819142858755631 0.12528363591618044 0.8589615032029587, 
63, 111111, 111111, 0.9736124543991193, 0.9736124543991193, 0.0 0.0 0.0 0.00047228113084554665 0.014431026094160344 0.1280463780244277 0.8570503147505664, 
64, 111111, 111111, 0.9763917165324419, 0.9763917165324419, 0.0 0.0 0.0 0.000953730976970522 0.009053995177011446 0.12068051752041441 0.8693117563256035, 
65, 111111, 111111, 0.9741507322995362, 0.9741507322995362, 0.0 0.0 0.0 0.0008849019669929288 0.011400785283134937 0.12963932973553444 0.8580749830143377, 
66, 111111, 111111, 0.9764454708899087, 0.9764454708899087, 0.0 0.0 0.0 0.0009398284109651119 0.01206151397836065 0.11438466147093097 0.8726139961397433, 
67, 111111, 111111, 0.9758919188692123, 0.9758919188692123, 0.0 0.0 0.00017763225414350626 0.0016328866485559158 0.011468132566761937 0.11610303268895997 0.8706183158415787, 
68, 111111, 111111, 0.9763670513136474, 0.9763670513136474, 0.0 0.0 7.704225688945678e-05 0.000662751276036586 0.011784792783923246 0.11593168369460147 0.8715437299885492, 
69, 111111, 111111, 0.9690082417018889, 0.9690082417018889, 0.0 0.0 0.00033945850183600824 0.00332785692897335 0.017608991187328955 0.1393911626197441 0.8393325307621176, 
70, 011110, 011111, 0.9754412655383073, 0.9754412655383073, 0.0 0.0 3.280843345994041e-05 0.00024359514222355112 0.010872971842924867 0.12474444392379556 0.864106180657596, 
71, 111111, 111111, 0.9722595982733722, 0.9722595982733722, 4.11071827061971e-05 8.460442256632304e-05 0.00030905374862364354 0.0011544936857491022 0.012863368140945717 0.13534631281706525 0.8502010600023437, 
72, 111111, 111111, 0.9719020058263114, 0.9719020058263114, 0.0 0.0 0.0 0.0012708592208470404 0.014390480984002382 0.13599442541158616 0.8483442343835644, 
73, 011111, 111111, 0.9767656524383882, 0.9767656524383882, 0.0 0.0 3.8838843642529984e-05 0.0005873694086654696 0.007352256384028394 0.12278410900104776 0.8692374263626159, 
74, 111111, 111111, 0.9701213706396006, 0.9701213706396006, 0.0 0.0 0.0 0.0019297168192299382 0.01743192654864144 0.13861877260742456 0.842019584024704, 
75, 111111, 111111, 0.9788190894904735, 0.9788190894904735, 0.0 0.0 0.0 0.0006723916838049888 0.01022471585755414 0.10461885629063608 0.8844840361680048, 
76, 111111, 111111, 0.9720097001923196, 0.9720097001923196, 0.0 0.0 5.847061045146413e-05 0.0028916490893427706 0.015567541072209841 0.1278978869918291 0.8535844522361669, 
77, 111111, 111111, 0.974411445379493, 0.974411445379493, 0.0 0.0 0.0 0.0010773157389743554 0.010612276141065526 0.12907482822398803 0.8592355798959722, 
78, 111111, 111111, 0.9748701834157673, 0.9748701834157673, 0.0 0.0 0.0 0.0012527398345876875 0.00931355771594481 0.12839356456974446 0.861040137879723, 
79, 111111, 111111, 0.9744537282748453, 0.9744537282748453, 0.0 0.0 8.331287028880346e-05 0.001087245971049787 0.011967666528796822 0.12574730789903063 0.861114466730834, 
80, 111111, 111111, 0.9739979408046116, 0.9739979408046116, 0.0 0.0 0.0 0.00018365907729705173 0.013831622699419031 0.12779813254160233 0.8581865856816815, 
81, 111111, 111111, 0.9699987551672626, 0.9699987551672626, 0.0 0.0 0.0003245118659450273 0.003153180947790637 0.019691458541813093 0.12986696160564598 0.8469638870388053, 
82, 111111, 111111, 0.9752155632306078, 0.9752155632306078, 0.0 0.0 8.326912782793952e-05 0.0011304995694282715 0.012900957544179165 0.11918013030839839 0.8667051434501662, 
83, 111111, 111111, 0.9705117581994852, 0.9705117581994852, 0.0 0.0 0.00013403837962621732 0.0027489437008090174 0.01692775188357171 0.13429096241501293 0.8458983036209801, 
84, 111111, 111111, 0.9720940984242059, 0.9720940984242059, 0.0 0.0 8.980803790350044e-05 0.0003509478565158233 0.01262374568820421 0.140775842357195 0.8461596560601815, 
85, 111111, 111111, 0.9723315040664781, 0.9723315040664781, 0.0 0.0 2.1209116544723507e-05 0.0021495246920686106 0.014561487436489077 0.13035459018576878 0.8529131885691288, 
86, 111111, 111111, 0.9749774844361524, 0.9749774844361524, 0.0 0.0 0.0 0.0008547171413596683 0.01298399598351417 0.12160294999197885 0.8645583368831472, 
87, 111111, 111111, 0.9744203622099284, 0.9744203622099284, 0.0 0.0 0.0 0.0013986031902658122 0.01370590783874065 0.12187020149214971 0.8630252874788439, 
88, 111111, 111111, 0.9720940468303129, 0.9720940468303129, 0.0 0.0 0.0 0.0012224220514245542 0.01632094818999618 0.13112655648385635 0.8513300732747229, 
89, 111110, 001111, 0.9771812107480282, 0.9771812107480282, 0.0 0.0 0.0001778341272146361 0.0009133792852450126 0.007296237098651463 0.11886878694993534 0.8727437625389536, 
90, 111111, 111111, 0.9712681664561934, 0.9712681664561934, 0.0 0.0 0.0005474532139312369 0.0025087977784798896 0.016604262471257354 0.1294662701291605 0.850873216407171, 
91, 111111, 111111, 0.9727752948084122, 0.9727752948084122, 0.0 0.0 9.091709557249432e-05 0.0031728292110864884 0.013922804536954053 0.12562046606006935 0.8571929830963175, 
92, 111111, 111110, 0.9725352995778936, 0.9725352995778936, 0.0 0.0 1.5485620801505588e-05 0.0012379645926114313 0.013704345717254403 0.13360367483708926 0.8514385292322435, 
93, 111111, 111111, 0.9752341090147905, 0.9752341090147905, 0.0 0.0 0.0 0.0007816660502319321 0.012085594219242015 0.12207915932207686 0.8650535804084492, 
94, 011111, 111111, 0.9730597879077703, 0.9730597879077703, 0.00016781198375429425 0.0001573731506219364 0.00022350724178791043 0.0009153220959270568 0.011445458627346179 0.13331662238811814 0.8537739045124445, 
95, 111111, 111111, 0.9751772663288423, 0.9751772663288423, 0.0 0.0 0.0 0.0022850085640982926 0.013911899825659591 0.11425757668333233 0.8695455149269099, 
96, 111111, 001111, 0.9732433404253971, 0.9732433404253971, 0.0 0.0 3.706773936600912e-05 0.002116813052732604 0.013272451944294876 0.12749634344336555 0.8570773238202409, 
97, 111111, 111111, 0.9736572875312611, 0.9736572875312611, 0.0 0.0 0.0001554798429855846 0.0012610657702909196 0.016768894019053324 0.12011337009151171 0.8617011902761584, 
98, 111111, 111111, 0.9724732125956607, 0.9724732125956607, 0.0 0.0 0.0 0.0008200212108809039 0.015749440577792175 0.13120177963780896 0.8522287585735179, 
99, 111111, 111111, 0.9736738378537589, 0.9736738378537589, 0.0 0.0 0.0003696814879252229 0.0006902812239791665 0.013140621327346452 0.1281261605991155 0.8576732553616336, 
100, 111111, 111111, 0.9749036139824173, 0.9749036139824173, 0.0 0.0 0.0 0.00042885985501624283 0.012274257719527695 0.12474322110139215 0.8625536613240639, 
run, initial grid state, final grid state, mean grid cell occupancy, mean binding site occupancy, fraction of time with N TFs bound, warning
1, 111111, 111111, 0.9744242479407405, 0.9744242479407405, 0.0 0.0 0.0001202003323034871 0.0011850599663239857 0.013576599036930752 0.12226533305350938 0.8628528076109324, 
2, 111111, 001111, 0.9759633388970029, 0.9759633388970029, 0.0 0.0 2.542199315655799e-06 0.001214626234201285 0.013274684609501694 0.11401654989911265 0.8714915970578687, 
3, 111111, 011111, 0.9753379935913341, 0.9753379935913341, 0.0 0.0 0.0001401012640222481 0.0010483092446878408 0.01183565404535462 0.12059539757113338 0.8663805378748018, 
4, 111111, 111111, 0.9757184526108035, 0.9757184526108035, 0.0 0.0 7.55212730763072e-05 0.0005752385915716488 0.012644925536536978 0.11837163239508493 0.86833268220373, 
5, 111111, 111111, 0.9769738759977059, 0.9769738759977059, 0.0 0.0 0.0 0.0010773360498053117 0.01037016600970388 0.1141844038449406 0.8743680940955502, 
6, 111111, 111111, 0.9728591496166625, 0.9728591496166625, 0.0 0.0 0.0 0.0008716005196017026 0.01385506511456249 0.13252017051209417 0.8527531638537417, 
7, 111111, 111111, 0.9710208347058704, 0.9710208347058704, 0.0 0.0 0.00012104880338861827 0.0007550457131397156 0.015684721093082166 0.13975621722564002 0.8436829671647496, 
8, 101111, 011111, 0.9770032622779048, 0.9770032622779048, 0.0 0.0 0.0 0.0004700030465907603 0.012054599370272642 0.11246121845225353 0.8750141791308831, 
9, 111111, 111111, 0.9740138871590396, 0.9740138871590396, 0.0 0.0 0.0 0.00048665386383073663 0.015306013192354822 0.12384468906956064 0.8603626438742538, 
10, 111111, 111111, 0.9756154066946813, 0.9756154066946813, 0.0 0.0 0.00025585424355064116 0.0010961818884994586 0.012924199019329575 0.11614719915355241 0.8695765656950679, 
11, 011111, 011111, 0.972598793906897, 0.972598793906897, 0.0 0.0 0.00012163446222827547 0.0002596352656135105 0.013491374604554317 0.13615904370375662 0.8499683119638473, 
12, 111111, 111111, 0.9733499276930776, 0.9733499276930776, 0.0 0.0 0.0001811631159047853 0.0019370790163652668 0.014989254201641287 0.12338603592553722 0.8595064677405514, 
13, 111111, 111111, 0.9722354001029302, 0.9722354001029302, 0.0 0.0 0.0001787718332525662 0.0025227760266401085 0.016653725234309934 0.12499673350086726 0.8556479934049301, 
14, 111111, 111111, 0.9735767963409712, 0.9735767963409712, 0.0 0.0 5.166348389330364e-05 0.0022802255259606096 0.012343115552599685 0.1268056603355188 0.8585193351020276, 
15, 111111, 111111, 0.9703147718091307, 0.9703147718091307, 0.0 0.0 0.0005740711247270731 0.002121416784115377 0.01929742204899009 0.13085599019598132 0.8471510998461861, 
16, 111111, 111110, 0.9707334687032869, 0.9707334687032869, 0.0 0.0 3.634688501201924e-05 0.0013408304040426298 0.01921259795378303 0.13300611312053645 0.8464041116366259, 
17, 111111, 111111, 0.9763799291965493, 0.9763799291965493, 0.0 0.0 0.0 0.0014498029557712161 0.012627014097449629 0.1121169877584918 0.8738061951882875, 
18, 111111, 111111, 0.9724515756793353, 0.9724515756793353, 0.0 0.0 0.00017068215287390208 0.0007334648815147081 0.009987926874582047 0.1424315689187845 0.8466763571722449, 
19, 111111, 111111, 0.9762032047757496, 0.9762032047757496, 0.0 0.0 0.0 0.001216909295509869 0.010976143308991581 0.11717775684099005 0.8706291905545086, 
20, 111111, 111111, 0.972694534304058, 0.972694534304058, 0.0 0.0 0.00041062491236493697 0.001362006550918278 0.014452742876408275 0.12919878912062127 0.8545758365396873, 
21, 111111, 111100, 0.9717550231424763, 0.9717550231424763, 0.0 0.0 4.43837335382189e-06 0.0019798908230096667 0.015413936131205704 0.13268456292028635 0.8499171717521444, 
22, 111111, 111111, 0.9762048797251041, 0.9762048797251041, 0.0 0.0 1.2148648678348176e-05 0.0007999637933180445 0.010662637118853102 0.11899696143700178 0.8695282890021486, 
23, 111111, 111111, 0.9727585222796659, 0.9727585222796659, 0.0 0.0 0.0003764767426825022 0.0014067044251738336 0.01547689759255856 0.12676905089063636 0.8559708703489487, 
24, 111111, 111111, 0.9736283880442352, 0.9736283880442352, 0.0 0.0 0.00014193574586956272 0.001054572999525581 0.016055329790522748 0.12238755017148811 0.860360611292594, 
25, 111111, 111111, 0.9746817518044255, 0.9746817518044255, 0.0003000750328167279 0.00016833625322398683 0.00024231568342765168 0.0005276805325464974 0.009709482354460099 0.12729608867015682 0.8617560214733683, 
26, 011111, 111111, 0.9717643405026146, 0.9717643405026146, 0.0 0.0 0.00010785840073477654 0.0024677347872190812 0.016098910610279057 0.1293814977991575 0.8519439984026095, 
27, 111110, 111111, 0.974858698709372, 0.974858698709372, 0.0 0.0 0.0 0.0007632720964977286 0.010540774364256971 0.12747644272576092 0.8612195108134844, 
28, 111111, 111111, 0.9752639029670964, 0.9752639029670964, 0.0 0.0 0.00040935206413615313 0.002441214810246882 0.012333755509864687 0.11478801849040618 0.8700276591253461, 
29, 111111, 111111, 0.9760600263023814, 0.9760600263023814, 0.0 0.0 0.0 0.00044377231701362693 0.010786356769462041 0.12073581169574597 0.8680340592177783, 
30, 111111, 111111, 0.9731516950916118, 0.9731516950916118, 5.165506025019145e-05 0.00012794841708399 0.0005913610484083493 0.001079686421959542 0.014561339656935655 0.12541297423002454 0.8581750351653378, 
31, 111110, 111111, 0.976521925012223, 0.976521925012223, 0.0 0.0 0.0001095062528405303 0.0009122654810272936 0.01045807383299501 0.11677748080622814 0.871742673626909, 
32, 111111, 111111, 0.9718399955080622, 0.9718399955080622, 0.0 0.0 0.0003742714335997899 0.0022213204282059925 0.013096283256970145 0.13460641341866988 0.8497017114625541, 
33, 111111, 111111, 0.9749296627459324, 0.9749296627459324, 0.0 0.0 0.0001897316582489581 0.0022025776200789433 0.010327385856993311 0.12240059231718632 0.8648797125474924, 
34, 111111, 111111, 0.9741556155769, 0.9741556155769, 0.0 0.0 0.0001352568603631428 0.0010580096508616777 0.009855681228486669 0.13163988768758983 0.8573111645726986, 
35, 111111, 111110, 0.9757468369104377, 0.9757468369104377, 0.0 0.0 0.0 0.0008744889589235044 0.011116436180949497 0.12066263929870436 0.8673464355614227, 
36, 111110, 111111, 0.9732641626793581, 0.9732641626793581, 0.0 0.0 0.00037001823737530475 0.0017171095246571585 0.015976684451138964 0.12183025349810125 0.8601059342887274, 
37, 111110, 111110, 0.9740193983414952, 0.9740193983414952, 0.0 0.0 0.0 0.0012463407196776212 0.016195450693822302 0.11975368640435193 0.8628045221821482, 
38, 111111, 111111, 0.9754313287916458, 0.9754313287916458, 0.0 0.0 2.5694289612088883e-05 0.001148526116756229 0.014236448523275514 0.11539077469485672 0.8691985563754995, 
39, 111110, 111111, 0.9741511045082364, 0.9741511045082364, 0.0 0.0 0.00023133541601964402 0.0017444064430874406 0.015185292785633357 0.11856422638597368 0.864274738969286, 
40, 111111, 111111, 0.9736438095156216, 0.9736438095156216, 0.0 0.0 0.0 0.00042883135234934936 0.009472047604055478 0.1379065536411116 0.8521925674024835, 
41, 111111, 011111, 0.97114326511773, 0.97114326511773, 0.0 0.0 0.0 0.001459162574869082 0.014272573365725022 0.140217774837563 0.8440504892218429, 
42, 111111, 111110, 0.9710490532857348, 0.9710490532857348, 0.0 0.0 0.0 0.00169003522327284 0.017839011453676366 0.13295755170841997 0.8475134016146308, 
43, 111111, 111111, 0.9729398720618015, 0.9729398720618015, 0.0 0.0 5.2036435649849116e-05 0.0020182188457783805 0.014705746104372412 0.1266864731405117 0.8565375254736877, 
44, 111111, 111111, 0.9727462327110308, 0.9727462327110308, 0.0 0.0 0.0002334757614393745 0.0011035020380488036 0.012719799327153138 0.13383859591960456 0.8521046269537541, 
45, 111111, 111111, 0.9745319662591131, 0.9745319662591131, 0.0 0.0 0.00020561618673233756 0.0014838299067748053 0.012369574470389243 0.1227950990372893 0.8631458803988142, 
46, 111111, 111111, 0.9765549850426989, 0.9765549850426989, 0.0 0.0 0.0 0.0006872467779363904 0.013545240129630445 0.1115178691507368 0.8742496439416964, 
47, 111111, 111111, 0.9769421228607427, 0.9769421228607427, 0.0 0.0 0.0 0.0007413260199929702 0.010237293671191604 0.11564869743318165 0.8733726828756339, 
48, 011111, 111111, 0.9720242453125737, 0.9720242453125737, 0.0 0.0 0.00015660897514860542 0.0011373537320096719 0.01639769596200309 0.13102063910392853 0.8512877022269101, 
49, 111111, 111111, 0.9732309729827919, 0.9732309729827919, 0.0 0.0 7.60160803369681e-05 0.002581563080587324 0.01341077176844142 0.12574386500325535 0.8581877840673788, 
50, 111111, 011111, 0.9746571779333358, 0.9746571779333358, 0.0 0.0 0.0001639557901510738 0.0017882921556508539 0.013801687965742807 0.11843285684094255 0.8658132072475127, 
51, 111111, 111111, 0.9745966320140779, 0.9745966320140779, 0.0 0.0 0.0 0.0012744742522563537 0.011580310405864012 0.12543616434703517 0.8617090509948444, 
52, 111111, 111111, 0.975009749450422, 0.975009749450422, 0.0 0.0 0.0006351507464272634 0.0008636223350887886 0.011718720332195853 0.12137259264210216 0.865409913944186, 
53, 111111, 111111, 0.9745805146322174, 0.9745805146322174, 0.0 0.0 0.0 0.0017371346632845982 0.013687530270494712 0.11993044767585223 0.8646448873903685, 
54, 001111, 111111, 0.9712667398445762, 0.9712667398445762, 0.0 0.0 4.140908450319653e-05 0.0014199023334279797 0.013233429142127735 0.14150735930999084 0.8437979001299503, 
55, 111111, 111111, 0.9725311818835882, 0.9725311818835882, 0.0 0.0 0.0005394124198248556 0.0010925767306805187 0.013352547649299796 0.13267243352853006 0.8523430296716649, 
56, 111111, 111111, 0.9722663048927761, 0.9722663048927761, 0.0 0.0 0.0 0.0013060856890393011 0.015487901594859169 0.13150811038650653 0.851697902329595, 
57, 111111, 111111, 0.9735680800137659, 0.9735680800137659, 0.0 0.0 0.0 0.0012629791001432281 0.011713145468172292 0.13137629168063025 0.8556475837510542, 
58, 111111, 111111, 0.974395242417097, 0.974395242417097, 0.0 0.0 0.0 0.000686730445437488 0.015396544489409332 0.12077526518228701 0.8631414598828662, 
59, 111111, 111111, 0.9721513177070061, 0.9721513177070061, 0.0 0.0 0.0001046005507934661 0.002561638011541314 0.01564252846343199 0.12770372059330187 0.8539875123809314, 
60, 111111, 111111, 0.9747089753709794, 0.9747089753709794, 0.00012847422079608552 0.00011198976892437253 0.0006999108438950492 0.0021089197139687195 0.013404426397621625 0.11448009829199543 0.8690661807627988, 
61, 111111, 111111, 0.9742781891009598, 0.9742781891009598, 0.0 0.0 0.0 0.001360366448496842 0.012624667932686814 0.12500043018337753 0.8610145354354388, 
62, 111111, 111111, 0.9742103307954646, 0.9742103307954646, 0.0 0.0 0.0 0.0015695134679305836 0.011962855444066622 0.12610376393528774 0.8603638671527151, 
63, 111111, 111110, 0.9727731309968277, 0.9727731309968277, 0.0 0.0 2.2144647708393274e-05 0.0008573316484377177 0.012412442350656685 0.1358757557815736 0.8508323255716237, 
64, 111111, 111111, 0.9703027800058993, 0.9703027800058993, 0.0 2.627115111351013e-06 6.951689482200713e-05 0.0028543105332455177 0.014231985148568818 0.1408652149128857 0.8419763453953666, 
65, 111111, 011111, 0.9767288525640666, 0.9767288525640666, 0.0 0.0 6.729116533960615e-05 0.0006116034069575865 0.014133513191003585 0.10925588335136185 0.8759317088853374, 
66, 111111, 111110, 0.9740204663922859, 0.9740204663922859, 0.0 0.0 0.0 6.23825188015756e-05 0.011786272213519813 0.13211750966283972 0.8560338356048389, 
67, 111111, 111111, 0.9759252639660014, 0.9759252639660014, 0.0 0.0 6.701218340226581e-05 0.0005902789256136757 0.010041951294451455 0.12232562810463801 0.8669751294918946, 
68, 111111, 111111, 0.9734520648574854, 0.9734520648574854, 0.0 0.0 0.0 0.000637549419843377 0.015368360181860139 0.12663824223183703 0.8573558481664594, 
69, 111111, 011111, 0.9721351704310216, 0.9721351704310216, 0.0 0.0 0.0 0.0007910071748482258 0.014673570735715066 0.13546881441789535 0.8490666076715414, 
70, 111111, 111111, 0.9754637622469535, 0.9754637622469535, 0.0 0.0 0.0 0.0001573197396280297 0.00974964476052465 0.12724617777834576 0.8628468577215017, 
71, 111111, 111111, 0.9725160999923022, 0.9725160999923022, 0.0 0.0 0.00072232184660219 0.0025802637438539803 0.014721250582781046 0.12483082026265413 0.8571453435641087, 
72, 011111, 111111, 0.9696856133902301, 0.9696856133902301, 0.0 0.0 0.0001758736752602032 0.000931118628768566 0.017268726855962507 0.14385201535934758 0.8377722654806611, 
73, 111111, 111111, 0.9778041858051639, 0.9778041858051639, 0.0 0.0 0.00012200547185980138 0.000883636350052291 0.0066974053068311785 0.11664114361775733 0.8756558092534994, 
74, 111111, 111111, 0.9726919345438778, 0.9726919345438778, 0.0 0.0 0.0001723181125606809 0.0008163700588577276 0.014024998063970994 0.13266001398197533 0.8523262997826353, 
75, 111111, 111111, 0.9742635614391113, 0.9742635614391113, 0.0 0.0 0.0004578932857132525 0.0014721996859621007 0.015042331717731738 0.11808579572912922 0.8649417795814637, 
76, 111111, 011111, 0.9755739265660812, 0.9755739265660812, 0.0 0.0 0.0 0.00038239992815207864 0.013146684242609966 0.11911587233383715 0.8673550434954007, 
77, 111111, 111111, 0.9762861060325271, 0.9762861060325271, 0.0 0.0 0.0 0.0010361827139077867 0.010726571296917975 0.11772167306927807 0.8705155729198961, 
78, 111111, 111111, 0.9729235576575309, 0.9729235576575309, 0.0 0.0 0.00031093080404753835 0.0008631659228378178 0.012911109980537586 0.13280321310903587 0.8531115801835413, 
79, 111111, 111111, 0.9732647354901828, 0.9732647354901828, 0.0 0.0 0.0 0.0016046888781432451 0.016083207055684435 0.12343110631310489 0.8588809977530674, 
80, 111111, 111111, 0.9747470102183732, 0.9747470102183732, 0.0 0.0 0.00026247958441240446 0.0016019399760396106 0.011430734105759939 0.12280073221247352 0.8639041141213146, 
81, 111111, 111110, 0.9710621085327777, 0.9710621085327777, 0.0 0.0 0.0 0.0015635268448941336 0.01940379116104213 0.1301291859465665 0.8489034960474973, 
82, 111111, 111111, 0.9768597852090435, 0.9768597852090435, 0.0 0.0 0.0 0.0003407895747603405 0.011448938618945472 0.11492104278356657 0.8732892290227275, 
83, 111111, 111111, 0.9743138248498026, 0.9743138248498026, 0.0 0.0 3.3983913917427965e-05 0.001987441356858625 0.014486245816918075 0.11904629954110381 0.864446029371202, 
84, 111111, 111111, 0.968701938346483, 0.968701938346483, 0.0 0.0 0.0 0.001862977739136148 0.02120267935112892 0.13979407800143553 0.8371402649082994, 
85, 111111, 111111, 0.9712764662103113, 0.9712764662103113, 0.0 0.0 0.0 0.0009771740912594823 0.018196203115097124 0.13301727423415916 0.8478093485594842, 
86, 111111, 111111, 0.9766647564273491, 0.9766647564273491, 0.0 0.0 0.0 0.0002530826596359979 0.009415891236273377 0.12042043098445093 0.8699105951196398, 
87, 111111, 111111, 0.9783999221663281, 0.9783999221663281, 0.0 0.0 0.0 0.0005519436555950414 0.0099756324486921 0.1079933711378623 0.8814790527578507, 
88, 111111, 111111, 0.9764777003198082, 0.9764777003198082, 0.0 0.0 0.0 0.0008588186737085523 0.013313395256565361 0.11193055154689492 0.8738972345228312, 
89, 111111, 111111, 0.9776141616109265, 0.9776141616109265, 0.0 0.0 0.0 0.0006942778414834681 0.009843181786169069 0.11254583323765216 0.8769167071346953, 
90, 111111, 111110, 0.9724397421158663, 0.9724397421158663, 0.0 0.0 0.00014943783655870527 0.0010717382062878067 0.014789475191251572 0.1319696309572015 0.8520197178087004, 
91, 111111, 111111, 0.9740681513749551, 0.9740681513749551, 0.0 0.0 0.0 0.0006299038718342461 0.012261349920406926 0.12917868029395302 0.8579300659138058, 
92, 111111, 111111, 0.9710743113553448, 0.9710743113553448, 0.0 0.00011238266188962118 0.0005845071189025185 0.002015165031180623 0.017657287545057136 0.129294119899217 0.8503365377437532, 
93, 111111, 111111, 0.9743014576944968, 0.9743014576944968, 0.0 0.0 9.553734172196614e-05 0.0009724373092549754 0.013757862433937083 0.12337606767049197 0.8617980952445939, 
94, 111111, 111111, 0.9707956893905842, 0.9707956893905842, 0.0 0.0 3.3529235147975734e-05 0.002456323474769535 0.01654727986632119 0.13462821655895124 0.8463346508648101, 
95, 111111, 111111, 0.9727084858512098, 0.9727084858512098, 0.0 0.0 0.0 0.0006789935609721214 0.015158531612810906 0.13139504098420254 0.8527674338420145, 
96, 111111, 111111, 0.9737057683645018, 0.9737057683645018, 0.0 0.0 0.0 0.0009490960819696244 0.014306000856017713 0.126306099855045 0.8584388032069676, 
97, 111111, 111111, 0.9731641838751695, 0.9731641838751695, 0.0 0.0 9.368156409036544e-06 0.001244215973842598 0.014821874077719406 0.1276010280463803 0.8563235137456486, 
98, 111111, 111111, 0.974860349356802, 0.974860349356802, 0.0 0.0 0.000151298221067474 0.0012802503250058986 0.013854433953588709 0.11868309209272286 0.8660309254076151, 
99, 111111, 111111, 0.9737224567086452, 0.9737224567086452, 0.0001712537722169785 8.549560033548444e-05 0.0005075142317164512 0.001484569476017526 0.012646640726551221 0.12443321230512885 0.8606713138880335, 
100, 011111, 111111, 0.9727481420720998, 0.9727481420720998, 0.0 0.0 0.0001038289592653229 0.0010282947593520367 0.014081160614466565 0.1318486262233507 0.8529380894435654, 
run, initial grid state, final grid state, mean grid cell occupancy, mean binding site occupancy, fraction of time with N TFs bound, warning
1, 111111, 111111, 0.9701816405939145, 0.9701816405939145, 0.0 0.0 0.0005655046482654625 0.0015833712749229619 0.015848312802678642 0.14020139841332474 0.8418014128608082, 
2, 111111, 011111, 0.9763152501928365, 0.9763152501928365, 0.0 0.0 0.0 0.0015453041355620962 0.01154586834956197 0.11438084973717075 0.8725279777777052, 
3, 111111, 111111, 0.9760593804922203, 0.9760593804922203, 0.0 0.0 6.952200703677676e-06 0.0010175532026079155 0.011183114208670549 0.11819702021869825 0.8695953601693196, 
4, 011111, 111111, 0.9708530243137483, 0.9708530243137483, 0.0 0.0 0.0 0.0016617494978776856 0.018793084129143347 0.13231043736559026 0.8472347290073886, 
5, 111111, 111111, 0.9721235537918378, 0.9721235537918378, 0.0 0.0 8.923386549495514e-05 0.0009272662203377555 0.0159295581528603 0.13226082682025908 0.8507931149410479, 
6, 111111, 111111, 0.9749495271955367, 0.9749495271955367, 0.0 0.0 0.0 0.0005684492902323745 0.014709246585228378 0.11917899578562564 0.8655433083389136, 
7, 111111, 111111, 0.972501071739034, 0.972501071739034, 0.0 0.0 0.0 0.002853785723495171 0.014108490936906278 0.12821523052149816 0.8548224928181004, 
8, 111111, 111111, 0.9751757402692777, 0.9751757402692777, 0.0 0.0 3.0235066326310232e-05 0.0009713561667368595 0.010037107903731303 0.1258363338113558 0.8631249670518497, 
9, 111111, 111111, 0.9739392005826011, 0.9739392005826011, 0.0 0.0 0.00019522886003281385 0.0011083898978704993 0.008779172876308266 0.1347003656180344 0.855216842747754, 
10, 111111, 111111, 0.9747039384364377, 0.9747039384364377, 0.0 0.0 0.0002120316123660689 0.0014945467265123694 0.009906057754841492 0.12663248724268938 0.8617548766635907, 
11, 111111, 111111, 0.974628589625011, 0.974628589625011, 0.0 0.0 0.0 0.0015039373875008876 0.011094657177409532 0.12552733573261204 0.8618740697024776, 
12, 111111, 111111, 0.9726709779076285, 0.9726709779076285, 0.0 0.0 2.457476306744984e-05 0.001195722803537363 0.017247633469139073 0.12579339815306945 0.8557386708111866, 
13, 111111, 111111, 0.9743654304407892, 0.9743654304407892, 0.0 0.0 0.0 0.00019981428722486963 0.0151280351788157 0.12295190413595856 0.8617202463980008, 
14, 011111, 111111, 0.9738541999353301, 0.9738541999353301, 0.0 0.0 0.0 0.0024056952909674804 0.01632040115539554 0.11701691220432545 0.8642569913493114, 
15, 111111, 111111, 0.9729858873459803, 0.9729858873459803, 0.0 0.0 0.0 0.0003609599551905904 0.013508338577364692 0.13398511890381687 0.8521455825636278, 
16, 111111, 111111, 0.9727308091104302, 0.9727308091104302, 0.0 0.0 4.978510017395019e-05 0.0002871505179008114 0.014518460480635936 0.13351763242174852 0.8516269714795408, 
17, 011111, 111111, 0.9716805749217747, 0.9716805749217747, 0.0 2.6012805098011376e-06 0.00032740041266486754 0.0016470870090932504 0.017672462924868505 0.12830775553912616 0.8520426928337375, 
18, 111111, 111111, 0.9775518541406918, 0.9775518541406918, 0.0 0.0 0.00010663082122609727 0.0004946107091136205 0.011808741460391091 0.10916103682282224 0.8784289801864469, 
19, 011111, 111111, 0.9758155406409471, 0.9758155406409471, 0.0 0.0 0.0 0.0006952145598305122 0.007495150517032682 0.12803081144075965 0.8637788234823771, 
20, 111111, 111111, 0.9732466692024077, 0.9732466692024077, 0.0 0.0 0.0 0.0007284260439184094 0.017701266798459084 0.12293217305688042 0.8586381341007421, 
21, 111111, 111110, 0.9747905797356481, 0.9747905797356481, 0.0 0.0 0.0 0.0006489769370168731 0.013953144972151244 0.12140330083075877 0.8639945772600731, 
22, 111111, 111111, 0.9762858454976835, 0.9762858454976835, 0.0 0.0 7.657937933637981e-05 0.0007529698698788029 0.012513459782274139 0.11469278032236956 0.8719642106461412, 
23, 111111, 001111, 0.9738894843658741, 0.9738894843658741, 0.0 0.0 0.0 0.0016800979276633545 0.01197100824366663 0.1276807835344315 0.8586681102942386, 
24, 111111, 111111, 0.9721724922818967, 0.9721724922818967, 0.0 0.0 0.0 0.000645452429697031 0.01588759739506424 0.13325349422939983 0.8502134559458389, 
25, 111111, 111111, 0.9732800834826267, 0.9732800834826267, 0.0 0.0 1.3736724151997337e-05 0.0008467197585936315 0.011414601063956361 0.13489519080393736 0.8528297516493607, 
26, 111111, 111111, 0.975601717755148, 0.975601717755148, 0.0 0.0 0.0 0.0004211124655840687 0.010487021502400462 0.12415231306755874 0.8649395529644568, 
27, 111111, 111111, 0.9722342786514361, 0.9722342786514361, 0.0 0.0 6.445629735310872e-05 0.0009497070682209729 0.017961382126806844 0.12756461744369443 0.8534598370639246, 
28, 111111, 011111, 0.9719693772917799, 0.9719693772917799, 0.0 0.0 0.0 0.0016443717532145265 0.01547273069060747 0.13230515960846245 0.8505777379477155, 
29, 011111, 111111, 0.9715875253157006, 0.9715875253157006, 0.00020175575445277347 0.00023335601588044845 0.0012694388052904037 0.0031738738956144947 0.016620283409123582 0.12025758977342546 0.8582437023462128, 
30, 111111, 111111, 0.9737308030004974, 0.9737308030004974, 0.0 0.0 3.7372223998024347e-05 0.0010959516511372972 0.013368081094120177 0.12744167595937142 0.858056919071373, 
31, 111111, 111111, 0.9710379354206362, 0.9710379354206362, 0.0 0.0 4.0937009811401364e-05 0.0019723159806388684 0.015505274449718451 0.13668114259558384 0.8458003299642475, 
32, 111111, 111111, 0.9725980730165343, 0.9725980730165343, 0.0 0.0 0.0 0.0010917865403277124 0.017235010871896977 0.12666618053601666 0.8550070220517587, 
33, 111111, 111111, 0.976614764339969, 0.976614764339969, 0.0 0.0 2.8068599032050085e-05 0.000933143741230624 0.010537329068307719 0.11632505020375117 0.8721764083876785, 
34, 111111, 111111, 0.9743606955825637, 0.9743606955825637, 0.0 0.0 0.0001524188592530432 0.0008122340175575301 0.008694902645124652 0.1333996437246838 0.8569408007533811, 
35, 111111, 111111, 0.9733609993508542, 0.9733609993508542, 0.0 0.0 0.00018810322717223847 0.0008746244549207743 0.016055527359711257 0.12434666290200065 0.8585350820561951, 
36, 111111, 111111, 0.9751816774241435, 0.9751816774241435, 0.0 0.0 0.0 0.001290323912857501 0.013400070307507268 0.11823882310155201 0.8670707826780832, 
37, 111111, 111111, 0.9758269213541725, 0.9758269213541725, 0.0 0.0 5.863427038262642e-05 0.0008296706121138374 0.011935058408993829 0.11844480613910613 0.8687318305694036, 
38, 111111, 111111, 0.9727805258942417, 0.9727805258942417, 0.0 0.0 6.379886290538877e-05 0.001052799057429894 0.015652644390904497 0.12859796322882924 0.854632794459931, 
39, 111111, 111111, 0.9737004259149206, 0.9737004259149206, 0.0 0.0 0.0001540981715187572 0.0012068293138047467 0.013405982260000717 0.12674859936298583 0.8584844908916899, 
40, 111111, 111111, 0.9743720766649318, 0.9743720766649318, 0.0 0.0 0.0 0.0011921623009044356 0.012382551459146924 0.12542595018940153 0.8609993360505471, 
41, 111110, 111111, 0.9670455253086736, 0.9670455253086736, 0.0 0.0 0.0 0.0027615676599815485 0.020141484057790725 0.14915917705243226 0.8279377712297954, 
42, 001111, 111111, 0.9763877210910036, 0.9763877210910036, 0.0 0.0 0.0 0.0006337434180576318 0.011214691983469678 0.1173430592328663 0.8708085053656064, 
43, 111111, 111111, 0.9727491548456282, 0.9727491548456282, 0.0 0.0 1.6559609066758835e-05 0.0012011072381658639 0.017158669092896428 0.12551817258967324 0.8561054914701978, 
44, 111111, 111111, 0.9738045640058867, 0.9738045640058867, 0.0 0.0 7.752988368953976e-06 0.0022750097165443782 0.01044299911176868 0.12943057663803337 0.8578436615452846, 
45, 111111, 111111, 0.9750627728926896, 0.9750627728926896, 0.0 0.0 0.0 0.0025612895241044317 0.010875722330615093 0.12018804941031869 0.8663749387349619, 
46, 111111, 111111, 0.9723375183602949, 0.9723375183602949, 0.0 0.0 0.0001287031316440446 0.000954047551722507 0.01629209042603529 0.1300137538044164 0.8526114050861817, 
47, 111111, 111111, 0.972882483042044, 0.972882483042044, 1.0745547273882797e-05 0.00017168950816698016 0.0004118971389115424 0.0013413904025258193 0.013393577913122586 0.1293232653337885 0.8553474341562106, 
48, 111111, 111111, 0.9720853820764388, 0.9720853820764388, 0.0 2.7349466999371843e-05 0.0009339931271161919 0.0019624124049677735 0.015511299851223357 0.12670515078055583 0.8548597943691375, 
49, 111111, 111111, 0.971855100868683, 0.971855100868683, 0.0 0.0 0.00012147209541491099 0.00177306421666818 0.014497670911314379 0.13406897193360914 0.8495388208429934, 
50, 111111, 111111, 0.9732725921871908, 0.9732725921871908, 0.0 0.0 1.4698203645149865e-05 0.0010776511123599748 0.013069259419363231 0.13093418188646783 0.8549042093781638, 
51, 111111, 111111, 0.974023583563474, 0.974023583563474, 0.0 0.0 0.0 0.0005794843902861042 0.01201214362516203 0.13009575819797406 0.8573126137865779, 
52, 111111, 111111, 0.9739961166511407, 0.9739961166511407, 0.0 0.0 0.00019447278232720988 0.0004302298760265608 0.011551923447984388 0.13085087243979798 0.8569725014538639, 
53, 111111, 111110, 0.9708766619919053, 0.9708766619919053, 0.0 0.0 0.00015078941943248112 0.0023724601074728508 0.018783021974583633 0.12945344609925283 0.8492402823992583, 
54, 111111, 111111, 0.9732923778675828, 0.9732923778675828, 0.0 0.0 0.0002286839619788669 0.0007415719364649624 0.013235129298570993 0.13063602254005038 0.8551585922629349, 
55, 111110, 111111, 0.9749048076515956, 0.9749048076515956, 0.0 0.0 0.0 0.0010045867710166884 0.013132658795160568 0.12129207618705468 0.864570678246768, 
56, 111110, 111111, 0.9743326754730023, 0.9743326754730023, 0.0 0.0 0.00015224319024863695 0.0008938817153729639 0.0130356507280157 0.12464202779884143 0.8612761965675212, 
57, 111111, 111111, 0.9669361764192311, 0.9669361764192311, 0.0 0.0 0.0003032318988432886 0.0019182605377825897 0.01677558112256827 0.15786407003075584 0.82313885641005, 
58, 111111, 111111, 0.97183374384595, 0.97183374384595, 0.0 0.0 0.0 0.0014109584747547478 0.014929244464632924 0.13490617257076995 0.8487536244898424, 
59, 111111, 111111, 0.9723522412273012, 0.9723522412273012, 0.0 0.0 0.0 0.001201506861330079 0.013432882150291994 0.13541626775161802 0.8499493432367599, 
60, 111111, 111111, 0.9749991607105565, 0.9749991607105565, 0.0 0.0 3.943742862675871e-05 0.0007845311987183775 0.013654109170868048 0.12018547408426256 0.8653364481175242, 
61, 011111, 111111, 0.9701487247708397, 0.9701487247708397, 0.0 0.0 0.0002303239376509757 0.0018182218099865458 0.014321964860309545 0.144087760473779 0.8395417289182739, 
62, 111111, 111111, 0.9742772510150786, 0.9742772510150786, 0.0001347243358474686 0.000209111479224591 0.00025153317673206325 0.0002445142032193002 0.013060642505686679 0.12462163017036079 0.8614778441289291, 
63, 111111, 111111, 0.9765168967777023, 0.9765168967777023, 0.0 0.0 0.0 0.0006824048987930161 0.012952396466516539 0.11294661170437381 0.8734185869303166, 
64, 111111, 111111, 0.9759130476189849, 0.9759130476189849, 0.0 0.0 1.350965435019561e-05 0.0010778216026119745 0.011979081540112272 0.11727604778062876 0.8696535394222967, 
65, 111111, 111111, 0.9749800740169874, 0.9749800740169874, 0.0 0.0 0.0 0.0010744766065910476 0.007739069576781909 0.13141798692473847 0.8597684668918886, 
66, 111111, 111111, 0.9759330359796078, 0.9759330359796078, 0.0 0.0 2.697013150998524e-05 0.0011039662876082034 0.010766136277996819 0.11944973217749516 0.8686531951253899, 
67, 111111, 011111, 0.9744124787321826, 0.9744124787321826, 0.0 0.0 4.376353327927135e-05 0.00045238404528123987 0.013648334564021647 0.12469625220990004 0.8611592656475178, 
68, 111111, 111111, 0.9727115823787096, 0.9727115823787096, 0.0 0.0 0.0 0.000696049349626331 0.016030786673055276 0.12958078433275352 0.8536923796445649, 
69, 111111, 111111, 0.9742444266573008, 0.9742444266573008, 0.0 0.0 5.282834250347954e-05 0.0024594835660309805 0.012624505745074361 0.12169466449793945 0.8631685178484517, 
70, 111111, 111110, 0.9762343655613519, 0.9762343655613519, 0.0 0.0 0.0 0.0009144927190233057 0.010612627052534544 0.11862507436974926 0.8698478058586928, 
71, 111111, 111111, 0.973599782226969, 0.973599782226969, 0.0 0.0 0.0003327247489757764 0.0014816404456953773 0.014522877899840242 0.12357973050551603 0.8600830263999726, 
72, 111111, 111111, 0.9753334319697654, 0.9753334319697654, 0.0 0.0 0.0 0.0011616164774308246 0.013245390933517877 0.11802377688207911 0.8675692157069722, 
73, 111111, 111111, 0.9740622556207762, 0.9740622556207762, 0.0 0.0 0.00021516595419355798 0.0021429454093712 0.014474190234218073 0.11938858576201862 0.8637791126401986, 
74, 111111, 111111, 0.97515226692484, 0.97515226692484, 0.0 0.0 4.765476333379745e-05 0.0011731478119434628 0.013535433253501344 0.11830546945479133 0.86693829471643, 
75, 111111, 111111, 0.9742421141540115, 0.9742421141540115, 0.0 0.0 0.0 0.0008281722742195356 0.012002769486808326 0.12805725927965508 0.859111798959317, 
76, 111111, 111111, 0.9776404227367452, 0.9776404227367452, 0.0 0.0 0.0 0.001446911682225125 0.009253835091170384 0.11130905835051234 0.8779901948760922, 
77, 111111, 011110, 0.9740972882866441, 0.9740972882866441, 0.0 0.0 7.208848371324084e-05 0.002453362953926069 0.011342717863818633 0.12508239175586772 0.8610494389426744, 
78, 111111, 111111, 0.974586353876918, 0.974586353876918, 0.0 0.0 0.0 0.002136684627492818 0.013663143503727262 0.11874553584855838 0.8654546360202217, 
79, 111111, 111111, 0.9753754487335989, 0.9753754487335989, 0.0 0.0 0.0001691673058896973 0.0007815510860428922 0.014662230455167086 0.11540152420638422 0.8689855269465162, 
80, 111111, 111111, 0.9745950428390302, 0.9745950428390302, 0.0 0.0 0.0 0.0008117262815321768 0.013874264908735334 0.12224603430375135 0.8630679745059812, 
81, 001111, 111111, 0.9725512713803345, 0.9725512713803345, 0.0 0.0 0.0 0.0019709479778884137 0.018878581758906453 0.12102236426651468 0.8581281059966904, 
82, 111111, 111111, 0.9722310965206834, 0.9722310965206834, 0.0 0.0 0.0 0.001723885145715191 0.01720328875221769 0.12703518793431864 0.8540376381677484, 
83, 111100, 111111, 0.9717470895675059, 0.9717470895675059, 0.0 0.0 0.00013691659519178526 0.0015110751073189716 0.015077516967976032 0.13428153695628875 0.8489929543732245, 
84, 111111, 111111, 0.975529234539976, 0.975529234539976, 0.0001810695618888026 2.879908205863975e-05 8.331126945049989e-05 0.0005427729771739527 0.009563375825235044 0.12450586431872443 0.8650948069654686, 
85, 111111, 111111, 0.9736021304257557, 0.9736021304257557, 0.0 0.0 0.00010392558064426694 0.000948863976452237 0.0117603464938911 0.13160423020574977 0.8555826337432626, 
86, 011111, 011111, 0.9724756870863317, 0.9724756870863317, 0.0 0.0 3.76353975600288e-05 0.0015095937196138215 0.015094491464562506 0.13027757180380345 0.8530807076144601, 
87, 111111, 111111, 0.9771061836540973, 0.9771061836540973, 0.0 0.0 0.0 0.0009858463608237106 0.011367260302239461 0.11167083838846699 0.87597605494847, 
88, 111111, 111111, 0.9745684551133283, 0.9745684551133283, 0.0 0.0 0.0 0.0005599083034974478 0.012080206727391395 0.12674913095475468 0.8606107540143565, 
89, 111111, 111111, 0.975747004443045, 0.975747004443045, 0.0 0.0 0.0003558034135449216 0.0021595711655933657 0.011943769309389993 0.11372850757199036 0.8718123485394814, 
90, 111111, 111111, 0.97196321464585, 0.97196321464585, 0.0 0.0 0.0 0.0017627734692083794 0.015187998502213133 0.13255639471284827 0.8504928333157302, 
91, 111111, 111111, 0.971210113464094, 0.971210113464094, 0.0 0.0 0.0 0.001805964341296234 0.015258032906754464 0.13680536037803823 0.846130642373911, 
92, 111111, 011111, 0.9723442719595903, 0.9723442719595903, 0.0 0.0 0.0005009151509549504 0.0024123332941806083 0.015962034949795593 0.1247696378565064 0.8563550787485624, 
93, 111111, 111111, 0.974864417723589, 0.974864417723589, 0.0 0.0 0.00012583832529479546 0.0007420259861846196 0.012935990285926095 0.12221208182687976 0.8639840635757148, 
94, 111111, 111111, 0.9720349109780912, 0.9720349109780912, 0.0 0.0 0.0004661140085292403 0.003052458202764144 0.014292304713788182 0.1281840940614673 0.8540050290134511, 
95, 111111, 111111, 0.9738937299898185, 0.9738937299898185, 0.0 0.0 8.279518848379453e-05 0.0014241724023900712 0.013643570893865194 0.12474678031225286 0.860102681203008, 
96, 111111, 111111, 0.9759225198721805, 0.9759225198721805, 0.0 0.0 0.0 0.0013619305295620077 0.014379229056159857 0.11162063106591111 0.872638209348367, 
97, 111110, 111111, 0.9721750843949011, 0.9721750843949011, 0.0 0.0 0.0 0.0003921637007741133 0.015245515570563688 0.13528197138714435 0.8490803493415179, 
98, 111111, 111111, 0.9742483649753376, 0.9742483649753376, 0.0 0.0 0.0 0.0007442410064907797 0.009262265501004417 0.13375255612649348 0.8562409373660114, 
99, 111111, 111111, 0.977417803221923, 0.977417803221923, 0.0 0.0 0.0 0.0010070496410916282 0.011282861020710088 0.10990630970376714 0.8778037796344311, 
100, 111111, 111111, 0.9769514865612963, 0.9769514865612963, 0.0 0.0 4.7929440716334745e-05 0.0007320231412579615 0.01195469715284858 0.11199389913988556 0.8752714511252916, 
