run, initial grid state, final grid state, mean grid cell occupancy, mean binding site occupancy, fraction of time with N TFs bound, warning
1, 111111, 111111, 0.9958013250277161, 0.9958013250277161, 0.0 0.0 0.0 0.0 0.00011434168897191683 0.024963366455759382 0.9749222918552687, 
2, 111111, 111111, 0.9958087986645788, 0.9958087986645788, 0.0 0.0 0.0 0.0 0.0007305507510696422 0.023686106510387297 0.975583342738543, 
3, 011110, 111111, 0.9953573714966917, 0.9953573714966917, 0.0 0.0 0.0 0.0 0.00014985615020242666 0.02755605871944507 0.9722940851303524, 
4, 111111, 111111, 0.9957252192316484, 0.9957252192316484, 0.0 0.0 0.0 0.0 6.53455736238048e-05 0.025517993462863042 0.9744166609635132, 
5, 111111, 111111, 0.995907218236189, 0.995907218236189, 0.0 0.0 0.0 0.0 0.0006670410225145588 0.023222608537836257 0.9761103504396492, 
6, 111111, 111111, 0.9951375311058679, 0.9951375311058679, 0.0 0.0 0.0 1.8037280617044084e-05 0.0011115709444705609 0.02689755963400023 0.9719728321409121, 
7, 111111, 111111, 0.9956706893290719, 0.9956706893290719, 0.0 0.0 0.0 0.0 0.0011823770593417256 0.02361110990688535 0.975206513033773, 
8, 111111, 111111, 0.9956616523120858, 0.9956616523120858, 0.0 0.0 0.0 0.0 0.0008157837340668552 0.024398518659351727 0.9747856976065814, 
9, 111111, 111111, 0.9955075691055945, 0.9955075691055945, 0.0 0.0 0.0 0.0 0.0006977647419856985 0.025559055882461785 0.9737431793755525, 
10, 111111, 111111, 0.996196658026499, 0.996196658026499, 0.0 0.0 0.0 2.3695312985919767e-05 0.0005051781084890734 0.021738609685069445 0.9777325168934556, 
11, 111111, 111111, 0.9959287455383256, 0.9959287455383256, 0.0 0.0 0.0 0.0 0.00025451350654829115 0.023918499756949874 0.9758269867365018, 
12, 111111, 111111, 0.9953957480708457, 0.9953957480708457, 0.0 0.0 0.0 0.0 0.00011779664919759544 0.027389918276530343 0.9724922850742721, 
13, 111111, 111111, 0.9950510947103292, 0.9950510947103292, 0.0 0.0 0.0 0.0 0.0008225739588958591 0.028048283820232712 0.9711291422208714, 
14, 111111, 111111, 0.995026684600729, 0.995026684600729, 0.0 0.0 0.0 0.0 0.0004487382608494375 0.02894241587392705 0.9706088458652236, 
15, 111111, 111111, 0.9956260284382361, 0.9956260284382361, 0.0 0.0 0.0 0.0 0.0 0.02624382937058285 0.9737561706294172, 
16, 111111, 111111, 0.9961952454285814, 0.9961952454285814, 0.0 0.0 0.0 0.0 0.00010175957377411069 0.02262500828096379 0.9772732321452621, 
17, 111111, 111111, 0.9950890120207736, 0.9950890120207736, 0.0 0.0 0.0 0.0 0.0007512612658919038 0.027963405343575446 0.9712853333905326, 
18, 111111, 111111, 0.9950009842215171, 0.9950009842215171, 0.0 0.0 0.0 0.0 0.0004795162602149872 0.029035062150468017 0.9704854215893169, 
19, 111111, 111111, 0.9959651551889342, 0.9959651551889342, 0.0 0.0 0.0 0.0 0.0006003655384210177 0.023008337789552098 0.9763912966720268, 
20, 111111, 111111, 0.9956933535267305, 0.9956933535267305, 0.0 0.0 0.0 0.0 0.0001560698191503116 0.02552773920131664 0.974316190979533, 
21, 111111, 111111, 0.9957937342747661, 0.9957937342747661, 0.0 0.0 0.0 0.0 0.00021844499069951828 0.024800704370003764 0.9749808506392968, 
22, 111111, 111111, 0.9957822275215795, 0.9957822275215795, 0.0 0.0 0.0 0.0 0.0008708357163644546 0.023564963437793542 0.9755642008458421, 
23, 111111, 111111, 0.9950471244119178, 0.9950471244119178, 0.0 0.0 0.0 0.0 5.189253927151362e-05 0.029613468449950237 0.9703346390107783, 
24, 111111, 111111, 0.9942685168143417, 0.9942685168143417, 0.0 0.0 0.0 0.0 7.00984378713937e-06 0.03437487942637545 0.9656181107298374, 
25, 111111, 111111, 0.9948741895141028, 0.9948741895141028, 0.0 0.0 0.0 0.0 0.0009465102249578917 0.028861842465466823 0.9701916473095753, 
26, 111111, 111111, 0.9958641346139435, 0.9958641346139435, 0.0 0.0 0.0 0.0 0.00034045091141981734 0.02413429049349861 0.9755252585950817, 
27, 111111, 111111, 0.995718705802661, 0.995718705802661, 0.0 0.0 0.0 0.0 0.0007971077488823731 0.024093549686268693 0.975109342564849, 
28, 111111, 111111, 0.995437152865301, 0.995437152865301, 0.0 0.0 0.0 0.0 0.0013520756209464938 0.024672931566301064 0.9739749928127523, 
29, 111111, 111111, 0.9961504395798957, 0.9961504395798957, 0.0 0.0 0.0 0.0 0.0004153027114990779 0.022266757097627165 0.9773179401908737, 
30, 111111, 111111, 0.9954087820272165, 0.9954087820272165, 0.0 0.0 0.0 0.0 0.0007013422351228622 0.02614462336645521 0.9731540343984219, 
31, 111111, 111111, 0.996486834228221, 0.996486834228221, 0.0 0.0 0.0 0.0 0.0 0.0210789946306736 0.9789210053693264, 
32, 111111, 111111, 0.9958439977899702, 0.9958439977899702, 0.0 0.0 0.0 0.0 0.0 0.024936013260178597 0.9750639867398214, 
33, 111111, 011111, 0.9954661517501171, 0.9954661517501171, 0.0 0.0 0.0 0.0 0.0002426228694490024 0.026717843760398353 0.9730395333701526, 
34, 111111, 111111, 0.994605378550355, 0.994605378550355, 0.0 0.0 0.0 0.0 0.0012618504941811375 0.02984402770950793 0.968894121796311, 
35, 111111, 011111, 0.9957788351009536, 0.9957788351009536, 0.0 0.0 0.0 0.0 0.0009187717935360772 0.023489445807206542 0.9755917823992574, 
36, 111111, 111111, 0.9949510090342932, 0.9949510090342932, 0.0 0.0 0.0 0.0005964708902839819 0.0010779139189109348 0.02634870528556671 0.9719769099052382, 
37, 111111, 111111, 0.9960488206391946, 0.9960488206391946, 0.0 0.0 0.0 0.0 0.00010838275467747732 0.02349031065547744 0.9764013065898451, 
38, 111111, 111111, 0.9956267693094931, 0.9956267693094931, 0.0 0.0 0.0 0.0 0.0010654263996061645 0.024108531343828822 0.974826042256565, 
39, 111111, 011111, 0.9951633768730432, 0.9951633768730432, 0.0 0.0 0.0 0.0 0.0003516543863528683 0.02831642998903467 0.9713319156246125, 
40, 111111, 111111, 0.9952116440606632, 0.9952116440606632, 0.0 0.0 0.0 0.0 8.244188956487745e-05 0.028565251856891034 0.9713523062535441, 
41, 111111, 111111, 0.9962817327214956, 0.9962817327214956, 0.0 0.0 0.0 0.0 1.2764292414528982e-05 0.02228407508619806 0.9777031606213874, 
42, 111111, 111111, 0.9952295233395807, 0.9952295233395807, 0.0 0.0 0.0 0.0 0.0004371639321187564 0.027748532098278454 0.9718143039696028, 
43, 111111, 111111, 0.9965469047921858, 0.9965469047921858, 0.0 0.0 0.0 0.0 8.96730424594879e-05 0.02053922516196718 0.9793711017955733, 
44, 111111, 111111, 0.9951357531593928, 0.9951357531593928, 0.0 0.0 0.0 0.0 0.00027990779178097133 0.028625665460081537 0.9710944267481375, 
45, 111111, 111110, 0.9952317544305391, 0.9952317544305391, 0.0 0.0 0.0 0.0 0.00039004946315448905 0.027829374490456898 0.9717805760463886, 
46, 111111, 111111, 0.9958065776358122, 0.9958065776358122, 0.0 0.0 0.0 0.0 0.000540264957960702 0.024080004269204647 0.9753797307728346, 
47, 011111, 111111, 0.9956654101542701, 0.9956654101542701, 0.0 0.0 0.0 0.0 0.0003305402422005683 0.02534645858997825 0.9743230011678211, 
48, 111111, 111111, 0.9953515953405504, 0.9953515953405504, 0.0 0.0 0.0 4.6986994538761316e-05 0.0008355760083338192 0.026078314956413468 0.973039122040714, 
49, 111111, 111111, 0.995779337097463, 0.995779337097463, 0.0 0.0 0.0 0.0 0.0003662988803425289 0.024591379654537154 0.9750423214651203, 
50, 111111, 111111, 0.9964354771317596, 0.9964354771317596, 0.0 0.0 0.0 0.0 0.0 0.021387137209441787 0.9786128627905581, 
51, 111111, 111111, 0.9964082462173008, 0.9964082462173008, 0.0 0.0 0.0 0.0 6.484460277687935e-05 0.02142083349064043 0.9785143219065826, 
52, 111111, 011111, 0.9949602559136891, 0.9949602559136891, 0.0 0.0 0.0 0.0 0.00041775280973582035 0.02940295889839396 0.9701792882918702, 
53, 111111, 111111, 0.9953663235775522, 0.9953663235775522, 0.0 0.0 0.0 0.0 0.000310177126445827 0.02718170428179543 0.9725081185917588, 
54, 111111, 111111, 0.9952293714331462, 0.9952293714331462, 0.0 0.0 0.0 0.0 0.00122294555403576 0.026177880293051542 0.9725991741529127, 
55, 111111, 111111, 0.9957147131490931, 0.9957147131490931, 0.0 0.0 0.0 0.0 0.0013531424914883573 0.023005436122464567 0.9756414213860469, 
56, 111111, 111111, 0.9959710999752498, 0.9959710999752498, 0.0 0.0 0.0 0.0 1.3961018099444251e-05 0.024145478112302905 0.9758405608695976, 
57, 111111, 111111, 0.9952527811789679, 0.9952527811789679, 0.0 0.0 0.0 0.0 0.0011723055746319462 0.02613870177692887 0.9726889926484392, 
58, 111111, 111111, 0.9958681779054114, 0.9958681779054114, 0.0 0.0 0.0 0.0 0.0001592398208633207 0.024472452925805483 0.9753683072533311, 
59, 111111, 111111, 0.9953293908049536, 0.9953293908049536, 0.0 0.0 0.0 0.0 0.00012899051299413043 0.027765674144289917 0.9721053353427159, 
60, 111111, 111111, 0.9956580769883142, 0.9956580769883142, 0.0 0.0 0.0 0.0 0.0003422872689754054 0.02536696353216433 0.9742907491988604, 
61, 111111, 111111, 0.9951560890903376, 0.9951560890903376, 0.0 0.0 0.0 0.0 0.0008650439133589022 0.027333377631255883 0.9718015784553852, 
62, 111111, 111111, 0.994870012679421, 0.994870012679421, 0.0 0.0 0.0 0.0 0.0003218299238042604 0.030136264075865088 0.9695419060003306, 
63, 111111, 111111, 0.9951598026445663, 0.9951598026445663, 0.0 0.0 0.0 0.0 0.00043158904543602746 0.028178006041729764 0.9713904049128341, 
64, 111111, 111111, 0.9956098221464059, 0.9956098221464059, 0.0 0.0 0.0 0.0 0.00027374890285281907 0.025793569315858522 0.9739326817812887, 
65, 111111, 111111, 0.9953290047424912, 0.9953290047424912, 0.0 0.0 0.0 0.0 0.00043696812182280275 0.027152035301406828 0.9724109965767703, 
66, 111111, 111111, 0.9954728433225368, 0.9954728433225368, 0.0 0.0 0.0 0.0 0.0007676112589093616 0.025627717546960214 0.9736046711941304, 
67, 111111, 111111, 0.9964762159265029, 0.9964762159265029, 0.0 0.0 0.0 0.0 2.5550119972229e-06 0.021137594416988818 0.978859850571014, 
68, 111111, 011111, 0.9955230970103803, 0.9955230970103803, 0.0 0.0 0.0 2.622010471695945e-05 0.0006147453503459407 0.02555326692287518 0.9738057676220618, 
69, 111111, 111111, 0.996162328863093, 0.996162328863093, 0.0 0.0 0.0 0.0 0.00021717578656559896 0.022591675248310822 0.9771911489651236, 
70, 111111, 111111, 0.9950142657780734, 0.9950142657780734, 0.0 0.0 0.0 0.0 0.0004935651146464972 0.02892727510226664 0.9705791597830868, 
71, 111111, 111111, 0.9957609733361967, 0.9957609733361967, 0.0 0.0 0.0 0.0 0.0002622549764391212 0.02490965002994121 0.9748280949936197, 
72, 111111, 111111, 0.9953657774324743, 0.9953657774324743, 0.0 0.0 0.0 0.0 0.0011086362934276887 0.025588062818299187 0.9733033008882731, 
73, 111111, 111111, 0.9954670946260898, 0.9954670946260898, 0.0 0.0 0.0 0.0 0.0010185753734777724 0.025160281496505562 0.9738211431300167, 
74, 111111, 111111, 0.9955929200668708, 0.9955929200668708, 0.0 0.0 0.0 0.0 0.00016894099078099996 0.02610459761721276 0.9737264613920064, 
75, 111111, 111111, 0.9959058815484788, 0.9959058815484788, 0.0 0.0 0.0 0.0 0.000389476954523552 0.02378575680008043 0.975824766245396, 
76, 111111, 111111, 0.995056526056802, 0.995056526056802, 0.0 0.0 0.0 0.0 0.0007592707690488156 0.028142302121090493 0.9710984271098607, 
77, 111111, 111111, 0.996586250059125, 0.996586250059125, 0.0 0.0 0.0 0.0 0.00037054400617694567 0.019741411632896028 0.979888044360927, 
78, 111111, 111111, 0.9958614915861462, 0.9958614915861462, 0.0 0.0 0.0 0.0 2.9057330157898718e-05 0.02477293582280722 0.9751980068470348, 
79, 111111, 111111, 0.9958569015983142, 0.9958569015983142, 0.0 0.0 0.0 0.0 0.0006208896616097858 0.023616811086894864 0.9757622992514953, 
80, 111111, 111111, 0.9951778949868979, 0.9951778949868979, 0.0 0.0 0.0 0.0 0.0006449291481120529 0.027642771782388775 0.9717122990694992, 
81, 111111, 111111, 0.9961817104100383, 0.9961817104100383, 0.0 0.0 0.0 0.0 0.0005215002653154872 0.021866737009139544 0.9776117627255448, 
82, 111111, 111111, 0.9951066508634469, 0.9951066508634469, 0.0 0.0 0.0 0.0 0.00028373874611261517 0.02879261732709433 0.9709236439267932, 
83, 111111, 111111, 0.9954734227254893, 0.9954734227254893, 0.0 0.0 0.0 0.0 0.0003716933572512013 0.02641607693256172 0.9732122297101872, 
84, 111111, 111111, 0.995948532293159, 0.995948532293159, 0.0 0.0 0.0 0.0 0.0009235348423880267 0.022461736556270262 0.9766147286013418, 
85, 111110, 111111, 0.9952565880152153, 0.9952565880152153, 0.0 0.0 0.0 0.0 0.00015363115012557733 0.02815320960845695 0.9716931592414174, 
86, 111111, 111111, 0.9949156752359585, 0.9949156752359585, 0.0 0.0 0.0 0.0 0.0007381783177249204 0.029029591948799154 0.970232229733476, 
87, 111111, 111111, 0.995115465588387, 0.995115465588387, 0.0 0.0 0.0 0.0 0.001350721142943189 0.02660576418379132 0.9720435146732656, 
88, 111111, 111111, 0.9951894023659853, 0.9951894023659853, 0.0 0.0 0.0 9.553031891011055e-05 0.0011183038762042634 0.0263403870949503 0.9724457787099353, 
89, 111111, 111111, 0.9954156808528364, 0.9954156808528364, 0.0 0.0 0.0 0.0 0.0010416542519928159 0.025422606378995207 0.973535739369012, 
90, 111111, 111111, 0.9956016730862328, 0.9956016730862328, 0.0 0.0 0.0 0.0 0.0003554688963158925 0.025679023689971627 0.9739655074137125, 
91, 111111, 111111, 0.9960808055195096, 0.9960808055195096, 0.0 0.0 0.0 0.0 9.119068724422226e-05 0.023332785508453226 0.9765760238043025, 
92, 111111, 111111, 0.9954792023340041, 0.9954792023340041, 0.0 0.0 0.0 0.0 0.00028240120100952326 0.02655998359395556 0.9731576152050349, 
93, 111111, 111111, 0.9955800061183866, 0.9955800061183866, 0.0 0.0 0.0 0.0 0.000615872147651414 0.02528821899437797 0.9740959088579706, 
94, 111111, 111111, 0.994633320604995, 0.994633320604995, 0.0 0.0 0.0 0.0 0.0007519965837737492 0.03069608320248213 0.9685519202137441, 
95, 111111, 111111, 0.995323355649549, 0.995323355649549, 0.0 0.0 0.0 0.0 0.0 0.028059866102706832 0.9719401338972931, 
96, 111111, 111111, 0.9956618477523785, 0.9956618477523785, 0.0 0.0 0.0 0.0 0.00056681162676692 0.024895290232195003 0.974537898141038, 
97, 111111, 111111, 0.996530448837316, 0.996530448837316, 0.0 0.0 0.0 0.0 0.00016097119938680103 0.02049536457732955 0.9793436642232837, 
98, 111111, 111111, 0.995492115558467, 0.995492115558467, 0.0 0.0 0.0 0.0 5.545699566036817e-05 0.02693639265787718 0.9730081503464625, 
99, 111111, 111111, 0.9953649293213663, 0.9953649293213663, 0.0 0.0 0.0 0.0 0.0008570357670474051 0.02609635253770616 0.9730466116952464, 
100, 111111, 111111, 0.9944556180085224, 0.9944556180085224, 0.0 0.0 0.0 0.0 0.0007713018279693807 0.03172368829292642 0.9675050098791041, 
run, initial grid state, final grid state, mean grid cell occupancy, mean binding site occupancy, fraction of time with N TFs bound, warning
1, 111111, 111111, 0.9965060906697422, 0.9965060906697422, 0.0 0.0 0.0 0.0 0.00026605398241752665 0.020431348016711627 0.9793025980008709, 
2, 111111, 111111, 0.9950664435416016, 0.9950664435416016, 0.0 0.0 0.0 0.0 6.251601114397956e-05 0.029476306728101455 0.9704611772607545, 
3, 111111, 111111, 0.9953456335921346, 0.9953456335921346, 0.0 0.0 0.0 0.0 0.0007920541026094431 0.026342090241973926 0.9728658556554166, 
4, 111111, 111111, 0.9956779213543496, 0.9956779213543496, 0.0 0.0 0.0 0.0 0.0009040562834707895 0.024124359306960313 0.974971584409569, 
5, 111111, 111111, 0.9949235462491763, 0.9949235462491763, 0.0 0.0 0.0 0.0 0.00033567214455757817 0.029787378215826464 0.9698769496396159, 
6, 111111, 111111, 0.995880566944078, 0.995880566944078, 0.0 0.0 0.0 0.0 0.0004573749081873893 0.023801848519157252 0.9757407765726553, 
7, 111111, 111111, 0.9958744728251382, 0.9958744728251382, 0.0 0.0 0.0 0.0 0.0008570194807229439 0.023039124087724575 0.9761038564315525, 
8, 111111, 111111, 0.9958034110763708, 0.9958034110763708, 0.0 0.0 0.0 0.0 0.000480989562994639 0.024217554415785353 0.97530145602122, 
9, 111111, 111111, 0.9951592721425965, 0.9951592721425965, 0.0 0.0 0.0 0.0 0.0006582000956043175 0.027727966953212488 0.9716138329511832, 
10, 111111, 111111, 0.9950866265127315, 0.9950866265127315, 0.0 0.0 0.0 0.0 9.094661759365172e-05 0.029298347688423702 0.9706107056939826, 
11, 111111, 111111, 0.9952650327204297, 0.9952650327204297, 0.0 0.0 0.0 0.0 0.0005183263980064345 0.02737315088140887 0.9721085227205848, 
12, 111111, 111111, 0.9962075248139117, 0.9962075248139117, 0.0 0.0 0.0 0.0 0.00014929901460108302 0.022456253087327238 0.9773944478980717, 
13, 111111, 111111, 0.9949005195050059, 0.9949005195050059, 0.0 0.0 0.0 0.0 0.0009547865596565035 0.02868730985065115 0.9703579035896923, 
14, 111111, 111111, 0.9955827741441099, 0.9955827741441099, 0.0 0.0 0.0 0.0 0.0006230772919577076 0.025257200551425853 0.9741197221566165, 
15, 111111, 111111, 0.9958728125420564, 0.9958728125420564, 0.0 0.0 0.0 0.0 6.463597748813174e-05 0.024633852792685488 0.9753015112298263, 
16, 111111, 111111, 0.9951783700081512, 0.9951783700081512, 0.0 0.0 0.0 0.0 0.00034881937452645525 0.02823214120203999 0.9714190394234336, 
17, 111111, 111111, 0.9961031571141119, 0.9961031571141119, 0.0 0.0 0.0 0.0 0.0004161769864237308 0.022548703342480964 0.9770351196710954, 
18, 111111, 111111, 0.9944799254439296, 0.9944799254439296, 0.0 0.0 0.0 0.0 0.0011074599991001968 0.030905527338221567 0.9679870126626782, 
19, 111111, 111111, 0.9957803262428262, 0.9957803262428262, 0.0 0.0 0.0 0.0 0.0004960270157068683 0.024325988511629124 0.9751779844726641, 
20, 111111, 111111, 0.9960336120754435, 0.9960336120754435, 0.0 0.0 0.0 0.0 0.0001980824291572684 0.023402162689024193 0.9763997548818185, 
21, 111111, 111111, 0.9960154445417858, 0.9960154445417858, 0.0 0.0 0.0 0.0 0.00044016297383783824 0.023027006801608997 0.9765328302245532, 
22, 111111, 111111, 0.9962996557460947, 0.9962996557460947, 0.0 0.0 0.0 0.0 0.0001491880442728315 0.021903689434886086 0.977947122520841, 
23, 111111, 111111, 0.9950647606361208, 0.9950647606361208, 0.0 0.0 0.0 0.0 0.001508545320852193 0.026594345541569912 0.9718971091375779, 
24, 111111, 111111, 0.9957016731761614, 0.9957016731761614, 0.0 0.0 0.0 0.0 0.0006563788667058376 0.02447720320961919 0.9748664179236749, 
25, 111111, 111111, 0.994613686059208, 0.994613686059208, 0.0 0.0 0.0 0.0 0.0010186151293772316 0.03028065338599776 0.968700731484625, 
26, 111111, 011111, 0.9953129859577317, 0.9953129859577317, 0.0 0.0 0.0 2.8293361933004287e-05 0.001071141121891226 0.025894921924028775 0.973005643592147, 
27, 111111, 111111, 0.9957182275032465, 0.9957182275032465, 0.0 0.0 0.0 0.0 0.0007199902894104378 0.02425065440170012 0.9750293553088893, 
28, 111111, 111111, 0.9958138957498144, 0.9958138957498144, 0.0 0.0 0.0 0.0 0.00011452535607590561 0.0248875747889619 0.9749978998549621, 
29, 111111, 111111, 0.994736400157259, 0.994736400157259, 0.0 0.0 0.0 0.0 0.0004448616718657811 0.030691875712714454 0.9688632626154197, 
30, 111111, 111111, 0.9953624382697887, 0.9953624382697887, 0.0 0.0 0.0 0.0 0.000294361613784404 0.027236647153699545 0.9724689912325161, 
31, 111111, 111111, 0.9953303626495769, 0.9953303626495769, 0.0 0.0 0.0 0.0 0.00012924101098480678 0.027759342080569512 0.9721114169084457, 
32, 111111, 111111, 0.9959371917374671, 0.9959371917374671, 0.0 0.0 0.0 0.0 0.0005567222841952528 0.02326340500680686 0.9761798727089979, 
33, 111111, 111111, 0.9954493007183336, 0.9954493007183336, 0.0 0.0 0.0 0.0 0.00040211619360987623 0.026499963302778626 0.9730979205036114, 
34, 111111, 111111, 0.9957670836139546, 0.9957670836139546, 0.0 0.0 0.0 0.0 0.0006742222859042598 0.02404905374446373 0.9752767239696319, 
35, 111111, 111111, 0.9956643370179743, 0.9956643370179743, 0.0 0.0 0.0 0.0 0.00030258762285801624 0.02540880264643796 0.9742886097307041, 
36, 111111, 111111, 0.9960816889848688, 0.9960816889848688, 0.0 0.0 0.0 0.0 0.0004073621938561825 0.022695141703074215 0.9768974961030695, 
37, 111111, 111111, 0.9957754486622982, 0.9957754486622982, 0.0 0.0 0.0 0.0 2.0468598793688273e-05 0.02530637082862389 0.9746731605725824, 
38, 111111, 111111, 0.9953417751346242, 0.9953417751346242, 0.0 0.0 0.0 0.0 0.0006578770915369192 0.02663359500918137 0.9727085278992817, 
39, 111111, 111111, 0.9955838278463135, 0.9955838278463135, 0.0 0.0 0.0 0.0 0.0002275269305607818 0.026041979060997558 0.9737304940084416, 
40, 111111, 111111, 0.9947593213436363, 0.9947593213436363, 0.0 0.0 0.0 0.0 0.0012221047502855883 0.02899986243761084 0.9697780328121035, 
41, 111111, 111111, 0.9961000824952105, 0.9961000824952105, 0.0 0.0 0.0 0.0 0.00014461684874704904 0.023110271331242896 0.9767451118200101, 
42, 111111, 111111, 0.9958352660028931, 0.9958352660028931, 0.0 0.0 0.0 7.520546181417645e-05 0.0007208666596030337 0.02332105427799283 0.9758828736005899, 
43, 111111, 111111, 0.9956592260003437, 0.9956592260003437, 0.0 0.0 0.0 0.0 6.373908343871433e-05 0.025917165831060043 0.9740190950855012, 
44, 111111, 111111, 0.9963102137431569, 0.9963102137431569, 0.0 0.0 0.0 0.0 0.00018854733077690712 0.021761622879505494 0.9780498297897176, 
45, 111111, 111111, 0.9960588489892952, 0.9960588489892952, 0.0 0.0 0.0 0.0 0.0 0.023646906064228684 0.9763530939357713, 
46, 111111, 111111, 0.9954785350443183, 0.9954785350443183, 0.0 0.0 0.0 0.0 0.0003572276679127982 0.026414334398264207 0.9732284379338231, 
47, 111111, 111111, 0.9954242743286094, 0.9954242743286094, 0.0 0.0 0.0 0.0 0.0001259355471750668 0.02720248293399403 0.9726715815188309, 
48, 111111, 111111, 0.9955307305711613, 0.9955307305711613, 0.0 0.0 0.0 0.0 0.00029098777221106347 0.026233641028610276 0.9734753711991786, 
49, 111111, 111111, 0.9960051912679642, 0.9960051912679642, 0.0 0.0 0.0 0.0 0.0005247586919520014 0.02291933500831172 0.9765559062997363, 
50, 111111, 111111, 0.9950271824620577, 0.9950271824620577, 0.0 0.0 0.0 0.0 0.0012490942494165044 0.027338716728820472 0.971412189021763, 
51, 111111, 111111, 0.9957550686745481, 0.9957550686745481, 0.0 0.0 0.0 0.0 0.0003586124820756557 0.024752362988559557 0.9748890245293648, 
52, 111111, 111111, 0.9953898476276934, 0.9953898476276934, 0.0 0.0 0.0 0.0 0.0005318708611532619 0.026597172511533002 0.9728709566273137, 
53, 111111, 111111, 0.9953612476747623, 0.9953612476747623, 0.0 0.0 0.0 0.0 0.00022691971213329403 0.027378674527159665 0.972394405760707, 
54, 111111, 111111, 0.995478161500387, 0.995478161500387, 0.0 0.0 0.0 0.0 0.00023749136686415897 0.026656048263949645 0.9731064603691862, 
55, 111111, 111111, 0.9956502163556052, 0.9956502163556052, 0.0 0.0 0.0 0.0 0.000180746153268587 0.025737209559831303 0.9740820442869002, 
56, 111111, 111111, 0.995309240419891, 0.995309240419891, 0.0 0.0 0.0 0.0 0.0010122528652906843 0.02612005175007311 0.9728676953846362, 
57, 111111, 111111, 0.9949657692970321, 0.9949657692970321, 0.0 0.0 0.0 0.0 0.0004302038954186723 0.02934497642697082 0.9702248196776105, 
58, 111111, 111111, 0.9956600563583967, 0.9956600563583967, 0.0 0.0 0.0 0.0 0.00036625007447205833 0.025307161700676466 0.9743265882248515, 
59, 111111, 111111, 0.9947055053844404, 0.9947055053844404, 0.0 0.0 0.0 0.0 0.0007189516419938631 0.030329064409370388 0.9689519839486357, 
60, 111111, 111111, 0.9956908666057114, 0.9956908666057114, 0.0 0.0 0.0 0.0 0.00033057632898882735 0.02519364770775448 0.9744757759632567, 
61, 111111, 111111, 0.9957101704026091, 0.9957101704026091, 0.0 0.0 0.0 0.0 0.00015861811287885618 0.025421741358586932 0.9744196405285342, 
62, 111111, 111111, 0.9946408631062365, 0.9946408631062365, 0.0 0.0 0.0 0.0 0.0007085279074128894 0.030737765547754984 0.9685537065448322, 
63, 111111, 111111, 0.995823614834917, 0.995823614834917, 0.0 0.0 0.0 0.0 0.000531588987710263 0.023995133015076792 0.975473277997213, 
64, 111111, 111111, 0.9949351472371373, 0.9949351472371373, 0.0 0.0 0.0 0.0 0.001031240399395057 0.028326635778387406 0.9706421238222176, 
65, 111111, 111111, 0.995655093903437, 0.995655093903437, 0.0 0.0 0.0 0.0 0.00039631191042638955 0.025276812758525686 0.9743268753310479, 
66, 111111, 111111, 0.9940467047467062, 0.9940467047467062, 0.0 0.0 0.0 8.764574703125725e-05 0.0001533248251029423 0.03515018462846341 0.9646088447994025, 
67, 111111, 111111, 0.9957554954693032, 0.9957554954693032, 0.0 0.0 0.0 0.0 0.00038464305159233863 0.02469774108099617 0.9749176158674115, 
68, 111111, 111111, 0.995240762408469, 0.995240762408469, 0.0 0.0 0.0 0.0 0.00026082796741803483 0.02803376961434986 0.9717054024182322, 
69, 111111, 111111, 0.9957124813021259, 0.9957124813021259, 0.0 0.0 0.0 0.0 0.0007168235116428278 0.024291465163958543 0.9749917113243987, 
70, 111111, 111111, 0.9956851150919972, 0.9956851150919972, 0.0 0.0 0.0 0.00022343818468809125 0.0012379857321252283 0.022743023429701442 0.9757955526534853, 
71, 111111, 111111, 0.9964402370409459, 0.9964402370409459, 0.0 0.0 0.0 0.0 0.00010478739684232643 0.02114900296063995 0.9787462096425177, 
72, 111111, 111111, 0.9951493802684257, 0.9951493802684257, 0.0 0.0 0.0 0.0 0.00019765562146289005 0.028708407146520093 0.971093937232017, 
73, 111111, 111111, 0.9959706558352254, 0.9959706558352254, 0.0 0.0 0.0 0.0 0.0003837710502930198 0.023408522888061892 0.9762077060616451, 
74, 111111, 111111, 0.9953929897453558, 0.9953929897453558, 0.0 0.0 0.0 0.0 0.00039083170078288936 0.026860398126299617 0.9727487701729175, 
75, 111111, 111111, 0.9949487502296903, 0.9949487502296903, 0.0 0.0 0.0 0.0 0.00038118311722754007 0.029545132387403437 0.970073684495369, 
76, 111111, 111110, 0.9945925568537547, 0.9945925568537547, 0.0 0.0 0.0 0.0 0.0015295096430635166 0.02938563959134471 0.9690848507655918, 
77, 111111, 111111, 0.9959080554369841, 0.9959080554369841, 0.0 0.0 0.0 0.0 0.0005060250048451764 0.023539617368405544 0.9759543576267492, 
78, 111111, 111111, 0.9959667554995102, 0.9959667554995102, 0.0 0.0 0.0 0.0 0.0003356070980075427 0.023528252806924877 0.9761361400950676, 
79, 111111, 111111, 0.9953632687441739, 0.9953632687441739, 0.0 0.0 0.0 0.0 0.0003094987461405141 0.027201390042675157 0.9724891112111843, 
80, 111111, 111111, 0.9964592347292306, 0.9964592347292306, 0.0 0.0 0.0 0.0 0.0003719210311515558 0.020500749562312424 0.9791273294065361, 
81, 111111, 111111, 0.9957455218815818, 0.9957455218815818, 0.0 0.0 0.0 0.0 0.00045041396164604593 0.024626040787217193 0.9749235452511368, 
82, 111111, 111111, 0.9957054593060319, 0.9957054593060319, 0.0 0.0 0.0 0.0 0.00026843870858538716 0.025230366746636444 0.9745011945447782, 
83, 111111, 111111, 0.9962072911970202, 0.9962072911970202, 0.0 0.0 0.0 0.0 3.833178653580802e-05 0.022679589244806758 0.9772820789686574, 
84, 111111, 111111, 0.9956652372092917, 0.9956652372092917, 0.0 0.0 0.0 0.0 9.89741195990287e-05 0.0258106285050515 0.9740903973753495, 
85, 111111, 111111, 0.9961099608509525, 0.9961099608509525, 0.0 0.0 0.0 0.0 0.0004618381307749086 0.022416558632735537 0.9771216032364897, 
86, 111111, 111111, 0.9949750723545536, 0.9949750723545536, 0.0 0.0 0.0 0.0 0.00026175459484071954 0.02962605668299709 0.9701121887221621, 
87, 111111, 111111, 0.9947918171678081, 0.9947918171678081, 0.0 0.0 0.0 0.0 0.0004693421690495028 0.03031041265505215 0.9692202451758983, 
88, 111111, 111111, 0.9959803042703548, 0.9959803042703548, 0.0 0.0 0.0 0.0 0.0001481634867172156 0.023821847404436887 0.9760299891088459, 
89, 111111, 111111, 0.9959062252451913, 0.9959062252451913, 0.0 0.0 0.0 0.0 0.0005120525115665084 0.023538543505718414 0.975949403982715, 
90, 111111, 111111, 0.9963083997239776, 0.9963083997239776, 0.0 0.0 0.0 0.0 0.0007407947855061541 0.020668012085122034 0.9785911931293718, 
91, 111111, 111111, 0.9968173954041963, 0.9968173954041963, 0.0 0.0 0.0 0.0 0.00043727179205420465 0.018221083990714017 0.9813416442172318, 
92, 111111, 111111, 0.9959279817265164, 0.9959279817265164, 0.0 0.0 0.0 0.0 0.00012119335366663477 0.02418972293356864 0.9756890837127649, 
93, 111111, 111111, 0.9959826182797953, 0.9959826182797953, 0.0 0.0 0.0 0.0 0.0009413273316327375 0.02222163565796243 0.9768370370104048, 
94, 111111, 111111, 0.9958661918001406, 0.9958661918001406, 0.0 0.0 0.0 0.0 0.0003533618501270243 0.024096125498902936 0.97555051265097, 
95, 111111, 111111, 0.9954915173056211, 0.9954915173056211, 0.0 0.0 0.0 0.0 0.0003586426027804329 0.02633361096071275 0.9733077464365067, 
96, 111111, 111111, 0.996122289730833, 0.996122289730833, 0.0 0.0 0.0 0.0 0.0003199124434223629 0.02262643672815668 0.9770536508284209, 
97, 111111, 111111, 0.9952270739799005, 0.9952270739799005, 0.0 0.0 0.0 0.0 0.00040174146988573525 0.02783407318082512 0.9717641853492892, 
98, 111111, 111111, 0.9954297248113164, 0.9954297248113164, 0.0 0.0 0.0 0.0 0.000290922174385786 0.026839806783330224 0.972869271042284, 
99, 111111, 111111, 0.9955637553680586, 0.9955637553680586, 0.0 0.0 0.0 0.0 7.038575350426491e-05 0.02647669628463899 0.9734529179618566, 
100, 111111, 111111, 0.9953146960688772, 0.9953146960688772, 0.0 0.0 0.0 0.0001405932837174052 0.00047112067926286937 0.02674780237705755 0.9726404836599621, 
run, initial grid state, final grid state, mean grid cell occupancy, mean binding site occupancy, fraction of time with N TFs bound, warning
1, 111111, 111111, 0.9953996348402083, 0.9953996348402083, 0.0 0.0 0.0 0.0 0.0011230056919264793 0.02535617957489735 0.9735208147331762, 
2, 111111, 111111, 0.9958639156200472, 0.9958639156200472, 0.0 0.0 0.0 0.0 0.0008664424407870535 0.023083621398142937 0.9760499361610699, 
3, 111111, 111111, 0.9945372491895818, 0.9945372491895818, 0.0 0.0 0.0 0.0 0.0011331729500662143 0.03051015896237679 0.968356668087557, 
4, 111111, 111111, 0.9958988438178846, 0.9958988438178846, 0.0 0.0 0.0 0.0 0.0 0.024606937092691916 0.9753930629073082, 
5, 111111, 111111, 0.9958440187376371, 0.9958440187376371, 0.0 0.0 0.0 2.286508398691813e-05 0.00033295737795193986 0.02420137756631333 0.9754427999717478, 
6, 111111, 111111, 0.9949004490873885, 0.9949004490873885, 0.0 0.0 0.0 0.0 0.0013889916180298725 0.027819322239609638 0.9707916861423604, 
7, 111111, 111111, 0.9952386154492683, 0.9952386154492683, 0.0 0.0 0.0 0.0 0.0 0.028568307304390268 0.9714316926956098, 
8, 111111, 111111, 0.9958588412959781, 0.9958588412959781, 0.0 0.0 0.0 0.0 0.0 0.024846952224131146 0.9751530477758688, 
9, 111111, 111111, 0.9963322645571114, 0.9963322645571114, 0.0 0.0 0.0 0.0 5.070453430709384e-05 0.02190500358871785 0.9780442918769751, 
10, 111111, 111111, 0.9955202966972334, 0.9955202966972334, 0.0 0.0 0.0 0.0 0.00035965275006630097 0.026158914316466716 0.973481432933467, 
11, 111111, 111111, 0.995597368941534, 0.995597368941534, 0.0 0.0 0.0 0.0 0.0008335585259997276 0.024748669298795906 0.9744177721752043, 
12, 111111, 111111, 0.995733718987458, 0.995733718987458, 0.0 0.0 0.0 0.0 0.0001282114637950985 0.025341263147661327 0.9745305253885435, 
13, 111111, 111111, 0.9962719180363552, 0.9962719180363552, 0.0 0.0 0.0 0.0 0.00013452669137001036 0.022099438399129527 0.9777660349095005, 
14, 111111, 111111, 0.9957450105558289, 0.9957450105558289, 0.0 0.0 0.0 0.0 0.0008198678958400657 0.023890200873346593 0.9752899312308133, 
15, 111111, 111111, 0.9968828124064121, 0.9968828124064121, 0.0 0.0 0.0 0.0 4.802754846391223e-05 0.01860707046460044 0.9813449019869356, 
16, 111111, 111111, 0.9944815275064307, 0.9944815275064307, 0.0 0.0 0.0 0.0 0.000547056863400709 0.032016721234614 0.9674362219019852, 
17, 111111, 111111, 0.9962032244888887, 0.9962032244888887, 0.0 0.0 0.0 0.0 0.0004664295903481188 0.02184779388597158 0.9776857765236804, 
18, 111111, 111111, 0.9962616416455947, 0.9962616416455947, 0.0 0.0 0.0 0.0 0.0006327310742085462 0.021164687978015406 0.9782025809477761, 
19, 111111, 111111, 0.9957062470866727, 0.9957062470866727, 0.0 0.0 0.0 0.0 7.74884931618259e-06 0.025747019781331752 0.9742452313693521, 
20, 011111, 111111, 0.9965430570338538, 0.9965430570338538, 0.0 0.0 0.0 0.0 7.55883405243215e-05 0.020590481115828462 0.9793339305436471, 
21, 111111, 111111, 0.9959129914918308, 0.9959129914918308, 0.0 0.0 0.0 0.0 0.0005781724419871043 0.02336570616504136 0.9760561213929716, 
22, 111111, 111111, 0.9952987416285963, 0.9952987416285963, 0.0 0.0 0.0 0.0 2.2859115521226607e-05 0.028161831997380225 0.9718153088870986, 
23, 111111, 111111, 0.9952281170956724, 0.9952281170956724, 0.0 0.0 0.0 0.0 0.0003657431832803431 0.02789981105940453 0.9717344457573152, 
24, 111111, 111111, 0.9956620257850364, 0.9956620257850364, 0.0 0.0 0.0 0.0 0.0006921417665720552 0.024643561756637924 0.97466429647679, 
25, 111111, 111111, 0.9952726764942802, 0.9952726764942802, 0.0 0.0 0.0 0.0 0.0006005209273663304 0.027162899179586756 0.9722365798930469, 
26, 111111, 111111, 0.9963692911622029, 0.9963692911622029, 0.0 0.0 0.0 0.0 6.799304036845762e-05 0.021648266946045755 0.9782837400135858, 
27, 111111, 111111, 0.994766866697191, 0.994766866697191, 0.0 0.0 0.0 0.0 0.0013344672671011372 0.028729865282651482 0.9699356674502474, 
28, 111111, 111111, 0.9961996907391465, 0.9961996907391465, 0.0 0.0 0.0 0.0 0.0005003806110943498 0.021801094342932467 0.9776985250459731, 
29, 111111, 111111, 0.9954169697060963, 0.9954169697060963, 0.0 0.0 0.0 0.0 0.0006983606744202828 0.026101460414581248 0.9732001789109985, 
30, 111111, 111111, 0.9964137271117098, 0.9964137271117098, 0.0 0.0 0.0 0.0 7.019106315584676e-05 0.021377255203429684 0.9785525537334144, 
31, 111111, 111111, 0.9960303400359051, 0.9960303400359051, 0.0 0.0 0.0 0.0 0.0003395969629239468 0.02313876585872249 0.9765216371783536, 
32, 111111, 111111, 0.9946689787025484, 0.9946689787025484, 0.0 0.0 0.0 0.0 0.002147150567761418 0.027691826649187054 0.9701610227830516, 
33, 111111, 111111, 0.9958574580395517, 0.9958574580395517, 0.0 0.0 0.0 0.0 0.0006020963352240834 0.023651059092241807 0.9757468445725342, 
34, 111111, 111111, 0.9953711876415366, 0.9953711876415366, 0.0 0.0 0.0 0.0 0.00021479615481678925 0.02734328184114665 0.9724419220040366, 
35, 111111, 111111, 0.9954139308365718, 0.9954139308365718, 0.0 0.0 0.0 0.0 0.0005379777889242058 0.02644045940272106 0.9730215628083547, 
36, 111111, 111111, 0.9950994609644609, 0.9950994609644609, 0.0 0.0 0.0 0.0 0.0014074637769085736 0.02658830665941678 0.9720042295636746, 
37, 111110, 111111, 0.9947614870723327, 0.9947614870723327, 0.0 0.0 0.0 0.0 0.0001688540612062528 0.03109336944359143 0.9687377764952023, 
38, 111111, 111111, 0.9948319053340489, 0.9948319053340489, 0.0 0.0 0.0 0.0 0.0009928563336881568 0.029022855328330613 0.9699842883379812, 
39, 111110, 111111, 0.9957315470684336, 0.9957315470684336, 0.0 0.0 0.0 0.0 0.0002703959846479126 0.02506992562010227 0.9746596783952498, 
40, 111111, 111111, 0.9960340937912896, 0.9960340937912896, 0.0 0.0 0.0 0.0 0.0003781892112511538 0.023039058829760584 0.9765827519589882, 
41, 111111, 111111, 0.9956760428060724, 0.9956760428060724, 0.0 0.0 0.0 0.0 0.0007952340503367923 0.02435327506289283 0.9748514908867704, 
42, 111111, 111111, 0.9949733563105548, 0.9949733563105548, 0.0 0.0 0.0 0.0 0.001070589727044673 0.028018682682582067 0.9709107275903732, 
43, 111111, 111111, 0.9952053258192959, 0.9952053258192959, 0.0 0.0 0.0 0.0 0.0005903264357229641 0.027587392212778426 0.9718222813514985, 
44, 111111, 111111, 0.9953475024225763, 0.9953475024225763, 0.0 0.0 0.0 0.0 0.0004978575762416634 0.026919270312059214 0.9725828721116991, 
45, 111111, 111111, 0.9954720825295378, 0.9954720825295378, 0.0 0.0 0.0 0.0 0.0005479732942832651 0.026071558234207003 0.9733804684715097, 
46, 111111, 111111, 0.9960707934192169, 0.9960707934192169, 0.0 0.0 0.0 0.0 0.0004402968959979216 0.02269464569270285 0.9768650574112993, 
47, 111111, 111111, 0.9960057699051313, 0.9960057699051313, 0.0 0.0 0.0 0.0 0.0 0.02396538056921147 0.9760346194307885, 
48, 011111, 111111, 0.9957559093380598, 0.9957559093380598, 0.0 0.0 0.0 0.0 0.0004970509503967137 0.024470442070847802 0.9750325069787555, 
49, 111111, 111111, 0.9953872288093945, 0.9953872288093945, 0.0 0.0 0.0 0.0 0.00013277316771319932 0.02741108080820607 0.9724561460240808, 
50, 111111, 111111, 0.9957793777606354, 0.9957793777606354, 0.0 0.0 0.0 0.0 0.0002011717394648989 0.02492138995725769 0.9748774383032774, 
51, 111111, 111111, 0.9953109474552588, 0.9953109474552588, 0.0 0.0 0.0 2.624179959126881e-05 0.0007531266322314455 0.026549336605210114 0.9726712949629671, 
52, 111111, 111111, 0.9957463968947341, 0.9957463968947341, 0.0 0.0 0.0 0.0 7.376778415217286e-05 0.025374083063291395 0.9745521491525565, 
53, 111111, 111111, 0.9949990052436212, 0.9949990052436212, 0.0 0.0 0.0 0.0 0.0019528531131081245 0.02610026231205576 0.9719468845748361, 
54, 111111, 111111, 0.9957056663356479, 0.9957056663356479, 0.0 0.0 0.0 0.0 0.000895782596697864 0.02397443679271714 0.975129780610585, 
55, 111111, 111111, 0.9958027449186666, 0.9958027449186666, 0.0 0.0 0.0 0.0 0.00030498265389677313 0.024573565180207247 0.9751214521658959, 
56, 111111, 111111, 0.9952453066116511, 0.9952453066116511, 0.0 0.0 0.0 0.0 0.00046648282698968685 0.02759519467611395 0.9719383224968964, 
57, 111111, 111111, 0.9961644125160073, 0.9961644125160073, 0.0 0.0 0.0 0.0 0.0006445662868102958 0.021724392330335775 0.977631041382854, 
58, 011111, 111111, 0.9955320645181542, 0.9955320645181542, 0.0 0.0 0.0 0.0 3.173125717617216e-05 0.026744150376721634 0.9732241183661021, 
59, 111111, 111111, 0.9946195476180705, 0.9946195476180705, 0.0 0.0 0.0 0.00036015729876892903 0.0009824504806264524 0.029237341434017294 0.9694200507865873, 
60, 111111, 111111, 0.9964640057383471, 0.9964640057383471, 0.0 0.0 0.0 0.0 0.0008829218328796114 0.01945012190415793 0.9796669562629624, 
61, 111111, 111111, 0.9959480366719367, 0.9959480366719367, 0.0 0.0 0.0 0.0 2.8462593475296382e-05 0.0242548547814303 0.9757166826250945, 
62, 111111, 111111, 0.9958474726574009, 0.9958474726574009, 0.0 0.0 0.0 0.0 0.00015118848689255258 0.024612787081809993 0.9752360244312975, 
63, 111111, 111111, 0.9946893531947756, 0.9946893531947756, 0.0 0.0 0.0 0.0 0.0004875922438884109 0.03088869634356959 0.968623711412542, 
64, 111111, 111111, 0.9959076041998236, 0.9959076041998236, 0.0 0.0 0.0 0.0 0.00023187537057416777 0.024090624059909447 0.9756775005695164, 
65, 111111, 111111, 0.9963117273947, 0.9963117273947, 0.0 0.0 0.0 0.0 0.00010197504481901724 0.021925685542161805 0.9779723394130192, 
66, 111111, 111111, 0.9959083435499267, 0.9959083435499267, 0.0 0.0 0.0 0.0 0.0005095123288495057 0.023530914042740138 0.9759595736284102, 
67, 111111, 111111, 0.9959736649854831, 0.9959736649854831, 0.0 0.0 0.0 0.0 0.00013557507300626662 0.02388685994108918 0.9759775649859045, 
68, 111111, 111111, 0.9955792784625459, 0.9955792784625459, 0.0 0.0 0.0 0.0 0.0005813213606327972 0.025361686503458963 0.9740569921359082, 
69, 111111, 111111, 0.995271891909025, 0.995271891909025, 0.0 0.0 0.0 0.0 0.0003194214123033342 0.027729805721243787 0.9719507728664529, 
70, 111111, 111111, 0.9950207402431078, 0.9950207402431078, 0.0 0.0 0.0 0.0 0.0004130727709872949 0.02904941299937817 0.9705375142296345, 
71, 111111, 111111, 0.9955001874072275, 0.9955001874072275, 0.0 0.0 0.0 0.0 0.00031928511169564155 0.026360305333244568 0.9733204095550597, 
72, 111111, 111111, 0.994895103394655, 0.994895103394655, 0.0 0.0 0.0 2.1691509921210152e-05 0.001033731552169425 0.02849684199796753 0.9704477349399417, 
73, 111111, 111111, 0.9964619335386387, 0.9964619335386387, 0.0 0.0 0.0 0.0 4.801840766577493e-05 0.02113236195283677 0.9788196196394976, 
74, 111111, 111111, 0.9956926110253573, 0.9956926110253573, 0.0 0.0 0.0 0.0 0.00017198756055565104 0.02550035872674412 0.9743276537127004, 
75, 111111, 111111, 0.9947850921573216, 0.9947850921573216, 0.0 0.0 0.0 0.0 0.0011783224886145194 0.028932802078841465 0.969888875432544, 
76, 111111, 111111, 0.9963221531520166, 0.9963221531520166, 0.0 0.0 0.0 0.0 0.00013732767647913524 0.02179242573494285 0.9780702465885781, 
77, 111111, 111111, 0.9951979479421473, 0.9951979479421473, 0.0 0.0 0.0 0.0 0.0008589741625591118 0.027094364021997445 0.9720466618154434, 
78, 111111, 111111, 0.9948743366742476, 0.9948743366742476, 0.0 0.0 0.0 0.0 0.0008401150585066136 0.029073749837501633 0.9700861351039917, 
79, 111111, 111111, 0.9956811808270719, 0.9956811808270719, 0.0 0.0 0.0 0.0 0.00018879088230081966 0.025535333272967427 0.9742758758447316, 
80, 111111, 111111, 0.9962247677812398, 0.9962247677812398, 0.0 0.0 0.0 0.0 0.00018409984130142698 0.022283193629957683 0.9775327065287408, 
81, 111111, 111111, 0.9952142248490482, 0.9952142248490482, 0.0 0.0 0.0 0.0 0.0003714410010313703 0.027971768903647665 0.971656790095321, 
82, 111111, 111111, 0.9972370182467325, 0.9972370182467325, 0.0 0.0 0.0 0.0 0.0001304685806329477 0.01631695335833892 0.9835525780610281, 
83, 111111, 111110, 0.9958438025691329, 0.9958438025691329, 0.0 0.0 0.0 0.0 0.00027449268611839836 0.024388199212966293 0.9753373081009153, 
84, 111111, 111111, 0.9958180176899589, 0.9958180176899589, 0.0 0.0 0.0 0.0 0.0002105385558155037 0.024670816748615834 0.9751186446955686, 
85, 111111, 111111, 0.9960834244251575, 0.9960834244251575, 0.0 0.0 0.0 0.0 0.0006482109356527526 0.022203031577749704 0.9771487574865976, 
86, 111111, 111111, 0.9955552459382926, 0.9955552459382926, 0.0 0.0 0.0 0.0 0.00020138297494011264 0.0262657584203653 0.9735328586046946, 
87, 111111, 111111, 0.995693128984676, 0.995693128984676, 0.0 0.0 0.0 0.0 0.0009220563904714583 0.023997113311001423 0.9750808302985271, 
88, 111111, 111111, 0.9956165703298976, 0.9956165703298976, 0.0 0.0 0.0 0.0 0.0003809359711058934 0.025538706078402668 0.9740803579504914, 
89, 111111, 111111, 0.9959011752445962, 0.9959011752445962, 0.0 0.0 0.0 0.0 0.0006349724327232724 0.023323003666976518 0.9760420239003003, 
90, 111111, 111111, 0.9955600734464846, 0.9955600734464846, 0.0 0.0 0.0 0.0 0.0007447092785200831 0.025150140764053155 0.9741051499574267, 
91, 111111, 111111, 0.9956964045147009, 0.9956964045147009, 0.0 0.0 0.0 0.0 0.0009823262055590606 0.0238569205006767 0.9751607532937643, 
92, 111111, 111111, 0.9953075398352568, 0.9953075398352568, 0.0 0.0 0.0 0.0 0.00021899369459541068 0.02771677359926936 0.9720642327061352, 
93, 111111, 111111, 0.9950806658876238, 0.9950806658876238, 0.0 0.0 0.0 0.0 0.0005098178742403572 0.02849636892577676 0.9709938131999828, 
94, 111111, 111111, 0.9951509817522275, 0.9951509817522275, 0.0 0.0 0.0 0.0 0.00024705381494669683 0.02860000185674123 0.9711529443283121, 
95, 111111, 111111, 0.9959578566101207, 0.9959578566101207, 0.0 0.0 0.0 0.0 0.000537466288203966 0.023177927762868797 0.9762846059489273, 
96, 111111, 111111, 0.9954616507124845, 0.9954616507124845, 0.0 0.0 0.0 0.0 2.646943574598857e-05 0.027177156853601638 0.9727963737106524, 
97, 111111, 111111, 0.9966134010462222, 0.9966134010462222, 0.0 0.0 0.0 0.0 0.00021600258337424623 0.019887588555919225 0.9798964088607065, 
98, 111111, 111111, 0.9957417648864823, 0.9957417648864823, 0.0 0.0 0.0 0.0 0.00048740854288578737 0.024574593595335197 0.9749379978617789, 
99, 111111, 111110, 0.9955662195204171, 0.9955662195204171, 0.0 0.0 0.0 0.0 0.0002452141196139653 0.026112254638268835 0.9736425312421172, 
100, 111111, 111111, 0.9958024582909639, 0.9958024582909639, 0.0 0.0 0.0 0.0 0.0002387465675478038 0.024707757119120908 0.9750534963133314, 
run, initial grid state, final grid state, mean grid cell occupancy, mean binding site occupancy, fraction of time with N TFs bound, warning
1, 111111, 111111, 0.9956632295703569, 0.9956632295703569, 0.0 0.0 0.0 0.0 0.000381399689284226 0.025257823199289983 0.9743607771114258, 
2, 111111, 011111, 0.9955048306412556, 0.9955048306412556, 0.0 0.0 0.0 0.0 0.0005457558508625732 0.025879504450741303 0.973574739698396, 
3, 111111, 111111, 0.9949739181597883, 0.9949739181597883, 0.0 0.0 0.0 0.0 0.00040236502660609424 0.02935176098805793 0.9702458739853359, 
4, 111111, 111111, 0.9952481799077633, 0.9952481799077633, 0.0 0.0 0.0 0.0 0.0007641678575691438 0.0269825848382824 0.9722532473041485, 
5, 111111, 111111, 0.9948770039894422, 0.9948770039894422, 0.0 0.0 0.0 0.0 0.0009807210074725533 0.02877653404840124 0.9702427449441263, 
6, 111111, 111111, 0.996065784878729, 0.996065784878729, 0.0 0.0 0.0 0.0 6.170390829943475e-05 0.023481882911026816 0.9764564131806737, 
7, 111111, 111111, 0.9958914958828868, 0.9958914958828868, 0.0 0.0 0.0 0.00014413711036652326 0.0006814947117044953 0.022855623948170874 0.9763187442297582, 
8, 111111, 111111, 0.9950451844126452, 0.9950451844126452, 0.0 0.0 0.0 0.00012736223707868937 0.0007825569608139991 0.027781692891264496 0.9713083879108427, 
9, 111111, 111111, 0.9961907759718835, 0.9961907759718835, 0.0 0.0 0.0 0.00023893205393654956 0.00039007847510269707 0.02135839105668299 0.9780125984142778, 
10, 111111, 111111, 0.9959818998788811, 0.9959818998788811, 0.0 0.0 0.0 0.0 0.0004949690788211141 0.02311866256907129 0.9763863683521077, 
11, 111111, 111111, 0.9952845168765149, 0.9952845168765149, 0.0 0.0 0.0 0.0 0.00036674889223158356 0.027559400956448266 0.9720738501513201, 
12, 111111, 111111, 0.9957448789514073, 0.9957448789514073, 0.0 0.0 0.0 0.0 0.0004305676612049057 0.0246695909691467 0.9748998413696484, 
13, 111111, 111111, 0.9958438181756805, 0.9958438181756805, 0.0 0.0 0.0 0.0 0.00021428179941815987 0.02450852734708197 0.9752771908535, 
14, 111111, 111111, 0.9956638304600303, 0.9956638304600303, 0.0 0.0 0.0 0.0 0.0005268970752448411 0.024963223089328645 0.9745098798354265, 
15, 111111, 111111, 0.9955990271177727, 0.9955990271177727, 0.0 0.0 0.0 0.0 0.0005155211632912588 0.025374794966782698 0.974109683869926, 
16, 111111, 111111, 0.9959891635242549, 0.9959891635242549, 0.0 0.0 0.0 0.0 0.00030308532380270104 0.023458848206864533 0.9762380664693329, 
17, 111111, 111111, 0.9952380157448397, 0.9952380157448397, 0.0 0.0 0.0 0.0 0.0010741982764379183 0.026423508978085528 0.9725022927454766, 
18, 111111, 111111, 0.9950521602225566, 0.9950521602225566, 0.0 0.0 0.0 0.0 0.0012724291459472973 0.027142180372766254 0.9715853904812863, 
19, 111111, 111111, 0.9953341263329707, 0.9953341263329707, 0.0 0.0 0.0 0.0 0.0003213816375443623 0.02735247872708682 0.9723261396353687, 
20, 111111, 111111, 0.9963976490624908, 0.9963976490624908, 0.0 0.0 0.0 0.0 0.0002286083330253192 0.021156888959004933 0.9786145027079697, 
21, 111111, 111111, 0.995867756430295, 0.995867756430295, 0.0 0.0 0.0 0.0 1.5041093808355785e-05 0.024763379230612777 0.975221579675579, 
22, 111111, 111111, 0.9948906767936189, 0.9948906767936189, 0.0 0.0 0.0 0.0 5.2880138467550274e-05 0.030550178961351374 0.969396940900181, 
23, 111111, 111111, 0.9957841653088538, 0.9957841653088538, 0.0 0.0 0.0 0.0 0.000543235716784341 0.02420853671330836 0.9752482275699073, 
24, 111111, 111111, 0.9958237124201835, 0.9958237124201835, 0.0 0.0 0.0 0.0 0.00035028240443922223 0.024357160670020833 0.97529255692554, 
25, 111111, 111111, 0.9962902609453637, 0.9962902609453637, 0.0 0.0 0.0 0.0 0.0002450061049682753 0.021768422117881662 0.9779865717771501, 
26, 111111, 111111, 0.994963031874626, 0.994963031874626, 0.0 0.0 0.0 0.0 0.00020618942385423748 0.02980942990453543 0.9699843806716103, 
27, 111111, 111111, 0.9958245031646367, 0.9958245031646367, 0.0 0.0 0.0 0.0 0.00024387036235048123 0.024565240287479254 0.9751908893501703, 
28, 111111, 111111, 0.9952993217127359, 0.9952993217127359, 0.0 0.0 0.0 0.0 0.0006051746648364407 0.026993720393911718 0.9724011049412519, 
29, 111111, 111111, 0.9958040360027167, 0.9958040360027167, 0.0 0.0 0.0 0.0 0.0002721813984551316 0.024631421186790035 0.9750963974147548, 
30, 111111, 111111, 0.9950911932483123, 0.9950911932483123, 0.0 0.0 0.0 0.0 0.0004425970884209871 0.028567646333283986 0.970989756578295, 
31, 111111, 111111, 0.9959261929143539, 0.9959261929143539, 0.0 0.0 0.0 0.0 0.0004198086436796188 0.023603225226517248 0.9759769661298031, 
32, 111111, 111111, 0.995414132509912, 0.995414132509912, 0.0 0.0 0.0 0.0 0.0008045266754389376 0.02590615158965063 0.9732893217349105, 
33, 111111, 111111, 0.9959728687071675, 0.9959728687071675, 0.0 0.0 0.0 0.0 5.634381579501288e-08 0.024162675069363586 0.9758372685868206, 
34, 111111, 111111, 0.9955488789138246, 0.9955488789138246, 0.0 0.0 0.0 0.0 0.0008459079517523447 0.02501491061354862 0.974139181434699, 
35, 111111, 111111, 0.9956747349752116, 0.9956747349752116, 0.0 0.0 0.0 0.0 0.0004856523001792601 0.024980285548371388 0.9745340621514493, 
36, 111111, 111111, 0.995308349161897, 0.995308349161897, 0.0 0.0 0.0 0.0 0.00019049288720434618 0.027768919254209042 0.9720405878585866, 
37, 111111, 111111, 0.9954699460925284, 0.9954699460925284, 0.0 0.0 0.0 0.0 0.0009713551579465857 0.025237613128936295 0.9737910317131171, 
38, 111111, 111111, 0.9946179645837606, 0.9946179645837606, 0.0 0.0 0.0 0.0 0.0007029929518080325 0.030886226593820322 0.9684107804543717, 
39, 111111, 111111, 0.995575648159169, 0.995575648159169, 0.0 0.0 0.0 0.0 0.000672167026256188 0.02520177699247317 0.9741260559812706, 
40, 111111, 111111, 0.9961555833136732, 0.9961555833136732, 0.0 0.0 0.0 0.0 0.0008152454857791037 0.021436009146402826 0.9777487453678181, 
41, 111111, 111111, 0.9955110153769072, 0.9955110153769072, 0.0 0.0 0.0 0.0 0.00044924907859177814 0.02603540958137326 0.9735153413400349, 
42, 111111, 111111, 0.9958248733608183, 0.9958248733608183, 0.0 0.0 0.0 0.0 0.00048463112636481007 0.024081497582361062 0.9754338712912741, 
43, 111111, 111111, 0.995395183623511, 0.995395183623511, 0.0 0.0 0.0 0.0 0.00032036786794287816 0.026988162523047927 0.9726914696090092, 
44, 111111, 111111, 0.9957844132903744, 0.9957844132903744, 0.0 0.0 0.0 0.0 0.0004173559768725576 0.02445880830400833 0.9751238357191191, 
45, 111111, 111111, 0.9943841680673396, 0.9943841680673396, 0.0 0.0 0.0 0.0 0.000578847478641527 0.032537296638680116 0.9668838558826783, 
46, 111111, 111111, 0.9954939681611246, 0.9954939681611246, 0.0 0.0 0.0 0.0 0.000297945168916952 0.026440300695418473 0.9732617541356646, 
47, 011111, 111111, 0.9963760799943492, 0.9963760799943492, 0.0 0.0 0.0 0.0 0.000287231897494282 0.021169056238917527 0.9785437118635882, 
48, 111111, 111111, 0.9955524479040987, 0.9955524479040987, 0.0 0.0 0.0 0.0 7.029514187494913e-05 0.026544722291657594 0.9733849825664674, 
49, 111111, 111111, 0.9959549533875286, 0.9959549533875286, 0.0 0.0 0.0 0.0 0.0 0.024270279674828227 0.9757297203251717, 
50, 111111, 111111, 0.9948470418081015, 0.9948470418081015, 0.0 0.0 0.0 0.0 0.0005464268066679153 0.02982489553805553 0.9696286776552765, 
51, 111111, 111111, 0.9951222293847013, 0.9951222293847013, 0.0 0.0 0.0 0.0 3.1822173681372684e-05 0.029202979344429707 0.9707651984818889, 
52, 111111, 111111, 0.9953123075216935, 0.9953123075216935, 0.0 0.0 0.0 0.0 0.0010511922105463664 0.026023770448745823 0.9729250373407078, 
53, 111111, 111111, 0.9949775350901413, 0.9949775350901413, 0.0 0.0 0.0 0.0 0.0 0.030134789459152544 0.9698652105408474, 
54, 111111, 111111, 0.9951453107183913, 0.9951453107183913, 0.0 0.0 0.0 0.00011998610861732844 0.0006312706933389391 0.027505635977122272 0.9717431072209214, 
55, 111111, 111111, 0.9954574313348145, 0.9954574313348145, 0.0 0.0 0.0 0.0 0.00045845449975274853 0.02633850299160784 0.9732030425086394, 
56, 111111, 111111, 0.9956766942464133, 0.9956766942464133, 0.0 0.0 0.0 0.0 0.0006976632652038122 0.02454450799111281 0.9747578287436834, 
57, 111111, 111111, 0.9951131569766553, 0.9951131569766553, 0.0 0.0 0.0 0.0 0.00034241839434737245 0.02863622135137376 0.9710213602542789, 
58, 111111, 111111, 0.9956082579458083, 0.9956082579458083, 0.0 0.0 0.0 0.0 0.00048405600033053325 0.02538234032448917 0.9741336036751803, 
59, 111111, 111111, 0.9954684350873442, 0.9954684350873442, 0.0 0.0 0.0 0.0 0.0005653608695824656 0.026058667736769285 0.9733759713936483, 
60, 111111, 111111, 0.9952859023277434, 0.9952859023277434, 0.0 0.0 0.0 0.0 0.0004830424519916943 0.027318501129555976 0.9721984564184523, 
61, 111111, 111111, 0.9957982845202299, 0.9957982845202299, 0.0 0.0 0.0 8.3409025281838e-05 0.0002598010398652156 0.024440463723045473 0.9752163262118074, 
62, 111111, 111111, 0.9964468694433845, 0.9964468694433845, 0.0 0.0 0.0 0.0 0.00013533013713785578 0.021048123065418017 0.9788165467974441, 
63, 111111, 111111, 0.9952525604687592, 0.9952525604687592, 0.0 0.0 0.0 0.0 0.0004696830830513153 0.02754527102134184 0.9719850458956069, 
64, 111111, 111111, 0.9953557480428906, 0.9953557480428906, 0.0 0.0 0.0 0.0 0.0006949628556330998 0.026475586031390237 0.9728294511129767, 
65, 111111, 111111, 0.9946838816620486, 0.9946838816620486, 0.0 0.0 0.0 0.0 0.0004280277337502297 0.031040654560208294 0.9685313177060415, 
66, 111111, 111111, 0.9944425890523811, 0.9944425890523811, 0.0 0.0 0.0 1.1736085247425805e-06 0.0014894882543888543 0.030361968351361242 0.9681473697857251, 
67, 111111, 111111, 0.9961025852308697, 0.9961025852308697, 0.0 0.0 0.0 0.0 0.0005876047899536858 0.022209279034873883 0.9772031161751724, 
68, 111111, 111111, 0.9955548519862099, 0.9955548519862099, 0.0 0.0 0.0 0.0 0.000554372092040834 0.0255621438986586 0.9738834840093006, 
69, 111111, 111111, 0.9952302332413834, 0.9952302332413834, 0.0 0.0 0.0 0.0 0.00036157340323416954 0.02789545374523247 0.9717429728515333, 
70, 111111, 111111, 0.9953958683057584, 0.9953958683057584, 0.0 0.0 0.0 0.0 0.0005742713096656117 0.026476247546117833 0.9729494811442165, 
71, 111111, 111111, 0.9959005751189433, 0.9959005751189433, 0.0 0.0 0.0 0.0 0.000368397999959957 0.023859753286420537 0.9757718487136194, 
72, 111111, 111111, 0.9965517805367071, 0.9965517805367071, 0.0 0.0 0.0 0.0 0.00027482558320794784 0.02013966561334174 0.9795855088034504, 
73, 111111, 111111, 0.996304045690045, 0.996304045690045, 0.0 0.0 0.0 0.0 1.826758776443345e-05 0.02213919068420109 0.9778425417280346, 
74, 111111, 111111, 0.9959696836159316, 0.9959696836159316, 0.0 0.0 0.0 2.0524157126744587e-05 0.0004035358406975439 0.023313254151634644 0.976262685850541, 
75, 111111, 111111, 0.995952829444961, 0.995952829444961, 0.0 0.0 0.0 0.0 5.552675140369505e-05 0.024171969827427378 0.975772503421169, 
76, 111111, 111111, 0.994837540041057, 0.994837540041057, 0.0 0.0 0.0 0.0002612759490902083 0.0008094477291514759 0.028572036448084936 0.9703572398736734, 
77, 111111, 111111, 0.9959850981440168, 0.9959850981440168, 0.0 0.0 0.0 0.0 0.0 0.024089411135898596 0.9759105888641013, 
78, 111111, 111111, 0.9949669762429207, 0.9949669762429207, 0.0 0.0 0.0 0.0 0.00037955313962266556 0.029439036263229627 0.9701814105971477, 
79, 111111, 111111, 0.9959062530859384, 0.9959062530859384, 0.0 0.0 0.0 0.0 0.00023255879870074135 0.024097363886967756 0.9756700773143315, 
80, 111111, 111111, 0.9959027493693291, 0.9959027493693291, 0.0 0.0 0.0 0.0 6.64263003533227e-05 0.024450651183319627 0.9754829225163272, 
81, 111111, 111111, 0.9944935315230691, 0.9944935315230691, 0.0 0.0 0.0 2.6506180045150572e-05 0.0010449033140829363 0.030869485693283894 0.9680591048125882, 
82, 111111, 111111, 0.9955025398185032, 0.9955025398185032, 0.0 0.0 0.0 0.0 0.0006611551254113514 0.025662450838158293 0.9736763940364302, 
83, 111111, 111111, 0.9956944211094816, 0.9956944211094816, 0.0 0.0 0.0 0.0 0.0005889423422571023 0.024655588658596544 0.9747554689991464, 
84, 111111, 111111, 0.9952082133436831, 0.9952082133436831, 0.0 0.0 0.0 0.0 0.0006485703337490557 0.02745357927040253 0.9718978503958485, 
85, 111111, 111111, 0.9965450393880865, 0.9965450393880865, 0.0 0.0 0.0 0.0 0.0 0.020729763671481216 0.9792702363285188, 
86, 111111, 111111, 0.9955441176531602, 0.9955441176531602, 0.0 0.0 0.0 0.0 0.0002707138696415651 0.02619386634175521 0.9735354197886033, 
87, 111111, 111111, 0.9962479000659056, 0.9962479000659056, 0.0 0.0 0.0 0.00012823531447694414 0.0007187208062452077 0.020690452048644493 0.9784625918306333, 
88, 111111, 111111, 0.9955264373029794, 0.9955264373029794, 0.0 0.0 0.0 0.0 0.00041209829345209255 0.026017179595219795 0.9735707221113281, 
89, 111111, 111111, 0.9958490966570792, 0.9958490966570792, 0.0 0.0 0.0 0.0 0.0006365775817901747 0.023632264893944918 0.975731157524265, 
90, 111111, 111111, 0.9954596882361282, 0.9954596882361282, 0.0 0.0 0.0 0.0 0.00014126869352079573 0.02695933319618933 0.9728993981102898, 
91, 111111, 111111, 0.9954426249869123, 0.9954426249869123, 0.0 0.0 0.0 0.0 0.00034399919519574867 0.026656251688133924 0.9729997491166703, 
92, 111111, 111111, 0.9950749839891659, 0.9950749839891659, 0.0 0.0 0.0 0.0 0.0013532031023083698 0.026843689860387397 0.9718031070373042, 
93, 111111, 111111, 0.9960381075941057, 0.9960381075941057, 0.0 0.0 0.0 0.0 0.0013072554419697891 0.021156843551426528 0.9775359010066037, 
94, 111111, 111111, 0.9949558063978233, 0.9949558063978233, 0.0 0.0 0.0 0.0 0.000399713899114359 0.029465733814831387 0.9701345522860542, 
95, 111111, 111111, 0.9955853269591597, 0.9955853269591597, 0.0 0.0 0.0 0.0 0.00052366094249538 0.025440716360051446 0.9740356226974531, 
96, 111111, 111111, 0.9964538294663188, 0.9964538294663188, 0.0 0.0 0.0 0.0 0.00010685450715938493 0.021063314187768876 0.9788298313050717, 
97, 111111, 111111, 0.9961648935865931, 0.9961648935865931, 0.0 0.0 0.0 0.0 0.0005863894556374067 0.021837859569166677 0.9775757509751959, 
98, 111111, 111111, 0.9955671918525939, 0.9955671918525939, 0.0 0.0 0.0 6.433127525214637e-05 0.0005343254950240395 0.025335204068632246 0.9740661391610915, 
99, 111111, 111111, 0.995856690623759, 0.995856690623759, 0.0 0.0 0.0 0.0 0.001110637354491062 0.022638581548463103 0.976250781097046, 
100, 111111, 111111, 0.9951081193914673, 0.9951081193914673, 0.0 0.0 0.0 0.0 0.00011408038810028915 0.029123122874996396 0.9707627967369034, 
run, initial grid state, final grid state, mean grid cell occupancy, mean binding site occupancy, fraction of time with N TFs bound, warning
1, 111111, 111111, 0.9963901399499983, 0.9963901399499983, 0.0 0.0 0.0 0.0 0.00011806980298547516 0.02142302069403944 0.978458909502975, 
2, 111111, 111111, 0.9949283262826376, 0.9949283262826376, 0.0 0.0 0.0 0.0 0.0010131656144546893 0.028403711075265226 0.9705831233102801, 
3, 111111, 111111, 0.9956321684409567, 0.9956321684409567, 0.0 0.0 0.0 0.0 0.00027004625378835765 0.02566689684668282 0.9740630568995289, 
4, 111111, 111111, 0.9946037276894696, 0.9946037276894696, 0.0 0.0 0.0 1.0506879551070076e-07 0.0007579194710756482 0.030861479714645087 0.9683804957454837, 
5, 111111, 111111, 0.9941256933776066, 0.9941256933776066, 0.0 0.0 0.0 0.0 0.0011943411651500206 0.032857157404059874 0.9659485014307899, 
6, 111111, 111111, 0.9958716955958741, 0.9958716955958741, 0.0 0.0 0.0 0.0 0.0003247291085069094 0.024120368207741154 0.9755549026837519, 
7, 111111, 111111, 0.9945608188521421, 0.9945608188521421, 0.0 0.0 0.0 0.0 0.0007807809514353388 0.031073524984277276 0.9681456940642873, 
8, 111111, 111111, 0.9963551045248349, 0.9963551045248349, 0.0 0.0 0.0 0.0 4.6657100461026024e-05 0.02177605865007003 0.978177284249469, 
9, 111111, 111111, 0.9954899275407374, 0.9954899275407374, 0.0 0.0 0.0 0.0 0.0012850991026584944 0.024490236550259045 0.9742246643470824, 
10, 111111, 111111, 0.9957848405529126, 0.9957848405529126, 0.0 0.0 0.0 0.0 0.0012753907240485008 0.02274017523442771 0.9759844340415238, 
11, 111111, 111111, 0.9963019923462776, 0.9963019923462776, 0.0 0.0 0.0 0.0 0.00020058741151786984 0.021786871099299665 0.9780125414891826, 
12, 111111, 111111, 0.9949189304265754, 0.9949189304265754, 0.0 0.0 0.0 0.0 0.00011915247547336985 0.03024811248960089 0.9696327350349258, 
13, 111111, 111111, 0.9955981845579441, 0.9955981845579441, 0.0 0.0 0.0 0.0002905470034064849 0.0002552428615700347 0.025028765918976056 0.9744254442160474, 
14, 111111, 011111, 0.9959845194525682, 0.9959845194525682, 0.0 0.0 0.0 3.8060568108870864e-05 0.0006684042926308512 0.022641892995003302 0.976651642144257, 
15, 111111, 111111, 0.9960532713327446, 0.9960532713327446, 0.0 0.0 0.0 0.0 0.00028298026337229067 0.023114411476788034 0.9766026082598397, 
16, 111111, 111111, 0.9950552606895916, 0.9950552606895916, 0.0 0.0 0.0 0.0 0.0007007621378875913 0.0282669115866759 0.9710323262754365, 
17, 111111, 111111, 0.9963858833865972, 0.9963858833865972, 0.0 0.0 0.0 0.0 0.0 0.02168469968041689 0.9783153003195831, 
18, 111111, 111111, 0.9956650488438222, 0.9956650488438222, 0.0 0.0 0.0 0.0 0.00025620186102580454 0.025497303215014568 0.9742464949239595, 
19, 111111, 111111, 0.9948142884396466, 0.9948142884396466, 0.0 0.0 0.0 0.0 0.001267236820499244 0.02857979572112257 0.9701529674583781, 
20, 111111, 111111, 0.9965063593613392, 0.9965063593613392, 0.0 0.0 0.0 0.0 0.0004807675471252983 0.020000308737714204 0.9795189237151606, 
21, 111111, 111111, 0.995555110208983, 0.995555110208983, 0.0 0.0 0.0 0.0 0.000717594605464254 0.025234149535174003 0.9740482558593617, 
22, 111111, 111111, 0.9958522412635795, 0.9958522412635795, 0.0 0.0 0.0 0.0 0.00028702120142982116 0.024312510015662786 0.9754004687829073, 
23, 111111, 111111, 0.9953859689477002, 0.9953859689477002, 0.0 0.0 0.0 0.0 0.00032497711187101544 0.027034232090056856 0.9726407907980721, 
24, 111111, 111111, 0.9953774276006314, 0.9953774276006314, 0.0 0.0 0.0 0.0 0.00016919929600238797 0.027397035804206733 0.9724337648997908, 
25, 111111, 111111, 0.9948717715975006, 0.9948717715975006, 0.0 0.0 0.0 0.0 0.0003391317042948092 0.030091107006406236 0.969569761289299, 
26, 111111, 111111, 0.9949365526976759, 0.9949365526976759, 0.0 0.0 0.0 0.0 0.0008158328290988433 0.028749018155746636 0.9704351490151545, 
27, 111111, 111110, 0.9956638754898809, 0.9956638754898809, 0.0 0.0 0.0 0.0 0.000514438946464232 0.024987869167785882 0.9744976918857499, 
28, 111111, 111111, 0.995696378700006, 0.995696378700006, 0.0 0.0 0.0 0.0 0.00047888916155094187 0.024863949476861977 0.9746571613615871, 
29, 111111, 011111, 0.9952780140356638, 0.9952780140356638, 0.0 0.0 0.0 0.0 0.0006280957081365372 0.027075724369743846 0.9722961799221197, 
30, 111111, 111111, 0.9952086374104485, 0.9952086374104485, 0.0 0.0 0.0 0.0 0.0006741455004109229 0.0273998845364871 0.971925969963102, 
31, 111111, 111111, 0.9961038198368325, 0.9961038198368325, 0.0 0.0 0.0 0.0 0.0005968237417731292 0.022183433495459225 0.9772197427627676, 
32, 111111, 111111, 0.9953262927922959, 0.9953262927922959, 0.0 0.0 0.0 0.0 0.0001098506149710289 0.02782254201628339 0.9720676073687454, 
33, 111111, 111111, 0.9964701877772466, 0.9964701877772466, 0.0 0.0 0.0 0.0 5.671724508393378e-05 0.02106543884635257 0.9788778439085636, 
34, 111111, 111111, 0.9962679038464739, 0.9962679038464739, 0.0 0.0 0.0 0.0 0.0008873134390002772 0.020617950043155805 0.9784947365178439, 
35, 111110, 111111, 0.995565943525447, 0.995565943525447, 0.0 0.0 0.0 0.0 0.0004316202887155328 0.025741098269886548 0.9738272814413979, 
36, 111111, 111111, 0.9948337754097965, 0.9948337754097965, 0.0 0.0 0.0 3.900450640371867e-05 0.001206076648859126 0.02846818072429211 0.9702867381204451, 
37, 111111, 111111, 0.9960714440973505, 0.9960714440973505, 0.0 0.0 0.0 0.0 0.0005038219947973035 0.02256369142630278 0.9769324865788999, 
38, 111111, 111111, 0.9949436580520911, 0.9949436580520911, 0.0 0.0 0.0 0.0 0.0010500381502752643 0.0282379753869031 0.9707119864628216, 
39, 111111, 111111, 0.9951392533948789, 0.9951392533948789, 0.0 0.0 0.0 0.0 0.0012239906475791475 0.026716498335568575 0.9720595110168523, 
40, 111111, 111111, 0.9948915012033611, 0.9948915012033611, 0.0 0.0 0.0 0.0 0.0003514835902071744 0.029948025599418494 0.9697004908103745, 
41, 111111, 111111, 0.9955396582090175, 0.9955396582090175, 0.0 0.0 0.0 0.0 0.0006552770958343432 0.025451496554226877 0.9738932263499388, 
42, 111111, 111111, 0.9953911743272458, 0.9953911743272458, 0.0 0.0 0.0 0.0 0.0005949650349078008 0.026463023966709753 0.9729420109983825, 
43, 111111, 111111, 0.9951309316503348, 0.9951309316503348, 0.0 0.0 0.0 0.0 0.000663588347814083 0.02788723340236277 0.9714491782498231, 
44, 111111, 111111, 0.9957987024871108, 0.9957987024871108, 0.0 0.0 0.0 0.00033832106785070323 0.0008151136365676493 0.022562594600648033 0.9762839706949337, 
45, 111111, 111111, 0.9945392690947452, 0.9945392690947452, 0.0 0.0 0.0 0.0 0.000655836825135861 0.03145271178125677 0.9678914513936073, 
46, 111111, 111111, 0.9959491547250958, 0.9959491547250958, 0.0 0.0 0.0 0.0 0.0013471103828576986 0.021610850883709697 0.9770420387334326, 
47, 111111, 111111, 0.9958033832837768, 0.9958033832837768, 0.0 0.0 0.0 0.0 0.0 0.02517970029733869 0.9748202997026613, 
48, 111111, 111111, 0.996352706051747, 0.996352706051747, 0.0 0.0 0.0 0.0 2.045392582496007e-05 0.021842855837868245 0.9781366902363069, 
49, 111111, 111111, 0.9964316863663174, 0.9964316863663174, 0.0 0.0 0.0 0.00016838726809825213 0.0008806439108613416 0.019143432176078456 0.9798075366449619, 
50, 111111, 111111, 0.9960468612161499, 0.9960468612161499, 0.0 0.0 0.0 0.0 0.0003407758609616756 0.023037280981177292 0.976621943157861, 
51, 111111, 111111, 0.995313350538391, 0.995313350538391, 0.0 0.0 0.0 0.000433633547898389 0.0006165757862932057 0.025585844553373326 0.973363946112435, 
52, 111111, 111111, 0.9952512985074149, 0.9952512985074149, 0.0 0.0 0.0 0.0 0.00038692622357368463 0.02771835650836347 0.9718947172680629, 
53, 111111, 111111, 0.9953729394848266, 0.9953729394848266, 0.0 0.0 0.0 0.0 0.00012144830577680041 0.027519466479486537 0.9723590852147366, 
54, 111111, 111111, 0.9945290050999961, 0.9945290050999961, 0.0 0.0 0.0 0.0 0.00023070970773242765 0.032364549984558656 0.9674047403077088, 
55, 111111, 111111, 0.9957167988634142, 0.9957167988634142, 0.0 0.0 0.0 0.0 0.0005816387038458386 0.02453592941182348 0.9748824318843307, 
56, 111111, 111111, 0.9959047441310577, 0.9959047441310577, 0.0 0.0 0.0 0.0 0.0007855371251125846 0.023000460963428716 0.9762140019114587, 
57, 111111, 111111, 0.9956067339303022, 0.9956067339303022, 0.0 0.0 0.0 0.0 0.0003964562097384816 0.02556668399870985 0.9740368597915516, 
58, 111111, 111111, 0.9945051145540149, 0.9945051145540149, 0.0 0.0 0.0 0.0 0.0025659729289317697 0.0278373668180476 0.9695966602530207, 
59, 111110, 111111, 0.9952268425610922, 0.9952268425610922, 0.0 0.0 0.0 0.0 0.0004582115056545251 0.027722521622138292 0.9718192668722072, 
60, 111111, 011111, 0.9956496156335248, 0.9956496156335248, 0.0 0.0 0.0 0.0 0.00022777085832249549 0.025646764482206912 0.9741254646594705, 
61, 111111, 111111, 0.9961087131205248, 0.9961087131205248, 0.0 0.0 0.0 0.0 0.00016433021811218488 0.023019060840627218 0.9768166089412607, 
62, 111111, 111111, 0.9955517757924786, 0.9955517757924786, 0.0 0.0 0.0 0.0 0.0003462460760591427 0.025996853093010953 0.9736569008309299, 
63, 111111, 111111, 0.9954712862839663, 0.9954712862839663, 0.0 0.0 0.0 0.0 0.00040536806496359047 0.02636154616627432 0.9732330857687621, 
64, 111111, 111111, 0.995244751784969, 0.995244751784969, 0.0 0.0 0.0 0.0 0.0002984670573544502 0.027934555175476865 0.9717669777671687, 
65, 111111, 111111, 0.9951970238273842, 0.9951970238273842, 0.0 0.0 0.0 0.0 0.00031872121777029263 0.02818041460015383 0.9715008641820759, 
66, 111110, 111111, 0.9950727722729543, 0.9950727722729543, 0.0 0.0 0.0 0.0 0.0002058600145587467 0.029151646333156544 0.9706424936522846, 
67, 111111, 111111, 0.9957163807698364, 0.9957163807698364, 0.0 0.0 0.0 0.0 0.00042309434764813803 0.02485552668568573 0.9747213789666661, 
68, 111111, 111111, 0.9952414797243242, 0.9952414797243242, 0.0 0.0 0.0 0.0 0.00010195185422057196 0.028347217945612894 0.9715508302001665, 
69, 111111, 011111, 0.9950980649444837, 0.9950980649444837, 0.0 0.0 0.0 0.0 0.00041147988379353566 0.028588650565511586 0.9709998695506948, 
70, 111111, 111111, 0.9950879642734868, 0.9950879642734868, 0.0 0.0 0.0 0.0 0.0003754808277666001 0.028721252703546758 0.9709032664686866, 
71, 111111, 111111, 0.9941552960143886, 0.9941552960143886, 0.0 0.0 0.0 0.0 0.0008658737357603936 0.03333647644214773 0.9657976498220918, 
72, 111111, 111111, 0.9962564792667346, 0.9962564792667346, 0.0 0.0 0.0 0.0 0.00043361032028016585 0.021593903759032217 0.9779724859206876, 
73, 111111, 111111, 0.9953720173484617, 0.9953720173484617, 0.0 0.0 0.0 0.0 0.0003312981768016162 0.027105299555626933 0.9725634022675715, 
74, 011111, 111111, 0.9965770244166059, 0.9965770244166059, 0.0 0.0 0.0 0.0 0.0006489940049538868 0.01923986549045733 0.9801111405045887, 
75, 111111, 111111, 0.9951542109575899, 0.9951542109575899, 0.0 0.0 0.0 0.0 0.0011543642040554895 0.02676600584634969 0.9720796299495948, 
76, 111111, 111111, 0.9949275854078085, 0.9949275854078085, 0.0 0.0 0.0 0.0 0.0010450492454367449 0.02834438906227592 0.9706105616922873, 
77, 111111, 111111, 0.9958266869083806, 0.9958266869083806, 0.0 0.0 0.0 0.0 0.000446187080103221 0.02414750438950962 0.9754063085303872, 
78, 111111, 111111, 0.9962344545694722, 0.9962344545694722, 0.0 0.0 0.0 0.0 0.0004340786214258983 0.021725115340315095 0.977840806038259, 
79, 111110, 111111, 0.9953095929160484, 0.9953095929160484, 0.0 0.0 0.0 0.0 0.0014700525462566386 0.025202337411196134 0.9733276100425473, 
80, 111111, 111111, 0.9954783704502461, 0.9954783704502461, 0.0 0.0 0.0 4.9413872162160414e-05 0.0003541605442652248 0.02627321459350642 0.9733232109900662, 
81, 111111, 111111, 0.9958553192599706, 0.9958553192599706, 0.0 0.0 0.0 0.0 0.00028938245598889527 0.02428931952819868 0.9754212980158123, 
82, 111111, 111111, 0.9950174137747569, 0.9950174137747569, 0.0 0.0 0.0 0.0 0.0008790794804949987 0.028137358390468277 0.9709835621290367, 
83, 111111, 111111, 0.9958126537556142, 0.9958126537556142, 0.0 0.0 0.0 0.0 0.000860229078831559 0.023403619308651678 0.9757361516125167, 
84, 111111, 111111, 0.9955893431770758, 0.9955893431770758, 0.0 0.0 0.0 0.0 0.00026086102097079865 0.025942218895603653 0.9737969200834256, 
85, 111111, 111111, 0.995049266792655, 0.995049266792655, 0.0 0.0 0.0 0.0 0.0017947534071531854 0.026114892429764027 0.9720903541630828, 
86, 111111, 111111, 0.9949023182392089, 0.9949023182392089, 0.0 0.0 0.0 3.81513303844134e-05 0.000842750041783899 0.02878613649002512 0.9703329621378066, 
87, 111111, 111111, 0.9957043765150001, 0.9957043765150001, 0.0 0.0 0.0 0.0 0.0001991191834707487 0.025375502543058173 0.9744253782734711, 
88, 111111, 111111, 0.9952906107241132, 0.9952906107241132, 0.0 0.0 0.0 0.0 0.0012544065352179889 0.025747522584885097 0.9729980708798969, 
89, 111111, 111111, 0.9953202401603702, 0.9953202401603702, 0.0 0.0 0.0 0.0 0.0004402963384202264 0.02719796636093908 0.9723617373006408, 
90, 111111, 111111, 0.9957597510699429, 0.9957597510699429, 0.0 0.0 0.0 0.0 0.00014468680784713653 0.025152119964648344 0.9747031932275045, 
91, 111111, 111111, 0.9951640912566057, 0.9951640912566057, 0.0 0.0 0.0 0.0 0.0009404243106864462 0.027134603838994128 0.9719249718503193, 
92, 111111, 111111, 0.9950656509429774, 0.9950656509429774, 0.0 0.0 0.0 0.0 0.00038026008794509223 0.028845574166246352 0.9707741657458085, 
93, 111111, 111111, 0.9954836289162038, 0.9954836289162038, 0.0 0.0 0.0 0.0 0.0002209060580170722 0.02665641438674346 0.9731226795552395, 
94, 111111, 111111, 0.9936260702220845, 0.9936260702220845, 0.0 0.0 0.0 0.0 0.0010277362978209767 0.03618810607185063 0.9627841576303283, 
95, 111111, 111111, 0.9932794615179745, 0.9932794615179745, 0.0 0.0 0.0 0.0 0.000492532850303437 0.039338165191546016 0.9601693019581506, 
96, 111111, 111111, 0.9956862070238065, 0.9956862070238065, 0.0 0.0 0.0 0.0 0.0009701952796578832 0.02394236729784557 0.9750874374224966, 
97, 111111, 111111, 0.9956801768975116, 0.9956801768975116, 0.0 0.0 0.0 0.0 0.00022996860938932212 0.025459001396151842 0.9743110299944588, 
98, 111111, 111111, 0.9953703992272263, 0.9953703992272263, 0.0 0.0 0.0 0.0 0.0006867193032247679 0.026404166030193285 0.9729091146665819, 
99, 111111, 111111, 0.9957708093245574, 0.9957708093245574, 0.0 0.0 0.0 0.0 0.00037645764405568434 0.02462222876454406 0.9750013135914003, 
100, 111111, 111111, 0.9961139504390158, 0.9961139504390158, 0.0 0.0 0.0 0.0 0.00047744260361347877 0.022361412158678227 0.9771611452377083, 
