run, initial grid state, final grid state, mean grid cell occupancy, mean binding site occupancy, fraction of time with N TFs bound, warning
1, 111111, 111111, 0.9884093818122531, 0.9884093818122531, 0.0 0.0 0.0 0.0 0.0019649957543686884 0.06561371761774375 0.9324212866278877, 
2, 111111, 111111, 0.9876215494958311, 0.9876215494958311, 0.0 0.0 0.0 0.0 0.003895200970414898 0.06648030108418433 0.9296244979454008, 
3, 111111, 111111, 0.9866260213353333, 0.9866260213353333, 0.0 0.0 0.0 0.00015382584665233178 0.00559496447435621 0.06859246549933122 0.9256587441796602, 
4, 111111, 111111, 0.9861615892996306, 0.9861615892996306, 0.0 0.0 0.0 0.0001627327808642955 0.006396967585049283 0.06974833068952556 0.923691968944561, 
5, 111111, 111111, 0.9876421111644382, 0.9876421111644382, 0.0 0.0 0.0 6.657043389773261e-05 0.008452723393001146 0.0570421749256745 0.9344385312474266, 
6, 111111, 111111, 0.9889105249756428, 0.9889105249756428, 0.0 0.0 0.0 0.00023046876627300463 0.003715870032924342 0.05841370378147513 0.9376399574193275, 
7, 111111, 111111, 0.988132139233905, 0.988132139233905, 0.0 0.0 0.0 0.0 0.003881284034506515 0.06344459652755649 0.932674119437937, 
8, 111111, 111111, 0.9872578020319156, 0.9872578020319156, 0.0 0.0 0.0 0.0001044794579025961 0.0034933547770711064 0.06915303988065565 0.9272491258843707, 
9, 111111, 111111, 0.9897133061518834, 0.9897133061518834, 0.0 0.0 0.0 0.0001128372404805819 0.003149262200001719 0.055083126967254786 0.9416547735922628, 
10, 111111, 111111, 0.9886542455349551, 0.9886542455349551, 0.0 0.0 0.0 0.0004241048580841507 0.0036785319659438476 0.05944514828412933 0.9364522148918427, 
11, 011111, 111111, 0.9873821444263505, 0.9873821444263505, 0.0 0.0 0.0 0.0 0.004150407092163094 0.0674063192575717 0.9284432736502654, 
12, 111111, 111111, 0.9870361849300765, 0.9870361849300765, 0.0 0.0 0.0 0.0 0.003559370906587083 0.07066414860636756 0.9257764804870454, 
13, 111111, 111111, 0.9877867902031965, 0.9877867902031965, 0.0 0.0 4.73371681062345e-05 4.331347281732019e-05 0.003813711067394064 0.06533254755515658 0.9307630907365257, 
14, 111111, 111111, 0.9863203858753744, 0.9863203858753744, 0.0 0.0 0.0 0.0004707556971885476 0.00554284367545572 0.0695797303052771 0.9244066703220787, 
15, 111111, 111111, 0.9871156594752943, 0.9871156594752943, 0.0 0.0 0.0 0.001052003922612894 0.0012267769899947868 0.07169647740040562 0.9260247416869868, 
16, 111110, 111111, 0.9874455195874803, 0.9874455195874803, 0.0 0.0 0.0 0.00025605617647091547 0.0037883116271405556 0.06698209069142427 0.9289735415049643, 
17, 111111, 111111, 0.9878464018982447, 0.9878464018982447, 0.0 0.0 0.0 0.0 0.003655306213420473 0.06561097618369113 0.9307337176028884, 
18, 111111, 111111, 0.9877254270517749, 0.9877254270517749, 0.0 0.0 0.0 2.6893036363763466e-05 0.0035721456769458306 0.06642246722636737 0.9299784940603231, 
19, 111111, 111111, 0.9864219967992564, 0.9864219967992564, 0.0 0.0 0.0 0.0005197524819956506 0.0032666625937072665 0.07337543657106034 0.9228381483532367, 
20, 111111, 111111, 0.9869144037233706, 0.9869144037233706, 0.0 0.0 0.0 0.0 0.002367274989634085 0.07377902768050802 0.9238536973298579, 
21, 111111, 111111, 0.9864123137262221, 0.9864123137262221, 0.0 0.0 0.0 0.00010789063147215615 0.005793684481556057 0.06961507678513926 0.9244833481018325, 
22, 111111, 111111, 0.9861642500695847, 0.9861642500695847, 0.0 0.0 0.0 0.0002510018642927919 0.004588191050681193 0.07308511188825106 0.9220756951967749, 
23, 111111, 111111, 0.9882410823615547, 0.9882410823615547, 0.0 0.0 0.0 0.0 0.004016933288566967 0.06251963925353696 0.9334634274578961, 
24, 111111, 111111, 0.9880976637570613, 0.9880976637570613, 0.0 0.0 0.0 0.0 0.0031259544092925814 0.06516210863904717 0.9317119369516603, 
25, 111111, 111111, 0.9884099100689826, 0.9884099100689826, 0.0 0.0 0.0 0.0 0.00415571085059664 0.06122911788491212 0.9346151712644912, 
26, 111111, 111111, 0.989722620841957, 0.989722620841957, 0.0 0.0 0.0 0.00041019019559122264 0.003296829551405994 0.05384004525867341 0.9424529349943294, 
27, 011111, 111111, 0.9886878832669178, 0.9886878832669178, 0.0 0.0 0.0 0.0 0.00189462840178484 0.06408344359492327 0.934021928003292, 
28, 111111, 111111, 0.9868619456135995, 0.9868619456135995, 0.0 0.0 0.0 0.0 0.005321107055099627 0.06818611220820378 0.9264927807366965, 
29, 111111, 111111, 0.9898992319713414, 0.9898992319713414, 0.0 0.0 0.0 0.0 0.0008360735147869586 0.05893246114237831 0.9402314653428347, 
30, 111111, 111111, 0.9870825373587083, 0.9870825373587083, 0.0 0.0 0.0 9.021229616945697e-05 0.0031163481255756954 0.07100144270809074 0.9257919968701641, 
31, 111111, 111111, 0.987229524239453, 0.987229524239453, 0.0 0.0 0.0 0.0005691024048357634 0.003965818581348288 0.0669839101860778 0.9284811688277381, 
32, 111111, 111111, 0.9897917275426883, 0.9897917275426883, 0.0 0.0 0.0 0.0 0.00270244386770975 0.05584474700845085 0.9414528091238393, 
33, 111111, 111110, 0.9876261224849615, 0.9876261224849615, 0.0 0.0 0.0 0.0005547816978539171 0.0027090741298142497 0.0671607717370413 0.9295753724352906, 
34, 111111, 111111, 0.9863838742704496, 0.9863838742704496, 0.0 0.0 0.0 0.0 0.00360204013097008 0.07449267411536203 0.9219052857536678, 
35, 111111, 011111, 0.9865347882015625, 0.9865347882015625, 0.0 0.0 0.0 0.000967901568610583 0.004990616940190379 0.0679063322044125 0.9261351492867866, 
36, 111111, 111111, 0.9894479461387954, 0.9894479461387954, 0.0 0.0 0.0 0.0 0.0016229462809448014 0.06006643060533789 0.9383106231137174, 
37, 111111, 111111, 0.9882276699469719, 0.9882276699469719, 0.0 0.0 0.0 0.00022211781522455667 0.004193012078346836 0.06158160271580171 0.9340032673906269, 
38, 111111, 111111, 0.9865864307909633, 0.9865864307909633, 0.0 0.0 0.0 0.0008097588259325708 0.00514609926077154 0.06775994025488004 0.926284201658416, 
39, 111111, 111111, 0.9897913283895794, 0.9897913283895794, 0.0 0.0 0.0 0.0 0.0034868308672817935 0.05427836792795995 0.9422348012047582, 
40, 111111, 111111, 0.9889101681909274, 0.9889101681909274, 0.0 0.0 0.0 0.0 0.0025403334226663512 0.06145832400910253 0.9360013425682311, 
41, 111111, 111111, 0.989476355322563, 0.989476355322563, 0.0 0.0 0.0 0.0 0.0019503450315761705 0.05924117800147023 0.9388084769669536, 
42, 111110, 111111, 0.9875977573329514, 0.9875977573329514, 0.0 0.0 0.0 0.0 0.0029302126473057977 0.06855303070767957 0.9285167566450147, 
43, 111111, 111111, 0.9878154123245898, 0.9878154123245898, 0.0 0.0 0.0 0.00010064591487489994 0.0037181838879792035 0.06536922053187787 0.9308119496652679, 
44, 111111, 111111, 0.9900675874180696, 0.9900675874180696, 0.0 0.0 0.0 5.7805633884157444e-05 0.0016016020465401345 0.05621785449685064 0.9421227378227252, 
45, 111111, 111111, 0.9897153780560916, 0.9897153780560916, 0.0 0.0 0.0 0.0 0.0023940452910253757 0.0569196410813991 0.9406863136275756, 
46, 111111, 111111, 0.9888918489098631, 0.9888918489098631, 0.0 0.0 0.0 0.0 0.0032117666003957813 0.06022537334002916 0.936562860059575, 
47, 111111, 111111, 0.9886970620342015, 0.9886970620342015, 0.0 0.0 0.0 0.0 0.004556758160681568 0.05870411147342824 0.9367391303658902, 
48, 111111, 111111, 0.9881464877147095, 0.9881464877147095, 0.0 0.0 0.0 9.293512426699909e-05 0.003655408473730683 0.06353145139148127 0.932720205010521, 
49, 111111, 111111, 0.9886624726443147, 0.9886624726443147, 0.0 0.0 0.0 0.0 0.004285191601085463 0.05945478093194014 0.9362600274669743, 
50, 111111, 111111, 0.9880407442438403, 0.9880407442438403, 0.0 0.0 0.0 0.0002361504173611459 0.002623851919838218 0.06579937944519824 0.9313406182176024, 
51, 111111, 111111, 0.9867701210230612, 0.9867701210230612, 0.0 0.0 0.0 0.00032576414466386745 0.003973167112000027 0.07045564720364127 0.9252454215396948, 
52, 111111, 111111, 0.9890292298711207, 0.9890292298711207, 0.0 0.0 0.0 0.0 0.003993973583496179 0.0578366736062827 0.9381693528102211, 
53, 111111, 111111, 0.9887662446568332, 0.9887662446568332, 0.0 0.0 0.0 3.5193429690741355e-07 0.0027362558851426817 0.06192896448582413 0.9353344276947363, 
54, 111111, 111111, 0.9880083889129103, 0.9880083889129103, 0.0 0.0 0.0 0.0004853295926882539 0.0030319846370026964 0.06442970847046804 0.9320529772998409, 
55, 111111, 111111, 0.9872326612427748, 0.9872326612427748, 0.0 0.0 0.0 0.0 0.0022395508750343604 0.07212493079328304 0.9256355183316827, 
56, 111111, 111111, 0.9878592505161603, 0.9878592505161603, 0.0 0.0 0.0 7.891674885578808e-05 0.0035729444063890333 0.0654618578436931 0.9308862810010621, 
57, 111111, 111111, 0.9898533326354572, 0.9898533326354572, 0.0 0.0 0.0 0.0 0.002992160382603265 0.05489568342205047 0.9421121561953463, 
58, 111111, 111111, 0.9882127312540369, 0.9882127312540369, 0.0 0.0 0.0 0.0 0.0026979892805902737 0.06532763391459855 0.9319743768048112, 
59, 111111, 111111, 0.9886157692737302, 0.9886157692737302, 0.0 0.0 0.0 0.0 0.004489492973977689 0.059326398409663986 0.9361841086163584, 
60, 111111, 111111, 0.9856356685603193, 0.9856356685603193, 0.0 0.0 0.0 9.312983006221907e-05 0.005375366495359025 0.07515586615717933 0.9193756375173995, 
61, 111111, 111111, 0.9870099573869593, 0.9870099573869593, 0.0 0.0 0.0 5.845308002335684e-05 0.005755167056106576 0.06625456232596084 0.9279318175379092, 
62, 111111, 111111, 0.9882347840174635, 0.9882347840174635, 0.0 0.0 0.0 0.0 0.0023258056923467344 0.06593968451052626 0.931734509797127, 
63, 111111, 111111, 0.9881032863736297, 0.9881032863736297, 0.0 0.0 0.0 0.00018260370208193855 0.0038143777697038648 0.06320371511256792 0.9327993034156462, 
64, 111111, 111111, 0.9894003518047003, 0.9894003518047003, 0.0 0.0 0.0 0.0 0.0025710025484868312 0.058455884074823994 0.9389731133766891, 
65, 111111, 111111, 0.9877377883022463, 0.9877377883022463, 0.0 0.0 0.0 0.0 0.0026486913707933677 0.06827588744493567 0.929075421184271, 
66, 111111, 111111, 0.9888427986140091, 0.9888427986140091, 0.0 0.0 0.0 0.00011775341756128128 0.001592841916341384 0.06340426423057857 0.9348851404355187, 
67, 111111, 111111, 0.9879034275815202, 0.9879034275815202, 0.0 0.0 0.0 0.00018840991826522916 0.0024608508031573675 0.0670925031497679 0.9302582361288094, 
68, 111111, 111111, 0.9872736179903231, 0.9872736179903231, 0.0 0.0 0.0 0.00041918475152560636 0.00289928179787017 0.06930217420774365 0.9273793592428606, 
69, 111111, 111111, 0.9871015885839584, 0.9871015885839584, 0.0 0.0 0.0 1.2725127451533362e-05 0.0035807931165608912 0.07019070688077335 0.9262157748752142, 
70, 111111, 111111, 0.9864789731065148, 0.9864789731065148, 0.0 0.0 0.0 0.00016646052213187726 0.004602694426970864 0.0714213909405743 0.923809454110323, 
71, 111111, 111111, 0.9881268946301299, 0.9881268946301299, 0.0 0.0 0.0 0.0 0.0026210722041108917 0.06599648781099868 0.9313824399848905, 
72, 111111, 111111, 0.9866849444064005, 0.9866849444064005, 0.0 0.0 0.0 0.0 0.0030491986592800966 0.07379193624303644 0.9231588650976834, 
73, 111111, 111111, 0.9872080520969424, 0.9872080520969424, 0.0 0.0 0.0 0.00017762936029593147 0.0030761969367372527 0.07006640546398367 0.9266797682389831, 
74, 111111, 111111, 0.9882117174705496, 0.9882117174705496, 0.0 0.0 0.0 0.0 0.0019667676547646487 0.06679615986717263 0.9312370724780626, 
75, 111111, 111111, 0.9879382226647333, 0.9879382226647333, 0.0 0.0 0.0 0.0 0.0024935250540649 0.06738361390347095 0.9301228610424641, 
76, 111111, 111111, 0.9881053813435347, 0.9881053813435347, 0.0 0.0 5.489721063375472e-05 0.00030241357390994113 0.002522382503093147 0.06519611736834006 0.9319241893440231, 
77, 111111, 111111, 0.9881415399887202, 0.9881415399887202, 0.0 0.0 0.0 0.00016723598837919176 0.0031978422686552146 0.06425336756523084 0.9323815541777347, 
78, 111111, 111110, 0.9890823197377018, 0.9890823197377018, 0.0 0.0 0.0 0.0 0.003808036489691961 0.05789000859440529 0.9383019549159027, 
79, 111111, 111111, 0.9878856590005033, 0.9878856590005033, 0.0 0.0 0.0 0.0007067951759279057 0.004396740723243597 0.06177217902270911 0.9331242850781193, 
80, 111111, 111111, 0.9896636633136405, 0.9896636633136405, 0.0 0.0 0.0 0.0 0.002378456226513052 0.057261107665130415 0.9403604361083565, 
81, 111111, 111111, 0.9873122542256063, 0.9873122542256063, 0.0 0.0 0.0004085161494368598 0.00021759310614165802 0.0041752634110873085 0.0654891039080153 0.9297095234253189, 
82, 111111, 111111, 0.9893608890875414, 0.9893608890875414, 0.0 0.0 0.0 0.00024590761293797264 0.0014747964780333423 0.06014734967987101 0.9381319462291575, 
83, 111111, 111111, 0.9885464524088123, 0.9885464524088123, 0.0 0.0 0.0 0.0 0.0016153975004622161 0.06549049054620157 0.9328941119533363, 
84, 111111, 111111, 0.9876901589701282, 0.9876901589701282, 0.0 0.0 0.0 0.0 0.0020217486701504276 0.06981554883892961 0.92816270249092, 
85, 111111, 111111, 0.9873127242875475, 0.9873127242875475, 0.0 0.0 0.0 0.0 0.001951658665813791 0.07222033694308809 0.9258280043910981, 
86, 111111, 111111, 0.9876344084979714, 0.9876344084979714, 0.0 0.0 0.0 0.0 0.003280348661232108 0.06763285168970787 0.92908679964906, 
87, 111111, 111111, 0.987318255317836, 0.987318255317836, 0.0 0.0 0.0 0.0001980795575815723 0.0033250682689236312 0.06884609288239127 0.9276307592911036, 
88, 011111, 011110, 0.9891883663967095, 0.9891883663967095, 0.0 0.0 0.0 0.0 0.0022984650241299255 0.06027287157148289 0.9374286634043872, 
89, 111111, 111111, 0.9895722398295866, 0.9895722398295866, 0.0 0.0 0.0 1.4993244040693554e-05 0.003336230780510283 0.05584911972933686 0.9407996562461122, 
90, 111111, 111111, 0.9891050632031284, 0.9891050632031284, 0.0 0.0 0.0 0.0 0.0025230959653956262 0.060323428850438406 0.937153475184166, 
91, 111111, 111111, 0.9870379568605941, 0.9870379568605941, 0.0 0.0 0.0 5.264808154287792e-05 0.003343767901936464 0.07092677878793292 0.9256768052285876, 
92, 111111, 111111, 0.9875795703379662, 0.9875795703379662, 0.0 0.0 0.0 0.0 0.002611471986603481 0.06929963399899615 0.9280888940144004, 
93, 111111, 111111, 0.9866275994365804, 0.9866275994365804, 0.0 0.0 0.0 0.0 0.005408499320601835 0.06941740473931374 0.9251740959400845, 
94, 111111, 111111, 0.987590122430575, 0.987590122430575, 0.0 0.0 0.0 0.00027442887095984955 0.00553504308715077 0.06256589262936892 0.9316246354125205, 
95, 111111, 111111, 0.9880138910747904, 0.9880138910747904, 0.0 0.0 0.0 0.0 0.001048206503883138 0.06982024054349174 0.9291315529526251, 
96, 111111, 111111, 0.9883193499843194, 0.9883193499843194, 0.0 0.0 0.0 0.00020716394922528947 0.003696476160396277 0.06206945592561622 0.9340269039647623, 
97, 111111, 111111, 0.9861116671595327, 0.9861116671595327, 0.0 0.0 0.0 1.0110375794910248e-06 0.004307728823145826 0.07471150628377408 0.9209797538555006, 
98, 111111, 111111, 0.988313952174442, 0.988313952174442, 0.0 0.0 0.0 0.0 0.0026225985637224887 0.0648710898259034 0.9325063116103741, 
99, 111111, 111111, 0.9880386171774166, 0.9880386171774166, 0.0 0.0 0.0 0.0 0.0031383222542122747 0.06549165242707548 0.9313700253187123, 
100, 111111, 111111, 0.9867248771741559, 0.9867248771741559, 0.0 0.0 0.0 0.00014312615262059936 0.005032323081287857 0.0691567123346271 0.9256678384314645, 
run, initial grid state, final grid state, mean grid cell occupancy, mean binding site occupancy, fraction of time with N TFs bound, warning
1, 111111, 111111, 0.9895501761060782, 0.9895501761060782, 0.0 0.0 0.0 0.0 0.001668208920356106 0.059362525522819155 0.9389692655568248, 
2, 111111, 111111, 0.9873228873234214, 0.9873228873234214, 0.0 0.0 0.0 0.0 0.0036902649854763346 0.06868214608851839 0.9276275889260053, 
3, 111111, 011111, 0.9871617078832958, 0.9871617078832958, 0.0 0.0 0.0001360980430962358 0.00020822170509627886 0.001990749531553533 0.07187919634944466 0.9257857343708092, 
4, 111111, 011111, 0.9886990715132703, 0.9886990715132703, 0.0 0.0 0.0 0.0 0.0024895918237125302 0.06282638727295262 0.9346840209033348, 
5, 111111, 111111, 0.9870670048622635, 0.9870670048622635, 0.0 0.0 0.0 0.00011227942744967482 0.005538045626320144 0.06618504129142953 0.9281646336548007, 
6, 111111, 111111, 0.986807450643746, 0.986807450643746, 0.0 0.0 0.0 0.00029093544079950874 0.0040433322817784965 0.07019582525156821 0.9254699070258539, 
7, 111111, 111111, 0.9875709224396416, 0.9875709224396416, 0.0 0.0 0.0 0.0005818776509789057 0.003880944770137362 0.06506694286893958 0.9304702347099442, 
8, 111111, 111110, 0.9878936873949818, 0.9878936873949818, 0.0 0.0 0.0 0.00013736917264887263 0.002099547220711197 0.06802667367073961 0.9297364099359002, 
9, 111111, 011111, 0.9878714034574403, 0.9878714034574403, 0.0 0.0 0.0 0.0 0.004015447259298648 0.06474068473676099 0.9312438680039403, 
10, 111111, 111111, 0.9864372091392816, 0.9864372091392816, 0.0 0.0 0.0 0.0 0.0036750041303760094 0.07402673690355897 0.922298258966065, 
11, 111111, 111111, 0.9869988765719367, 0.9869988765719367, 0.0 0.0 0.0 0.0003958794283035823 0.004536315963639773 0.06774647035618939 0.9273213342518672, 
12, 111111, 111111, 0.9858168976128325, 0.9858168976128325, 0.0 0.0 0.0 0.00025944560579805145 0.005196945086925313 0.07392638733176021 0.9206172219755165, 
13, 111111, 111111, 0.988422352658598, 0.988422352658598, 0.0 0.0 0.0 6.332779987085433e-06 0.0036283278267715087 0.062190230054907675 0.9341751093383337, 
14, 111111, 111111, 0.9887109651874071, 0.9887109651874071, 0.0 0.0 0.0 7.857199210666474e-05 0.00432645917628438 0.0588455745466688 0.9367493942849401, 
15, 111111, 111111, 0.9860550306222878, 0.9860550306222878, 0.0 0.0 0.0015702870078160647 0.00035624889959446016 0.005088728420242156 0.06614246469574063 0.9268422709766067, 
16, 111111, 111111, 0.9870915038154507, 0.9870915038154507, 0.0 0.0 0.0 0.0004565057795197623 0.004848301344208986 0.06638485708031801 0.9283103357959532, 
17, 111111, 111111, 0.9877866907920061, 0.9877866907920061, 0.0 0.0 0.0 0.0 0.00380413245585284 0.06567159033625793 0.9305242772078892, 
18, 111111, 111111, 0.9866572218720788, 0.9866572218720788, 0.0 0.0 0.0 0.0001534500963901338 0.004123139815087701 0.07135003884818132 0.9243733712403408, 
19, 111111, 111111, 0.9858644410088091, 0.9858644410088091, 0.0 0.0 0.0 3.3442667629094345e-05 0.005448301637460965 0.07381642266933656 0.9207018330255734, 
20, 111111, 111111, 0.9880472615135651, 0.9880472615135651, 0.0 0.0 0.0 0.00017641216710817244 0.003970819198873426 0.06324555601953807 0.9326072126144803, 
21, 111111, 111111, 0.9856302887086624, 0.9856302887086624, 0.0 0.0 0.0 0.0019611744997757386 0.004006703841372273 0.0723213365659532 0.9217107850928988, 
22, 111111, 111111, 0.987858159297601, 0.987858159297601, 0.0 0.0 0.0 0.00026994138999223707 0.0031234561452326602 0.0657943077539522 0.9308122947108229, 
23, 111111, 111111, 0.9899621541488545, 0.9899621541488545, 0.0 0.0 0.0 0.0 0.00272403109721067 0.05477901291245189 0.9424969559903374, 
24, 011111, 111111, 0.9877236560429098, 0.9877236560429098, 0.0 0.0 0.0 0.0 0.0022054164565711003 0.06924723082939957 0.9285473527140294, 
25, 111111, 111111, 0.986425492865814, 0.986425492865814, 0.0 0.0 0.0 0.000937755049970604 0.004407939997168958 0.06981789766086585 0.9248364072919947, 
26, 011111, 111111, 0.988072809395162, 0.988072809395162, 0.0 0.0 0.0 0.00023882060785549025 0.0031391771702279254 0.06456832746500625 0.9320536747569104, 
27, 111111, 111111, 0.9882403034604451, 0.9882403034604451, 0.0 0.0 0.0 0.0 0.0016700371861351174 0.06721810486505925 0.9311118579488056, 
28, 111111, 111111, 0.9881086145232941, 0.9881086145232941, 0.0 0.0 0.0 0.0004048631083881287 0.003978606375941907 0.06217651078318778 0.9334400197324823, 
29, 111111, 111111, 0.9875483244386827, 0.9875483244386827, 0.0 0.0 0.00011056794892140796 0.00022619200394414718 0.005994511754306944 0.06160018205177166 0.9320685462410558, 
30, 111111, 111111, 0.9864949240672441, 0.9864949240672441, 0.0 0.0 0.0 1.6079949041888824e-05 0.003522619534919446 0.07393697667957053 0.9225243238364682, 
31, 111111, 011111, 0.9864622426734846, 0.9864622426734846, 0.0 0.0 0.0 0.00029231746721608293 0.003865780759652484 0.07261803003813957 0.9232238717349919, 
32, 111111, 111111, 0.9873431883825133, 0.9873431883825133, 0.0 0.0 0.0 0.00017874930802299862 0.0029348384977965977 0.06953494478525761 0.9273514674089228, 
33, 111111, 111111, 0.9905238878649513, 0.9905238878649513, 0.0 0.0 0.0 0.0 0.0010358946031384525 0.05478488360401615 0.9441792217928454, 
34, 111111, 111111, 0.98787738182283, 0.98787738182283, 0.0 0.0 0.0 0.00024875270988986605 0.001894208791657388 0.06820103335003526 0.9296560051484175, 
35, 111111, 111111, 0.9857729357500234, 0.9857729357500234, 0.0 0.0 0.0 0.0002812228120148749 0.0041078853437809424 0.07630294637625214 0.919307945467952, 
36, 111111, 111111, 0.9897099093792103, 0.9897099093792103, 0.0 0.0 0.0 0.0 0.00477059658540304 0.052199350553931885 0.943030052860665, 
37, 111111, 011111, 0.9888084574358862, 0.9888084574358862, 0.0 0.0 0.0 0.0 0.0026447868964176798 0.061859681591848306 0.935495531511734, 
38, 111111, 111111, 0.9877975495794524, 0.9877975495794524, 0.0 0.0 0.0 0.00026185223458799755 0.004118742749750436 0.06419166032002029 0.9314277446956413, 
39, 111111, 111111, 0.9876292818012333, 0.9876292818012333, 0.0 0.0 0.0 0.0 0.0022531515549172954 0.06971800608276593 0.9280288423623168, 
40, 111111, 111111, 0.9895091893753233, 0.9895091893753233, 0.0 0.0 0.0 0.0 0.003100471087723672 0.056743921572613196 0.9401556073396632, 
41, 111111, 111111, 0.990236708288394, 0.990236708288394, 0.0 0.0 0.0 0.00061553567636189 0.0023310381622176296 0.05207106691611475 0.9449823592453056, 
42, 111111, 111111, 0.9886731085577646, 0.9886731085577646, 0.0 0.0 0.0 0.0 0.0025024824943867038 0.06295638366463852 0.9345411338409747, 
43, 111111, 111111, 0.9880673998147504, 0.9880673998147504, 0.0 0.0 9.502052295889172e-05 0.0002963329847846712 0.0028115713947358743 0.06470337727583612 0.9320936978216845, 
44, 111111, 111111, 0.9877770501822255, 0.9877770501822255, 0.0 0.0 0.0 0.00029091727001842994 0.005844694648345967 0.06077555779989971 0.933088830281736, 
45, 111111, 111111, 0.9862890872865941, 0.9862890872865941, 0.0 0.0 0.0 0.0 0.005467872164310546 0.07132973195181369 0.9232023958838756, 
46, 111111, 111111, 0.9878181690105514, 0.9878181690105514, 0.0 0.0 0.0 0.0005689031441996495 0.0054887537312453384 0.06040676904160137 0.9335355740829537, 
47, 111110, 111111, 0.9880200529516324, 0.9880200529516324, 0.0 0.0 0.0 7.951973421562285e-05 0.002252596179526079 0.06713593072850646 0.9305319533577519, 
48, 111111, 111111, 0.9880834947250633, 0.9880834947250633, 0.0 0.0 0.0 0.0006281745689340999 0.004256481442226512 0.06110154505836466 0.9340137989304746, 
49, 111111, 111111, 0.9895237704089337, 0.9895237704089337, 0.0 0.0 0.0 0.00041811646836587354 0.0025993351162430216 0.05640435790881395 0.9405781905065772, 
50, 111111, 011111, 0.98903043588459, 0.98903043588459, 0.0 0.0 0.0 2.676564180919102e-05 0.002186329101539935 0.06136442956395202 0.9364224756926989, 
51, 111110, 111111, 0.9874456810929767, 0.9874456810929767, 0.0 0.0 0.0 0.0 0.0016043056265531957 0.07211730218903328 0.9262783921844137, 
52, 111111, 111111, 0.9890297082323952, 0.9890297082323952, 0.0 0.0 0.0 0.0 0.0018999424833178696 0.0620218656389931 0.936078191877689, 
53, 111111, 111111, 0.9892219949089117, 0.9892219949089117, 0.0 0.0 0.0 0.0 0.0018291125426927561 0.06100980546114441 0.9371610819961629, 
54, 111111, 111111, 0.988286676205021, 0.988286676205021, 0.0 0.0 0.0 0.0 0.0022501557400506733 0.06577963128977313 0.9319702129701762, 
55, 111111, 111111, 0.9884233909353651, 0.9884233909353651, 0.0 0.0 0.0 0.0 0.001569446218449161 0.06632076195091038 0.9321097918306405, 
56, 111111, 111111, 0.9870925521295585, 0.9870925521295585, 0.0 0.0 0.0 0.0 0.0024551587271735248 0.07253436976830215 0.9250104715045243, 
57, 111111, 111111, 0.9872084810023138, 0.9872084810023138, 0.0 0.0 0.0 0.0 0.0027107090453745634 0.07132769589536785 0.9259615950592576, 
58, 111111, 111110, 0.9878069822907625, 0.9878069822907625, 0.0 0.0 0.0 0.0 0.0011627763016958462 0.07083255365203282 0.9280046700462714, 
59, 111111, 111110, 0.9889137007019012, 0.9889137007019012, 0.0 0.0 0.0 0.0 0.0031837423004368653 0.06015031118771874 0.9366659465118443, 
60, 111110, 011111, 0.9878437696758494, 0.9878437696758494, 0.0 0.0 6.865911271952446e-05 0.0004504998915656975 0.0021482113616216217 0.06701482309608502 0.9303178065380082, 
61, 111111, 111111, 0.9861648567042646, 0.9861648567042646, 0.0 0.0 0.0 0.00014856839795975455 0.0037935327637255898 0.07497808905308226 0.9210798097852324, 
62, 111111, 111111, 0.9896461497909901, 0.9896461497909901, 0.0 0.0 0.0 0.0 0.002123969915060902 0.05787516142393711 0.940000868661002, 
63, 111111, 111111, 0.9879535188400188, 0.9879535188400188, 0.0 0.0 0.0 0.0 0.0031004064803698654 0.06607807399914753 0.9308215195204826, 
64, 111111, 111111, 0.9882102109197283, 0.9882102109197283, 0.0 0.0 0.0 0.0 0.0033421508795008483 0.06405443272262816 0.9326034163978709, 
65, 111111, 111111, 0.9862839432787247, 0.9862839432787247, 0.0 0.0 0.0 0.0020746403474104403 0.005691459648053921 0.06468949998931268 0.927544400015223, 
66, 111111, 111111, 0.9862320388924974, 0.9862320388924974, 0.0 0.0 0.0 0.0 0.007796163615756158 0.06701543941350344 0.9251883969707404, 
67, 111111, 111111, 0.9883362757110158, 0.9883362757110158, 0.0 0.0 0.0 0.0 0.0013536171613911005 0.0672751114111229 0.931371271427486, 
68, 111111, 111111, 0.9869643705022599, 0.9869643705022599, 0.0 0.0 0.0 0.0 0.00310188224767502 0.07201001249109043 0.9248881052612345, 
69, 011111, 111111, 0.985103745857389, 0.985103745857389, 0.0 0.0 0.0 0.0 0.007040572132674347 0.075296380590317 0.9176630472770085, 
70, 111110, 111111, 0.9879483015583512, 0.9879483015583512, 0.0 0.0 0.0 0.0 0.0026474155681235445 0.06701535951364569 0.9303372249182307, 
71, 011111, 111111, 0.9882166296796443, 0.9882166296796443, 0.0 0.0 0.0 0.0 0.0008093462327814669 0.06908152945657069 0.9301091243106479, 
72, 111111, 111111, 0.9914824388444411, 0.9914824388444411, 0.0 0.0 0.0 2.6913759692140987e-05 0.0010599542131367466 0.048904717228003936 0.9500084147991672, 
73, 111111, 111111, 0.9885292123246756, 0.9885292123246756, 0.0 0.0 0.0 0.0 0.003365463117110516 0.06209379981772547 0.9345407370651639, 
74, 111111, 111111, 0.990427188423309, 0.990427188423309, 0.0 0.0 0.0 0.00020274216799350008 0.0014284516573737063 0.05397173964141731 0.9443970665332155, 
75, 111111, 111111, 0.9889030231178083, 0.9889030231178083, 0.0 0.0 0.0 0.0 0.002403121500696582 0.061775618291757685 0.9358212602075456, 
76, 111111, 111111, 0.9881987838778102, 0.9881987838778102, 0.0 0.0 0.0 0.0002931837630667005 0.0030929103656805695 0.06374192471257725 0.9328719811586754, 
77, 111111, 111111, 0.9876777820811468, 0.9876777820811468, 0.0 0.0 0.0 7.856191450209843e-05 0.002551556154851679 0.06859450945990991 0.9287753724707363, 
78, 111111, 111111, 0.988329112916778, 0.988329112916778, 0.0 0.0 0.0 0.00029856831123159045 0.003457841813488393 0.06221393393865969 0.9340296559366204, 
79, 111111, 111111, 0.9859500659597592, 0.9859500659597592, 0.0 0.0 0.0 0.00023043149859564642 0.004001416380965883 0.07560547698372609 0.9201626751367123, 
80, 011111, 111111, 0.9885308006261304, 0.9885308006261304, 0.0 0.0 0.0 0.0 0.0017703759884665124 0.0652744442662845 0.932955179745249, 
81, 111111, 111111, 0.9879750606200901, 0.9879750606200901, 0.0 0.0 0.0 3.456943894542399e-05 0.004144630045777246 0.0637566678710688 0.9320641326442086, 
82, 011111, 111111, 0.987641046245121, 0.987641046245121, 0.0 0.0 0.0 0.00015294868886238052 0.003825692145469671 0.06604349217174807 0.9299778669939199, 
83, 111111, 111111, 0.9887759401636127, 0.9887759401636127, 0.0 0.0 0.0 0.00012069036456157762 0.003431830023086067 0.06011862787846621 0.9363288517338861, 
84, 111111, 111111, 0.9887504578621163, 0.9887504578621163, 0.0 0.0 0.0 0.00016600814455244777 0.0020046233326573046 0.06298998172833023 0.9348393867944601, 
85, 111111, 111111, 0.9869847737293347, 0.9869847737293347, 0.0 0.0 0.0 0.0 0.003399140137335388 0.07129307734932123 0.9253077825133433, 
86, 111111, 111111, 0.9879974018364467, 0.9879974018364467, 0.0 0.0 0.0 3.187489199672426e-05 0.0026724848994361216 0.06657499450645722 0.9307206457021099, 
87, 111111, 111111, 0.9872933017144547, 0.9872933017144547, 0.0 0.0 0.0 0.0 0.004680548930623304 0.06687909185202537 0.9284403592173514, 
88, 111111, 111111, 0.9882692190919466, 0.9882692190919466, 0.0 0.0 0.0 0.0 0.0012928802115322222 0.06779892502525585 0.9309081947632118, 
89, 011111, 111111, 0.98539964228329, 0.98539964228329, 0.0 0.0 0.0 0.0 0.004088626133421148 0.07942489403341735 0.9164864798331614, 
90, 111111, 111110, 0.990721135534686, 0.990721135534686, 0.0 0.0 0.0 2.277675972155162e-06 0.0025278261166064866 0.05061070153075433 0.946859194676667, 
91, 111111, 111111, 0.9897721802576868, 0.9897721802576868, 0.0 0.0 0.0 0.000374628543368067 0.0015970759872379046 0.0570488808492994 0.9409794146200946, 
92, 111111, 111111, 0.9894602542572593, 0.9894602542572593, 0.0 0.0 0.0 0.0 0.0033922473504986467 0.05645397975544741 0.9401537728940539, 
93, 011111, 111111, 0.9887213664053539, 0.9887213664053539, 0.0 0.0 0.0 0.00018372475537419317 0.0015388236793038496 0.06404297994314605 0.9342344716221759, 
94, 111111, 111111, 0.9879210095321151, 0.9879210095321151, 0.0 0.0 0.0 0.0 0.002008128387675285 0.06845768603195833 0.9295341855803664, 
95, 011111, 111111, 0.986447329046737, 0.986447329046737, 0.0 0.0 0.0 0.00011033151834260848 0.004084683775995907 0.07281566361255781 0.9229893210931037, 
96, 111111, 111111, 0.9876836352935457, 0.9876836352935457, 0.0 0.0 0.0 0.0 0.0024461233607002237 0.06900594151732524 0.9285479351219746, 
97, 111111, 111111, 0.9882620981670271, 0.9882620981670271, 0.0 0.0 0.0 0.0 0.003932763914428445 0.06256188316897981 0.9335053529165918, 
98, 111111, 111111, 0.9892383475200544, 0.9892383475200544, 0.0 0.0 0.0 1.913101625465211e-05 0.003257812028738336 0.05799689777343281 0.9387261591815742, 
99, 111111, 011111, 0.9870163546694588, 0.9870163546694588, 0.0 0.0 1.263720271042415e-05 0.0010356025173179875 0.005380205611352069 0.06398410439774797 0.9295874502708715, 
100, 111111, 111111, 0.9888606367329192, 0.9888606367329192, 0.0 0.0 0.0 0.0 0.003919426787805401 0.058997326026874804 0.9370832471853199, 
run, initial grid state, final grid state, mean grid cell occupancy, mean binding site occupancy, fraction of time with N TFs bound, warning
1, 111111, 111111, 0.989259477487249, 0.989259477487249, 0.0 0.0 0.0 1.0733918141978126e-05 0.0034927121131816466 0.05742550909571671 0.9390710448729597, 
2, 111111, 111110, 0.988142846604497, 0.988142846604497, 0.0 0.0 0.0 0.0 0.0035330763697240036 0.06407676763357015 0.9323901559967058, 
3, 111111, 111111, 0.9880187688213915, 0.9880187688213915, 0.0 0.0 1.6702136676879155e-05 0.0015032050069568837 0.004083347980037487 0.05914426754399753 0.9352524773323312, 
4, 111111, 111111, 0.9878522537052963, 0.9878522537052963, 0.0 0.0 0.0 0.0 0.0025579998017580237 0.06777047816470637 0.9296715220335355, 
5, 111111, 111110, 0.9872364748561727, 0.9872364748561727, 0.0 0.0 0.0 0.0002720720933387109 0.0044424147083297295 0.06688010516628778 0.9284054080320437, 
6, 111111, 111111, 0.9874656975516225, 0.9874656975516225, 0.0 0.0 0.0 0.0004635058779104834 0.0027260239430225174 0.06836324917048882 0.9284472210085781, 
7, 111111, 111111, 0.987056626732617, 0.987056626732617, 0.0 0.0 0.0 0.0 0.004194196060476977 0.06927184748334433 0.9265339564561788, 
8, 111111, 111111, 0.9902166277982543, 0.9902166277982543, 0.0 0.0 0.0 0.0 0.0009434961659878509 0.056813240878499004 0.9422432629555131, 
9, 111111, 111111, 0.9883184346515237, 0.9883184346515237, 0.0 0.0 0.0 0.00024503444846266787 0.0023196850077715726 0.06471491872992716 0.9327203618138388, 
10, 111111, 111111, 0.9881746145267896, 0.9881746145267896, 0.0 0.0 0.0 0.00019357248301324389 0.0029228437419329934 0.06452590790635755 0.9323576758686961, 
11, 111111, 111111, 0.9901412614379385, 0.9901412614379385, 0.0 0.0 0.0 0.0 0.0022002498683043603 0.05475193163576041 0.9430478184959351, 
12, 111111, 111111, 0.9879214764300807, 0.9879214764300807, 0.0 0.0 0.0 0.0004294150424970899 0.0026747808113685885 0.06583333466928747 0.9310624694768469, 
13, 111111, 111111, 0.9883556857085948, 0.9883556857085948, 0.0 0.0 0.0 0.0 0.005796838034433985 0.05827220967956341 0.9359309522860026, 
14, 111111, 111111, 0.9874243479404824, 0.9874243479404824, 0.0 0.0 0.0 0.00047044541257415496 0.0032880629137043015 0.06746645029197451 0.928775041381747, 
15, 111111, 111111, 0.9857621178534325, 0.9857621178534325, 0.0 0.0 0.0 0.0002248575335150673 0.00659015555726113 0.07157240916433812 0.9216125777448856, 
16, 111111, 111111, 0.989665697737773, 0.989665697737773, 0.0 0.0 0.00011822300013457911 0.0007508099592163377 0.002987409238581526 0.053305673218010885 0.9428378845840567, 
17, 111111, 111111, 0.9875319309070789, 0.9875319309070789, 0.0 0.0 0.0 0.0 0.004384749932576726 0.06603891469237287 0.9295763353750505, 
18, 111111, 111111, 0.9876781019480293, 0.9876781019480293, 0.0 0.0 0.0 2.1234075207710265e-05 0.002691024886492714 0.06848563631321536 0.9288021047250842, 
19, 111111, 111111, 0.9901355507478871, 0.9901355507478871, 0.0 0.0 0.0 0.0 0.0016060836052553425 0.05597452830216634 0.9424193880925783, 
20, 111111, 111111, 0.9885020966282468, 0.9885020966282468, 0.0 0.0 0.0 0.0 0.0026485895645569192 0.06369024110140499 0.9336611693340381, 
21, 111111, 111111, 0.9869407956952629, 0.9869407956952629, 0.0 0.0 0.0 0.0 0.003396053400414997 0.07156311902759253 0.9250408275719926, 
22, 111111, 111111, 0.9899278395769491, 0.9899278395769491, 0.0 0.0 0.0 0.0 0.0018774466449505763 0.056678069248404905 0.9414444841066446, 
23, 111111, 111111, 0.9892969233875385, 0.9892969233875385, 0.0 0.0 0.0 0.0002358508110756817 0.004015231144540111 0.05548044495246184 0.9402684730919224, 
24, 111111, 111111, 0.988982606530873, 0.988982606530873, 0.0 0.0 0.0 0.0 0.0021971379915952964 0.06171008483157143 0.9360927771768333, 
25, 111111, 111111, 0.98882365303234, 0.98882365303234, 0.0 0.0 0.0 0.0 0.002849663590367671 0.061358754625225116 0.9357915817844072, 
26, 111111, 111111, 0.9889574315015867, 0.9889574315015867, 0.0 0.0 0.0 0.0 0.001583798429546952 0.06308781413138688 0.9353283874390662, 
27, 111111, 111111, 0.9874784332337094, 0.9874784332337094, 0.0 0.0 2.09227930073511e-05 0.00018173132214761913 0.0037447977475694202 0.06701091996413222 0.9290416281731434, 
28, 111111, 111111, 0.9876596992952941, 0.9876596992952941, 0.0 0.0 0.0 0.0 0.0031701243455860015 0.0677015555370632 0.9291283201173508, 
29, 111111, 111111, 0.9868869642263025, 0.9868869642263025, 0.0 0.0 0.0 0.00029954682121174675 0.006636756893232293 0.06450606039208466 0.9285576358934714, 
30, 111111, 111111, 0.9875801213323434, 0.9875801213323434, 0.0 0.0 0.0 0.0 0.001415805783689547 0.07168766043856034 0.9268965337777502, 
31, 111111, 111111, 0.9878986891683145, 0.9878986891683145, 0.0 0.0 0.0 0.0005520034322612626 0.0035623829648682185 0.06382708876359287 0.9320585248392776, 
32, 111110, 111111, 0.9879624247147916, 0.9879624247147916, 0.0 0.0 0.0 0.0 0.0033161911742488116 0.06559306936275308 0.9310907394629981, 
33, 111111, 111111, 0.988525754880916, 0.988525754880916, 0.0 0.0 0.0 0.0 0.0021710967604309885 0.06450327719364196 0.933325626045927, 
34, 111111, 111111, 0.9884927176981512, 0.9884927176981512, 0.0 0.0 0.0 7.652433446361904e-06 0.004383862148021296 0.06025301221471113 0.9353554732038212, 
35, 111111, 111111, 0.9886331905986191, 0.9886331905986191, 0.0 0.0 0.0 0.0 0.002318637655408423 0.06356358109746921 0.9341177812471223, 
36, 111111, 111111, 0.9870051375182879, 0.9870051375182879, 0.0 0.0 0.0 3.907806574957711e-06 0.0036285741988427863 0.0707003030728625 0.9256672149217198, 
37, 111111, 111111, 0.9879272126662553, 0.9879272126662553, 0.0 0.0 2.945977538545926e-05 4.162622352180026e-05 0.002983407605526621 0.06622719101930727 0.9307183153762589, 
38, 111111, 001111, 0.9875774702494309, 0.9875774702494309, 0.0 0.0 0.0 0.0 0.002410464437434815 0.06971424962854478 0.9278752859340204, 
39, 111111, 111111, 0.9880806246183953, 0.9880806246183953, 0.0 0.0 0.0 6.693185734760193e-05 0.0013272832457940705 0.06866089022599728 0.9299448946708612, 
40, 111111, 111111, 0.9894931071153312, 0.9894931071153312, 0.0 0.0 0.0 3.575016978922344e-05 0.005635057320502227 0.051663992157640067 0.9426652003520685, 
41, 111111, 111111, 0.9865414131544524, 0.9865414131544524, 0.0 0.0 0.00023110040820791604 0.00034548277847159473 0.0032512209423050634 0.07228822922042923 0.9238839666505863, 
42, 111111, 111111, 0.9860869503584228, 0.9860869503584228, 0.0 0.0 0.0 0.0005620712119191601 0.00431105951276971 0.07316996518816653 0.9219569040871447, 
43, 111111, 111111, 0.9867163264688263, 0.9867163264688263, 0.0 0.0 0.0 0.0 0.0037413356969459776 0.07221936979315026 0.9240392945099039, 
44, 111111, 111111, 0.9878295899016258, 0.9878295899016258, 0.0 0.0 0.0 0.0011345744052718508 0.002068701984245103 0.06548133340593883 0.9313153902045442, 
45, 011111, 111111, 0.987857644029091, 0.987857644029091, 0.0 0.0 0.0 0.00017695531280438102 0.002607636330219947 0.06710799722660016 0.9301074111303755, 
46, 111111, 111111, 0.9871969774820285, 0.9871969774820285, 0.0 0.0 0.0 0.0005245960603400639 0.0030730002979357466 0.06909834633093725 0.9273040573107869, 
47, 111111, 111111, 0.9897181524221587, 0.9897181524221587, 0.0 0.0 0.0 0.0 0.0035755664775482666 0.05453995251195209 0.9418844810104997, 
48, 111111, 111111, 0.9893775603064822, 0.9893775603064822, 0.0 0.0 0.0 2.113479380545162e-05 0.0033432529663748683 0.056984727846941176 0.9396508843928786, 
49, 111111, 111111, 0.9884434034598704, 0.9884434034598704, 0.0 0.0 0.0 0.0 0.0047762569964567075 0.05978706524786394 0.9354366777556794, 
50, 111111, 111111, 0.9875824664984295, 0.9875824664984295, 0.0 0.0 0.0 0.0 0.002760802044261386 0.06898359692089952 0.9282556010348392, 
51, 111111, 111111, 0.9903315742149014, 0.9903315742149014, 0.0 0.0 0.0 0.0 0.0022081657441548786 0.053594223222282196 0.9441976110335629, 
52, 111111, 011111, 0.9879581669985971, 0.9879581669985971, 0.0 0.0 0.0 7.195823020446868e-05 0.003451357887991303 0.06513240754182105 0.9313442763399832, 
53, 111111, 011111, 0.9878306471893836, 0.9878306471893836, 0.0 0.0 0.0 0.000248408225461335 0.0043549702715768145 0.06356095164416001 0.9318356698588018, 
54, 111110, 111111, 0.9862841728084708, 0.9862841728084708, 0.0 0.0 0.0 0.0 0.0041026610940498535 0.07408964096107515 0.921807697944875, 
55, 111111, 111111, 0.9885495041663191, 0.9885495041663191, 0.0 0.0 0.0 0.0 0.003428215339278543 0.061846544323527805 0.9347252403371937, 
56, 111110, 111111, 0.9903096555233301, 0.9903096555233301, 0.0 0.0 0.0 8.466723687092462e-05 0.0022347759259576027 0.053418513297492955 0.9442620435396786, 
57, 011111, 111111, 0.9876969800373527, 0.9876969800373527, 0.0 0.0 0.0 0.0 0.0022370902818185374 0.06934393921224681 0.9284189705059347, 
58, 111111, 111111, 0.9896914986943115, 0.9896914986943115, 0.0 0.0 0.0 0.0 0.0027877712102738444 0.05627546541358305 0.9409367633761431, 
59, 111111, 111111, 0.9877669557944426, 0.9877669557944426, 0.0 0.0 0.0 0.00014661313783163115 0.0028699968563766563 0.06721843210709612 0.9297649578986955, 
60, 111111, 111111, 0.9867312366527918, 0.9867312366527918, 0.0 0.0 0.0 0.0003679434343045382 0.00531273657253395 0.06788327663526716 0.9264360433578944, 
61, 111111, 111111, 0.9881702556169093, 0.9881702556169093, 0.0 0.0 0.0 0.0 0.0023503538657882665 0.06627775856696778 0.9313718875672439, 
62, 111111, 111111, 0.9909541535696933, 0.9909541535696933, 0.0 0.0 0.0 0.0 0.0006244106724028217 0.053026257237034136 0.9463493320905629, 
63, 111111, 111111, 0.9877668832193933, 0.9877668832193933, 0.0 0.0 0.0 0.0 0.003205641691392915 0.06698741730085446 0.9298069410077525, 
64, 111111, 111111, 0.9881825201268408, 0.9881825201268408, 0.0 0.0 0.0 0.0 0.003256432208103743 0.06439201482274763 0.9323515529691486, 
65, 111111, 111111, 0.9900260137646092, 0.9900260137646092, 0.0 0.0 0.0 0.0 0.0026695177788584146 0.05450488185462823 0.9428256003665134, 
66, 111111, 111111, 0.9888211988429132, 0.9888211988429132, 0.0 0.0 0.0 0.00010634675153448467 0.003785743822787003 0.05918227904234258 0.9369256303833359, 
67, 011111, 111110, 0.9890201094919606, 0.9890201094919606, 0.0 0.0 0.0 0.0 0.002355373000838359 0.06116859704655944 0.9364760299526023, 
68, 111111, 111111, 0.9875567068883386, 0.9875567068883386, 0.0 0.0 0.0 0.0 0.003745282492630538 0.06716919368470699 0.9290855238226625, 
69, 111111, 111111, 0.9874314728536826, 0.9874314728536826, 0.0 0.0 0.0 0.00020295406744860465 0.0026307864170972504 0.06954072784136374 0.9276255316740905, 
70, 111110, 111111, 0.9864420990295414, 0.9864420990295414, 0.0 0.0 0.0 0.0 0.007110736846618746 0.06712593212951432 0.9257633310238669, 
71, 111111, 111111, 0.9885871038189609, 0.9885871038189609, 0.0 0.0 0.0 0.0 0.0023890204553868193 0.06369933617546074 0.9339116433691524, 
72, 111111, 111111, 0.9888735784227936, 0.9888735784227936, 0.0 0.0 0.0 0.0003186060577736724 0.0035288988194956804 0.058744913650926135 0.9374075814718046, 
73, 111111, 111111, 0.9898157133668204, 0.9898157133668204, 0.0 0.0 0.0 0.0 0.001064049470725116 0.0589776208576269 0.939958329671648, 
74, 111111, 111110, 0.9869998905253226, 0.9869998905253226, 0.0 0.0 0.0 0.0008079337602739816 0.004611981569511457 0.06635289242822019 0.9282271922419945, 
75, 111111, 111111, 0.9850429080824096, 0.9850429080824096, 0.0 0.0 0.0 0.0003348582253486769 0.0062519241223706334 0.07623412858475512 0.9171790890675255, 
76, 111111, 111111, 0.9887230304661445, 0.9887230304661445, 0.0 0.0 0.0 0.0 0.002911699208319556 0.06183841878649383 0.9352498820051867, 
77, 111110, 111111, 0.9879514958795733, 0.9879514958795733, 0.0 0.0 0.0 9.379934244167236e-05 0.0034326742085803827 0.06514427827807387 0.9313292481709041, 
78, 111111, 111111, 0.98890239707361, 0.98890239707361, 0.0 0.0 0.0 0.00025712773527849283 0.002737013347955133 0.06034020765659322 0.9366656512601731, 
79, 111111, 111111, 0.9876865101949677, 0.9876865101949677, 0.0 0.0 0.0 0.0002124623732565698 0.002569842822340528 0.06810386606574324 0.9291138287386597, 
80, 111111, 111111, 0.9879748464366728, 0.9879748464366728, 0.0 0.0 0.0 4.9503326907839086e-05 0.003875694810776199 0.06425102177768725 0.9318237800846287, 
81, 111110, 111111, 0.9878285823963792, 0.9878285823963792, 0.0 0.0 0.0 0.0 0.003403683968498685 0.06622113768472779 0.9303751783467734, 
82, 111111, 111111, 0.9874049033285901, 0.9874049033285901, 0.0 0.0 0.0 2.3957494822229657e-05 0.0030064550676408832 0.0694857974087116 0.9274837900288254, 
83, 111111, 111111, 0.9873085647614209, 0.9873085647614209, 0.0 0.0 0.0 0.0 0.002506272471639684 0.07113606648819581 0.9263576610401645, 
84, 111111, 111111, 0.9863611794538716, 0.9863611794538716, 0.0 0.0 0.0 2.5234012974898018e-05 0.004107256845779801 0.07354270754628578 0.9223248015949596, 
85, 111111, 111111, 0.9884885144724527, 0.9884885144724527, 0.0 0.0 0.0 0.0 0.0035220873348245376 0.062024738495634696 0.9344531741695408, 
86, 111111, 111111, 0.986474918437727, 0.986474918437727, 0.0 0.0 0.0 0.00031933226822096673 0.00485116179830329 0.07049016897236798 0.9243393369611078, 
87, 111111, 111111, 0.9896056231326031, 0.9896056231326031, 0.0 0.0 0.0 0.0 0.0021607687049999265 0.058044723794381414 0.9397945075006187, 
88, 111111, 111111, 0.9853255788585786, 0.9853255788585786, 0.0 0.0 0.0 0.00047582027178114366 0.007702231982485248 0.07121460206821477 0.9206073456775189, 
89, 111111, 111111, 0.9878852164964457, 0.9878852164964457, 0.0 0.0 0.0 0.00044851783719795083 0.0051231920397292715 0.06109676343027306 0.9333315266927997, 
90, 111111, 111111, 0.9876975805916076, 0.9876975805916076, 0.0 0.0 0.0 7.551886201489538e-05 0.002265632052617016 0.0690566957590748 0.9286021533262933, 
91, 111111, 111111, 0.9876372120289425, 0.9876372120289425, 0.0 0.0 0.0 0.0 0.0037363190815665292 0.06670408966321233 0.9295595912552211, 
92, 111111, 111111, 0.986889907415924, 0.986889907415924, 0.0 0.0 0.0 8.937036840393429e-05 0.004515739620685109 0.06936096515787421 0.9260339248530367, 
93, 111111, 111111, 0.9886657049274055, 0.9886657049274055, 0.0 0.0 0.0 5.123671102972257e-05 0.0015387665561317296 0.0647745271902144 0.9336354695426241, 
94, 111111, 111111, 0.9860211626626494, 0.9860211626626494, 0.0 0.0 0.00033099191708689643 0.00035324354752421373 0.006140012272378943 0.06920930116842555 0.9239664510945843, 
95, 111111, 111111, 0.989218540403995, 0.989218540403995, 0.0 0.0 0.0 0.0 0.003742936151119697 0.05720288527379105 0.9390541785750892, 
96, 111111, 111111, 0.9879306627249306, 0.9879306627249306, 0.0 0.0 0.0 0.0004000270386918953 0.0022432295313147277 0.06672948347171158 0.9306272599582818, 
97, 111111, 111111, 0.9870580041070867, 0.9870580041070867, 0.0 0.0 0.0 0.0009319673066527147 0.0024531365549268977 0.06994980032766801 0.9266650958107524, 
98, 111111, 111111, 0.987652945970206, 0.987652945970206, 0.0 0.0 0.0 8.225199951599041e-05 0.004019168154813207 0.06579723187058954 0.9301013479750811, 
99, 111111, 111111, 0.9893388150703827, 0.9893388150703827, 0.0 0.0 0.0 4.0811593160402204e-05 0.002823265421390895 0.05819814395544127 0.9389377790300074, 
100, 111111, 111111, 0.9886680427786347, 0.9886680427786347, 0.0 0.0 0.0 6.979210035630634e-05 0.0033933606349112835 0.06099564575730114 0.9355412015074314, 
run, initial grid state, final grid state, mean grid cell occupancy, mean binding site occupancy, fraction of time with N TFs bound, warning
1, 111111, 111111, 0.9894531278862834, 0.9894531278862834, 0.0 0.0 0.0 0.0 0.002234912886044954 0.05881140691021012 0.9389536802037449, 
2, 111111, 111111, 0.987142524998644, 0.987142524998644, 0.0 0.0 0.0 0.00032865048703897566 0.00325428596681047 0.06965032661339807 0.9267667369327525, 
3, 111111, 111111, 0.9880564500249266, 0.9880564500249266, 0.0 0.0 0.0 0.0 0.005483253960613296 0.06069479192921414 0.9338219541101724, 
4, 111111, 111111, 0.9886347991156383, 0.9886347991156383, 0.0 0.0 0.0 0.00017396245540380475 0.0035808682187155167 0.06050758150252675 0.9357375878233539, 
5, 111111, 011111, 0.9871392159244767, 0.9871392159244767, 0.0 0.0 0.0 0.0005175071909010977 0.003067563035434736 0.06947705680956616 0.926937872964098, 
6, 111111, 111111, 0.9872890799287803, 0.9872890799287803, 0.0 0.0 0.0 0.00023918516500671702 0.0060083285919816576 0.06353130774833488 0.9302211784946768, 
7, 111111, 111111, 0.987333498774677, 0.987333498774677, 0.0 0.0 0.0 0.0 0.0009128662315806462 0.07417327488877692 0.9249138588796424, 
8, 111110, 111111, 0.9859716296359335, 0.9859716296359335, 0.0 0.0 0.0 3.978702546131043e-06 0.0029707749795662075 0.07821673611762753 0.9188085102002601, 
9, 111111, 111111, 0.9875937533838585, 0.9875937533838585, 0.0 0.0 0.00041330849689744765 0.0014964317398426645 0.002281995707202071 0.0637309590753274 0.9320773049807305, 
10, 111111, 111111, 0.9868015172477848, 0.9868015172477848, 0.0 0.0 0.0 8.361016393071128e-05 0.0036133395810704428 0.07171338685935869 0.9245896633956402, 
11, 111111, 111111, 0.9899773358088332, 0.9899773358088332, 0.0 0.0 0.0 0.0005359215016611132 0.004161186417477305 0.05020584780706306 0.9450970442737985, 
12, 111111, 111111, 0.9876382550278078, 0.9876382550278078, 0.0 0.0 0.0 0.0005835060300513107 0.0022269535335055347 0.06796604467598832 0.9292234957604548, 
13, 111111, 111111, 0.9883374887862254, 0.9883374887862254, 0.0 0.0 0.0 0.00015172626047554467 0.0020033305764393934 0.06551322734834202 0.9323317158147431, 
14, 111111, 111111, 0.9882131853160763, 0.9882131853160763, 0.0 0.0 0.0 2.162072117510296e-05 0.0030887850577886117 0.06447845582443966 0.9324111383965966, 
15, 111111, 111111, 0.9878433718556088, 0.9878433718556088, 0.0 0.0 0.0 0.0003593373680656651 0.003168757440947331 0.06552424188025549 0.9309476633107315, 
16, 111111, 111111, 0.9873692406932553, 0.9873692406932553, 0.0 0.0 0.0 0.00028277268498534246 0.003973505104115392 0.06698922757728164 0.9287544946336176, 
17, 111111, 111111, 0.9888602701387349, 0.9888602701387349, 0.0 0.0 0.0 0.0 0.0035483478084044366 0.0597416835507819 0.9367099686408137, 
18, 111111, 111111, 0.9875979524566086, 0.9875979524566086, 0.0 0.0 0.0 0.00021357961683023542 0.0030935083569783254 0.06758452969590122 0.9291083823302901, 
19, 111111, 111111, 0.9861391457667847, 0.9861391457667847, 0.0 0.0 0.0 0.0 0.005131446803961738 0.07290223179136826 0.9219663214046699, 
20, 111111, 111111, 0.9894290402994144, 0.9894290402994144, 0.0 0.0 0.0 0.0 0.0018665255263451857 0.059692707150824066 0.9384407673228308, 
21, 111111, 111111, 0.9864486412706283, 0.9864486412706283, 0.0 0.0 0.0 0.0001777172789216609 0.0028210069290405156 0.07513298668138492 0.921868289110653, 
22, 111111, 111111, 0.9867232826881566, 0.9867232826881566, 0.0 0.0 0.0 0.0 0.005308290210664013 0.06904372344973277 0.9256479863396033, 
23, 111110, 011111, 0.9897578888033292, 0.9897578888033292, 0.0 0.0 0.0 0.0 0.002405451547904614 0.05664176408421617 0.9409527843678791, 
24, 111111, 111111, 0.9896715246299491, 0.9896715246299491, 0.0 0.0 0.0 0.0 0.002175527249376447 0.05761979772155216 0.9402046750290715, 
25, 111111, 111111, 0.9877667541867959, 0.9877667541867959, 0.0 0.0 0.0 0.00012696597777653307 0.001989392062451442 0.06903979282099243 0.9288438491387796, 
26, 111111, 111111, 0.9870132827434062, 0.9870132827434062, 0.0 0.0 0.0 0.0007056288369608634 0.004261773927160487 0.06727986917435935 0.9277527280615192, 
27, 111111, 111100, 0.9889751095203344, 0.9889751095203344, 0.0 0.0 0.0 0.0 0.004700948898233459 0.05674744508152645 0.9385516060202401, 
28, 111111, 111111, 0.9862983023790782, 0.9862983023790782, 0.0 0.0 0.0 0.0 0.004249279564746617 0.07371162659603807 0.9220390938392152, 
29, 111111, 111111, 0.9879715404011734, 0.9879715404011734, 0.0 0.0 0.0 0.0 0.0021852269563659883 0.06780030368022763 0.9300144693634064, 
30, 111111, 111111, 0.9878688320101183, 0.9878688320101183, 0.0 0.0 0.0 0.0 0.0034161215885802673 0.06595476476213043 0.9306291136492894, 
31, 111111, 111111, 0.9853444194627438, 0.9853444194627438, 0.0 0.0 0.0 0.0 0.0033033015229938993 0.08132688017754988 0.9153698182994562, 
32, 111111, 111111, 0.9871152296579588, 0.9871152296579588, 0.0 0.0 0.0 0.0007159680596114552 0.004429307171054645 0.0663021035313032 0.9285526212380307, 
33, 111111, 111111, 0.9874374009056409, 0.9874374009056409, 0.0 0.0 0.0 0.0 0.0026449899278325976 0.07008561471048912 0.9272693953616783, 
34, 111111, 011110, 0.986251071371354, 0.986251071371354, 0.0 0.0 0.0 0.0 0.0021699475343471375 0.07815367670318141 0.9196763757624715, 
35, 111111, 111111, 0.9887669634296443, 0.9887669634296443, 0.0 0.0 0.0 0.0 0.002067704907133359 0.06326280960786677 0.9346694854849998, 
36, 111111, 111111, 0.9888170939550475, 0.9888170939550475, 0.0 0.0 0.0 0.0 0.0027765184664695886 0.06154439933677556 0.9356790821967549, 
37, 111111, 111111, 0.9861733273067, 0.9861733273067, 0.0 0.0 0.0 0.0008006683912715315 0.007048732417840609 0.06646056615030295 0.925690033040585, 
38, 111111, 111111, 0.9851284462693108, 0.9851284462693108, 0.0 0.0 0.0 0.0009846805243879271 0.006505378593748637 0.07326452362347409 0.9192454172583894, 
39, 111111, 111111, 0.9875970744574678, 0.9875970744574678, 0.0 0.0 0.0 0.0006769022574171566 0.00346677876923351 0.06545328894447419 0.9304030300288751, 
40, 111111, 111111, 0.9872366791871255, 0.9872366791871255, 0.0 0.0 0.0 0.0 0.003898030752332224 0.0687838633725816 0.9273181058750862, 
41, 111111, 111111, 0.9900197708722113, 0.9900197708722113, 0.0 0.0 0.0 0.00014138398663100741 0.0037973524999226414 0.051862517806994635 0.9441987457064517, 
42, 111111, 111111, 0.9863707879522999, 0.9863707879522999, 0.0 0.0 0.0 0.00027547804112604686 0.004124161383284961 0.0727005153962534 0.9228998451793357, 
43, 111111, 111111, 0.9907993578841259, 0.9907993578841259, 0.0 0.0 0.0 0.0 0.0030238356605398085 0.04915618137416523 0.9478199829652949, 
44, 111111, 111111, 0.9890438373625283, 0.9890438373625283, 0.0 0.0 0.0 4.032637017329534e-05 0.0018961456925338789 0.0618237053292427 0.9362398226080502, 
45, 111111, 111111, 0.988660389544755, 0.988660389544755, 0.0 0.0 0.0 0.00032594917428567294 0.0035857984305907396 0.05988821834743159 0.936200034047692, 
46, 111111, 111111, 0.9892928678318904, 0.9892928678318904, 0.0 0.0 0.0 0.0 0.0024925384438322694 0.05925771612099354 0.9382497454351743, 
47, 111111, 111111, 0.9890433719486567, 0.9890433719486567, 0.0 0.0 0.0 0.0 0.0012677321050878294 0.06320430409788406 0.9355279637970281, 
48, 111111, 111111, 0.9886941762671415, 0.9886941762671415, 0.0 0.0 0.0 0.0 0.002398779021058451 0.06303738435503378 0.9345638366239077, 
49, 111111, 111111, 0.9870117132923953, 0.9870117132923953, 0.0 0.0 0.0 0.0 0.0026675849954801087 0.07259455025466781 0.924737864749852, 
50, 111111, 111111, 0.9890580931107836, 0.9890580931107836, 0.0 0.0 0.0 0.0 0.003949582257842903 0.057752276819612036 0.938298140922545, 
51, 111111, 111111, 0.988424308250593, 0.988424308250593, 0.0 0.0 0.0 0.0007508394081693603 0.004480826721109385 0.05823997882971589 0.9365283550410054, 
52, 111111, 111111, 0.9884722378860205, 0.9884722378860205, 0.0 0.0 0.0 0.0 0.004568093159570186 0.06003038636473714 0.9354015204756927, 
53, 111111, 111111, 0.9893743864663491, 0.9893743864663491, 0.0 0.0 0.0 0.0 0.001523949222308397 0.06070578275728861 0.937770268020403, 
54, 111111, 111111, 0.9880223564434149, 0.9880223564434149, 0.0 0.0 0.0 0.0001668296380058924 0.003591833183008602 0.06418170605947576 0.9320596311195097, 
55, 111111, 111111, 0.9870907261957951, 0.9870907261957951, 0.0 0.0 0.0 0.0 0.005577315433730791 0.06630101195776833 0.9281216726085009, 
56, 111111, 111111, 0.9873120095777232, 0.9873120095777232, 0.0 0.0 0.0 0.0 0.0033209248967441558 0.06948609274017248 0.9271929823630833, 
57, 111111, 111111, 0.9883220739985007, 0.9883220739985007, 0.0 0.0 0.0 0.0 0.0035515011755275936 0.06296455365794036 0.9334839451665321, 
58, 111111, 111111, 0.9900323353104852, 0.9900323353104852, 0.0 0.0 0.0 0.0 0.002086657406956071 0.055632673323176195 0.9422806692698678, 
59, 111111, 111111, 0.9902440387954218, 0.9902440387954218, 0.0 0.0 0.0 3.186029238269442e-05 0.0013935338737941071 0.055653118602732525 0.9429214872310907, 
60, 111111, 111111, 0.988071480939966, 0.988071480939966, 0.0 0.0 0.0 0.0 0.0013064643839486864 0.06895818559230696 0.9297353500237443, 
61, 111111, 111111, 0.9871815436047783, 0.9871815436047783, 0.0 0.0 0.0 0.0002564585527471275 0.004833772467980682 0.06647381777712813 0.9284359512021441, 
62, 111111, 111111, 0.9888727949745881, 0.9888727949745881, 0.0 0.0 0.0 4.224480376760165e-05 0.0026720986045217793 0.061292298532125235 0.9359933580595853, 
63, 111111, 111111, 0.9894119820188894, 0.9894119820188894, 0.0 0.0 0.0 0.0002685764357717264 0.003858730435521659 0.055004917708304846 0.9408677754204017, 
64, 011111, 111111, 0.9882181026027292, 0.9882181026027292, 0.0 0.0 0.0 0.0005267851999176683 0.004044114494266382 0.06102279979533897 0.934406300510477, 
65, 111111, 111111, 0.9872131126598548, 0.9872131126598548, 0.0 0.0 0.0 8.654607329822721e-05 0.004616818452409463 0.06722804891615786 0.9280685865581344, 
66, 111111, 111111, 0.9891472305963201, 0.9891472305963201, 0.0 0.0 0.0 0.0 0.002145803999713943 0.06082500842265076 0.9370291875776353, 
67, 111111, 111111, 0.9894278028634375, 0.9894278028634375, 0.0 0.0 0.0 0.0 0.002532465891243182 0.05836825103688855 0.9390992830718683, 
68, 111110, 111111, 0.9862008439304576, 0.9862008439304576, 0.0 0.0 0.0 0.0 0.00365166093294067 0.07549161455137371 0.9208567245156856, 
69, 011111, 111111, 0.9875898884536376, 0.9875898884536376, 0.0 0.0 0.0 2.4352688543761056e-05 0.003917880552425728 0.06655185010769175 0.9295059166513387, 
70, 011111, 111111, 0.986913157837178, 0.986913157837178, 0.0 0.0 0.0 0.0003284601767972537 0.004267019683466922 0.06900163307960616 0.9264028870601296, 
71, 111111, 111111, 0.9869092014319568, 0.9869092014319568, 0.0 0.0 0.0 0.0 0.004344991822502549 0.06985480776325442 0.925800200414243, 
72, 111110, 111111, 0.9869122104263972, 0.9869122104263972, 0.0 0.0 0.0 0.0002188106554538863 0.0033943507065242206 0.07108160406220654 0.9253052345758154, 
73, 111111, 111111, 0.989871555792968, 0.989871555792968, 0.0 0.0 0.0 0.00011570584536738337 0.0026286070808882226 0.05516633354431261 0.9420893535294317, 
74, 111111, 111111, 0.9873105912236455, 0.9873105912236455, 0.0 0.0 0.0 0.00017981728817684307 0.004189799951090812 0.06721740089141388 0.9284129818693185, 
75, 111111, 111111, 0.9869773963379861, 0.9869773963379861, 0.0 0.0 0.0 0.0001479679718344552 0.005004014391112065 0.06768368927435578 0.9271643283626978, 
76, 111111, 111111, 0.9889875248769788, 0.9889875248769788, 0.0 0.0 0.0 0.0003225447319439195 0.005169719436756783 0.05476777766878189 0.9397399581625174, 
77, 111111, 011111, 0.9881212400458591, 0.9881212400458591, 0.0 0.0 0.0 0.0003362308838456869 0.006507360779226925 0.05724914551485342 0.935907262822074, 
78, 111111, 111111, 0.987422394779061, 0.987422394779061, 0.0 0.0 0.0 0.0 0.007015409314393828 0.061434812696846974 0.9315497779887593, 
79, 111111, 111111, 0.9883522520916368, 0.9883522520916368, 0.0 0.0 0.0 0.0 0.0030563313386636117 0.06377382477285262 0.9331698438884838, 
80, 111111, 111111, 0.9874086802063328, 0.9874086802063328, 0.0 0.0 0.0 0.0 0.002061710869158478 0.07142449702368642 0.9265137921071551, 
81, 111111, 111111, 0.9867458965596148, 0.9867458965596148, 0.0 0.0 0.0 0.000586131871807859 0.005495475470371615 0.06677527408614474 0.9271431185716758, 
82, 111111, 111111, 0.9893352552265399, 0.9893352552265399, 0.0 0.0 0.0 0.0 0.003186506650969705 0.05761545533882158 0.9391980380102086, 
83, 111111, 111111, 0.9870829746179179, 0.9870829746179179, 0.0 0.0 0.0 0.0 0.005237510429041186 0.06702713143440908 0.9277353581365497, 
84, 111111, 111111, 0.9879578069452102, 0.9879578069452102, 0.0 0.0 0.0 0.0 0.0030092942350828876 0.06623456985857323 0.9307561359063438, 
85, 111111, 111111, 0.9879193460848769, 0.9879193460848769, 0.0 0.0 0.0 0.0 0.0020816906338395015 0.06832054222306023 0.9295977671431003, 
86, 111111, 111111, 0.9895516293888951, 0.9895516293888951, 0.0 0.0 0.0 0.0 0.0027204033362580476 0.057249416994113955 0.9400301796696279, 
87, 111111, 111111, 0.9869449196677933, 0.9869449196677933, 0.0 0.0 0.0 2.8680591354937776e-05 0.0034332897043327006 0.07137786081050967 0.9251601688938026, 
88, 111111, 111111, 0.9886083896736205, 0.9886083896736205, 0.0 0.0 0.0 0.00032918097285661665 0.003279229069764387 0.06080366090017753 0.9355879290572015, 
89, 111111, 111110, 0.9872713200122728, 0.9872713200122728, 0.0 0.0 0.0 0.0 0.002030681724620298 0.07231071647712284 0.9256586017982568, 
90, 111111, 111111, 0.9870310223053925, 0.9870310223053925, 0.0 0.0 0.0 1.9485562237898505e-05 0.002931863859752473 0.071891681761426 0.9251569688165836, 
91, 111111, 111111, 0.9887825493653013, 0.9887825493653013, 0.0 0.0 0.0 0.0 0.0014252565215085232 0.06445419076517493 0.9341205527133165, 
92, 111111, 111111, 0.9880487603348899, 0.9880487603348899, 0.0 0.0 0.0 0.0 0.003722584724434486 0.06426226854179173 0.9320151467337738, 
93, 111111, 111111, 0.9856442176623568, 0.9856442176623568, 0.0 0.0 0.0 3.93882567374763e-05 0.006723283026058694 0.07256996320353001 0.9206673655136739, 
94, 111111, 111111, 0.9879414942610765, 0.9879414942610765, 0.0 0.0 0.0 0.00015372112832710854 0.0023797696501316624 0.06713033174829706 0.9303361774732442, 
95, 111111, 111111, 0.9881337082523842, 0.9881337082523842, 0.0 0.0 0.0 0.0 0.002371251904991989 0.06645524667571084 0.9311735014192972, 
96, 111111, 111111, 0.9877692581073408, 0.9877692581073408, 0.0 0.0 0.0 0.0 0.003350644675361414 0.06668316200523282 0.9299661933194058, 
97, 111111, 111111, 0.9894509787261572, 0.9894509787261572, 0.0 0.0 0.0 0.0 0.0018509771340635204 0.0595921733749301 0.9385568494910064, 
98, 111111, 111111, 0.9875951069496649, 0.9875951069496649, 0.0 0.0 0.0 0.0 0.0036624577319324227 0.06710444283814605 0.9292330994299215, 
99, 111111, 111111, 0.9875640202843854, 0.9875640202843854, 0.0 0.0 0.0 0.0 0.0027621731140400466 0.06909153206560799 0.9281462948203519, 
100, 111110, 111111, 0.9885201853999155, 0.9885201853999155, 0.0 0.0 0.0 0.0 0.00235433326919777 0.06417022106211154 0.9334754456686907, 
run, initial grid state, final grid state, mean grid cell occupancy, mean binding site occupancy, fraction of time with N TFs bound, warning
1, 111111, 111111, 0.9880488953894528, 0.9880488953894528, 0.0 0.0 0.0 0.0 0.0037914278511014437 0.0641237719610794 0.9320848001878191, 
2, 111111, 111111, 0.9882633304619389, 0.9882633304619389, 0.0 0.0 0.0 0.00023161195846847123 0.004470900543256586 0.060783380266447314 0.9345141072318276, 
3, 111111, 111111, 0.987336278109029, 0.987336278109029, 0.0 0.0 0.0 0.0 0.004008214429285579 0.06796590248725433 0.9280258830834601, 
4, 111111, 111111, 0.9891016530018832, 0.9891016530018832, 0.0 0.0 0.0 2.594820445038023e-06 0.002929882342225093 0.05952253284291519 0.9375449899944146, 
5, 111111, 111111, 0.988391019197238, 0.988391019197238, 0.0 0.0 0.0 0.0 0.004340267825645974 0.06097334916527994 0.934686383009074, 
6, 111111, 111111, 0.9870838768205342, 0.9870838768205342, 0.0 0.0 0.0 0.0 0.004676682774224622 0.06814337352834557 0.9271799436974298, 
7, 111111, 111111, 0.9879614729191074, 0.9879614729191074, 0.0 0.0 5.709429737022944e-05 0.00038817077680417466 0.002094935373796139 0.0666484022178699 0.9308113973341595, 
8, 111111, 111111, 0.9890506713270688, 0.9890506713270688, 0.0 0.0 0.0 0.0005636273641538619 0.0028327970680022147 0.05833949580912165 0.9382640797587223, 
9, 111111, 111111, 0.9890635344854326, 0.9890635344854326, 0.0 0.0 0.0 0.0 0.002438534864743068 0.06074172335791755 0.9368197417773393, 
10, 111111, 111111, 0.9874889529386062, 0.9874889529386062, 0.0 0.0 0.0 9.497601718936646e-05 0.005590636424844818 0.06360008146710548 0.9307143060908603, 
11, 111111, 111111, 0.9865862181528442, 0.9865862181528442, 0.0 0.0 0.0 0.0 0.005138132452649168 0.07020642617763646 0.9246554413697144, 
12, 111111, 111111, 0.9903851333621276, 0.9903851333621276, 0.0 0.0 0.0 0.0004777147391883815 0.004087214963547183 0.04808162568257482 0.9473534446146896, 
13, 111111, 111111, 0.9877190545249536, 0.9877190545249536, 0.0 0.0 0.0 0.00041092067038842604 0.0033540327595830174 0.06574484531994756 0.930490201250081, 
14, 111111, 111111, 0.9880802081822492, 0.9880802081822492, 0.0 0.0 0.0 0.0 0.0016120441285553857 0.06829466264939402 0.9300932932220506, 
15, 111111, 111111, 0.9879052274179343, 0.9879052274179343, 0.0 0.0 0.0 0.00018823226783593495 0.005151606661704599 0.061700725365477625 0.9329594357049819, 
16, 111111, 111111, 0.9881962751158583, 0.9881962751158583, 0.0 0.0 0.0 0.000644373507013548 0.0030750072899464655 0.06273921420391643 0.9335414049991236, 
17, 111111, 111111, 0.9875194097717976, 0.9875194097717976, 0.0 0.0 0.0 0.0 0.003935934139463007 0.06701167309028841 0.9290523927702486, 
18, 111111, 111111, 0.9872856759924407, 0.9872856759924407, 0.0 0.0 0.0 7.395284696249734e-05 0.004379669435831521 0.06730474663280597 0.9282416310844, 
19, 111111, 111111, 0.9873577668701071, 0.9873577668701071, 0.0 0.0 0.00012398519188177017 0.000610305928364027 0.0036762250683545637 0.0661740900900293 0.9294153937213704, 
20, 111111, 111111, 0.9880474497790127, 0.9880474497790127, 0.0 0.0 0.0 0.0 0.0029081562948903056 0.06589898873614437 0.9311928549689653, 
21, 111111, 111111, 0.9882959159928264, 0.9882959159928264, 0.0 0.0 0.0 0.0 0.002627113801856218 0.06497027643932964 0.9324026097588141, 
22, 111111, 111111, 0.9896967321899779, 0.9896967321899779, 0.0 0.0 0.0 0.0 0.0020974930745999865 0.057624620710932294 0.9402778862144677, 
23, 111111, 111111, 0.9894751033480166, 0.9894751033480166, 0.0 0.0 0.0 0.0 0.0020997524716373566 0.05894987496862593 0.9389503725597367, 
24, 111111, 111111, 0.9859513949680943, 0.9859513949680943, 0.0 0.0 0.0 0.0005476268469473293 0.006938837971157539 0.06877107370827688 0.9237424614736183, 
25, 111111, 111111, 0.9874876790540131, 0.9874876790540131, 0.0 0.0 0.0 5.48532338086764e-05 0.003549105280212018 0.0678111554140717 0.9285848860719076, 
26, 111111, 111111, 0.9889346540242548, 0.9889346540242548, 0.0 0.0 0.0 0.0 0.002297607780349623 0.061796860293771474 0.9359055319258789, 
27, 111111, 111111, 0.9866448873612662, 0.9866448873612662, 0.0 0.0 0.0 0.00011168045374083486 0.004005928058112833 0.07178377835495411 0.9240986131331922, 
28, 111111, 111111, 0.9891751905048892, 0.9891751905048892, 0.0 0.0 0.0 0.0 0.0021079399675040583 0.0607329770356566 0.9371590829968394, 
29, 111111, 111111, 0.9876147697976703, 0.9876147697976703, 0.0 0.0 0.0 0.0 0.003734686304943206 0.06684200860409206 0.9294233050909647, 
30, 111111, 111111, 0.9893116698132487, 0.9893116698132487, 0.0 0.0 0.0 3.447056150561287e-05 0.0033843169676190327 0.05725793550075322 0.9393232769701221, 
31, 111111, 111111, 0.987859858771809, 0.987859858771809, 0.0 0.0 0.0 0.001364526666420187 0.0024744496766023194 0.06379836801668122 0.9323626556402963, 
32, 111110, 111111, 0.9867918492568143, 0.9867918492568143, 0.0 0.0 0.00042229115438279646 7.316013626927421e-05 0.005682254535339821 0.06597575036209537 0.9278465438119128, 
33, 111111, 111111, 0.9886448072062339, 0.9886448072062339, 0.0 0.0 0.0 0.00043935356849136804 0.003667184208420479 0.05947872764028176 0.9364147345828064, 
34, 111111, 111111, 0.9883888404902963, 0.9883888404902963, 0.0 0.0 0.0 0.0003688615107893376 0.00392712857811099 0.06070611536963254 0.9349978945414672, 
35, 111111, 111111, 0.9877779997782536, 0.9877779997782536, 0.0 0.0 0.0 0.0 0.0015768627962192518 0.07017827573803949 0.9282448614657413, 
36, 111111, 111111, 0.9880962639092687, 0.9880962639092687, 0.0 0.0 0.0 0.0 0.003426401835874869 0.06456961287263832 0.9320039852914869, 
37, 111111, 111111, 0.9901180879067751, 0.9901180879067751, 0.0 0.0 0.0 0.0 0.0011106607994299416 0.05707015096048966 0.9418191882400805, 
38, 111111, 111111, 0.9867471827827496, 0.9867471827827496, 0.0 0.0 0.0 0.00012836136483481951 0.0012443327223034947 0.07664315376439053 0.9219841521484712, 
39, 111111, 111111, 0.9882588906356773, 0.9882588906356773, 0.0 0.0 0.0 0.0 0.0037853627085791806 0.06287593076877773 0.9333387065226432, 
40, 111111, 111111, 0.9891983822685687, 0.9891983822685687, 0.0 0.0 0.0 0.0 0.0022133883189738644 0.06038292975064002 0.9374036819303861, 
41, 111111, 111111, 0.9864141438933948, 0.9864141438933948, 0.0 0.0 0.0 0.0 0.0053665274095502985 0.07078208182053122 0.9238513907699184, 
42, 111111, 111111, 0.9882008676373739, 0.9882008676373739, 0.0 0.0 0.0 8.2882894560496e-05 0.004352570352140718 0.06184100478779309 0.9337235419655057, 
43, 111111, 111111, 0.9878812033540596, 0.9878812033540596, 0.0 0.0 0.0 0.0 0.0033299006790731916 0.06605297851749582 0.930617120803431, 
44, 111111, 111111, 0.9894139474062955, 0.9894139474062955, 0.0 0.0 0.0 0.0 0.0011121192542700824 0.061292077053686896 0.9375958036920431, 
45, 111111, 111111, 0.9881279008482996, 0.9881279008482996, 0.0 0.0 0.0 0.00017705876649288903 0.0038435815751422017 0.06301425546044002 0.9329651041979248, 
46, 111111, 111111, 0.9881926076969554, 0.9881926076969554, 0.0 0.0 0.0 0.00010426574903590338 0.0024795072846150678 0.06557254200192962 0.9318436849644195, 
47, 111111, 111111, 0.9882624584048638, 0.9882624584048638, 0.0 0.0 0.0 0.0 0.0023143378859248895 0.06579657379896786 0.9318890883151073, 
48, 111111, 111111, 0.9875631047547995, 0.9875631047547995, 0.0 0.0 0.0 0.0 0.004553257655128039 0.06551485616094736 0.9299318861839245, 
49, 111111, 111111, 0.9873203051387255, 0.9873203051387255, 0.0 0.0 0.0 0.0 0.001989099431537503 0.07209997030457202 0.9259109302638905, 
50, 111111, 111111, 0.9864425201478403, 0.9864425201478403, 0.0 0.0 0.0 3.5750970870653784e-05 0.0026238970465072772 0.07598983210733104 0.921350519875291, 
51, 111111, 111111, 0.9884532837902612, 0.9884532837902612, 0.0 0.0 0.0 0.0 0.003864007567572054 0.06155228212328909 0.9345837103091389, 
52, 111111, 111111, 0.9886573128974039, 0.9886573128974039, 0.0 0.0 0.0 0.0 0.002806048530875018 0.062444025553826256 0.9347499259152987, 
53, 111110, 111111, 0.9886651680956411, 0.9886651680956411, 0.0 0.0 0.0 0.0 0.004097746550081741 0.05981349832598974 0.9360887551239285, 
54, 111111, 111111, 0.9863946968902662, 0.9863946968902662, 0.0 0.0 0.0 0.00018394395857674733 0.002368448766720198 0.0763430892492329 0.9211045180254701, 
55, 111111, 111111, 0.9877520119520572, 0.9877520119520572, 0.0 0.0 0.0 0.0 0.002848705006355154 0.06779051827494603 0.9293607767186988, 
56, 111111, 111111, 0.9873784153944262, 0.9873784153944262, 0.0 0.0 0.0 0.0 0.0029496606139552094 0.06983018640553189 0.9272201529805129, 
57, 111111, 111111, 0.9864129258102123, 0.9864129258102123, 0.0 0.0 0.0 9.23031873992511e-06 0.0025208696285645305 0.07645301492537733 0.9210168851273182, 
58, 111111, 111111, 0.9887179305638565, 0.9887179305638565, 0.0 0.0 0.0 0.00030290452975852145 0.003000406993929616 0.06078288903972594 0.9359137994365859, 
59, 111111, 111111, 0.9879506536497652, 0.9879506536497652, 0.0 0.0 0.0 0.0 0.0016378118458719479 0.06902045440966495 0.9293417337444632, 
60, 111110, 111111, 0.9876641051811912, 0.9876641051811912, 0.0 0.0 0.0 0.0001861205229359581 0.002961074219534161 0.06753485890497656 0.9293179463525533, 
61, 111111, 111111, 0.986953282680258, 0.986953282680258, 0.0 0.0 0.0 0.0 0.0019094723877668663 0.07446135914291849 0.9236291684693146, 
62, 111111, 111111, 0.9873764601611141, 0.9873764601611141, 0.0 0.0 0.0 0.0 0.0037763896506220486 0.06818845973207147 0.9280351506173065, 
63, 111111, 111111, 0.9880875348428556, 0.9880875348428556, 0.0 0.0 0.0 0.0 0.004457930118699329 0.06255893070546749 0.9329831391758332, 
64, 111111, 111111, 0.9871733922966583, 0.9871733922966583, 0.0 0.0 0.0 0.0 0.003871883105877389 0.06921588000829562 0.926912236885827, 
65, 111111, 111111, 0.9868822383107028, 0.9868822383107028, 0.0 0.0 0.0 0.0006900872044066019 0.006051146244350941 0.0645340160338608 0.9287247505173816, 
66, 111111, 111111, 0.9881580624749166, 0.9881580624749166, 0.0 0.0 0.0 0.00023737016336123146 0.0033898198922001745 0.06355987487601625 0.9328129350684224, 
67, 111111, 111111, 0.9888667698075126, 0.9888667698075126, 0.0 0.0 0.0 0.0 0.0027964584401300335 0.06120646427466423 0.9359970772852058, 
68, 111111, 111111, 0.9893292350907038, 0.9893292350907038, 0.0 0.0 1.8536855723176682e-06 0.0005351753540427911 0.0030363102190535973 0.056339028213251985 0.9400876325280793, 
69, 111111, 111111, 0.987707551540454, 0.987707551540454, 0.0 0.0 0.0 0.0 0.00256793203001888 0.06861882669723766 0.9288132412727435, 
70, 111111, 111111, 0.9875226732233384, 0.9875226732233384, 0.0 0.0 0.0 8.576446998789196e-05 0.0034006568091549897 0.06780535363169522 0.9287082250891618, 
71, 111111, 111111, 0.987028901074909, 0.987028901074909, 0.0 0.0 0.0 0.0002395102996029527 0.0036121089527869858 0.06988384474616284 0.9262645360014472, 
72, 111111, 111111, 0.9861168273062543, 0.9861168273062543, 0.0 0.0 0.0 0.0 0.004110984057219624 0.07507706804803507 0.9208119478947452, 
73, 111111, 111111, 0.9876162322847409, 0.9876162322847409, 0.0 0.0 0.0 0.0 0.0019999424371406364 0.0703027214172727 0.9276973361455866, 
74, 111111, 111111, 0.9887085036576834, 0.9887085036576834, 0.0 0.0 0.0 0.0009314472145671502 0.002194764522443009 0.06056510736531244 0.9363086808976774, 
75, 111111, 111111, 0.9881064488502338, 0.9881064488502338, 0.0 0.0 0.0 0.00016323720740585098 0.003888375639085769 0.06309484399820782 0.9328535431553007, 
76, 111111, 111111, 0.9863065456547447, 0.9863065456547447, 0.0 0.0 9.765987448663937e-06 0.0005739706683380262 0.006751477861755206 0.06689679439321279 0.9257679910892453, 
77, 111111, 111110, 0.9885683445632774, 0.9885683445632774, 0.0 0.0 0.0 0.0 0.0030454788984510405 0.06249897482343402 0.9344555462781149, 
78, 111111, 111111, 0.9884244322121147, 0.9884244322121147, 0.0 0.0 0.0 0.00010636898799180983 0.003055141696488112 0.06302401637035933 0.9338144729451607, 
79, 111111, 111111, 0.9882581409483899, 0.9882581409483899, 0.0 0.0 0.0 0.0 0.0026664319662154995 0.0651182903772291 0.9322152776565554, 
80, 111111, 111111, 0.9868619325467933, 0.9868619325467933, 0.0 0.0 0.0 0.00037579946096147804 0.004479523340377287 0.06874195965560119 0.92640271754306, 
81, 011111, 111111, 0.9891452257280966, 0.9891452257280966, 0.0 0.0 0.0 0.0006351254859828948 0.002033494809416007 0.05915627955464004 0.9381751001499611, 
82, 111111, 111111, 0.9878245070177714, 0.9878245070177714, 0.0 0.0 0.0 8.431802745956749e-05 0.003906393400880438 0.06498721700923168 0.9310220715624283, 
83, 111111, 111111, 0.988516737547453, 0.988516737547453, 0.0 0.0 0.0 0.0 0.00433704594971602 0.06022548281585022 0.9354374712344339, 
84, 111111, 111111, 0.9869353220792406, 0.9869353220792406, 0.0 0.0 0.0 0.0013395842016067957 0.0029586739072170283 0.06845196710530187 0.9272497747858743, 
85, 011111, 111111, 0.9868416436311027, 0.9868416436311027, 0.0 0.0 0.0 0.0 0.004000200319659851 0.07094973757406435 0.9250500621062758, 
86, 111111, 111111, 0.9881761099419497, 0.9881761099419497, 0.0 0.0 0.0 0.0 0.0040399178423223 0.06286350466365644 0.9330965774940213, 
87, 111111, 111111, 0.9884142537604116, 0.9884142537604116, 0.0 0.0 0.0 0.0002918142777887412 0.0033997596616296643 0.06183951528090525 0.9344689107796763, 
88, 111111, 111111, 0.9863768855801927, 0.9863768855801927, 0.0 0.0 0.0 0.0003676059016190398 0.004531088133246586 0.07157369254749439 0.92352761341764, 
89, 111111, 111111, 0.9882059277281078, 0.9882059277281078, 0.0 0.0 0.0 0.0005285651408825034 0.003863259880890718 0.06145221844692486 0.9341559565313018, 
90, 111111, 011111, 0.9886098846975021, 0.9886098846975021, 0.0 0.0 0.0 8.569529187122979e-05 0.004620085273299511 0.0588434353927749 0.9364507840420544, 
91, 111111, 111111, 0.9896841601400953, 0.9896841601400953, 0.0 0.0 0.0 2.604165022279535e-05 0.002388612948307395 0.057039688312145384 0.9405456570893244, 
92, 111111, 111111, 0.986972514615257, 0.986972514615257, 0.0 0.0 0.0 0.0 0.005039407712926559 0.06808609688260456 0.9268744954044689, 
93, 111111, 111111, 0.9856337567962341, 0.9856337567962341, 0.0 0.0 0.0 0.00024827672323442636 0.004861243291563164 0.07573014246976595 0.9191603375154365, 
94, 111111, 111111, 0.9896543443019317, 0.9896543443019317, 0.0 0.0 0.0 5.829120085466475e-06 0.0021082224611573843 0.05784000190583943 0.9400459465129177, 
95, 111111, 111111, 0.9889889212274604, 0.9889889212274604, 0.0 0.0 0.0 0.00022955842899929907 0.003352697021454851 0.05867240330533038 0.9377453412442154, 
96, 111110, 111111, 0.9898157328772723, 0.9898157328772723, 0.0 0.0 0.0 0.0 0.001792351760602508 0.05752089921516147 0.940686749024236, 
97, 111111, 111111, 0.9865348570748498, 0.9865348570748498, 0.0 0.0 0.0 3.982081148482504e-05 0.0038352502557963413 0.07300089460485398 0.9231240343278647, 
98, 111111, 111111, 0.9888042483883015, 0.9888042483883015, 0.0 0.0 0.0 0.0 0.0024459588907379975 0.062282591888714975 0.9352714492205471, 
99, 111111, 111111, 0.9879570840935115, 0.9879570840935115, 0.0 0.0 0.0 0.0 0.004370055468007269 0.06351738450291718 0.9321125600290756, 
100, 111111, 111110, 0.9892404161498237, 0.9892404161498237, 0.0 0.0 0.0 0.0003026907807065191 0.00212252046101431 0.05940438983691018 0.938170398921369, 
