run, initial grid state, final grid state, mean grid cell occupancy, mean binding site occupancy, fraction of time with N TFs bound, warning
1, 0011111100, 0011111100, 0.5937640517477251, 0.9856923773184137, 0.0 0.0 0.0 0.0 0.003204324426086034 0.0794370872373454 0.9173585883365686, 
2, 0011111100, 0011111100, 0.5939873922815356, 0.9860796907389986, 0.0 0.0 0.0 0.00020825060780343553 0.0051916062282655025 0.07251389128606758 0.9220862518778634, 
3, 0011111100, 0001111110, 0.5945143496958565, 0.9870047877897928, 0.0 0.0 0.00010851414178223836 0.0007964406605587686 0.004310386644397924 0.06652712142364274 0.9282575371296183, 
4, 0011111100, 0011111100, 0.5945766084778319, 0.9871228411277693, 0.0 0.0 0.0 0.0 0.004699292828547698 0.06786436757628894 0.9274363395951634, 
5, 0011111110, 0011111100, 0.5947720333130585, 0.9873513518558796, 0.0 0.0 0.0 0.0 0.0038446812654651485 0.0682025263337917 0.9279527924007431, 
6, 0011111100, 0011111100, 0.5951583926638702, 0.9879967216149407, 0.0 0.0 0.0 0.00044516071403323537 0.002998532816926873 0.06468712253440274 0.9318691839346371, 
7, 0011111100, 0011111100, 0.5939627805817069, 0.9860733347023122, 0.0 0.0 0.0 0.0006522609469916706 0.004981444122186562 0.07164032070077979 0.922725974230042, 
8, 0011111100, 0011111100, 0.5940044071522937, 0.9861024872103537, 0.0 0.0 0.0 0.00038480790781963433 0.00634136807295631 0.06954791686850606 0.9237259071507179, 
9, 0011111100, 0011111100, 0.5938494371716376, 0.9859159763527389, 0.0 0.0 0.0 1.9173898810148238e-05 0.004661099090786704 0.07512442200556274 0.9201953050048405, 
10, 0001111100, 0011111100, 0.5947350552262712, 0.9873420440040153, 0.0 0.0 0.0 0.00032581273651492026 0.0035971757211406665 0.0677759463240825 0.9283010652182618, 
11, 0011111100, 0011111100, 0.5943013574806404, 0.9866425903986988, 0.0 0.0 0.0 4.242133386657351e-05 0.0038323656176764806 0.07235246237085427 0.9237727506776028, 
12, 0011111100, 0011111100, 0.5942851571472368, 0.986623820763598, 0.0 0.0 0.0 0.0005566877497765563 0.004953139711902737 0.06868073274527682 0.9258094397930439, 
13, 0011111100, 0011111100, 0.5949165041597848, 0.9876140503580724, 0.0 0.0 0.0 0.0 0.0028804853849347003 0.06855472708169634 0.9285647875333689, 
14, 0011111100, 0011111100, 0.5942962676843876, 0.9865468376205461, 0.0 0.0 0.0 1.4641054681255703e-05 0.0036209974953360495 0.07343305612200818 0.9229313053279745, 
15, 0011111110, 0011111100, 0.5936331737244819, 0.9854866508521708, 0.0 0.0 0.0 0.0002542882699726593 0.005244906266622323 0.07582741754381314 0.9186733879195919, 
16, 0011111100, 0011111100, 0.5940647398870575, 0.9861825210925574, 0.0 0.0 0.0 3.0066513201736265e-06 0.0018315119763104755 0.07923282953807398 0.9189326518342954, 
17, 0011111100, 0011111100, 0.5936112673245135, 0.9855896577887188, 0.0 0.0 0.0 0.0 0.0044122986229871465 0.07763745602171326 0.9179502453552997, 
18, 0011111100, 0011111100, 0.5943326726329794, 0.9866387934118065, 0.0 0.0 0.0 2.1722071759668843e-06 0.003458694909350971 0.07324333308893134 0.9232957997945418, 
19, 0011111100, 0011111100, 0.5930024839759556, 0.9844544291783502, 0.0 0.0 0.0003135036213637817 0.00023730288294213157 0.004474840195713972 0.08235782140418957 0.9126165318957905, 
20, 0011111100, 0001111100, 0.594599770702713, 0.9870851403476337, 0.0 0.0 0.0 0.0003558026861423821 0.00512003033796876 0.0661816891798332 0.9283424777960557, 
21, 0011111100, 0011111100, 0.592700236014177, 0.9840012196882284, 0.0 0.0 0.0 0.000984378542720732 0.0072981203452009095 0.07844330555206606 0.9132741955600123, 
22, 0011111100, 0011111100, 0.5940856544109605, 0.9861568750943482, 0.0 0.0 0.0 0.0 0.003052402859189297 0.07695394371553156 0.9199936534252792, 
23, 0011111100, 0011111100, 0.5947568140795164, 0.9873299778997273, 0.0 0.0 0.0 0.00024820387348626336 0.003348127788218068 0.06857926540474175 0.9278244029335538, 
24, 0011111100, 0011111100, 0.5946165239591042, 0.9870816875146537, 0.0 0.0 0.0 1.060563355440185e-05 0.003803133864568585 0.06987179028227641 0.9263144702196007, 
25, 0011111100, 0011111100, 0.5942943944412403, 0.986636891509922, 0.0 0.0 0.0 0.00017649044177044004 0.004073909488094818 0.07150136063896717 0.9242482394311675, 
26, 0011111100, 0011111100, 0.5932681238322329, 0.9849641080966814, 0.0 0.0 0.0 0.0 0.007976111711753631 0.07426312799640403 0.9177607602918424, 
27, 0011111100, 0011111100, 0.5950434521727145, 0.9878631901136574, 0.0 0.0 0.0 0.00036858972448888274 0.003108092605890958 0.06549890493280715 0.931024412736813, 
28, 0011111100, 0011111100, 0.5940762271047465, 0.9863051360727906, 0.0 0.0 0.0 0.0001828712275057747 0.004270243565324729 0.07308008275008997 0.9224668024570796, 
29, 0011111100, 0011111100, 0.5945746741483392, 0.9871025413534381, 0.0 0.0 0.0 0.00023227943275542484 0.00397769469493724 0.06873252419123067 0.9270575016810767, 
30, 0011111100, 0011111100, 0.5936956834049738, 0.9855671659999095, 0.0 0.0 0.0 0.0006012145095493253 0.0046414983053006155 0.07551036386129349 0.9192469233238565, 
31, 0011111100, 0011111100, 0.5941686875001704, 0.9864219341125429, 0.0 0.0 0.0 4.597130524156526e-05 0.002089193979965349 0.07715209344908776 0.9207127412657053, 
32, 0011111100, 0011111100, 0.5940338222294315, 0.9862330760111964, 0.0 0.0 0.0 0.00012626534222162904 0.00274236091656699 0.07673802607302295 0.9203933476681885, 
33, 0111111100, 0011111100, 0.5938476358420418, 0.985932329651881, 0.0 0.0 0.0 5.5826392263287584e-05 0.0032623874308831385 0.0777137680501573 0.9189680181266963, 
34, 0001111100, 0011111100, 0.5938847934084672, 0.985913485653423, 0.0 0.0 0.0 1.8146750161761328e-05 0.0037383106517636204 0.07698802452544919 0.9192555180726254, 
35, 0011111110, 0011111100, 0.5937877686528866, 0.9858611220411994, 0.0 0.0 0.0 0.0005883026769830783 0.004636647641555943 0.07379506443874356 0.9209799852427174, 
36, 0011111100, 0001111100, 0.594373457379961, 0.9867053760477624, 0.0 0.0 0.0 4.1414426974455514e-05 0.0032546119131732975 0.07313427660615555 0.9235696970536966, 
37, 0011111100, 0011111100, 0.5936760402497034, 0.9856101300191886, 0.0 0.0 0.0 2.099486508596511e-06 0.005349629534900188 0.07563366235554263 0.9190146086230486, 
38, 0011111100, 0011111100, 0.5941990191040211, 0.9864869972927822, 0.0 0.0 0.0 0.00022841373518171762 0.003124070094368429 0.07414463484902528 0.9225028813214246, 
39, 0011111100, 0001111100, 0.5933431548562598, 0.9851362934017135, 0.0 0.0 0.0 8.17348647946403e-06 0.00383688208410555 0.08148395496206975 0.9146709894673452, 
40, 0011111000, 0011111100, 0.5934819336770538, 0.9852964937740067, 0.0 0.0 0.0 0.00027028584993429123 0.004583658131747681 0.0782428635426616 0.9169031924756564, 
41, 0011111100, 0011111100, 0.5929486539280266, 0.9843853381730866, 0.0 0.0 0.0 0.00038840997880012503 0.0056296012524771205 0.08126353852012586 0.9127184502485969, 
42, 0011111100, 0011111100, 0.5949577833672423, 0.9876809800817684, 0.0 0.0 0.0 2.1799540563594727e-05 0.0035735938404891634 0.06670153320671983 0.9297030734122275, 
43, 0011111100, 0011111100, 0.5947915706902097, 0.987443408375654, 0.0 0.0 0.0 0.0 0.0018279941684117202 0.07168356140925305 0.9264884444223351, 
44, 0011111100, 0011111100, 0.5938952561082482, 0.9860370127515036, 0.0 0.0 0.0 0.000600130498191771 0.005178837128181826 0.07161985774003986 0.9226011746335865, 
45, 0011111100, 0011111100, 0.5937526157858406, 0.9857004992880711, 0.0 0.0 0.0 7.737299378928683e-05 0.004328371331352332 0.0769081426275008 0.9186861130473576, 
46, 0011111100, 0011111100, 0.5952667185634429, 0.9882460277938954, 0.0 0.0 0.0 3.387931890323048e-05 0.0021174893177158135 0.06618721664448633 0.9316614147188946, 
47, 0011111100, 0011111100, 0.5939765908942187, 0.9860903557132747, 0.0 0.0 0.0 8.82166295121681e-05 0.00474309393749677 0.07370702795682132 0.9214616614761698, 
48, 0011111100, 0011111100, 0.5939857996220942, 0.9861067936659632, 0.0 0.0 0.0 0.0006029125446677491 0.004581545084692367 0.07238741020083239 0.9224281321698075, 
49, 0011111100, 0011111100, 0.5935688363013718, 0.9854598501220639, 0.0 0.0 0.0 0.0003944105332855951 0.007233816431042331 0.07159003480567534 0.9207817382299968, 
50, 0011111100, 0011111100, 0.5945783008112816, 0.9871147073179678, 0.0 0.0 0.0 0.000699300068981761 0.002745619947772095 0.06972261598970471 0.9268324639935414, 
51, 0011111100, 0011111100, 0.5939751111631552, 0.9861166441987282, 0.0 0.0 0.0 0.00022977628275769094 0.004756768405139438 0.07309726914907858 0.9219161861630244, 
52, 0011111100, 0011111100, 0.5933238637955136, 0.9849698157189155, 0.0 0.0 0.0 5.022493594680513e-05 0.004258889942163626 0.08151265099433969 0.91417823412755, 
53, 0011111100, 0011111100, 0.5939186338319712, 0.9860021198206407, 0.0 0.0 0.00028380223990458106 0.0009955621605579625 0.00451324684637685 0.07083889194210982 0.9233684968110507, 
54, 0011111100, 0011111100, 0.5941901178860263, 0.9865035433897414, 0.0 0.0 0.0 0.0002714396898279871 0.004673102889511606 0.07081821481304407 0.9242372426076163, 
55, 0011111100, 0011111100, 0.5940121256668315, 0.9862554834383724, 0.0 0.0 0.0 3.01474861885962e-05 0.00419942353935771 0.07397780983248382 0.92179261914197, 
56, 0011111100, 0011111100, 0.5932911771571416, 0.9849390841902207, 0.0 0.0 0.0 0.0009395798094145597 0.0061685696851676635 0.07520961606009663 0.9176822344453212, 
57, 0001111100, 0011111100, 0.5949484286337673, 0.9877051582083275, 0.0 0.0 0.0 0.0004189289000086557 0.0029409552727207963 0.0666303535045673 0.9300097623227033, 
58, 0011111110, 0011111100, 0.595433381719802, 0.9885337554828558, 0.0 0.0 0.0 0.0 0.0026404574226345117 0.06351655225759704 0.9338429903197685, 
59, 0011111100, 0011111100, 0.5928063038706896, 0.9842435097381124, 0.0 0.0 0.0 0.0002750168257684367 0.0059203458664468704 0.08187319936112765 0.911931437946657, 
60, 0011111100, 0001111100, 0.5934278931513256, 0.9852614181088465, 0.0 0.0 0.0 0.0003511317122347014 0.004560237549002463 0.07825762111221232 0.9168310096265506, 
61, 0011111100, 0011111100, 0.5949700743204425, 0.9877307909912395, 0.0 0.0 0.0 0.0 0.003908819539060422 0.06579761497444198 0.9302935654864977, 
62, 0011111110, 0011111100, 0.59471789293657, 0.9872585837448945, 0.0 0.0 0.0 1.4746332484881082e-05 0.004746353947617752 0.06691155063794184 0.9283273490819556, 
63, 0011111100, 0011111100, 0.5935355105072335, 0.9853590636541157, 0.0 0.0 0.0 0.0008291710073295661 0.005129186227377199 0.07509973259856254 0.9189419101667307, 
64, 0011111100, 0001111100, 0.5948726234371634, 0.9875487604938548, 0.0 0.0 0.0 4.972062784893172e-05 0.003997940726848212 0.06656239369962862 0.9293899449456743, 
65, 0011111100, 0011111100, 0.5934533510296676, 0.9852565452088551, 0.0 0.0 0.0 4.411538415284383e-05 0.004514283600044979 0.07929981539432071 0.9161417856214815, 
66, 0011111100, 0011111100, 0.5948297251130458, 0.9875197635932669, 0.0 0.0 0.0 1.8752113009066808e-06 0.0029225642633427923 0.06903066427981001 0.9280448962455462, 
67, 0011111100, 0011111100, 0.5939354627607062, 0.9859466216101952, 0.0 0.0 0.0 0.00026938403654859174 0.006044203519092656 0.07142371119099772 0.9222627012533611, 
68, 0011111100, 0011111100, 0.5938732427915225, 0.9858631107840578, 0.0 0.0 0.0 0.0003366076935388928 0.004524090219093305 0.07476333177685014 0.9203759703105177, 
69, 0001111100, 0001111100, 0.5938616067154534, 0.9859579179590592, 0.0 0.0 0.0 0.00037721513866174785 0.004925842101696332 0.07326916262626611 0.9214277801333758, 
70, 0011111100, 0011111100, 0.5947244928791159, 0.9873592129306631, 0.0 0.0 0.0 0.0002075450365128971 0.0034627479980492448 0.0682965913103839 0.9280331156550541, 
71, 0011111100, 0011111100, 0.5941412249269551, 0.986268170288473, 0.0 0.0 0.0 0.0001701533267083622 0.0034623230312225716 0.07495587222659164 0.9214116514154774, 
72, 0011111100, 0011111100, 0.5930028881208961, 0.984564994292906, 0.0 0.0 5.58352575750578e-06 0.0012407937284838017 0.005275657880035351 0.0783140031940113 0.9151639616717121, 
73, 0011111100, 0011111100, 0.5942607692503639, 0.9866108311107425, 0.0 0.0 0.0 0.0005804605390698569 0.004827531903683025 0.06893856791096915 0.925653439646278, 
74, 0011111100, 0011111100, 0.59318004653939, 0.9847371530032829, 0.0 0.0 0.0 0.0004735644870454356 0.004378006555310913 0.08140037540854414 0.9137480535490995, 
75, 0011111100, 0011111100, 0.5945410969402767, 0.987094230883078, 0.0 0.0 0.0 0.0 0.003826377984129786 0.06978185873327213 0.9263917632825981, 
76, 0011111100, 0011111100, 0.5940946954605127, 0.9862264967933867, 0.0 0.0 0.0 1.920379427580606e-05 0.0032623922361048625 0.07605862338464228 0.9206597805849771, 
77, 0011111100, 0011111100, 0.593936443067843, 0.9861047866635275, 0.0 0.0 0.0 0.0 0.00476690165985719 0.07383747669912084 0.9213956216410221, 
78, 0011111100, 0011111100, 0.5940936805333759, 0.9862790141808004, 0.0 0.0 0.0 7.837592087717282e-05 0.005178895106880739 0.07173299693880401 0.9230097320334382, 
79, 0011111100, 0011111100, 0.5939812061378694, 0.9861365803766411, 0.0 0.0 0.0 6.080142115382921e-05 0.004956786132208453 0.07308454121227552 0.9218978712343623, 
80, 0011111100, 0011111100, 0.5940647986248836, 0.9862913022405773, 0.0 0.0 0.0 0.0005327024873006343 0.002749249785230557 0.07515557952417246 0.9215624682032963, 
81, 0011111100, 0011111100, 0.5942699618188501, 0.9864897940024006, 0.0 0.0 0.0 0.00020892964645277884 0.006236600484994288 0.06796124607624976 0.9255932237923031, 
82, 0011111100, 0001111100, 0.5946429440753848, 0.9872105476615253, 0.0 0.0 0.0 5.625065599129313e-05 0.0037315764312670623 0.06910480920034077 0.9271073637124009, 
83, 0011111100, 0011111100, 0.593732414075287, 0.9856548107474161, 0.0 0.0 0.0 0.00019667220619008652 0.003183728431012616 0.07911366203490885 0.9175059373278884, 
84, 0011111100, 0011111100, 0.5933231362723794, 0.9850227290816855, 0.0 0.0 0.0 0.0007457652202351887 0.005435636672053336 0.07675505650507398 0.9170635416026375, 
85, 0011111100, 0011111100, 0.5937352909923695, 0.9855496977962992, 0.0 0.0 0.0 0.00024204288327253997 0.004739101591379968 0.07649748138962639 0.9185213741357211, 
86, 0011111100, 0011111100, 0.5933165158896183, 0.9849513438056708, 0.0 0.0 0.0 7.674631415946143e-05 0.004308706519240763 0.08144428518501526 0.9141702619815845, 
87, 0011111100, 0011111100, 0.5933056672159315, 0.9850195328993694, 0.0 0.0 0.0 0.00042308945303059755 0.0027399270453079107 0.08313368015407686 0.9137033033475846, 
88, 0011111100, 0011111100, 0.5951919893386631, 0.9881077628006353, 0.0 0.0 0.0 0.00017097822812398272 0.005250522454551741 0.060339443602712345 0.9342390557146119, 
89, 0011111100, 0011111100, 0.594687803536056, 0.9872359190505483, 0.0 0.0 0.0 0.0 0.004028118040966426 0.06852824961477763 0.927443632344256, 
90, 0011111100, 0011111100, 0.5934411154828594, 0.9853225133435751, 0.0 0.0 0.0 0.00010602655720409892 0.0071005232732786056 0.07354579372037998 0.9192476564491373, 
91, 0011111100, 0011111100, 0.5932832062091773, 0.9849194093505595, 0.0 0.0 0.0 0.0 0.007146302461991969 0.07619093897265836 0.9166627585653497, 
92, 0011111100, 0011111100, 0.593901501202889, 0.9859768067442384, 0.0 0.0 0.0 0.00010814299709274654 0.0034319963976091605 0.07695073774807262 0.9195091228572255, 
93, 0011111100, 0011111100, 0.5953151619809702, 0.9882207610822218, 0.0 0.0 0.0 0.00016118532234218855 0.0025398381704180685 0.06511220119880641 0.9321867753084334, 
94, 0011111100, 0011111100, 0.5946519562378109, 0.9873578404306322, 0.0 0.0 0.0 0.00021100362369122957 0.0030036369337571233 0.06921267267761802 0.9275726867649337, 
95, 0011111100, 0011111100, 0.5954970943959373, 0.9885323659723085, 0.0 0.0 0.0 0.0 0.004429997469371486 0.05994580922740575 0.9356241933032228, 
96, 0011111100, 0011111100, 0.5930076171647295, 0.9846618849943027, 0.0 0.0 0.0 0.0002311110799422718 0.0059280557178936 0.07947924535856926 0.9143615878435949, 
97, 0011111100, 0011111100, 0.5947035111948473, 0.987196702796941, 0.0 0.0 0.0 0.0006637634087172008 0.0030912111939226583 0.06864607060435694 0.9275989547930031, 
98, 0001111100, 0011111100, 0.5939218847217318, 0.9860594934414316, 0.0 0.0 0.0 0.0009007466824147246 0.006416586762120013 0.06810762577992621 0.924575040775539, 
99, 0011111100, 0001111100, 0.5950409148453512, 0.9878020441969453, 0.0 0.0 0.0 0.0 0.002426682360348261 0.06833437009763285 0.9292389475420189, 
100, 0011111100, 0011111100, 0.594264780477455, 0.9866097409536547, 0.0 0.0 0.0 5.452022274641763e-05 0.0048132569425353615 0.07055147972476089 0.9245807431099574, 
run, initial grid state, final grid state, mean grid cell occupancy, mean binding site occupancy, fraction of time with N TFs bound, warning
1, 0011111100, 0011111100, 0.5936105595512714, 0.9854915290352364, 0.0 0.0 0.0 0.00046302089284828724 0.005817062846420449 0.07402763741719576 0.9196922788435354, 
2, 0011111100, 0011111100, 0.5946950170959439, 0.98724307515354, 0.0 0.0 0.0 8.083510304416927e-05 0.005388374946174181 0.06552229387727906 0.9290084960735026, 
3, 0011111100, 0011111100, 0.5924843482288907, 0.9836901115184596, 0.0 0.0 0.0 2.2806699284315106e-05 0.0048561238112697245 0.08807866316884991 0.9070424063205961, 
4, 0011111100, 0001111100, 0.5939017427219037, 0.985949308060255, 0.0 0.0 0.0005563233298602558 0.0008989711982037907 0.0050437842623181454 0.06929437619978009 0.9242065450098377, 
5, 0011111100, 0011111100, 0.5940154256084197, 0.9862429258077802, 0.0 0.0 0.0 0.0 0.003051804408227432 0.07643883633686382 0.9205093592549088, 
6, 0011111100, 0011111100, 0.5945266307287476, 0.987004739544322, 0.0 0.0 0.0 0.0 0.0038252738645949812 0.0703210150048783 0.9258537111305267, 
7, 0011111100, 0011111100, 0.5946956215337978, 0.9872578608594674, 0.0 0.0 0.0 0.00029657142899158453 0.003155978136036935 0.06925116428414611 0.9272962861508254, 
8, 0011111100, 0011111100, 0.5935740718910286, 0.985442550386341, 0.0 0.0 0.0 0.00011095636564004988 0.005760369293637133 0.07549108999775965 0.9186375843429633, 
9, 0011111100, 0011111100, 0.5926156986691221, 0.9837906696040243, 0.0 0.0 0.0 0.0008641445197745306 0.008227187564417449 0.07820917368769535 0.9126994942281126, 
10, 0011111100, 0011111100, 0.5949524175909363, 0.9878131677792036, 0.0 0.0 0.0 0.0004272502717077164 0.005346144329718542 0.06114695385021783 0.9330796515483559, 
11, 0011111100, 0011111100, 0.5939552026364766, 0.9859783269936282, 0.0 0.0 0.0 0.0 0.005769540112980321 0.07259095781226971 0.92163950207475, 
12, 0011111100, 0011111100, 0.5951116389951615, 0.9879491852152937, 0.0 0.0 0.0 0.0 0.0017325937056795328 0.06883970129687844 0.9294277049974421, 
13, 0011111100, 0011111100, 0.5953210545084436, 0.9882838905633149, 0.0 0.0 0.0 7.223798572744641e-05 0.0037975264145077487 0.06248488983391301 0.9336453457658518, 
14, 0011111100, 0011111100, 0.5931291179822159, 0.9847209708483289, 0.0 0.0 0.0 0.0 0.004941000377532193 0.08179217415496266 0.9132668254675053, 
15, 0011111100, 0011111100, 0.593600198227244, 0.9855339617754826, 0.0 0.0 0.0 0.0 0.005224100275859534 0.07634802879538528 0.9184278709287551, 
16, 0011111100, 0011111100, 0.5942229476282933, 0.9865252725217396, 0.0 0.0 2.7396972201324643e-05 0.00023140266389193987 0.0033581230415469874 0.0733283229059876 0.9230547544163721, 
17, 0011111100, 0011111100, 0.5940129758898519, 0.9861459667715442, 0.0 0.0 0.0 9.553595199153535e-05 0.004279590997327665 0.0742784095201057 0.9213464635305751, 
18, 0011111100, 0011111100, 0.5936853869685622, 0.9856272924633919, 0.0 0.0 0.0 0.0 0.003310820313053833 0.07961460459354165 0.9170745750934046, 
19, 0011111100, 0111111100, 0.594754722014743, 0.9874096852866646, 0.0 0.0 0.0003806678037122885 0.0006139815088970887 0.003674617631795583 0.06482803727488046 0.9305026957807145, 
20, 0011111100, 0011111100, 0.5935144546576935, 0.9854405794133624, 0.0 0.0 0.0001847955942446419 0.0007954685154929898 0.004323993538065808 0.07558294852023695 0.9191127938319595, 
21, 0011111100, 0011111100, 0.5939400063075575, 0.9860090235035125, 0.0 0.0 0.0 0.000459399492903891 0.006519304515021362 0.06952905147017016 0.9234922445219046, 
22, 0011111000, 0011111100, 0.5920023858363723, 0.9829964209094242, 0.0 0.0 0.0 0.0010194797080948805 0.007019614516766865 0.08492380638563664 0.9070370993895016, 
23, 0011111000, 0011111110, 0.5937719577467861, 0.9856273363999866, 0.0 0.0 0.0 0.0006909052728017241 0.0054311181448683495 0.07330102949193908 0.9205769470903908, 
24, 0011111100, 0011111100, 0.5936870682122877, 0.9856359908701132, 0.0 0.0 0.0 0.00015431978335255666 0.005528694219277018 0.07466370699070916 0.9196532790066614, 
25, 0011111100, 0011111100, 0.5934521714429526, 0.9852622415041556, 0.0 0.0 0.0 0.0001635497732115927 0.006830726922892439 0.07427444780964584 0.9187312754942502, 
26, 0011111100, 0011111100, 0.5949272890419314, 0.9877985310915055, 0.0 0.0 0.0 0.0 0.002811964591760252 0.0675848842674463 0.9296031511407934, 
27, 0011111100, 0011111100, 0.5940800786140726, 0.9862663976805516, 0.0 0.0 0.0 0.0 0.004183588952784027 0.07403443601112197 0.921781975036094, 
28, 0011111100, 0001111100, 0.5918768068938739, 0.9826670814086935, 0.0 0.0 0.0 0.00016251188744454155 0.009206514118729608 0.08509694764804536 0.9055340263457805, 
29, 0011111100, 0011111100, 0.5948590096742412, 0.9874953536371239, 0.0 0.0 0.0 0.0003517811796139393 0.0039102799909844724 0.06615197465644558 0.929585964172956, 
30, 0011111100, 0011111100, 0.5937337024067485, 0.9857469744427723, 0.0 0.0 0.0 4.425796642189934e-06 0.004534826767886048 0.0764352224176675 0.9190255250178043, 
31, 0011111100, 0011111100, 0.5942694763387208, 0.9865549669029139, 0.0 0.0 0.0 9.632218575471923e-05 0.004467953553905339 0.07144532491744146 0.9239903993428984, 
32, 0011111100, 0011111100, 0.5951690992812871, 0.9879678580130801, 0.0 0.0 0.0 0.00020979555956011724 0.003408595937837878 0.0647462733671633 0.9316353351354387, 
33, 0011111000, 0011111100, 0.5941030476292101, 0.9862165612536297, 0.0 0.0 0.0 0.0003273029730406261 0.0037742806926616365 0.07417016217377648 0.9217282541605213, 
34, 0011111100, 0011111100, 0.5945969717954404, 0.9870346910330446, 0.0 0.0 0.0 0.0 0.005283250111538262 0.06722535357865657 0.9274913963098053, 
35, 0011111100, 0011111100, 0.5935947021811043, 0.9855096350073376, 0.0 0.0 0.0 0.0005723226139543737 0.004917029885028124 0.0753911623440555 0.919119485156962, 
36, 0011111100, 0011111100, 0.5932656587930354, 0.9849696862205888, 0.0 0.0 0.0 0.00012445798914316152 0.0034181321597889346 0.08297224438946008 0.9134851654616077, 
37, 0011111100, 0011111100, 0.5934478973216873, 0.9852677961305322, 0.0 0.0 0.0 0.0005936079414052977 0.0049734328190953496 0.0766655337543996 0.9177674254850997, 
38, 0011111100, 0011111100, 0.5953526420385552, 0.9882279350864815, 0.0 0.0 0.0 0.00012274994833636496 0.0039237806200376965 0.062416578396026524 0.9335368910355993, 
39, 0011111100, 0011111100, 0.5940924825475984, 0.9862815398437873, 0.0 0.0 0.0 0.00020379331792180026 0.004611785473945552 0.07247581003561984 0.9227086111725127, 
40, 0011111100, 0011111100, 0.5931617299011471, 0.984768317738103, 0.0 0.0 7.329460543050652e-05 0.00035383728275773066 0.005217854510567528 0.07959969428025092 0.9147553193209933, 
41, 0011111100, 0011111100, 0.5947463988745411, 0.987413872329886, 0.0 0.0 0.0 0.0002587217004379204 0.003209221694030637 0.0683221575313097 0.9282098990742217, 
42, 0011111100, 0011111100, 0.5954635139017038, 0.9885079005400763, 0.0 0.0 0.0 0.00020194756955839338 0.0023614340019144043 0.06362388604703786 0.9338127323814893, 
43, 0011111100, 0011111100, 0.5940774127279215, 0.9863064772397498, 0.0 0.0 0.0 0.0 0.0037407419548985926 0.07467965265170393 0.9215796053933974, 
44, 0011111100, 0011111100, 0.5936185259681308, 0.985532091158382, 0.0 0.0 0.0 0.00030378043546988847 0.0025961550057300585 0.08070380173183848 0.9163962628269616, 
45, 0011111100, 0011111100, 0.5936563523499101, 0.9856258865922134, 0.0 0.0 0.0 0.0 0.004609235624707744 0.07702620919730441 0.9183645551779879, 
46, 0001111100, 0011111100, 0.5942310964133568, 0.9865203076734562, 0.0 0.0 0.0 0.00024439454923834116 0.006428934816931413 0.06728710067768567 0.9260395699561446, 
47, 0011111100, 0011111100, 0.595247230898394, 0.9881741999330181, 0.0 0.0 0.0 0.0 0.0039286420058956915 0.06309751639010004 0.9329738416040042, 
48, 0011111100, 0011111100, 0.5946188245601381, 0.9871734254731841, 0.0 0.0 0.0 0.00020765820697863895 0.004370461945503886 0.06759554864895162 0.9278263311985658, 
49, 0011111100, 0011111100, 0.5953506776596057, 0.9883211177381834, 0.0 0.0 0.0 0.00011458672920567648 0.0032348163184343984 0.06325990074641319 0.9333906962059467, 
50, 0011111100, 0011111100, 0.5935070082561017, 0.9851713018980707, 0.0 0.0 0.0 0.000191207217213256 0.00412193345429077 0.08015470005135493 0.915532159277141, 
51, 0011111100, 0011111100, 0.5925584997494387, 0.9836828413630985, 0.0 0.0 9.62380013287635e-05 0.0006302961656749816 0.00630025493967736 0.08302660143971438 0.9099466094536045, 
52, 0011111100, 0011111100, 0.5946896936601956, 0.9873673078572535, 0.0 0.0 0.0 0.00015172615912335257 0.002277550468204887 0.07078587344269918 0.9267848499299726, 
53, 0011111000, 0011111100, 0.5945369138864787, 0.9869210354435759, 0.0 0.0 0.0 0.0 0.0037992655699522152 0.0708752561986397 0.9253254782314082, 
54, 0011111100, 0011111100, 0.5944015573755509, 0.9868203886089406, 0.0 0.0 0.00017873651894626162 0.0003955789031519208 0.004487103603389703 0.06820177835433548 0.9267368026201767, 
55, 0011111100, 0011111100, 0.5933580916622901, 0.9850715576359662, 0.0 0.0 0.0 0.0 0.005259388989664012 0.0790518762048747 0.9156887348054613, 
56, 0011111100, 0011111100, 0.5942099011154456, 0.9864593864925465, 0.0 0.0 0.0 3.9819749195689244e-05 0.005124373900281871 0.07087547399657042 0.923960332353952, 
57, 0011111100, 0011111100, 0.5938352055837792, 0.9857540106947051, 0.0 0.0 0.0 0.0003182050049906685 0.0038754397208829575 0.07677044137503149 0.919035913899095, 
58, 0011111100, 0011111100, 0.5938533139679382, 0.985820729343914, 0.0 0.0 0.0 0.0 0.002993169467939344 0.07908928500063775 0.9179175455314229, 
59, 0011111100, 0011111100, 0.5941610153835613, 0.9864271627410413, 0.0 0.0 0.0 0.0 0.00331697533372598 0.07480307288630003 0.9218799517799741, 
60, 0011111100, 0011111100, 0.594457314570529, 0.9868741997202574, 0.0 0.0 0.0 0.00019103317655642826 0.0029283930133021585 0.07232491612218207 0.9245556576879592, 
61, 0011111100, 0011111100, 0.5941759524407862, 0.9864415480701745, 0.0 0.0 0.0 0.0 0.0033662808019844117 0.07461814997498395 0.9220155692230315, 
62, 0011111100, 0011111100, 0.5934172436333276, 0.9851521694911247, 0.0 0.0 0.0 0.00025702600091741197 0.004351952031493548 0.07961200098751166 0.9157790209800774, 
63, 0011111100, 0011111100, 0.5954594742620953, 0.9884844727214956, 0.0 0.0 0.0 0.0002471181753298214 0.002579761868798846 0.06319228540743888 0.9339808345484325, 
64, 0011111100, 0011111100, 0.5941868079321888, 0.9864578701393162, 0.0 0.0 0.0 0.0 0.002770760798696421 0.07571125756671006 0.9215179816345934, 
65, 0011111100, 0011111100, 0.5937410212504748, 0.9856801274525413, 0.0 0.0 0.0 0.0006550166911488487 0.0057626963406563775 0.072428792529993 0.9211534944382017, 
66, 0011111100, 0011111100, 0.5935265335386333, 0.9853313322474991, 0.0 0.0 0.0 6.202078712906156e-05 0.003497752975590456 0.08083043820243627 0.9156097880348442, 
67, 0011111100, 0011111100, 0.594465354351529, 0.9869332488849621, 0.0 0.0 0.0 0.0001970087620700186 0.00533484148293413 0.06713979743814788 0.927328352316848, 
68, 0011111100, 0011111100, 0.5937824215335114, 0.9858872921827228, 0.0 0.0 0.0 0.0007395559249884457 0.005059249241399906 0.07233908064589885 0.9218621141877128, 
69, 0011111100, 0011111100, 0.5948399421273929, 0.987483879202328, 0.0 0.0 0.0 0.0 0.001641582341106364 0.0718135601038182 0.9265448575550754, 
70, 0011111000, 0011111100, 0.5932406381598488, 0.9848588307415179, 0.0 0.0 0.0 9.696835836824915e-05 0.0062931847796237105 0.07796974091654009 0.915640105945468, 
71, 0011111100, 0011111100, 0.5938349024861448, 0.9859018557333513, 0.0 0.0 0.0 0.0 0.00572932686998241 0.07313021185992688 0.9211404612700907, 
72, 0011111100, 0011111100, 0.593438726375626, 0.9850823637889526, 0.0 0.0 0.0 0.00047288360384092437 0.00477197871070651 0.07854320903334902 0.9162119286521035, 
73, 0011111100, 0011111100, 0.5948076074076123, 0.9873784155500894, 0.0 0.0 0.0 0.0005495834151049029 0.003159474395254873 0.06776180766363903 0.9285291345260013, 
74, 0011111100, 0011111100, 0.595007659702891, 0.9878314985590321, 0.0 0.0 0.0 0.000892863055725211 0.0026689736911194644 0.06499447209639325 0.9314436911567621, 
75, 0011111100, 0011111100, 0.59460978580383, 0.9871451891030039, 0.0 0.0 0.0 2.1662076297799743e-05 0.002809094325872505 0.07144569050133773 0.925723553096492, 
76, 0011111100, 0011111100, 0.5930002289499549, 0.9844926100381488, 0.0 0.0 0.0 0.0003540829697546504 0.007472770567910628 0.0770365497260218 0.915136596736313, 
77, 0011111100, 0011111100, 0.5950183314395469, 0.9878851953159167, 0.0 0.0 0.0 5.8720005012977684e-05 0.004251192111398494 0.06401028386666453 0.9316798040169241, 
78, 0011111100, 0011111100, 0.5943364264469281, 0.9866722142601599, 0.0 0.0 0.0 9.224998438846497e-05 0.00494724397253861 0.06979547654079778 0.9251650295022751, 
79, 0011111110, 0011111100, 0.5931265443752853, 0.9847694733811686, 0.0 0.0 8.605375464572792e-05 0.00039316724321581065 0.004823559917625394 0.08021232312950703 0.914484895955006, 
80, 0011111100, 0011111100, 0.5936524450975281, 0.9855744194603275, 0.0 0.0 0.0 8.780698973735172e-05 0.004156577875019751 0.07797690651878326 0.9177787086164596, 
81, 0011111100, 0011111100, 0.5926374580419916, 0.9839721723371865, 0.0 0.0 0.0 0.000386179658997513 0.004523274932730123 0.08596187713442964 0.9091286682738426, 
82, 0011111100, 0011111100, 0.5942812039417713, 0.9865587298418204, 0.0 0.0 0.0 0.00041764638612985604 0.005213280231886562 0.06896812132691503 0.9254009520550686, 
83, 0011111100, 0011111100, 0.5937164324336576, 0.9856584084130077, 0.0 0.0 0.0 0.0009545145928137393 0.005299701284040448 0.07258660317543199 0.9211591809477139, 
84, 0011111100, 0011111100, 0.5949123994685503, 0.9876381643178099, 0.0 0.0 0.0 4.277896812302725e-05 0.00427580813121841 0.0654910609263346 0.930190351974324, 
85, 0011111100, 0011111100, 0.5938986855200297, 0.9859911720286949, 0.0 0.0 0.0 0.0008545854416333351 0.0038825972235657555 0.07372401705579944 0.9215388002790015, 
86, 0011111100, 0011111100, 0.5944370255392815, 0.9868214647152314, 0.0 0.0 0.0 0.000332583610705194 0.003881467652057863 0.07031052557238046 0.9254754231648564, 
87, 0011111100, 0011111100, 0.5938405354429073, 0.9859386870950405, 0.0 0.0 0.0 0.0007876070695693719 0.004998036728010631 0.07200898276502678 0.9222053734373932, 
88, 0011111100, 0011111100, 0.5948892651378217, 0.9876242320596076, 0.0 0.0 0.0 0.0005035764067503739 0.0039465415500631856 0.06485079532197661 0.9306990867212098, 
89, 0011111100, 0011111100, 0.5937092469374189, 0.9856981944792722, 0.0 0.0 0.0 0.0002615798942915456 0.005001718255289097 0.07502265693091385 0.9197140449195055, 
90, 0011111100, 0011111100, 0.593322311673205, 0.9851141085920694, 0.0 0.0 0.0 0.0 0.003046621904728266 0.08322210463812818 0.9137312734571436, 
91, 0011111100, 0011111100, 0.5937670462773367, 0.9857242476461753, 0.0 0.0 0.0 0.0002012704352323214 0.002599033867272252 0.07985263508270739 0.9173470606147881, 
92, 0001111100, 0011111100, 0.5937717479809945, 0.9856771981625491, 0.0 0.0 0.0 0.0006877105994172322 0.003895700739007155 0.0760822777484396 0.919334310913136, 
93, 0011111100, 0011111100, 0.5944379120990222, 0.9868189466942466, 0.0 0.0 0.0 0.00013240874238576206 0.004780538468243848 0.06912801667087513 0.9259590361184953, 
94, 0011111100, 0011111100, 0.5940114504155556, 0.9861506056241043, 0.0 0.0 0.0 0.0 0.004144225263925081 0.07480791572752421 0.9210478590085507, 
95, 0011111100, 0011111100, 0.5942463897155796, 0.9865419005090406, 0.0 0.0 0.0 0.00022621912312802812 0.0056574758027761705 0.06875498797081944 0.9253613171032764, 
96, 0011111100, 0011111100, 0.593948712523178, 0.986116761096956, 0.0 0.0 0.0 0.0 0.004525479964267521 0.07424847348972886 0.9212260465460037, 
97, 0011111100, 0011111100, 0.5955961742819671, 0.9887417134099339, 0.0 0.0 0.0 0.0 0.003393321002183102 0.06076307753603039 0.9358436014617866, 
98, 0011111100, 0011111100, 0.592808376767976, 0.9841271372252214, 0.0 0.0 0.0 0.00017923554307277712 0.004469059842069457 0.08576135033531462 0.9095903542795432, 
99, 0011111100, 0011111100, 0.593926081105687, 0.9860122120311314, 0.0 0.0 0.0 0.0 0.00454640511385296 0.07483391758550562 0.9206196773006414, 
100, 0011111100, 0011111100, 0.5940930024666633, 0.9862790980191445, 0.0 0.0 0.0 0.00026233659379490783 0.0053747457062634256 0.07078891069122079 0.9235740070087208, 
run, initial grid state, final grid state, mean grid cell occupancy, mean binding site occupancy, fraction of time with N TFs bound, warning
1, 0011111100, 0011111000, 0.5940537797428701, 0.9862296646944717, 0.0 0.0 0.0 0.0005238593465410527 0.003998189970769312 0.0730540538520074 0.9224238968306822, 
2, 0011111100, 0011111100, 0.5932677302751754, 0.9849081639013166, 0.0 0.0 0.0 0.0009813325287803014 0.006882265713740439 0.07384248757827788 0.9182939141792014, 
3, 0011111100, 0011111100, 0.5946672150775772, 0.9872598194832063, 0.0 0.0 0.0 0.00015598817258868897 0.004121496313830701 0.06773012595533523 0.9279923895582454, 
4, 0011111100, 0011111100, 0.5944233432052027, 0.9868009214933682, 0.0 0.0 0.0 0.00039854627828989704 0.005269325220260038 0.06746018176440151 0.9268719467370486, 
5, 0011111100, 0011111100, 0.5937255768283046, 0.9856401378614291, 0.0 0.0 0.0 0.000183698385744329 0.0044253429611287795 0.0767573917519346 0.9186335669011924, 
6, 0011111100, 0011111100, 0.5932250830126479, 0.9848350000387551, 0.0 0.0 0.0 0.00021210878905568803 0.005281748837621038 0.07979017572506004 0.9147159666482632, 
7, 0001111100, 0011111100, 0.5946842032379301, 0.9872068004764157, 0.0 0.0 0.0 0.0 0.0030948384598031213 0.07056952022189994 0.9263356413182969, 
8, 0011111100, 0011111000, 0.5932533820309358, 0.9849132197632043, 0.0 0.0 0.0 0.00023842867057290103 0.005073693256404243 0.07965800889624686 0.915029869176776, 
9, 0011111100, 0011111100, 0.5945175247779435, 0.9869804232135586, 0.0 0.0 0.0 0.0 0.004081383344309184 0.06995469403002995 0.9259639226256609, 
10, 0011111100, 0011111100, 0.5937997599960951, 0.9858860609935746, 0.0 0.0 0.0 0.0 0.006276491872531299 0.0721306502934902 0.9215928578339786, 
11, 0011111100, 0011111100, 0.5924008403327009, 0.9835151069655073, 0.0 0.0 0.0 7.13220640641167e-05 0.004855349046658223 0.0889846939214477 0.90608863496783, 
12, 0011111100, 0001111100, 0.5941165895352751, 0.9862990606384918, 0.0 0.0 0.0 6.118638309727112e-05 0.004673595756584667 0.07267488550658831 0.9225903323537298, 
13, 0011111100, 0011111100, 0.5953929862232317, 0.9885763037084149, 0.0 0.0 0.0 0.0 0.0022849357777172323 0.06397230619407582 0.9337427580282068, 
14, 0011111100, 0011111100, 0.593185243571093, 0.9848094801886681, 0.0 0.0 0.0007360028552264542 0.0007894179184301693 0.0066814848068729995 0.07246788407804865 0.9193252103414218, 
15, 0011111100, 0011111100, 0.594289530403997, 0.9865661130319215, 0.0 0.0 0.0 0.0 0.0032911960254473627 0.07402092975757657 0.9226878742169761, 
16, 0011111100, 0011111100, 0.5944396105978101, 0.9867776052416292, 0.0 0.0 0.0 0.00011723020074941527 0.0036744902671600366 0.0716336974136561 0.9245745821184345, 
17, 0011111100, 0011111100, 0.593720024282872, 0.9857099910935057, 0.0 0.0 0.0 0.00015899972533640406 0.0035826007080610235 0.07809785284683433 0.9181605467197683, 
18, 0011111100, 0111111100, 0.5936658625268699, 0.9856134402318343, 0.0 0.0 0.0 0.0002440985349289576 0.005593361306752264 0.0744003403907039 0.9197621997676149, 
19, 0011111100, 0011111100, 0.5943366807694878, 0.9867179420804094, 0.0 0.0 0.0 0.0 0.0023242182376648733 0.07504391104221374 0.9226318707201214, 
20, 0011111100, 0011111100, 0.5923920397321033, 0.983456421786367, 0.0 0.0 0.0 0.0006848260458700003 0.006418021903747112 0.08437094733669258 0.9085262047136904, 
21, 0011111100, 0011111100, 0.5939413451418472, 0.9859792358592199, 0.0 0.0 0.0 0.0 0.0039049579750990156 0.07631466889448323 0.9197803731304178, 
22, 0011111100, 0011111110, 0.5935282615694406, 0.9852309368386661, 0.0 0.0 0.0 0.0004370824391993738 0.005489846961322011 0.07632343772776069 0.917749632871718, 
23, 0011111100, 0011111100, 0.5930330806614661, 0.9845524545308312, 0.0 0.0 0.0005037182718357586 0.0008415838087604159 0.004864092241814138 0.07841746381775952 0.9153731418598302, 
24, 0011111100, 0011111100, 0.5941716650735437, 0.9863214723197641, 0.0 0.0 0.0 0.0 0.003926970732150175 0.07421722461711548 0.9218558046507342, 
25, 0011111100, 0011111100, 0.592792640495512, 0.9841038975462856, 0.0 0.0 0.0 0.0005200667842733291 0.006942254955224284 0.07993190445901886 0.9126057738014836, 
26, 0011111100, 0011111100, 0.5936094660099287, 0.9854684956949256, 0.0 0.0 0.0 0.00011068562750944068 0.0040718371908876295 0.07871329456614315 0.9171041826154598, 
27, 0011111100, 0011111110, 0.5947372637050086, 0.9872445379615631, 0.0 0.0 0.0 0.0 0.0027690288340860105 0.07099471456244973 0.9262362566034643, 
28, 0011111100, 0011111100, 0.5936416541239165, 0.9854697372945691, 0.0 0.0 0.0 2.1636583893072035e-06 0.005557395086186471 0.07606029508504458 0.9183801461703797, 
29, 0011111100, 0011111100, 0.5941737795902177, 0.9864132029724336, 0.0 0.0 0.0 0.0002775026013477643 0.0032671527625837173 0.07415396883618783 0.9223013757998807, 
30, 0011111100, 0011111100, 0.5952446224660517, 0.9881441094851517, 0.0 0.0 0.0 0.00014526779497033072 0.003059106375843431 0.06458132695249214 0.9322142988766942, 
31, 0011111100, 0011111100, 0.5949070206556869, 0.9876968086396902, 0.0 0.0 0.0 0.0 0.0041308893964496236 0.06555736936895995 0.9303117412345904, 
32, 0011111100, 0011111100, 0.5950111072345018, 0.9877230081600739, 0.0 0.0 0.0 8.909773585336636e-05 0.003170909135910178 0.06705283956017655 0.92968715356806, 
33, 0011111100, 0011111100, 0.5938353778187402, 0.9858630341393637, 0.0 0.0 0.0 4.984392211482638e-05 0.003555991671003362 0.07756028005546627 0.9188338843514156, 
34, 0011111100, 0011111100, 0.5953227382554899, 0.9883196366264417, 0.0 0.0 0.0 4.659679518517993e-05 0.0019606059976257735 0.0660211778605427 0.9319716193466464, 
35, 0011111100, 0011111100, 0.5949199334152879, 0.9876352973015503, 0.0 0.0 0.0 0.00011389106989349637 0.0020931061475053074 0.06966033068600704 0.9281326720965942, 
36, 0011111100, 0011111100, 0.5936634933292573, 0.9854172517071379, 0.0 0.0 0.0 1.7065797547385803e-05 0.005194012988734639 0.07705726638706085 0.9177316548266572, 
37, 0011111100, 0011111100, 0.5943961233328148, 0.9867835051948944, 0.0 0.0 0.00013774189317828132 0.0008971389338715871 0.006246209035428868 0.0635641663854475 0.9291547437520737, 
38, 0011111100, 0011111100, 0.5947486041728391, 0.9874188424660884, 0.0 0.0 0.0 0.00011406647783245358 0.0034694209157578784 0.0682059039384563 0.9282106086679534, 
39, 0011111100, 0011111100, 0.5938202217254687, 0.985826126962058, 0.0 0.0 0.0 0.0012777675636238427 0.003399130258322443 0.0744116750201351 0.9209114271579186, 
40, 0011111100, 0011111100, 0.5938961874464302, 0.9860155595356984, 0.0 0.0 0.0 9.280570104576292e-06 0.005263643646735506 0.0733515137820248 0.9213755620011351, 
41, 0011111100, 0011111100, 0.593768848816348, 0.9856663493079221, 0.0 0.0 0.0 0.0 0.004088502662310529 0.07782489882784578 0.9180865985098438, 
42, 0011111100, 0011111100, 0.5947704356016064, 0.9872800773989217, 0.0 0.0 0.0 0.000327583559995322 0.0035206123804216297 0.06829556016564081 0.9278562438939422, 
43, 0011111100, 0011111100, 0.5942886169743544, 0.986652037473507, 0.0 0.0 0.0 3.94094686777251e-05 0.0038388487674076797 0.07229184921811006 0.9238298925458045, 
44, 0011111100, 0011111100, 0.5944871639897198, 0.9869388997971456, 0.0 0.0 0.0 0.00022354829505965822 0.0036027357765862343 0.07049048477877518 0.9256832311495788, 
45, 0011111100, 0011111100, 0.5946457131554881, 0.987209678369649, 0.0 0.0 0.0 3.1860605569467655e-05 0.002314197821402124 0.07201795232259321 0.9256359892504352, 
46, 0011111100, 0011111100, 0.5939450486450542, 0.9861044489436306, 0.0 0.0 0.0 0.0005024003033808299 0.005820020756426119 0.07022606391522195 0.923451515024971, 
47, 0011111100, 0011111100, 0.5950997217144945, 0.9879685439471132, 0.0 0.0 0.0 0.00021612752665247232 0.002453043189399125 0.06663426735856495 0.9306965619253834, 
48, 0011111100, 0011111100, 0.5941512750729706, 0.986405930596917, 0.0 0.0 0.0 0.0 0.0038917037702669126 0.07378100887796488 0.9223272873517683, 
49, 0011111100, 0011111100, 0.5935127261642368, 0.9853457836773903, 0.0 0.0 0.0 0.0 0.006088146887484944 0.07574900416068811 0.9181628489518269, 
50, 0011111100, 0011111100, 0.5941032898465104, 0.9863073404234874, 0.0 0.0 0.0 0.00032212587220438883 0.006711041182995473 0.06776749747647115 0.9251993354683289, 
51, 0011111100, 0011111100, 0.5935964000908001, 0.985499712656128, 0.0 0.0 0.00023833266015347977 0.0018126844914847326 0.0028610816428662335 0.07488817666243114 0.9201997245430644, 
52, 0011111100, 0011111100, 0.5946138483063882, 0.9871280735132327, 0.0 0.0 0.0 0.0 0.0035874867930005593 0.07005658533460252 0.9263559278723968, 
53, 0011111100, 0011111000, 0.5941705439518951, 0.9864414933653873, 0.0 0.0 0.0 0.0 0.003579324980008176 0.07419238984765933 0.9222282851723325, 
54, 0011111100, 0011111100, 0.5934737131979814, 0.985318576273818, 0.0 0.0 0.0 0.0002862065791594556 0.005795543655014655 0.07563883530958426 0.9182794144562416, 
55, 0111111000, 0011111100, 0.5937806983497143, 0.9857448454807308, 0.0 0.0 0.0 0.0 0.004145225709711238 0.077240475696192 0.9186142985940968, 
56, 0011111100, 0011111100, 0.5937050370855509, 0.9856750393643038, 0.0 0.0 0.0 0.0002868814178148054 0.00373348399475749 0.07762215157121839 0.9183574830162092, 
57, 0011111100, 0011111100, 0.5945745273425823, 0.9871551047784474, 0.0 0.0 0.0 0.0006323860140453066 0.002923055319669023 0.06932610264784175 0.9271184560184439, 
58, 0011111100, 0011111100, 0.5947467812435491, 0.9874214715768151, 0.0 0.0 0.0 0.0 0.0031557727672102496 0.06915962500468908 0.9276846022281007, 
59, 0011111100, 0011111100, 0.5932982571322154, 0.985037678081359, 0.0 0.0 0.0 0.0 0.004582885913460474 0.08060815968492482 0.9148089544016148, 
60, 0011111100, 0011111100, 0.5939677103894888, 0.9860638426529544, 0.0 0.0 0.0 0.0002117647340268464 0.00406374093806144 0.07485416800406944 0.9208703263238424, 
61, 0011111100, 0011111100, 0.5951046549839348, 0.9879902044163823, 0.0 0.0 0.0 0.0 0.002396705805087742 0.06726536189153068 0.9303379323033817, 
62, 0011111100, 0011111100, 0.5942260128913252, 0.9865259513084164, 0.0 0.0 0.0 1.4777882227784109e-05 0.006009754653671326 0.06878044919547552 0.9251950182686254, 
63, 0011111100, 0011111100, 0.594774034557006, 0.987381370691286, 0.0 0.0 0.0 0.0003303713904737291 0.0030579948683232493 0.06860467194421707 0.9280069617969859, 
64, 0011111100, 0011111100, 0.5933551792956057, 0.9851228594716824, 0.0 0.0 0.0 8.695197935615266e-07 0.004917681596588662 0.0794248714173465 0.9156565774662713, 
65, 0011111100, 0011111100, 0.5931058399192422, 0.9845910671755757, 0.0 0.0 0.0 4.366074962757882e-05 0.004882696564793672 0.0825572215680762 0.9125164211175025, 
66, 0011111000, 0011111100, 0.5937895937282665, 0.9858778472123354, 0.0 0.0 0.0 0.0 0.006179738970586552 0.07237343878481421 0.9214468222445992, 
67, 0011111100, 0011111100, 0.5944048520175967, 0.9868588683835968, 0.0 0.0 0.0 0.0 0.0020922198840447833 0.0746623499303294 0.9232454301856258, 
68, 0011111100, 0011111100, 0.5941086040299238, 0.9863935964911201, 0.0 0.0 0.0 4.9634404087974907e-05 0.002617086657495393 0.07625534452602473 0.9210779344123918, 
69, 0011111100, 0011111100, 0.5952089917357969, 0.9881214117552777, 0.0 0.0 0.0 5.313667427903129e-05 0.00306578469326314 0.06498055005897056 0.9319005285734873, 
70, 0011111100, 0011111100, 0.5938709966550608, 0.9858828722725644, 0.0 0.0 0.0 1.0889231852378163e-05 0.0022324767897448014 0.08020514508956718 0.9175514888888355, 
71, 0011111100, 0011111100, 0.5950854337724513, 0.9878701444410342, 0.0 0.0 0.0 5.945653578905832e-05 0.0021717124745286075 0.06825733879737189 0.9295114921923104, 
72, 0011111100, 0011111100, 0.5940069864046987, 0.9861853387573398, 0.0 0.0 0.0 9.655485950210264e-05 0.0060938594137657925 0.0704105840499234 0.9233990016768087, 
73, 0011111100, 0011111100, 0.5942522591948761, 0.9865099492434563, 0.0 0.0 0.0 0.00041814232284409654 0.006208573734513194 0.06726873010170323 0.9261045538409396, 
74, 0011111100, 0011111100, 0.5943654071918678, 0.9866577358135741, 0.0 0.0 0.0 0.0 0.0028785729819290054 0.07429643915469707 0.9228249878633739, 
75, 0011111100, 0011111100, 0.5945398454700653, 0.9870597737109462, 0.0 0.0 0.0 4.310732424911998e-05 0.004371405470503463 0.06876922482056753 0.9268162623846798, 
76, 0011111100, 0011111100, 0.5950731543412489, 0.9878920762831276, 0.0 0.0 0.0 0.0 0.0042732968048280525 0.06410094869157842 0.9316257545035934, 
77, 0011111100, 0011111100, 0.5935553663751895, 0.985402709960501, 0.0 0.0 0.0 7.738967668209756e-05 0.0031510465419861172 0.08104947812297526 0.9157220856583566, 
78, 0011111100, 0011111100, 0.5940194651456945, 0.9861584412899966, 0.0 0.0 0.0 0.0003648360823137987 0.00352907670410213 0.07489669060487393 0.9212093966087102, 
79, 0011111100, 0011111100, 0.5949032725854303, 0.9876728171513935, 0.0 0.0 0.0 0.0 0.002674893719018706 0.06861330965360112 0.9287117966273802, 
80, 0011111100, 0011111100, 0.5942289978792655, 0.9865249357984577, 0.0 0.0 0.0 9.885817470607302e-05 0.0028567545007384884 0.07484030168365842 0.922204085640897, 
81, 0011111100, 0011111100, 0.5942273428999686, 0.9864490320677034, 0.0 0.0 0.0 0.0 0.003752906966773828 0.07379999366023172 0.9224470993729944, 
82, 0011111110, 0011111100, 0.5935468657532796, 0.9852993288443024, 0.0 0.0 0.0 0.00012268258541802565 0.006716168227432738 0.07440364272306677 0.9187575064640824, 
83, 0011111100, 0011111100, 0.5931030879557523, 0.9845520097805711, 0.0 0.0 0.0 0.0006659467848785718 0.006218211377613813 0.07825367820670981 0.9148621636307978, 
84, 0011111100, 0011111100, 0.5947659998636128, 0.9872886022593835, 0.0 0.0 0.0 0.0 0.003560092779486342 0.06914820088472515 0.9272917063357885, 
85, 0011111100, 0011111100, 0.5937459153293435, 0.9857600759090887, 0.0 0.0 0.0 0.00012717735585099973 0.004643713425141955 0.07577058562763038 0.9194585235913766, 
86, 0011111100, 0011111100, 0.5948632874276724, 0.9875855665064017, 0.0 0.0 0.0 1.869301900198062e-05 0.002659989811009218 0.06911054228256569 0.9282107748874231, 
87, 0011111100, 0011111100, 0.5944942318325921, 0.9869462240719742, 0.0 0.0 0.0 0.00020861786394414444 0.0044693014495629495 0.06875819907719669 0.9265638816092963, 
88, 0011111100, 0011111100, 0.5945132808821677, 0.9868128476988592, 0.0 0.0 0.0 0.0004882037448864323 0.0051496668028830055 0.0673589689664188 0.9270031604858118, 
89, 0011111100, 0001111100, 0.594749283808059, 0.9873716705226582, 0.0 0.0 3.679900996477831e-05 0.001274091079806586 0.0029653205572072847 0.06586986647035806 0.9298539228826633, 
90, 0011111100, 0001111100, 0.593034233018834, 0.9845836575203545, 0.0 0.0 0.0 5.8522805746964036e-05 0.006772355478944707 0.07877777550274238 0.9143913462125659, 
91, 0011111100, 0011111100, 0.5937648389815363, 0.9856940612904532, 0.0 0.0 0.0 0.0001681963091792379 0.004409433243725224 0.07651217684229195 0.9189101936048036, 
92, 0011111100, 0011111100, 0.5946238170383296, 0.9871150869080585, 0.0 0.0 0.0 0.0 0.0055833784962636655 0.06614272155912206 0.9282738999446144, 
93, 0011111100, 0011111100, 0.5939265880862132, 0.9860785028785299, 0.0 0.0 0.0 0.0002953260148858456 0.002656273839605298 0.07733045700495213 0.9197179431405567, 
94, 0011111110, 0011111100, 0.5944264487965061, 0.9867876713143048, 0.0 0.0 0.0 5.4508893196355725e-05 0.002824498159195023 0.07346144911619205 0.9236595438314166, 
95, 0011111100, 0011111100, 0.5930021886099767, 0.9845035922427531, 0.0 0.0 0.0 7.030989313812483e-05 0.005308144693998836 0.08215122747606973 0.9124703179367933, 
96, 0011111100, 0011111100, 0.5940449850506324, 0.986138610513399, 0.0 0.0 1.1841775324656848e-05 0.000266506280598612 0.005898155361015044 0.07052514025448169 0.92329835632858, 
97, 0011111100, 0011111100, 0.5933501842761486, 0.9850046523830507, 0.0 0.0 0.0 0.00040710960711377 0.005529518011787384 0.07769172085677904 0.9163716515243198, 
98, 0011111100, 0011111100, 0.5944238661143733, 0.986877614024981, 0.0 0.0 0.0 0.0005264242314303488 0.0034150731596094296 0.0703248968366045 0.9257336057723557, 
99, 0011111100, 0011111100, 0.5941388353917831, 0.986460281595512, 0.0 0.0 0.0 0.00019286745905285787 0.0029468774675938517 0.07476595311458142 0.9220943019587718, 
100, 0011111100, 0011111100, 0.5939954068211111, 0.9859821066208767, 0.0 0.0 0.0 0.0002698614103345076 0.004136526159002916 0.07502472372573062 0.9205688887049319, 
run, initial grid state, final grid state, mean grid cell occupancy, mean binding site occupancy, fraction of time with N TFs bound, warning
1, 0001111100, 0011111100, 0.5945911745241134, 0.9871179998359068, 0.0 0.0 0.0 6.542822814793813e-05 0.003516124405008186 0.07006346749009937 0.9263549798767445, 
2, 0011111100, 0011111100, 0.5947760551099834, 0.9873761475259895, 0.0 0.0 0.0 0.0 0.002850738342635227 0.0700416381587931 0.9271076234985717, 
3, 0011111100, 0011111100, 0.5929126522685964, 0.984416156447682, 0.0 0.0 0.0 0.0004321875160366438 0.006613543900877741 0.07897941096404228 0.9139748576190434, 
4, 0011111000, 0011111100, 0.5950327964310437, 0.9879010949406208, 0.0 0.0 0.0 3.82954378537337e-05 0.0026328600993112544 0.0672128238440912 0.9301160206187438, 
5, 0011111100, 0011111100, 0.5942948149739667, 0.9866599345951653, 0.0 0.0 0.0 0.00023264683414459225 0.002930200045008808 0.0734820518365562 0.9233551012842904, 
6, 0011111100, 0011111100, 0.5950667692534399, 0.9880133380586708, 0.0 0.0 0.0 0.0 0.0025684098149718554 0.06678315201803219 0.9306484381669959, 
7, 0011111100, 0011111100, 0.5936215047423578, 0.9855730737065742, 0.0 0.0 0.0 0.00017554894160809969 0.005264510756775179 0.07550588942217994 0.9190540508794368, 
8, 0011111100, 0011111100, 0.5941473842012157, 0.9863676439304305, 0.0 0.0 0.0 3.3614699489162075e-05 0.003503218467625088 0.07468685538369907 0.9217763114491867, 
9, 0011111000, 0011111100, 0.5941608505472824, 0.9863264687946856, 0.0 0.0 0.0 0.00020367964867126372 0.004522776044710232 0.07238459619645159 0.922888948110167, 
10, 0011111100, 0011111100, 0.5952584393088087, 0.9881568887502141, 0.0 0.0 0.0 0.0004406861163077751 0.002824784441372681 0.06408704026704634 0.9326474891752733, 
11, 0011111100, 0011111100, 0.5943771182592951, 0.9866146257062477, 0.0 0.0 0.0 7.585511243627184e-05 0.006502573882914437 0.0670795326593764 0.9263420383452728, 
12, 0011111100, 0011111100, 0.5950078405414169, 0.987807223322366, 0.0 0.0 0.0 0.0 0.0030009566896716466 0.06715474668646021 0.9298442966238681, 
13, 0011111100, 0011111100, 0.5942794269347962, 0.9865478599717424, 0.0 0.0 0.0 0.00027597613405046007 0.003270870047592627 0.07334317167220941 0.9231099821461475, 
14, 0111111100, 0011111100, 0.5941077412259954, 0.9862352413355774, 0.0 0.0 0.0 3.27092970164333e-05 0.00494640404929861 0.07259761599688838 0.9224232706567965, 
15, 0011111100, 0011111100, 0.5941452462408989, 0.9863536221511147, 0.0 0.0 0.0 0.0 0.0017932120314610427 0.07829184303038954 0.9199149449381495, 
16, 0011111100, 0011111100, 0.5937291227691713, 0.9856130251934904, 0.0 0.0 0.0 0.0 0.00480630240018003 0.07670924403869815 0.9184844535611217, 
17, 0011111100, 0011111100, 0.5942566835468418, 0.9865250922979021, 0.0 0.0 0.0 3.1659973877611614e-05 0.005717835927855648 0.06931879443524251 0.9249317096630242, 
18, 0011111100, 0011111100, 0.5937472098523096, 0.9857230873560163, 0.0 0.0 0.0 0.00018278585783839223 0.004379420998849187 0.07635427629268803 0.9190835168506243, 
19, 0011111100, 0011111100, 0.5936686012036091, 0.9855522279280144, 0.0 0.0 0.0 4.033906839211782e-05 0.004647243626049491 0.07727112797463812 0.9180412893309203, 
20, 0011111100, 0011111100, 0.593960958028502, 0.9861448514762418, 0.0 0.0 0.0 9.159831434590475e-05 0.006610432259952013 0.06963523167960785 0.9236627377460942, 
21, 0011111100, 0011111100, 0.5931057356034115, 0.9846578359414712, 0.0 0.0 0.0 0.00016338596046510195 0.006986494089245341 0.07758983829128789 0.9152602816590016, 
22, 0011111100, 0011111100, 0.5938101294396472, 0.9858384543935604, 0.0 0.0 0.0 0.0 0.005235487360162663 0.07449829891831256 0.9202662137215247, 
23, 0011111000, 0011111100, 0.5947674261393231, 0.9873608063775942, 0.0 0.0 0.0 9.401756984631219e-05 0.00244132744401672 0.07067045413686295 0.926794200849274, 
24, 0011111000, 0011111100, 0.5940243797359916, 0.9861193656456835, 0.0 0.0 0.0 0.0005974084931269145 0.002939153584959521 0.07561327347660007 0.9208501644453135, 
25, 0011111100, 0011111100, 0.5933708398790116, 0.9851534096738443, 0.0 0.0 0.00028270639577241167 0.00039595243498234515 0.006528718867917609 0.07370342133306244 0.9190892009682652, 
26, 0011111100, 0011111100, 0.5936627354833699, 0.985546399202414, 0.0 0.0 0.0 0.00031662696327689854 0.004554621403002928 0.07666248108967928 0.9184662705440408, 
27, 0011111100, 0011111100, 0.5946676594596229, 0.9871897277078866, 0.0 0.0 0.0 2.0507045068740842e-05 0.0027722057163963 0.07125570118468186 0.9259515860538531, 
28, 0011111100, 0011111100, 0.5936325804553437, 0.9855832881158287, 0.0 0.0 0.0 0.0009520308614549181 0.004552947110393543 0.07453828449987623 0.9199567375282753, 
29, 0011111100, 0011111100, 0.5941978249771673, 0.9864452101267567, 0.0 0.0 0.0007563893707654731 0.0006163118574121807 0.0027853512692368096 0.07088354364568791 0.9249584038568975, 
30, 0011111100, 0011111100, 0.5937038682573436, 0.9857040161735352, 0.0 0.0 0.0 0.0 0.004605016275969257 0.0765658704068505 0.9188291133171801, 
31, 0011111100, 0011111100, 0.5949272894335754, 0.9876306017808928, 0.0 0.0 0.0 0.0 0.0021359730708515605 0.06994444317294018 0.9279195837562083, 
32, 0001111100, 0011111100, 0.5947882332360764, 0.9874210961601465, 0.0 0.0 0.0 0.0 0.0033049331695689755 0.06886355669998323 0.9278315101304477, 
33, 0011111100, 0011111100, 0.5939665796424338, 0.9860534590225541, 0.0 0.0 0.0 0.0002811259458135423 0.0031754856742553764 0.0764848966787235 0.9200584917012076, 
34, 0011111100, 0011111100, 0.593195304504188, 0.9848632002637883, 0.0 0.0 0.0 0.0 0.0047071903538993135 0.08140641770947235 0.9138863919366284, 
35, 0011111100, 0011111100, 0.594312427410236, 0.9866704321830202, 0.0 0.0 0.0 0.00021299878519149052 0.005342053573416045 0.06865430339947177 0.9257906442419208, 
36, 0011111100, 0011111100, 0.5946990873203523, 0.9873313522056617, 0.0 0.0 0.0 0.0 0.0035450530838961603 0.06892178059823739 0.9275331663178664, 
37, 0011111100, 0011111100, 0.5942734498606812, 0.986619461911683, 0.0 0.0 0.0 0.0 0.004363971325152267 0.07155528587959728 0.9240807427952504, 
38, 0011111100, 0011111000, 0.5944702042492985, 0.9868968251883706, 0.0 0.0 0.0 0.00010922569926750092 0.002206848561478484 0.07387767464901643 0.9238062510902376, 
39, 0011111100, 0011111100, 0.5932628457984311, 0.9848487470181705, 0.0 0.0 0.0 0.00034671891089325854 0.006561647437080903 0.07674406628413513 0.9163475673678907, 
40, 0011111110, 0011111100, 0.5939162269123214, 0.9859992987516815, 0.0 0.0 0.0 0.00016909865689047744 0.006497400739587736 0.07050211004006496 0.9228313905634568, 
41, 0011111100, 0011111100, 0.5937336266819743, 0.9856857478026596, 0.0 0.0 0.0 9.156713002216247e-05 0.004252721325952077 0.07710536914207226 0.9185503424019535, 
42, 0011111100, 0011111100, 0.5944851555063926, 0.9869022101073636, 0.0 0.0 0.0 0.0 0.004417356061725772 0.06975202723236733 0.9258306167059069, 
43, 0011111100, 0011111100, 0.5939620165422634, 0.9860125585368935, 0.0 0.0 0.0 0.0 0.0042013399203978735 0.07552196893784346 0.9202766911417587, 
44, 0011111100, 0011111100, 0.5951491991737218, 0.9880543128365313, 0.0 0.0 0.0 0.0 0.003587757711643576 0.0644986075575252 0.9319136347308312, 
45, 0011111100, 0001111100, 0.5946488411355461, 0.9871971300688586, 0.0 0.0 0.0 6.032760118552616e-05 0.003639030202267283 0.06935817637875735 0.9269424658177898, 
46, 0011111100, 0011111100, 0.5947104264029405, 0.9872774057769419, 0.0 0.0 0.0 0.0 0.004354331667759996 0.06762690200282835 0.9280187663294117, 
47, 0011111100, 0011111100, 0.5966380707242449, 0.9904371241599208, 0.0 0.0 0.0 0.0 0.002483299213344121 0.05241065661378701 0.9451060441728688, 
48, 0011111100, 0011111100, 0.5937334018079359, 0.9857530991592304, 0.0 0.0 0.0 0.0004447918237126015 0.004200603375675926 0.07574582282212813 0.9196087819784834, 
49, 0011111100, 0011111100, 0.5939630909549466, 0.9860457826070008, 0.0 0.0 0.0 0.0007105288259223528 0.0058503071557693955 0.06989310356868945 0.9235460604496188, 
50, 0001111100, 0011111100, 0.5936324874036358, 0.9855668664524705, 0.0 0.0 0.0 0.0006793400254548731 0.004734267605567339 0.07509224599767815 0.9194941463712997, 
51, 0011111100, 0011111100, 0.5948850361029162, 0.9876206413433091, 0.0 0.0 0.0 3.9532168725913477e-05 0.003471286396054675 0.06721498264185885 0.9292741987933606, 
52, 0011111100, 0011111100, 0.5941382291577195, 0.986350746109038, 0.0 0.0 0.00010757403555875731 7.594420448848179e-05 0.004017242480130539 0.0732029096298109 0.9225963296500113, 
53, 0011111100, 0011111100, 0.5938911095914922, 0.985928289237559, 0.0 0.0 0.0 3.485394653206779e-05 0.004883607435927261 0.07455848786319494 0.9205230507543457, 
54, 0011111100, 0000111100, 0.5928170087239959, 0.984113369202775, 0.0 0.0 0.0 0.0005148486789615097 0.0061968256953981934 0.0813815873556689 0.9119067382699715, 
55, 0011111100, 0011111100, 0.5937062028666362, 0.9856931397850947, 0.0 0.0 0.0 0.0004030193981627055 0.004711794596093907 0.07520851390275589 0.9196766721029874, 
56, 0011111000, 0011111100, 0.595142281890084, 0.9880005645596226, 0.0 0.0 0.0 0.00013552899550812582 0.0028343805539597713 0.06592126454781994 0.9311088259027122, 
57, 0011111100, 0011111100, 0.5934576683395826, 0.9854641565816686, 0.0 0.0 0.0001493703374744597 0.0008049505777689388 0.00397845530656034 0.07624581681366306 0.9188214069645331, 
58, 0011111100, 0011111100, 0.5938174509223566, 0.9858153060597652, 0.0 0.0 0.00014700838096306436 0.00020664165053009984 0.006509734497692925 0.07088073617057958 0.9222558793002343, 
59, 0011111100, 0011111100, 0.5929942357780684, 0.9845271818834084, 0.0 0.0 0.0 0.0005734094892206734 0.006534654455670875 0.07804737132054662 0.9148445647345618, 
60, 0011111100, 0011111100, 0.593143049800913, 0.9848138474600203, 0.0 0.0 0.0004352964382403237 0.00022580156659367535 0.0060136849214971946 0.07667095494414213 0.9166542621295267, 
61, 0011111100, 0011111100, 0.5948917703478943, 0.9876229516973238, 0.0 0.0 0.0 6.596865254947117e-05 0.005245515373491367 0.06357335311142571 0.9311151628625335, 
62, 0011111100, 0011111100, 0.5941231746771258, 0.9863447258862234, 0.0 0.0 0.0 0.00048650849268805406 0.0034746197363473117 0.07352287973190086 0.9225159920390638, 
63, 0011111000, 0011111100, 0.5945951818583335, 0.9871444491315413, 0.0 0.0 0.0 0.0002010808757204101 0.003747417581084299 0.06903522742142171 0.9270162741217736, 
64, 0011111100, 0011111100, 0.5943354649438184, 0.986603581354845, 0.0 0.0 0.0 5.072450001353309e-06 0.0032641326918027157 0.07383502913732108 0.9228957657208748, 
65, 0011111100, 0011111100, 0.594560079478768, 0.9870255896472687, 0.0 0.0 0.0 0.0004574768407829602 0.004048202262735672 0.06837762706856794 0.9271166938279135, 
66, 0011111100, 0011111100, 0.5937536682177829, 0.9857597531801541, 0.0 0.0 6.85120863837181e-05 0.0002033267797382779 0.005645175007311197 0.07326710221970398 0.9208158839068629, 
67, 0011111100, 0011111100, 0.5933545102635458, 0.9850287909236072, 0.0 0.0 0.0 0.0 0.0041664567049553595 0.08149434104844665 0.9143392022465979, 
68, 0011111100, 0011111100, 0.5934124151932357, 0.9851451785919481, 0.0 0.0 0.0 0.0007688428272195656 0.004603916754890037 0.07761456645687292 0.9170126739610175, 
69, 0011111100, 0011111100, 0.5944128227483119, 0.9868234680994268, 0.0 0.0 0.0 0.0003142375524469784 0.005512774512771062 0.06709092972055551 0.9270820582142265, 
70, 0011111100, 0011111100, 0.5940904466239805, 0.9863710873330035, 0.0 0.0 0.0 0.0 0.004198025812991559 0.07337742437599558 0.9224245498110129, 
71, 0011111100, 0011111100, 0.5950868483075453, 0.9879052082740956, 0.0 0.0 0.0 1.6534248445488156e-05 0.003484780823273316 0.06554958596354371 0.9309490989647375, 
72, 0011111100, 0011111100, 0.5950123399567198, 0.987740373154649, 0.0 0.0 0.0 3.2393369818642025e-05 0.002479325006916658 0.06850193094881661 0.928986350674448, 
73, 0011111100, 0011111100, 0.595120647993104, 0.9880231269527893, 0.0 0.0 0.0 0.0 0.002831680502739965 0.06619787727778345 0.9309704422194766, 
74, 0011111100, 0011111100, 0.593352579805071, 0.9850283351078694, 0.0 0.0 0.0 0.0006042051590605648 0.005619629242478417 0.07677811539064537 0.9169980502078158, 
75, 0011111100, 0011111100, 0.593731624693469, 0.9855843432202808, 0.0 0.0 0.0 0.0003080965049168183 0.0038156404547575805 0.0779383702540495 0.9179378927862761, 
76, 0011111100, 0011111100, 0.5930939865803828, 0.9846149249950916, 0.0 0.0 0.0 6.541356904745101e-05 0.006594542876892714 0.0789251235685225 0.9144149199855374, 
77, 0011111100, 0011111100, 0.5937814215746782, 0.9857229199368136, 0.0 0.0 0.0 6.48351173137483e-05 0.0057943262388499926 0.07387932254947673 0.9202615160943596, 
78, 0011111100, 0011111100, 0.5925756273777352, 0.9837272435062544, 0.0 0.0 0.0 0.0007272443327674978 0.008377078457753494 0.07870064904866472 0.9121950281608143, 
79, 0011111100, 0011111100, 0.5938340879655731, 0.9859235865354823, 0.0 0.0 0.0 1.6514909760696544e-05 0.005206344215741644 0.07399624762634177 0.9207808932481559, 
80, 0011111100, 0011111100, 0.5929765697029606, 0.9844208765442362, 0.0 0.0 8.267519002052998e-05 0.0017201305727314097 0.007494817890063573 0.07299401247617973 0.9177083638710049, 
81, 0011111100, 0011111100, 0.5949621806479909, 0.9877207197522122, 0.0 0.0 0.0 0.0 0.0020453176487387928 0.06958504618924864 0.9283696361620126, 
82, 0011111100, 0011111100, 0.5932819218164933, 0.9850457224053254, 0.0 0.0 0.0 0.0007628148985376385 0.007002636826582891 0.07343194721926957 0.91880260105561, 
83, 0011111100, 0011111100, 0.5944881586832512, 0.9868563187303436, 0.0 0.0 0.0 5.241564722969418e-05 0.004147960777440867 0.07040891912136774 0.9253907044539618, 
84, 0011111100, 0011111100, 0.594281930336324, 0.9867043503687254, 0.0 0.0 0.0 0.00015621088833070934 0.004615129322279067 0.070075006478098 0.9251536533112922, 
85, 0011111100, 0011111100, 0.5928101610356109, 0.9841738880611266, 0.0 0.0 0.00035534884373539965 0.001055825458027692 0.00821653342931966 0.0739347330255763 0.9164375592433409, 
86, 0011111100, 0011111100, 0.591801367900418, 0.9825608134360534, 0.0 0.0 0.0 0.00015571301012648 0.00795570330054715 0.08825657375220616 0.9036320099371202, 
87, 0011111100, 0011111100, 0.5926536774111798, 0.9838626681290167, 0.0 0.0 0.0 0.0004395564916474478 0.008816745473592291 0.07787183080377301 0.9128718672309872, 
88, 0011111100, 0011111100, 0.595384141570532, 0.9883697839437319, 0.0 0.0 0.0 0.0007156260213246231 0.003566228211332428 0.060501961850969115 0.9352161839163738, 
89, 0011111100, 0011111100, 0.5936375470962129, 0.9856103337930666, 0.0 0.0 0.0 0.00011735501395952133 0.003678853370227849 0.07862822545926598 0.9175755661565467, 
90, 0011111100, 0011111000, 0.5935594882507443, 0.9853529140714435, 0.0 0.0 0.0 0.0 0.0045133228248749775 0.07885586992158872 0.9166308072535363, 
91, 0011111100, 0011111100, 0.5944608446891012, 0.9869781747872663, 0.0 0.0 0.0 0.00019330686667257474 0.003183410191815357 0.07118421029275328 0.9254390726487588, 
92, 0011111100, 0011111100, 0.5939986107788322, 0.98607964298269, 0.0 0.0 7.767239933922176e-05 0.0010890996562880845 0.003198707476445372 0.07354673858474821 0.9220877818831791, 
93, 0011111100, 0011111100, 0.5948291031545663, 0.987580595945741, 0.0 0.0 0.0 0.00013710439158042272 0.0034666770872750024 0.06717175697626239 0.9292244615448821, 
94, 0011111100, 0001111100, 0.5947490335143797, 0.987343464415362, 0.0 0.0 0.0 4.881899959166844e-05 0.002662929649668463 0.07046689720971568 0.9268213541410242, 
95, 0011111100, 0011111100, 0.5930398014115772, 0.984553279636575, 0.0 0.0 0.0 0.00014783929013172784 0.0028570437463925715 0.08652271681736926 0.9104724001461064, 
96, 0011111100, 0011111100, 0.5940120390374304, 0.9862210343112531, 0.0 0.0 0.0 0.0001337304646887098 0.007256542610425707 0.06775951751756377 0.9248502094073219, 
97, 0011111110, 0011111100, 0.5935607099602487, 0.9855053469561978, 0.0 0.0 0.0 7.475410678227742e-05 0.0037498614991594245 0.07924393294414613 0.9169314514499122, 
98, 0011111100, 0011111100, 0.5945607023853271, 0.9871195767916675, 0.0 0.0 0.0 0.00024928042939589135 0.0032651691799859203 0.07000435960183571 0.9264811907887824, 
99, 0011111100, 0011111100, 0.5951093287743195, 0.9879865326355622, 0.0 0.0 0.0 0.0 0.001691690200368861 0.06869742378588994 0.9296108860137412, 
100, 0011111100, 0111111100, 0.5935207177020168, 0.9854384557386849, 0.0 0.0 0.0001684630044446105 0.0005537593527385166 0.0037108948044974493 0.07761234588290163 0.9179545369554178, 
run, initial grid state, final grid state, mean grid cell occupancy, mean binding site occupancy, fraction of time with N TFs bound, warning
1, 0011111100, 0011111100, 0.5941956601364653, 0.9865133029399225, 0.0 0.0 0.0 0.00018546087790814538 0.003404389497018094 0.07355502073270467 0.9228551288923692, 
2, 0011111100, 0011111100, 0.5946964823624268, 0.9872188391227054, 0.0 0.0 0.0 1.3171224910191126e-05 0.0034330074408793288 0.0697814367072785 0.926772384626932, 
3, 0011111100, 0011111100, 0.5935453900802407, 0.9853649725064638, 0.0 0.0 0.0 0.0 0.00370925556219535 0.08039165383682603 0.9158990906009785, 
4, 0011111000, 0011111100, 0.5942291980966776, 0.986478654031698, 0.0 0.0 0.0 0.0004249066367784 0.003964034432452491 0.07192528703457174 0.9236857718961974, 
5, 0011111100, 0011111100, 0.5941309729369897, 0.9863141574012821, 0.0 0.0 3.158704787424632e-05 0.0013158583303267614 0.004846284686632142 0.06834856303656586 0.925457706898601, 
6, 0011111000, 0011111100, 0.5947748631053212, 0.9873356718612949, 0.0 0.0 0.0 0.0 0.004751398577810539 0.06648317167660957 0.92876542974558, 
7, 0011111100, 0011111100, 0.5946194512967247, 0.9870590182926902, 0.0 0.0 0.0 0.0 0.0036044854485351315 0.07043691934678858 0.9259585952046764, 
8, 0011111000, 0011111100, 0.5944806812838395, 0.9868921930669425, 0.0 0.0 0.0 0.0005518736638756592 0.004582738384314619 0.06782574383808841 0.9270396441137213, 
9, 0011111100, 0011111100, 0.5944979365389625, 0.9869340910305993, 0.0 0.0 0.0 0.000221682056667359 0.005205101352317696 0.06732020494176656 0.9272530116492483, 
10, 0011111100, 0011111100, 0.5942488173103894, 0.9865118630840558, 0.0 0.0 0.0 0.0001729117988223121 0.004629079053193252 0.07115192799281207 0.9240460811551723, 
11, 0011111100, 0011111100, 0.5954164605969577, 0.9883721735010522, 0.0 0.0 0.0 0.00015264606106542403 0.002269313284964846 0.06477039424056051 0.9328076464134093, 
12, 0011111100, 0011111100, 0.5944361006152953, 0.9868316027369022, 0.0 0.0 0.0 0.000250107105105945 0.004393428322964892 0.0694732056173395 0.9258832589545896, 
13, 0011111100, 0011111100, 0.5938088985461606, 0.9857666669993459, 0.0 0.0 0.0 0.00018461969275905971 0.00526638117752952 0.07431337657058804 0.9202356225591234, 
14, 0011111100, 0011111100, 0.5943307097703295, 0.9866736919136068, 0.0 0.0 0.0 4.081180811836606e-06 0.002105334021982948 0.07573493693195808 0.9221556478652472, 
15, 0011111100, 0011111100, 0.594677666119364, 0.9873280850963477, 0.0 0.0 0.0 6.529343434047131e-06 0.003662963484641061 0.06868597442232935 0.9276445327495957, 
16, 0011111100, 0011111100, 0.5940966374819349, 0.9863018548952476, 0.0 0.0 0.0 0.0 0.003729774429161605 0.07472932177019087 0.9215409038006475, 
17, 0011111100, 0011111100, 0.5939911808685763, 0.9862187260110528, 0.0 0.0 0.0 0.00012223503501409576 0.0037560382404743203 0.07480886234769261 0.9213128643768189, 
18, 0011111100, 0011111100, 0.593184113617391, 0.9848315259796, 0.0 0.0 0.0 0.0 0.005043558123564468 0.08092372787527105 0.9140327140011646, 
19, 0011111100, 0011111100, 0.5943911016196418, 0.9867876549802245, 0.0 0.0 0.0 0.0002820761311634807 0.0036495847727493016 0.07112867217966512 0.9249396669164222, 
20, 0011111100, 0011111100, 0.5937738683142331, 0.9857515130805883, 0.0 0.0 0.0 1.8412525925863355e-05 0.00478535879727623 0.07586496634414042 0.9193312623326575, 
21, 0011111100, 0011111100, 0.5945002863880999, 0.9869186588493375, 0.0 0.0 0.0 0.0 0.0028605445295980855 0.07276695784477857 0.9243724976256233, 
22, 0011111100, 0011111100, 0.5949605133577203, 0.9877078884992354, 0.0 0.0 0.0 0.0 0.004880853771179286 0.06399096146222938 0.9311281847665913, 
23, 0011111100, 0011111100, 0.5949374226041136, 0.9876427335108467, 0.0 0.0 0.0 0.0 0.002910245346790048 0.06832310824133836 0.9287666464118716, 
24, 0011111000, 0011111100, 0.5949741154065316, 0.9877359107345843, 0.0 0.0 0.0 0.0 0.004881464675189616 0.06382160624211489 0.9312969290826956, 
25, 0011111100, 0011111100, 0.5937752968205019, 0.9857121968878038, 0.0 0.0 0.0 0.0001330255485057263 0.005738373534984127 0.07385099495769187 0.9202776059588182, 
26, 0011111100, 0011111100, 0.5945950142298355, 0.9872059433222888, 0.0 0.0 0.0 6.689237133809498e-05 0.002769854631630565 0.07102395368899116 0.9261392993080402, 
27, 0011111100, 0011111100, 0.594156876603042, 0.9863618530353395, 0.0 0.0 0.0 0.0003659392059930165 0.003911540473306632 0.07290798322337126 0.9228145370973292, 
28, 0011111100, 0011111100, 0.5954093162288522, 0.9883715590154071, 0.0 0.0 0.0 2.224413365681966e-05 0.00373191069812197 0.06224009211034308 0.9340057530578781, 
29, 0011111100, 0011111100, 0.5941246732696277, 0.9863333521705678, 0.0 0.0 0.0 0.0007363176561335456 0.0032647108209421013 0.07326151236630851 0.9227374591566159, 
30, 0011111100, 0011111100, 0.5956048797539036, 0.9886957901021922, 0.0 0.0 0.0 0.00017805906084026606 0.002873737947749658 0.061543606308826354 0.9354045966825837, 
31, 0011111100, 0011111100, 0.5940990270780114, 0.9862698478175048, 0.0 0.0 0.0 0.0003153953746458409 0.00613696259357838 0.06916080178387644 0.9243868402478994, 
32, 0011111100, 0001111000, 0.5941162664547168, 0.9862811960064398, 0.0 0.0 0.0 0.00019548625508456 0.005388248928047475 0.07094986734001181 0.9234663974768561, 
33, 0011111100, 0011111100, 0.59555309719059, 0.9887247475650373, 0.0 0.0 0.0 0.0 0.0024698348106759927 0.06271184498842496 0.934818320200899, 
34, 0011111100, 0011111100, 0.5939356835495874, 0.9860963555648207, 0.0 0.0 0.0 0.00017675498255173363 0.0046048998137746535 0.07368180203587174 0.921536543167802, 
35, 0011111100, 0011111100, 0.5940762352529039, 0.9862988505591535, 0.0 0.0 0.0 0.0004376060178765796 0.0029208990202396873 0.07505228055097055 0.9215892144109132, 
36, 0011111100, 0011111100, 0.5946454353350861, 0.9871842486100946, 0.0 0.0 0.0 0.0 0.004182085968016095 0.06853033640340028 0.9272875776285837, 
37, 0011111100, 0011111100, 0.5939368084946194, 0.9859388661480384, 0.0 0.0 0.0 2.9421695410297026e-05 0.003840789857137345 0.07659695831126397 0.9195328301361884, 
38, 0011111100, 0011111100, 0.5949139945734997, 0.9875205643448174, 0.0 0.0 0.0 0.0 0.004201754408682016 0.06647310511373183 0.9293251404775862, 
39, 0011111100, 0011111100, 0.5947611860051545, 0.9874521790540706, 0.0 0.0 0.0 0.0 0.004182252565433528 0.06692242054471012 0.9288953268898563, 
40, 0011111100, 0011111100, 0.5945859310106426, 0.98709651200054, 0.0 0.0 0.0 0.0 0.0031948363784380734 0.07103125523988368 0.9257739083816782, 
41, 0011111100, 0011111100, 0.5937155353621374, 0.9855885877384939, 0.0 0.0 0.0 5.502188052790505e-06 0.004943934889477881 0.07656409722592289 0.9184864656965465, 
42, 0011111100, 0011111100, 0.5950055864179621, 0.9876700715579751, 0.0 0.0 0.0 0.0 0.0018493869469369804 0.07028079675827534 0.9278698162947877, 
43, 0011111100, 0011111100, 0.5952810388983638, 0.9882617269281606, 0.0 0.0 0.0 0.00041134546726185646 0.002622671802021194 0.0639502584252076 0.9330157243055094, 
44, 0011111100, 0011111100, 0.5954057628403855, 0.9883418575303846, 0.0 0.0 0.0 7.355756115761496e-05 0.003309600789010581 0.06310898055619762 0.9335078610936342, 
45, 0011111100, 0011111100, 0.5937337050154912, 0.9856947789553755, 0.0 0.0 4.082466889392761e-05 0.00022466117259808946 0.004934329192767328 0.0751253856888427 0.9196747992768979, 
46, 0011111100, 0011111100, 0.5940108191737846, 0.9861229477998288, 0.0 0.0 0.0 0.0 0.0035696819594362348 0.07612294928215442 0.9203073687584093, 
47, 0011111100, 0011111100, 0.5940832478789982, 0.9862942751058156, 0.0 0.0 0.0 0.0003356399646780604 0.003906317991967455 0.07341479348713728 0.9223432485562173, 
48, 0011111100, 0011111100, 0.594525519707348, 0.9869265906377578, 0.0 0.0 0.0 0.0003601473081193651 0.003656648277226324 0.07004671769464305 0.9259364867200113, 
49, 0011111100, 0011111100, 0.5947352812725668, 0.9873867157238723, 0.0 0.0 0.0 0.00035236755149013933 0.0024950739190547377 0.0696324551641862 0.9275201033652689, 
50, 0011111100, 0011111100, 0.5944242159227126, 0.9867322766803375, 0.0 0.0 0.0 0.00015115210490510575 0.0033783300788070895 0.07239622344564592 0.9240742943706419, 
51, 0011111100, 0011111100, 0.5939810093081437, 0.986078317125621, 0.0 0.0 0.0 0.0 0.0030207007831202764 0.07748869568003426 0.9194906035368455, 
52, 0011111100, 0011111100, 0.5940219596502003, 0.9861882065947091, 0.0 0.0 0.0 0.0 0.005346013298941093 0.07217873383386311 0.9224752528671958, 
53, 0011111100, 0011111100, 0.5937584252743767, 0.9857306049388951, 0.0 0.0 0.0 0.0 0.003137287429772083 0.07934179550708499 0.9175209170631429, 
54, 0011111100, 0011111100, 0.593952393326909, 0.9859678746291024, 0.0 0.0 0.0 2.8127056407587867e-05 0.002739184121972897 0.07863000281221699 0.9186026860094025, 
55, 0011111100, 0011111100, 0.593163118692444, 0.9847439098608541, 0.0 0.0 0.0 0.0 0.006084241598025205 0.07936805763882449 0.9145477007631503, 
56, 0011111100, 0011111000, 0.5941900101281787, 0.98645961764012, 0.0 0.0 0.0 0.0 0.003979730989792076 0.07328283217969528 0.9227374368305126, 
57, 0011111100, 0011111100, 0.5949196780659748, 0.9875516947021316, 0.0 0.0 0.0 0.0 0.003231673961771556 0.06822648386366782 0.9285418421745606, 
58, 0011111100, 0011111100, 0.5938497892989065, 0.9859149149757845, 0.0 0.0 9.553622595156941e-05 6.926731757215091e-05 0.006214537322743549 0.07149148864328271 0.92212917049045, 
59, 0011111100, 0011111100, 0.5939205107684207, 0.9859724106133703, 0.0 0.0 0.0 0.00014051595011291049 0.003852872997082563 0.07603824247527431 0.9199683685775302, 
60, 0001111000, 0011111100, 0.594589969148497, 0.9870782725579269, 0.0 0.0 0.0 0.0 0.0032759203851863926 0.07097852388206592 0.9257455557327477, 
61, 0011111100, 0011111100, 0.594369524585983, 0.9868091733283025, 0.0 0.0 0.0 3.44636465987705e-05 0.003368328708245697 0.07230491167389698 0.9242922959712585, 
62, 0011111100, 0011111100, 0.5939914569870955, 0.9860238559304166, 0.0 0.0 0.0 0.00012024073099126417 0.0030009515532356517 0.07749423911805489 0.9193845685977182, 
63, 0011111100, 0011111100, 0.5947360860385377, 0.9872860592778712, 0.0 0.0 0.0 2.377203466191178e-05 0.004099047092195196 0.06801423404439809 0.9278629468287447, 
64, 0011111100, 0011111100, 0.5942045091696808, 0.9865475246062867, 0.0 0.0 0.0 0.00017956283093951996 0.0033490109095447276 0.07347814205037255 0.9229932842091432, 
65, 0001111100, 0011111100, 0.5933724954193758, 0.9850211470764147, 0.0 0.0 0.0 0.0001751381382481257 0.005676773489100672 0.07799415614856638 0.9161539322240849, 
66, 0011111100, 0011111000, 0.5939230483737166, 0.9859970954778954, 0.0 0.0 0.0 0.00022016228476139758 0.004950370872824491 0.07345619853269401 0.9213732683097201, 
67, 0011111000, 0001111100, 0.5946424384541414, 0.9871955251116196, 0.0 0.0 0.0 0.00032384086663847874 0.003460333555331939 0.06893465961970446 0.9272811659583251, 
68, 0011111100, 0011111100, 0.5939397687557878, 0.9860973024524226, 0.0 0.0 0.0 0.00038959272132408046 0.005338137809735937 0.07157113150202077 0.9227011379669192, 
69, 0011111100, 0011111000, 0.5932725468304283, 0.9849289832762739, 0.0 0.0 0.0 2.1632309571135608e-05 0.004138830711656383 0.0820835419903306 0.9137559949884418, 
70, 0011111100, 0011111000, 0.5925911872900332, 0.9838454384091192, 0.0 0.0 0.0 0.0 0.006924778717118134 0.08307781211104838 0.9099974091718336, 
71, 0011111100, 0011111100, 0.5944868443506414, 0.9870600815474732, 0.0 0.0 0.0 0.00022877861079966737 0.0020375334947171663 0.07287810789332809 0.9248555800011551, 
72, 0011111100, 0011111100, 0.5936689049987492, 0.9855962070661206, 0.0 0.0 0.0 0.0 0.0034401167203747716 0.07954252416252716 0.9170173591170981, 
73, 0011111100, 0011111100, 0.5934702088919602, 0.985240884482651, 0.0 0.0 8.566014576176802e-05 0.0002356986804363557 0.006102613278948909 0.07529972992184011 0.9182762979730129, 
74, 0011111100, 0011111100, 0.5938354287802697, 0.9858943903146976, 0.0 0.0 0.0 0.00011406522600412367 0.0055528600151110614 0.07318574240357956 0.9211473323553052, 
75, 0001111100, 0011111100, 0.5942182028431565, 0.9865205461523608, 0.0 0.0 0.0 0.00041106417181980035 0.0038284246048172167 0.07198668136074167 0.9237738298626214, 
76, 0011111100, 0111111100, 0.593756506086083, 0.9857495316588057, 0.0 0.0 0.0 0.0 0.002685419907804477 0.08013197023155592 0.9171826098606396, 
77, 0011111100, 0011111100, 0.5941362702646561, 0.9863209300059916, 0.0 0.0 0.0 0.00027824838855252374 0.0055796838415898735 0.07008030711521306 0.9240617606546446, 
78, 0011111100, 0011111100, 0.5936692069572435, 0.9857350317695053, 0.0 0.0 0.0 0.0002155293283610968 0.004307387398467167 0.0763284466009512 0.9191486366722206, 
79, 0011111100, 0011111100, 0.5945664845546494, 0.9870827456834905, 0.0 0.0 0.0 0.00017253005523136682 0.003372595617728639 0.07024074449790599 0.9262141298291341, 
80, 0011111100, 0011111100, 0.5935579329815447, 0.9853886859343086, 0.0 0.0 0.0 8.326889045079549e-05 0.00551052814327044 0.076397021436255 0.9180091815300238, 
81, 0011111110, 0011111100, 0.5950213579295213, 0.9877524331300466, 0.0 0.0 0.0 0.0 0.0042440596293387665 0.06499728196104318 0.9307586584096181, 
82, 0011111100, 0011111100, 0.5946669509802108, 0.9872545888931609, 0.0 0.0 0.0 0.00017740732043033554 0.0041251391801853405 0.06768996631937327 0.928007487180011, 
83, 0011111100, 0011111100, 0.5936401378349548, 0.9854940293210499, 0.0 0.0 0.0 3.96635525056294e-06 0.005702403928322635 0.07561911715130422 0.9186745125651226, 
84, 0111111100, 0011111100, 0.5949250142748871, 0.9876058766932664, 0.0 0.0 0.0 1.5038548040333247e-05 0.0026994456340867844 0.06892073292810769 0.9283647828897652, 
85, 0011111100, 0011111100, 0.5926535642874473, 0.983891131227842, 0.0010909886229125089 6.464378237869057e-05 0.0002869006441861391 0.001176757486139692 0.005474783356535427 0.0741566202353447 0.9177493058725028, 
86, 0011111000, 0011111100, 0.5947196097340807, 0.9872619416757833, 0.0 0.0 0.0 1.0382695636295135e-06 0.002706636243401794 0.07101196264980587 0.9262803628372288, 
87, 0011111000, 0011111100, 0.5936544618352402, 0.9855700696952531, 0.0 0.0 0.0 0.0004968391290978022 0.005410937152277961 0.07426719013663223 0.919825033581992, 
88, 0011111000, 0011111100, 0.5940840991569335, 0.9863185421611373, 0.0 0.0 0.0 0.0 0.002991822511265117 0.07610510201064528 0.9209030754780896, 
89, 0011111100, 0011111100, 0.5950119942878559, 0.9878691639322078, 0.0 0.0 0.0 0.0 0.0030188941904054365 0.06674722802594221 0.9302338777836524, 
90, 0011111100, 0011111100, 0.594040302355977, 0.9861946491621243, 0.0 0.0 0.0 0.0002021896740694029 0.0066385680847251835 0.06894839983559509 0.9242108424056104, 
91, 0011111100, 0011111100, 0.5931607753568962, 0.9847711213424497, 0.0 0.0 0.00010880154730342683 0.0010599856089250246 0.006084500196915566 0.07558910853548075 0.9171576041113753, 
92, 0011111100, 0011111100, 0.592774887367484, 0.9840696277482419, 0.0 0.0 0.0 1.372577545359021e-05 0.005075520192424218 0.08539001579933918 0.909520738232783, 
93, 0011111100, 0011111100, 0.5939188913734971, 0.9859941500787052, 0.0 0.0 0.0 0.00017203694670575004 0.005401419283000067 0.072716150121652 0.9217103936486423, 
94, 0011111100, 0011111100, 0.5940393162957388, 0.9862096205649977, 0.0 0.0 0.0 5.4186827287957776e-05 0.0048632187037073995 0.07285327872073481 0.9222293157482698, 
95, 0011111000, 0011111100, 0.5936328021375377, 0.9855224151754295, 0.0 0.0 0.0 0.00015151223480822074 0.004934338608455785 0.07654229502608684 0.9183718541306491, 
96, 0011111100, 0011111100, 0.5944115744321703, 0.9867179387084823, 0.0 0.0 0.0 0.0003794247961897225 0.0034036053257293923 0.07174688270907782 0.924470087169003, 
97, 0111111100, 0011111110, 0.5954080377783809, 0.9884406363819925, 0.0 0.0 0.0 0.0004024955441699425 0.0022810241222059086 0.06358664683112328 0.9337298335025008, 
98, 0011111000, 0011111100, 0.5926697635191991, 0.9839621367893283, 0.0 0.0 0.0 0.0 0.004854533557755351 0.08651811214851993 0.9086273542937247, 
99, 0011111100, 0011111100, 0.5948048490355069, 0.9874470600996506, 0.0 0.0 0.0 0.00016815536580891833 0.002708209989847725 0.06939675332497473 0.9277268813193685, 
100, 0011111100, 0011111100, 0.5930579029697316, 0.984684279383706, 0.0 0.0 0.0 0.0006658045745499502 0.007005455103160476 0.07588599976779398 0.9164427405544956, 
