run, initial grid state, final grid state, mean grid cell occupancy, mean binding site occupancy, fraction of time with N TFs bound, warning
1, 111111, 111111, 0.9607757330005613, 0.9607757330005613, 0.0009361319281863598 0.0004500636190423511 0.00021823931094470475 0.0021004996988199438 0.024767315353356804 0.17076940528534992 0.8007583448043, 
2, 111111, 111111, 0.9664403799695259, 0.9664403799695259, 0.0 0.0 0.0 0.0009687917666245358 0.02208674573727577 0.15427785340841918 0.8226666090876805, 
3, 111111, 111100, 0.9684038041417875, 0.9684038041417875, 0.0 0.0 0.0 0.002052806532361553 0.018659216066737212 0.14610032341871618 0.8331876539821851, 
4, 111111, 111110, 0.9653336478940311, 0.9653336478940311, 0.0 0.0 0.0 0.0011205777594693216 0.02568621229852191 0.1532639547603617 0.819929255181647, 
5, 111100, 111111, 0.9645101165356073, 0.9645101165356073, 0.0 0.0 0.0003759894961540472 0.0028642110136439117 0.024009183532268535 0.15482434269627182 0.8179262732616617, 
6, 111111, 011111, 0.9672916133386522, 0.9672916133386522, 0.0 0.0 0.0008253416390507278 0.0022797271951482123 0.014576551205403077 0.15695666941563313 0.8253617105447649, 
7, 111111, 111111, 0.9694209910707537, 0.9694209910707537, 0.0 0.0 9.996770927457581e-05 0.004629972703693771 0.018976057483845267 0.13123214965960758 0.8450618524435787, 
8, 111111, 111111, 0.9606002829301848, 0.9606002829301848, 0.0 0.0 0.0008145107342746711 0.003954464219581431 0.026956116416825097 0.16736463398939788 0.8009102746399208, 
9, 111111, 111111, 0.9655084307958175, 0.9655084307958175, 0.0 0.0 9.346271303662231e-05 0.0033937077896134195 0.022491671699209664 0.15141109760568833 0.822610060192452, 
10, 111111, 111111, 0.96598613306509, 0.96598613306509, 0.0 0.0 8.380065775042488e-05 0.001268215634153854 0.019299330225496264 0.1613446916250045 0.8180039618575949, 
11, 111110, 111111, 0.967928876005124, 0.967928876005124, 0.0 0.0 0.00041345722894193154 0.0037219837925965013 0.020868607140508786 0.13786974939468113 0.8371262024432717, 
12, 111111, 111111, 0.9665933165410974, 0.9665933165410974, 0.0 0.0 0.0005394950113474754 0.0020882757343715142 0.01627004504991042 0.1594772034050909 0.8216249807992797, 
13, 111110, 111111, 0.9631275546106647, 0.9631275546106647, 0.0 0.0 0.00029539889959399185 0.002685743744338694 0.022773547803090027 0.16644874989843955 0.8077965596545378, 
14, 111111, 111111, 0.964276504080601, 0.964276504080601, 0.0 0.0 0.0 0.002340279081477707 0.022987606591045484 0.16134492508986992 0.8133271892376069, 
15, 111111, 111111, 0.9663501094402196, 0.9663501094402196, 0.0 0.0 0.00016620678158162604 0.0020571467727243686 0.02308786215648131 0.14888735160121963 0.825801432687993, 
16, 111111, 111111, 0.966098322764286, 0.966098322764286, 0.0 0.0 0.0 0.002434243525659988 0.021057219928113678 0.15399289298107688 0.8225156435651494, 
17, 111111, 111110, 0.9655304900608249, 0.9655304900608249, 0.0 0.0 0.0 0.0009482952659895731 0.02136364167232076 0.16124489049243998 0.8164431725692497, 
18, 111111, 111111, 0.9647447569987473, 0.9647447569987473, 6.361361562115804e-05 2.81182319346496e-05 0.001147505694708824 0.004188925297580645 0.017852429154630686 0.15814752817327754 0.8185718798322466, 
19, 111111, 111111, 0.9651569453289702, 0.9651569453289702, 0.0 0.0 0.0 0.002510126240775145 0.02278409190025034 0.15595976550335258 0.8187460163556219, 
20, 111111, 111111, 0.9642641018629523, 0.9642641018629523, 0.0 0.0 0.0008549494916638873 0.0033060209299352336 0.022822733268375507 0.1554320615290741 0.8175842347809512, 
21, 111111, 111111, 0.9664587283274267, 0.9664587283274267, 0.0 0.0 0.0002294898424676486 0.0040675671849668025 0.018375712844611432 0.15137554342144632 0.8259516867065076, 
22, 111111, 111111, 0.9629580103312954, 0.9629580103312954, 0.0 0.0 4.858824287908417e-06 0.002923281414946963 0.025485436542561343 0.16249178538511266 0.8090946378330911, 
23, 111111, 111111, 0.9640490792943704, 0.9640490792943704, 0.0 0.0 0.00055598233765165 0.0027783905921890052 0.024802542154177574 0.15554133879824836 0.8163217461177334, 
24, 111111, 111111, 0.9597768040353434, 0.9597768040353434, 0.0 0.0 0.0004474588519367593 0.0032072925601084935 0.030701200813635088 0.16852506107259727 0.7971189867017224, 
25, 111111, 111111, 0.9683829650687281, 0.9683829650687281, 0.0 0.0 3.303982340789976e-05 0.00148581869297073 0.020109132323932733 0.14489432956722254 0.833477679592466, 
26, 111111, 111111, 0.9639862026226392, 0.9639862026226392, 0.0 0.0 0.0006523548339960121 0.005905515564069648 0.01684808136598754 0.16206065550399676 0.81453339273195, 
27, 111111, 111111, 0.9606968793331976, 0.9606968793331976, 0.0 0.0 0.0005104338067659309 0.0015120200363912325 0.026573625777512423 0.17609367710955212 0.7953102432697784, 
28, 111111, 111111, 0.9593314436576038, 0.9593314436576038, 0.0 0.0 0.0005777356438808355 0.005581400332152843 0.03134724562154081 0.1622617032393139 0.8002319151631117, 
29, 111111, 111111, 0.9587711198003394, 0.9587711198003394, 0.0018905300873717805 0.0010299599428734323 0.00014908374094679242 0.0018167795392066948 0.02691897418526577 0.1709956790074267 0.7971989934969088, 
30, 111111, 111111, 0.9672313816210657, 0.9672313816210657, 0.0 0.0 0.00140453137777249 0.004215657870934208 0.01985756516392697 0.1386314808218593 0.835890764765507, 
31, 111111, 111111, 0.963190733964028, 0.963190733964028, 0.0 0.0 9.881792175622212e-05 0.002654352182547904 0.026103786312931854 0.16028969535529958 0.8108533482274645, 
32, 111111, 011111, 0.9671714498020793, 0.9671714498020793, 0.0 0.0 0.0 0.0035208487714335603 0.017560961846381427 0.15128683118046135 0.8276313582017237, 
33, 111111, 111110, 0.9638300322789709, 0.9638300322789709, 0.0 0.0 0.00025355715646459937 0.0029158211916554253 0.025598331487834636 0.15606145114968042 0.815170839014365, 
34, 111111, 011111, 0.9611400352738386, 0.9611400352738386, 0.0 0.0 0.0004335915280100277 0.004532815047026422 0.02577252604298145 0.16628192501788586 0.8029791423640963, 
35, 111111, 111111, 0.9686658145566122, 0.9686658145566122, 0.0 0.0 0.0001259054544589633 0.0017125100909147373 0.0200672801486985 0.1422294002723499 0.8358649040335779, 
36, 111111, 111111, 0.9613651577458617, 0.9613651577458617, 0.0 0.0 0.0003126669784920556 0.006366148984321799 0.02461730620026522 0.16222532625736522 0.8064785515795557, 
37, 111111, 011111, 0.9640569710850709, 0.9640569710850709, 0.0 0.0 0.0009289084853310811 0.0043033954485353215 0.021531535116874494 0.15596928296889626 0.8172668779803628, 
38, 111111, 111111, 0.9642445269649557, 0.9642445269649557, 0.0 0.0 0.00042539739346254433 0.0028138684854853717 0.018247421174569185 0.16789480083082173 0.8106185121156612, 
39, 111110, 111111, 0.9674069498091685, 0.9674069498091685, 0.0 0.0 0.0 0.0034333569467039048 0.017192338631225282 0.15087355304242675 0.8285007513796441, 
40, 111110, 111111, 0.9663677327872566, 0.9663677327872566, 0.0 0.0 0.0004447207481955346 0.0011705347180669505 0.01893463482289234 0.15863384648369322 0.820816263227152, 
41, 111111, 111111, 0.9676673432752009, 0.9676673432752009, 0.0 0.0 6.414437516314643e-05 0.0009781709689215888 0.021408818402955925 0.14798721313546576 0.8295616531174936, 
42, 111111, 111111, 0.9659713516429583, 0.9659713516429583, 0.0 0.0 0.00020651515207510617 0.00329011056240758 0.024044073086206177 0.14538735167431452 0.8270719495249965, 
43, 111110, 111111, 0.964568325960737, 0.964568325960737, 0.0 0.0 0.0 0.0011463657845303414 0.022136178461696555 0.16487858995859309 0.81183886579518, 
44, 111110, 111111, 0.9614868662934879, 0.9614868662934879, 0.0 0.0 0.0 0.003809402136837698 0.02248937481363499 0.17467184620128984 0.7990293768482375, 
45, 111111, 111111, 0.9646972984141936, 0.9646972984141936, 0.0 0.0 0.000915908767750405 0.0034341648100356436 0.018343633236930203 0.16116281353986947 0.8161434796454142, 
46, 111111, 111111, 0.9592255467905592, 0.9592255467905592, 0.0017395808785732017 0.0006414639076902753 0.0008556762707237402 0.004385970484947831 0.023141089022797066 0.16813911986342195 0.801097099571846, 
47, 111111, 111111, 0.9623884284992386, 0.9623884284992386, 0.0 0.0 0.0014395297342381624 0.005995149036777766 0.027882513213556052 0.1461608365301706 0.8185219714852574, 
48, 011111, 111111, 0.963657436304689, 0.963657436304689, 0.0 0.0 1.655742172439893e-05 0.0021942830465565264 0.020674861802287794 0.17005657974072297 0.8070577179887084, 
49, 111111, 111111, 0.968805318790618, 0.968805318790618, 0.0 0.0 1.8950374258132206e-06 0.001427023221860755 0.020813911459675417 0.14125161452165552 0.8365055557593825, 
50, 011111, 111111, 0.9646367262938453, 0.9646367262938453, 0.0 0.0 0.00010481411294070403 0.002869204846853435 0.027321702876311964 0.14850936549198138 0.8211949126719126, 
51, 111111, 111111, 0.961485066007488, 0.961485066007488, 0.0 0.0 0.0 0.0021849630254332153 0.025092415191398473 0.17434988449597533 0.798372737287193, 
52, 111111, 111111, 0.9595134399176647, 0.9595134399176647, 0.00027668058625970567 0.0001252768391168827 0.0013217655947515153 0.0029500555008925983 0.031398323879401245 0.1636990161403833 0.8002288814591947, 
53, 111111, 111110, 0.9643835954808485, 0.9643835954808485, 0.000580858430255992 0.0001731998876315781 0.0003652415427019624 0.003965657690009347 0.024006412655551472 0.14797651254327637 0.8229321172505732, 
54, 111111, 111111, 0.9645674834087827, 0.9645674834087827, 0.0007479909967162211 0.00013253685883079255 0.0004723518301064627 0.0038664320650227007 0.024935214227590718 0.1440853373021769 0.8257601367195562, 
55, 111110, 111111, 0.9674119574804482, 0.9674119574804482, 0.0 0.0 0.0 0.0027726326915351973 0.015224512349359218 0.15676133234398681 0.8252415226151188, 
56, 111111, 111111, 0.9623504221125871, 0.9623504221125871, 0.0 0.0 0.0 0.0021795023303302695 0.026117217331797435 0.1671245256698915 0.8045787546679807, 
57, 111111, 111110, 0.9663323367253125, 0.9663323367253125, 0.0 0.0 4.234392452563558e-05 0.0016079602899609859 0.01706139573366458 0.16288993161281043 0.8183983684390383, 
58, 111111, 111111, 0.9672797541354726, 0.9672797541354726, 0.0 0.0 6.170407506363732e-05 0.0027346989430794117 0.01890751158967001 0.15005553887833117 0.8282405465138558, 
59, 111111, 011111, 0.9641299329550833, 0.9641299329550833, 0.0 0.0 0.0 0.003063085408085953 0.02114522658639458 0.1637406928724531 0.8120509951330663, 
60, 111111, 011100, 0.9614293781057203, 0.9614293781057203, 0.0 0.0 0.00011792395484285694 0.004347255148471948 0.025456396243466226 0.16699747761395925 0.8030809470392597, 
61, 111111, 111111, 0.9652970370036315, 0.9652970370036315, 9.962660845177513e-05 9.327179525715963e-05 0.0011285143605164686 0.0037378783398390025 0.020446111879252236 0.15053374313112758 0.8239608538855558, 
62, 111111, 111111, 0.960857990951406, 0.960857990951406, 0.0 2.7072262964021588e-05 0.0003711865343081951 0.004835863541664189 0.026817181602581345 0.1650899930093563 0.8028587030491259, 
63, 111111, 111111, 0.9687074841534238, 0.9687074841534238, 0.0 0.0 8.890704154707136e-05 0.0028447696034826974 0.016298212333756407 0.14626873343530794 0.8344993775859059, 
64, 111111, 111111, 0.9643207505276374, 0.9643207505276374, 0.0 0.0 0.00010809224645739508 0.002603891752619424 0.020127608153008947 0.1655762362844706 0.8115841715634436, 
65, 111111, 111111, 0.9630509174165331, 0.9630509174165331, 0.0 0.0 0.00031696385604052316 0.002959971949781101 0.029690501348947348 0.15216572152940053 0.8148668413158304, 
66, 111111, 111111, 0.9633028971988612, 0.9633028971988612, 0.0 0.0 0.0006778539971788723 0.004791413650813045 0.017509672312768655 0.16807761524014098 0.8089434447990984, 
67, 111111, 111111, 0.9655305851700781, 0.9655305851700781, 0.0 0.0 0.00017040608827617904 0.003091849662745183 0.020929086648572376 0.15500114234104723 0.8208075152593591, 
68, 111111, 111110, 0.966077702067485, 0.966077702067485, 1.4550112247410273e-05 5.6170358041468116e-05 0.00026711526152627807 0.004394784390108556 0.018692741577165516 0.1515273377606365 0.8250473005402743, 
69, 111111, 111111, 0.9591481510915941, 0.9591481510915941, 0.0 0.0 0.0005304866549369551 0.0038081076791428503 0.03182817283915089 0.1679084781149567 0.7959247547118126, 
70, 111100, 011110, 0.961547102402375, 0.961547102402375, 0.0 0.0 0.0001332909975561925 0.004663187651052832 0.025166893972116883 0.16586087069813343 0.8041757566811406, 
71, 011111, 111111, 0.9625238348474027, 0.9625238348474027, 0.0 0.0 0.0004529934217765217 0.0034544284017192744 0.030877148816205298 0.1509274343909089 0.81428799496939, 
72, 111111, 111110, 0.9621661626037188, 0.9621661626037188, 0.0002934409071175257 0.0003030429629196439 0.0003407365606234187 0.0035749238648057264 0.028212820800750528 0.1552138046819713 0.8120612302218119, 
73, 111111, 111111, 0.9637743159927553, 0.9637743159927553, 0.0 0.0 0.0009138827881008102 0.001692173109929746 0.027486980945783283 0.15364809166970905 0.8162588714864771, 
74, 011111, 011111, 0.9669906708855298, 0.9669906708855298, 0.0 0.0 0.00016773208852313812 0.004544129272945046 0.017266949336316676 0.14921875984125965 0.8288024294609555, 
75, 111111, 111111, 0.9604725751399089, 0.9604725751399089, 0.0 0.0 0.0010473563970738932 0.003393162145993099 0.030754368913211663 0.16128689930784904 0.8035182132358722, 
76, 111111, 111111, 0.9676032274299439, 0.9676032274299439, 0.0 0.0 0.00012229008003839423 0.00320907406564958 0.01560013238891777 0.15306398812539915 0.828004515339995, 
77, 111111, 111111, 0.9672607152613004, 0.9672607152613004, 0.0 0.0 5.89222198496546e-05 0.0019733550036972474 0.017319633587831257 0.15564068736604417 0.8250074018225777, 
78, 111111, 111111, 0.9631519987498292, 0.9631519987498292, 0.0 0.0 0.0006078026976895332 0.004659618020888712 0.022886810239079985 0.1589043221694413 0.8129414468729005, 
79, 111111, 111110, 0.9639255499962333, 0.9639255499962333, 0.0 0.0 0.0003525004832427274 0.0016903792452330618 0.02377784944954911 0.16240986145483235 0.8117694093671428, 
80, 111111, 111111, 0.9653328656781069, 0.9653328656781069, 0.0 0.0 0.0 0.0018296578069313366 0.025738879886429467 0.15103607273770556 0.8213953895689337, 
81, 111111, 111111, 0.966561743023941, 0.966561743023941, 0.0 0.0 0.0 0.0010546750182236942 0.019719696669270672 0.1580261234631411 0.8211995048493645, 
82, 111111, 111111, 0.9636035878968926, 0.9636035878968926, 0.0 0.0 0.0 0.003482388661837696 0.027381836552443063 0.15316763352824544 0.8159681412574737, 
83, 111111, 111111, 0.9666515505861454, 0.9666515505861454, 0.0 0.0 0.0 0.0018249948096740953 0.018077366859111047 0.15846097833588368 0.8216366599953312, 
84, 011111, 111111, 0.9671737302181861, 0.9671737302181861, 0.0 0.0 0.0 0.0016776634420303219 0.0242557220234869 0.14341318431781977 0.830653430216663, 
85, 001110, 111111, 0.9643872344572219, 0.9643872344572219, 0.0 0.0 6.0823499211087104e-05 0.0034846700724447035 0.026117314395993796 0.15074466025050284 0.8195925317818475, 
86, 111111, 111111, 0.9640075588087793, 0.9640075588087793, 0.0 0.0 0.0 0.002703657837556634 0.023411465833390765 0.16102074196787342 0.8128641343611791, 
87, 111111, 111111, 0.9714692213525886, 0.9714692213525886, 0.0 0.0 2.9517461605717736e-05 0.0018588832305291754 0.013564066204267004 0.13836181993792365 0.8461857131656745, 
88, 111111, 111111, 0.9675446559229262, 0.9675446559229262, 0.0 0.0 4.560709830295472e-05 0.002763113566899881 0.016203299238392727 0.15385369689174644 0.8271342832046581, 
89, 111111, 111111, 0.9628221159090569, 0.9628221159090569, 0.0 0.0 0.0004914402408788317 0.003999515624907442 0.02240030150624443 0.16430239369493244 0.8088063489330368, 
90, 111110, 111111, 0.9612140292056591, 0.9612140292056591, 0.0 0.0 0.0006997826961353846 0.0023933615715813635 0.028138405189939993 0.16645979888687953 0.8023086516554637, 
91, 111111, 111111, 0.9663596045426199, 0.9663596045426199, 0.0 0.0 0.00027235821707367896 0.00232936669816037 0.019161894866084536 0.155441050049336 0.8227953301693455, 
92, 111110, 111111, 0.9630468736942525, 0.9630468736942525, 0.0 0.0 0.0006004520717094909 0.004065493365281621 0.0235630587291767 0.1599943519934489 0.8117766438403833, 
93, 111111, 111111, 0.9621101132343505, 0.9621101132343505, 0.0 0.0 2.4141955222288764e-05 0.003103792720050556 0.020638167670911988 0.17665503927103274 0.7995788583827824, 
94, 111111, 111111, 0.9678970279405136, 0.9678970279405136, 0.0 0.0 8.745862445047923e-05 0.000983628235296254 0.021432062303402166 0.14645298854642333 0.8310438622904277, 
95, 111111, 111110, 0.9684044957921853, 0.9684044957921853, 0.0 0.0 0.00031044276678354965 0.002719923566827348 0.021383110087218427 0.13740526330483502 0.8381812602743357, 
96, 111111, 011111, 0.9654413856807806, 0.9654413856807806, 0.0 0.0 2.3872504956949323e-05 0.0046203555550230185 0.026451120795288323 0.14049288763984255 0.8284117635048891, 
97, 111111, 111111, 0.962099547395352, 0.962099547395352, 0.0 0.0 0.0 0.0019305395014837807 0.022615034093278627 0.17638102893687932 0.7990733974683583, 
98, 111111, 111111, 0.9592260691421863, 0.9592260691421863, 0.0 0.0 0.00028339290867127477 0.005017589466109023 0.032386611693072866 0.16368402172772362 0.7986283842044232, 
99, 111100, 111111, 0.9656524744809882, 0.9656524744809882, 0.0 0.0 0.00029486930608936714 0.0019609151599126054 0.01756600960710784 0.16389091119576057 0.8162872947311296, 
100, 111111, 001111, 0.9646668856985785, 0.9646668856985785, 0.0 0.0 0.00010379748175484792 0.0037612076765137763 0.026448470265002952 0.14740293232196294 0.8222835922547655, 
run, initial grid state, final grid state, mean grid cell occupancy, mean binding site occupancy, fraction of time with N TFs bound, warning
1, 111111, 011111, 0.9643812218347444, 0.9643812218347444, 0.0 0.0 0.00026200892543060437 0.002875550384231245 0.020813937157393495 0.1624101078223301 0.8136383957106146, 
2, 111111, 111111, 0.9624370667717846, 0.9624370667717846, 0.0 0.0 1.2400725923038663e-05 0.0035023747446392686 0.026419239523072367 0.16198239318553742 0.8080835918208278, 
3, 111111, 111111, 0.9657677035643693, 0.9657677035643693, 0.0 0.0 3.170129944653738e-05 0.0028269891622677585 0.021724962033293688 0.15333608186260747 0.8220802656423845, 
4, 111110, 111111, 0.9643805017163103, 0.9643805017163103, 0.0005519024231613249 0.00023029192457369393 0.0009853760390442893 0.004743331339339709 0.02329174552379152 0.14449912631852269 0.8256982264315668, 
5, 111111, 111111, 0.9627341552956871, 0.9627341552956871, 0.0019445159854400724 0.000448133797971294 0.0022343170971129618 0.0027606851093592384 0.022106475944997594 0.14825502771685564 0.8222508443482632, 
6, 011111, 111111, 0.9630070206877792, 0.9630070206877792, 0.0 0.0 0.0007247256864200319 0.0045274398773937985 0.0194367456554894 0.16660316218448432 0.8087079265962125, 
7, 111110, 111111, 0.9616510710035289, 0.9616510710035289, 0.0 0.0 0.00021203781014777362 0.0033738485915091134 0.021363618778454472 0.17639663940679923 0.7986538554130894, 
8, 111111, 111111, 0.9632850518325456, 0.9632850518325456, 0.000827735769338267 0.0003456401353442101 0.0004580762175529343 0.002101157212713336 0.021401108089845106 0.16265708102393392 0.8122092015512722, 
9, 111110, 111111, 0.9607060054629178, 0.9607060054629178, 0.0 0.0 0.0003300751574970427 0.0027993349179586766 0.028973575893382765 0.1680985100518629 0.7997985039792986, 
10, 111111, 111111, 0.9664494253798392, 0.9664494253798392, 0.0 0.0 1.8459308581465763e-05 0.002831544508541794 0.01963220897001484 0.15347055902098342 0.8240472281918784, 
11, 111111, 111111, 0.9650481510117351, 0.9650481510117351, 0.0 0.0 0.0006375571674481175 0.003048784281541208 0.018986366605189924 0.16004177920479284 0.8172855127410279, 
12, 011111, 111111, 0.9676989570600675, 0.9676989570600675, 0.0 0.0 7.627289641403015e-05 0.0010528578940981908 0.02280395529300091 0.14473468178564283 0.8313322321308441, 
13, 111111, 111110, 0.9663928129903508, 0.9663928129903508, 0.0 0.0 0.0008033817528875668 0.0035611303648026924 0.01831849598192835 0.1511092119880803 0.8262077799123011, 
14, 111111, 111111, 0.9592127837203334, 0.9592127837203334, 0.0 0.0 0.0003993910767008009 0.0025979484917591864 0.027043242672194323 0.18124540255153102 0.7887140152078146, 
15, 111111, 111111, 0.9649071106351346, 0.9649071106351346, 0.0 0.0 0.0 0.0013424598472117524 0.021398378756139185 0.16373319913527873 0.8135259622613704, 
16, 011111, 111111, 0.9623055249268573, 0.9623055249268573, 0.0 0.0 0.00013624709623098372 0.0058221729698531965 0.022698991051737578 0.16275736104089783 0.8085852278412804, 
17, 111111, 111111, 0.9648689134873754, 0.9648689134873754, 0.0 0.0 0.0 0.0011758869142717548 0.020299269390351787 0.16666031955222912 0.8118645241431474, 
18, 111111, 111111, 0.9680637190088576, 0.9680637190088576, 0.0 0.0 0.00013579164221468425 0.0020042979753979754 0.018648033978572565 0.14776555749465686 0.8314463189091579, 
19, 111111, 011111, 0.9652421786001399, 0.9652421786001399, 0.0 0.0 0.0003218183367684909 0.0017019067568494058 0.018070877244345102 0.16601218029284737 0.8138932173691896, 
20, 111110, 111111, 0.963891777171533, 0.963891777171533, 0.0 0.0 0.0010226939994104844 0.00394411080520986 0.022019886665820058 0.15668645522589003 0.8163268533036695, 
21, 111111, 111111, 0.9647265229663308, 0.9647265229663308, 0.0 0.0 0.0 0.004946883973091003 0.021996323260297494 0.15280756376214724 0.8202492290044643, 
22, 111111, 111111, 0.9639614783562133, 0.9639614783562133, 0.0 0.0 9.205324246315728e-06 0.0020348528478375785 0.026095640968923892 0.15789846808437533 0.8139618327746168, 
23, 111110, 111111, 0.9671883994904302, 0.9671883994904302, 0.0 0.0 8.407207395678474e-05 0.00206547282904114 0.021967051042212943 0.14640279419004212 0.8294806098647471, 
24, 111111, 011111, 0.9710933119333075, 0.9710933119333075, 0.0 0.0 0.0001967547143807865 0.0010319789797523617 0.013761000220573446 0.1420351721622278 0.8429750939230657, 
25, 111111, 111111, 0.9662297714963504, 0.9662297714963504, 0.0 0.0 0.00031539014991476417 0.0018212732827227029 0.02296493742872076 0.1499661157166293 0.8249322834220124, 
26, 111111, 111111, 0.9675723107457013, 0.9675723107457013, 0.0 0.0 0.0 0.001748695036166381 0.020957302018796788 0.1474054463796996 0.8298885565653373, 
27, 111111, 111111, 0.9685587448346766, 0.9685587448346766, 0.0 0.0 0.0005034271843070359 0.004344122758022234 0.016022139065859434 0.1415571758489267 0.8375731351428846, 
28, 111111, 111111, 0.9653943272701815, 0.9653943272701815, 0.0 0.0 0.00011292663879303704 0.001104271223880826 0.02688990145394859 0.15008971324419895 0.8218031874391787, 
29, 111111, 111111, 0.9646696633180358, 0.9646696633180358, 0.0 0.0 0.00022581957505521318 0.0028935081421931725 0.02007507137292111 0.1622480746191421 0.8145575262906884, 
30, 011111, 111111, 0.9658509174704017, 0.9658509174704017, 0.0 0.0 0.0 0.0008202147367619048 0.020695457426657002 0.16104293611398973 0.8174413917225914, 
31, 111111, 111111, 0.9629232529247421, 0.9629232529247421, 0.0 0.0 5.171075150171915e-05 0.005556763469420323 0.02477637679849118 0.1560305954402968 0.81358455354029, 
32, 111111, 111111, 0.9651704839253724, 0.9651704839253724, 0.0 0.0 0.0 0.0020410531142629894 0.020581342144877324 0.16169125281522181 0.8156863519256379, 
33, 111111, 111111, 0.9645004850751939, 0.9645004850751939, 0.0 0.0 0.0 0.0031076662699891905 0.02238587424675015 0.15890234224536912 0.8156041172378916, 
34, 111111, 111110, 0.9635312654466324, 0.9635312654466324, 0.0001428433455654553 4.544028283652805e-05 0.0014472690581285384 0.0023467450136139276 0.023519614752476 0.1578596050543228 0.8146384824930567, 
35, 111111, 111111, 0.9684778090473127, 0.9684778090473127, 0.0 0.0 1.615285741079421e-05 0.002199128821461314 0.01900370903707067 0.1444637297479553 0.8343172795361019, 
36, 111111, 111111, 0.9672624271405919, 0.9672624271405919, 0.0 0.0 0.0 0.0006295769501650333 0.01836498365468259 0.15780673899658854 0.8231987003985638, 
37, 111111, 111111, 0.9628066648325554, 0.9628066648325554, 0.0 0.0 0.0002932599861456666 0.0062937486599586225 0.024503485482428658 0.1540987541153524 0.8148107517561146, 
38, 111111, 111111, 0.9704663035119235, 0.9704663035119235, 0.0 0.0 8.523523628348396e-05 0.0010564149668088696 0.020065870535930813 0.13356025201103666 0.8452322272499402, 
39, 111111, 111110, 0.9590484566193475, 0.9590484566193475, 0.0 0.0 0.00016891819872276413 0.0037503719618943365 0.02856639392389827 0.17664968375554474 0.7908646321599399, 
40, 111111, 011111, 0.9650180199058436, 0.9650180199058436, 0.0 0.0 0.00011451205000145093 0.0022801268837409766 0.019484143286161108 0.16362516514138756 0.8144960526387088, 
41, 011111, 111111, 0.9698715364269151, 0.9698715364269151, 0.0 0.0 0.0 0.0011039672459624494 0.015626544783181845 0.14620579013425813 0.8370636978365975, 
42, 111111, 111111, 0.9607757934034037, 0.9607757934034037, 0.0 0.0 0.0004653876226447309 0.003733410368897205 0.021271920550560083 0.17973961688118723 0.7947896645767107, 
43, 011111, 111111, 0.9674277916937202, 0.9674277916937202, 0.0 0.0 0.0 0.0019193844722465957 0.01901204708078571 0.15165100225936798 0.8274175661875998, 
44, 111111, 111111, 0.9630010705240882, 0.9630010705240882, 0.0 0.0 0.0006903984103560447 0.0045465503818004896 0.028679995844377325 0.1482323403798905 0.8178507149835758, 
45, 011111, 111111, 0.9650946254498547, 0.9650946254498547, 0.0 0.0 0.0 0.0020171168028353436 0.02259379294946792 0.15819331099343087 0.8171957792542659, 
46, 111110, 111111, 0.9579203034462622, 0.9579203034462622, 0.0 0.0 0.000813111039460727 0.007614367023259698 0.028687095549565268 0.16900844299567472 0.7938769833920396, 
47, 111111, 111111, 0.9656673898159552, 0.9656673898159552, 0.0 0.0 0.0002709724477292242 0.0035178396606376054 0.017621479963597562 0.15911529240424394 0.8194744155237916, 
48, 111111, 111111, 0.9662729391987527, 0.9662729391987527, 0.0 0.0 0.0007152979257202361 0.003359383455171003 0.021879793133596667 0.14566343647189708 0.828382089013615, 
49, 111111, 111111, 0.9703287287387624, 0.9703287287387624, 0.0 0.0 0.0 0.0005469106894495373 0.01919465877330543 0.1379975779524665 0.8422608525847785, 
50, 011111, 111111, 0.9601608498313755, 0.9601608498313755, 8.374773919792402e-05 5.3293243980634774e-05 0.0005187056501742771 0.004164971841917336 0.027281129639869426 0.16913395095046854 0.7987642009343918, 
51, 111111, 111111, 0.9658039997131772, 0.9658039997131772, 0.0 0.0 0.0 0.0025951764176701075 0.02426165761433476 0.14886715723925623 0.8242760087287389, 
52, 011111, 111111, 0.9697400455659753, 0.9697400455659753, 0.0 0.0 0.0 0.0009612649598135266 0.018954068123694167 0.1407677954773197 0.8393168714391726, 
53, 111111, 111111, 0.9637133426571189, 0.9637133426571189, 0.0 0.0 1.3634625112584658e-05 0.0037800680258263573 0.022655528804163307 0.16101414387103025 0.8125366246738674, 
54, 111111, 111111, 0.9683138709049004, 0.9683138709049004, 0.0 0.0 0.0 0.0010772693910091405 0.024341574365439114 0.13820181766669257 0.8363793385768592, 
55, 111111, 111111, 0.9636086647240224, 0.9636086647240224, 0.0 0.0 1.3503931423234086e-05 0.005433388364227801 0.024437295566944732 0.15311923970359942 0.8169965724338047, 
56, 111111, 111111, 0.9643524697076451, 0.9643524697076451, 0.0 0.0 8.541919680708929e-05 0.003288201175777805 0.022668951320836017 0.15834099879789493 0.8156164295086842, 
57, 111111, 111111, 0.9619278413449985, 0.9619278413449985, 0.0 0.0 0.0007744734606282766 0.003101358092804437 0.02462990829394459 0.16677116722119245 0.8047230929314303, 
58, 011111, 011111, 0.9632343763184463, 0.9632343763184463, 0.0 0.0 0.0 0.0013232627470903169 0.028900519661253517 0.1588229145255433 0.8109533030661128, 
59, 111111, 111111, 0.9642695552151065, 0.9642695552151065, 0.0 0.0 3.144478261144388e-05 0.0013433241439746106 0.020691295716320297 0.1688443257143512 0.8090896096427423, 
60, 111111, 111111, 0.9631966796138638, 0.9631966796138638, 0.0 0.0 0.0 0.0026480409382716244 0.03132188515223322 0.15023202919753606 0.8157980447119592, 
61, 111111, 111111, 0.9664752800186001, 0.9664752800186001, 0.0 0.0 0.0 0.0008600926913155401 0.020744747200700235 0.15707854741305272 0.8213166126949315, 
62, 111111, 111110, 0.9594350534907373, 0.9594350534907373, 0.00036313575104154287 0.00017049719587192646 0.0002649049954173962 0.0029132647506440535 0.028681917617140427 0.17319512910208468 0.7944111505878, 
63, 111111, 111111, 0.9726225352812014, 0.9726225352812014, 0.0 0.0 0.0 0.0010945320354548522 0.013369757711145926 0.13424167678413612 0.8512940334692631, 
64, 111111, 111111, 0.9661508639575117, 0.9661508639575117, 0.0 0.0 0.0003548404310071752 0.0033539240191833315 0.01797278777647516 0.15566810692040173 0.8226503408529326, 
65, 111111, 111111, 0.9609521863274914, 0.9609521863274914, 0.000514293764909637 0.0001851360844125421 0.0007216880193267265 0.003772397490929805 0.024063134006641108 0.16794522646015347 0.8027981241736267, 
66, 111111, 111111, 0.9676905169179212, 0.9676905169179212, 0.0 0.0 0.00039788133731058663 0.003460931311529846 0.02008543974623083 0.14171169971617992 0.8343440478887489, 
67, 111110, 111111, 0.9647005740121521, 0.9647005740121521, 0.0 0.0 2.6212494473854697e-05 0.003030203019583168 0.02061821915753508 0.1613646585753716 0.8149607067530363, 
68, 111110, 111111, 0.9691167416332076, 0.9691167416332076, 0.0 0.0 0.0009857532863322893 0.004037229081844857 0.019623743851508568 0.12999736210687382 0.8453559116734405, 
69, 111111, 111111, 0.9647146981320556, 0.9647146981320556, 0.0 0.0 0.00042602310558679553 0.0022412211642695037 0.026353312951327233 0.1505774293898558 0.8204020133889606, 
70, 111111, 111111, 0.9666051301877574, 0.9666051301877574, 0.0 0.0 0.00014770647629363195 0.0025171164733360334 0.01909500817465577 0.15403702719896126 0.8242031416767532, 
71, 111111, 111111, 0.9652321055599066, 0.9652321055599066, 0.0 0.0 4.615275835793642e-05 0.0030962688951768048 0.02377147618083579 0.15159099655992664 0.8214951056057027, 
72, 111111, 111111, 0.9681524542781235, 0.9681524542781235, 0.0 0.0 0.00038532928192581446 0.0010263469862457682 0.016656791104277983 0.153151334036263 0.8287801985912875, 
73, 111111, 111111, 0.9675307418676198, 0.9675307418676198, 0.0 0.0 0.0 0.0015242598805031888 0.017320003457287004 0.15560276223819805 0.8255529744240118, 
74, 111111, 111111, 0.9668249930768766, 0.9668249930768766, 0.0 0.0 0.0008406873652980618 0.003081505987361481 0.018019661173743307 0.15040345176797662 0.8276546937056205, 
75, 111111, 111111, 0.9641351424368507, 0.9641351424368507, 0.0 0.0 0.0004570110293405396 0.005702588346485472 0.022155580294595082 0.1519421756328867 0.8197426446966922, 
76, 111111, 111111, 0.9704273493709885, 0.9704273493709885, 0.0 0.0 0.0 0.0005292045227037156 0.01545004031137142 0.1449482095832141 0.8390725455827108, 
77, 111111, 111111, 0.9589521899804063, 0.9589521899804063, 0.0 0.0 0.0009288774972236155 0.005380144940133137 0.02951367662869446 0.16740356205087933 0.7967737388830695, 
78, 111111, 011111, 0.9671194538813167, 0.9671194538813167, 0.0 0.0 0.0 0.0027596886236739724 0.02090781035398963 0.14718859013309818 0.8291439108892382, 
79, 111111, 111111, 0.9658614163593616, 0.9658614163593616, 0.0 0.0 5.402500722328821e-05 0.003436476103285728 0.01957534778563155 0.1551552779338171 0.8217788731700424, 
80, 111111, 111111, 0.9608243205068833, 0.9608243205068833, 0.0 0.0 0.00113116926657285 0.00633676609409958 0.022765652980780753 0.16598779564854949 0.8037786160099973, 
81, 111111, 111111, 0.9627608903329865, 0.9627608903329865, 0.0 0.0 0.0003583615963569993 0.0031830144291877457 0.021223846301965325 0.17000447572515923 0.8052303019473307, 
82, 111111, 011111, 0.967994209214099, 0.967994209214099, 0.0 0.0 0.00011730556572320914 0.0034135559421486546 0.02256410675431331 0.13619664111744195 0.8377083906203728, 
83, 111111, 111111, 0.9659741987561652, 0.9659741987561652, 0.0 0.0 3.273643922306242e-05 0.0027147825146275756 0.020843022344174945 0.15419346947388332 0.8222159892280911, 
84, 111111, 111111, 0.9633800521075356, 0.9633800521075356, 0.0 0.0 0.0 0.0017667919333272887 0.02622828417038173 0.16196274321404092 0.8100421806822501, 
85, 111111, 111111, 0.9599036044478808, 0.9599036044478808, 5.639518464122499e-06 5.553286579092343e-05 0.0006731174940036307 0.0028538335966019966 0.03200868157643566 0.1649955379542843 0.7994076569944195, 
86, 111111, 111111, 0.963977461085273, 0.963977461085273, 0.0 0.0 6.23231305757023e-05 0.00309700696321608 0.021068580550088617 0.16445775897623344 0.8113143303798861, 
87, 111111, 111111, 0.9720921756293717, 0.9720921756293717, 0.0 0.0 0.0 0.0013250904382952479 0.017329654657739363 0.12881236559340573 0.8525328893105597, 
88, 111111, 111111, 0.9640477679551117, 0.9640477679551117, 0.0004006391645260084 0.00017582209594715206 0.0003855366666024497 0.0040094868628513846 0.022389196704310166 0.15408144613885358 0.8185578723669092, 
89, 111111, 111111, 0.9622600035999584, 0.9622600035999584, 0.0 0.0 0.0 0.002083747110720213 0.027247459662583906 0.16569381774292116 0.8049749754837748, 
90, 111111, 111111, 0.9674260047336553, 0.9674260047336553, 0.0 0.0 0.0005478743349291597 0.0014731736949040208 0.01583623556846675 0.15716048203670685 0.8249822343649932, 
91, 111111, 111111, 0.9587847627487707, 0.9587847627487707, 0.0 0.0 0.0010619965717003743 0.00475248301808982 0.03123201767211593 0.1663219528220729 0.7966315499160209, 
92, 111111, 111111, 0.9652518802365452, 0.9652518802365452, 0.0 0.0 0.00030617834236065545 0.0041202729073505735 0.02350575868272537 0.14789166912378365 0.8241761209437798, 
93, 111111, 111111, 0.960534918102297, 0.960534918102297, 0.0 0.0 0.000769636003957192 0.00641921503678817 0.027264240501638563 0.15992582125674729 0.8056210872008688, 
94, 111111, 111111, 0.9701710586239144, 0.9701710586239144, 0.0 0.0 0.0 0.0013063222265629938 0.016090706476507413 0.1428732686238099 0.8397297026731197, 
95, 111111, 111111, 0.9650907349090047, 0.9650907349090047, 0.0 0.0 0.0004361603122576929 0.0015796279761523574 0.02103469875146406 0.16090266786555651 0.8160468450945695, 
96, 111111, 111111, 0.9663412933242658, 0.9663412933242658, 0.0 0.0 0.0 0.003683951767406988 0.019860064943892697 0.15118025486439823 0.8252757284243021, 
97, 111111, 111111, 0.9624993966659549, 0.9624993966659549, 0.0005987323430869692 0.0001258637945550964 0.00047387683011883774 0.0014695883196338016 0.016616651959507456 0.1812443307745822 0.7994709559785156, 
98, 111111, 111111, 0.9687559432832771, 0.9687559432832771, 0.0 0.0 2.130060281412942e-05 0.0017064214464968725 0.01720380016218429 0.14785227322522107 0.8332162045632836, 
99, 111110, 111111, 0.9615042977045415, 0.9615042977045415, 0.0 0.0 0.0 0.0027153302428025287 0.026204969323223984 0.17041828439789572 0.8006614160360778, 
100, 111111, 111111, 0.9636064514920043, 0.9636064514920043, 0.00011186633562235604 2.682257814305169e-05 0.00031998396038679844 0.0016403228868497692 0.021341635593325015 0.16867180445477864 0.8078875641908945, 
run, initial grid state, final grid state, mean grid cell occupancy, mean binding site occupancy, fraction of time with N TFs bound, warning
1, 111111, 011111, 0.9665024436464072, 0.9665024436464072, 0.0 0.0 0.00016681444415506862 0.00190207760993795 0.022543794696986037 0.14952425812114975 0.8258630551277711, 
2, 111111, 111111, 0.967230344369536, 0.967230344369536, 0.0 0.0 0.00022567137991541904 0.003987886304667482 0.019721183357566955 0.144309222633986 0.8317560363238642, 
3, 111111, 111111, 0.9644279099985835, 0.9644279099985835, 0.0 0.0 0.0 0.0031780825678675937 0.024454790904145842 0.1549887104966043 0.8173784160313823, 
4, 111111, 111111, 0.9636091078069371, 0.9636091078069371, 0.0 0.0 0.0 0.004186873204246666 0.02455540569896829 0.15667392214770082 0.8145837989490842, 
5, 111111, 111111, 0.96818547473086, 0.96818547473086, 0.0 0.0 0.0 0.0027222137015302404 0.01718144031891935 0.14835762987241038 0.83173871610714, 
6, 111111, 111111, 0.962632068042436, 0.962632068042436, 0.003234747918284166 0.0008992939036975587 0.0005759074926566509 0.0017950366867131276 0.016960100798031827 0.15869369309036133 0.8178412201102553, 
7, 111111, 111111, 0.9692701872957443, 0.9692701872957443, 0.0 0.0 0.0 0.0008897494552075152 0.021137732143570447 0.13943416357277 0.8385383548284521, 
8, 001111, 111111, 0.9623323640657235, 0.9623323640657235, 0.0 0.0 7.202915404226097e-05 0.0054480781176185315 0.030629410723951773 0.14811464318873066 0.8157358388156567, 
9, 111111, 111111, 0.9656520826543598, 0.9656520826543598, 0.0 0.0 3.510083653086707e-05 0.0021884970241424014 0.02050881738869209 0.1583639748779064 0.8189036098727283, 
10, 111111, 111111, 0.9595092187031229, 0.9595092187031229, 0.0 0.0 0.0007724896357816173 0.006511636384327315 0.028902593036980055 0.16251463401119395 0.801298646931717, 
11, 011111, 111111, 0.9601436974622685, 0.9601436974622685, 0.0012679112114954562 0.0005394200511116072 0.00035752042677436553 0.004594358666889525 0.02357350759173215 0.16647307481062878 0.8031942072413683, 
12, 111111, 111111, 0.9655867060851732, 0.9655867060851732, 0.0 0.0 0.0 0.0025691732706328656 0.022654712273323663 0.15346281913041443 0.821313295325629, 
13, 111111, 011111, 0.9656224129963853, 0.9656224129963853, 0.0 0.0 0.0 0.0020261007198314226 0.020730266834730886 0.15872668619273175 0.818516946252706, 
14, 111111, 111111, 0.9659946790548005, 0.9659946790548005, 0.0 0.0 0.0003310062144861902 0.0038655143228250454 0.020024482905047825 0.1510623920346813 0.8247166045229596, 
15, 111111, 111111, 0.9676613137245458, 0.9676613137245458, 0.0 0.0 0.0 0.001816804888194487 0.01973628534634156 0.1491091322954585 0.8293377774700055, 
16, 011111, 111111, 0.9636567541274271, 0.9636567541274271, 0.0 0.0 0.0002969536385897511 0.001996750983223262 0.023669326711376882 0.16354275430865495 0.8104942143581552, 
17, 111111, 111111, 0.9690895096204731, 0.9690895096204731, 0.0 0.0 0.0 0.0005993813638860838 0.019235050044549014 0.14519469809640478 0.8349708704951601, 
18, 111111, 111111, 0.9644773270727918, 0.9644773270727918, 0.0 0.0 0.00038667822929888603 0.002749537785549327 0.021766886586160192 0.1598069381170855 0.8152899592819061, 
19, 111111, 011111, 0.9645834074656912, 0.9645834074656912, 0.0 0.0 0.00019083062118706247 0.0038853233686785937 0.019497852339320505 0.16108455793642792 0.8153414357343859, 
20, 111111, 111111, 0.9667575579798704, 0.9667575579798704, 0.0 0.0 0.0 0.0022316336924667088 0.021459424380022206 0.1498409022833334 0.8264680396441777, 
21, 111111, 111111, 0.9641716203991, 0.9641716203991, 0.0 0.0 0.0015623373509562298 0.004315070026086966 0.01850723832716205 0.15876124146899007 0.8168541128268046, 
22, 111111, 111111, 0.962929046291177, 0.962929046291177, 0.0 0.0 0.0005390700548790749 0.004559494271762924 0.025362065735777636 0.15586682774657742 0.8136725421910029, 
23, 111111, 111111, 0.9669109892983, 0.9669109892983, 0.0 0.0 0.0 0.002721260057867563 0.019681222896813295 0.15100783824297132 0.8265896788023478, 
24, 111111, 111111, 0.9616605942370007, 0.9616605942370007, 0.0 0.0 0.0 0.005410078458909161 0.027382928106937036 0.15904034298739395 0.8081666504467598, 
25, 111111, 111111, 0.9636153684992926, 0.9636153684992926, 0.0 0.0 0.0007018273719996496 0.0032263346833238922 0.021472572477988228 0.1628763305102976 0.8117229349563907, 
26, 111111, 111110, 0.9654140307838786, 0.9654140307838786, 0.0 0.0 8.933176825670968e-06 0.0030344509456331032 0.017444067595774063 0.16348859456097864 0.8160239537207885, 
27, 011111, 111111, 0.9647280524391355, 0.9647280524391355, 0.0 2.70881560442845e-05 0.00014161138215680916 0.004684771415101199 0.023511655392016693 0.14985217402700146 0.8217826996276796, 
28, 111111, 111111, 0.9635400461549228, 0.9635400461549228, 0.0 0.0 0.000839018461499725 0.0023356202771804726 0.020675284119719663 0.16704622015348297 0.8091038569881172, 
29, 111111, 111111, 0.9637969083714802, 0.9637969083714802, 0.0 0.0 0.0003024757747523841 0.001259064027613089 0.020740667376828715 0.1707501198356136 0.8069476729851922, 
30, 101110, 111111, 0.9650561414762809, 0.9650561414762809, 0.0 0.0 0.0 0.004750427196256499 0.020384127807219238 0.15464361393910708 0.8202218310574172, 
31, 111111, 111110, 0.9667810800702962, 0.9667810800702962, 0.0 0.0 0.00015039621884504952 0.002918229815605481 0.020930650889818807 0.14809594347638919 0.8279047795993416, 
32, 111111, 011111, 0.9673121085723246, 0.9673121085723246, 0.0 0.0 0.0004689375754248528 0.0032714328265994216 0.017954627454650696 0.14852804487525267 0.8297769572680724, 
33, 111111, 111111, 0.9641961428141108, 0.9641961428141108, 0.0 0.0 0.00010531521885826473 0.006655234756009734 0.025400874335811136 0.14363442930025083 0.82420414638907, 
34, 111111, 111111, 0.9624227694244929, 0.9624227694244929, 0.0 0.0 0.00019806978979191608 0.0006962653731446464 0.0262487429124281 0.17008482234958489 0.8027720995750505, 
35, 111111, 111111, 0.9633510995009719, 0.9633510995009719, 0.0 0.0 0.000367216032486416 0.0030923986080877834 0.022614926638798754 0.16391748976236276 0.8100079689582642, 
36, 111111, 111111, 0.965557564117272, 0.965557564117272, 0.0 0.0 0.0 0.0020646061771902547 0.019419422493949543 0.16162195177689784 0.8168940195519624, 
37, 111111, 111111, 0.9654430262994038, 0.9654430262994038, 0.0 0.0 0.0 0.002251283274936557 0.02280826332535543 0.15497146572805648 0.8199689876716515, 
38, 011111, 111111, 0.9609188579855791, 0.9609188579855791, 0.0 0.0 1.3431899319943926e-05 0.004515945552100567 0.023415001493635543 0.17405528484567379 0.79800033620927, 
39, 111111, 011111, 0.9663619232425402, 0.9663619232425402, 0.0 0.0 0.0003395268217127096 0.0029376409608946807 0.022456728082791096 0.14674397420964108 0.8275221299249605, 
40, 111111, 111111, 0.9624160152379234, 0.9624160152379234, 0.0 0.0 4.495649712670416e-05 0.004570716505602598 0.026415005084288016 0.15878192289856913 0.8101873990144136, 
41, 111111, 111111, 0.9653978002808864, 0.9653978002808864, 0.0 0.0 0.00039670295916682195 0.002732130131081257 0.022404352883632357 0.15302129031750603 0.8214455237086135, 
42, 111111, 011111, 0.9634512266354489, 0.9634512266354489, 0.0 0.0 8.308125275028602e-05 0.004498036879558052 0.021594062696530674 0.16227807914456963 0.8115467400265914, 
43, 111111, 111111, 0.9681117223686806, 0.9681117223686806, 0.0 0.0 0.0 0.000652526955834024 0.018361831235080842 0.15264842245025217 0.8283372193588329, 
44, 111111, 111111, 0.9634280443190534, 0.9634280443190534, 8.153968508334386e-05 0.00010088962884800774 0.0006994194052783647 0.0032567030612465986 0.0219637737963917 0.16194271343330308 0.8119549609898489, 
45, 111111, 111111, 0.9645055034810304, 0.9645055034810304, 0.0 0.0 0.0003369565737452961 0.0025876243578524813 0.02207820113435005 0.15969987747657954 0.8152973404574727, 
46, 111000, 111111, 0.961440254710612, 0.961440254710612, 0.0 0.0 0.00017652373394069215 0.004558330872496017 0.02485656694110344 0.16726425030087003 0.8031443281515899, 
47, 111111, 111111, 0.9629837222394493, 0.9629837222394493, 0.0 0.0 0.0 0.003629741651969665 0.021154183715820594 0.1689000741757544 0.8063160004564554, 
48, 111111, 111111, 0.9650456963705603, 0.9650456963705603, 0.0 0.0 3.386269673461005e-05 0.0020067673029908304 0.020527344165786107 0.16251538074915628 0.8149166450853322, 
49, 111110, 111111, 0.9606234837859936, 0.9606234837859936, 0.0 0.0 0.0 0.0019028307827090932 0.02795529101657282 0.17464002290276492 0.7955018552979531, 
50, 111111, 111111, 0.9642219960663277, 0.9642219960663277, 0.0 0.0 0.0 0.005041216930907361 0.01992186505233121 0.15970064270464895 0.8153362753121125, 
51, 111111, 111111, 0.961839458728635, 0.961839458728635, 0.0 0.0 0.0 0.0006876670592974143 0.026777775915419206 0.1733446946194597 0.7991898624058237, 
52, 111110, 111111, 0.9606641024402596, 0.9606641024402596, 0.0 0.0 0.0004550363670370124 0.0026504021022496476 0.025814928959804133 0.17461417566393714 0.796465456906972, 
53, 111111, 111111, 0.9604322856987487, 0.9604322856987487, 0.0 0.0 0.0006668148722426096 0.0058115221603469895 0.02594646895040246 0.16541152193669106 0.8021636720803169, 
54, 111111, 111111, 0.9619092134037369, 0.9619092134037369, 0.0 0.0 1.2312800163314454e-05 0.00565545372777992 0.025650476514546144 0.16022815416449332 0.8084536027930173, 
55, 111111, 111111, 0.9627839858584489, 0.9627839858584489, 0.0 0.0 0.0 0.0012173564647296779 0.023495913147661557 0.17265218915979416 0.8026345412278145, 
56, 011111, 111111, 0.9687627530889558, 0.9687627530889558, 0.0 0.0 0.0006758486514351481 0.002548757273516905 0.01793763165026461 0.14119855173944545 0.837639210685338, 
57, 111111, 111111, 0.9682413634999508, 0.9682413634999508, 0.0 0.0 0.0 0.0010706368926371845 0.017397838468575965 0.1525442313852314 0.8289872932535555, 
58, 001111, 111111, 0.9706687423043477, 0.9706687423043477, 0.0 0.0 0.0 0.002826076941132556 0.019340599068616234 0.128828117213284 0.8490052067769672, 
59, 111111, 111111, 0.963321827859006, 0.963321827859006, 0.0003188436771426385 0.00020347630396662722 0.0008822850716253617 0.003705127219448423 0.026634068973962994 0.1492259293705025 0.8190302693833514, 
60, 111110, 111111, 0.9713207017906647, 0.9713207017906647, 0.0 0.0 0.0 0.0031470259690732894 0.013269026603612984 0.13609665814156627 0.8474872892857475, 
61, 111111, 111111, 0.9635633505355357, 0.9635633505355357, 6.692601370964731e-05 5.519815277139345e-05 0.0006506057229039427 0.0020463283382860745 0.02691303062070575 0.15537488079278533 0.8148930303588378, 
62, 111111, 111111, 0.963914610625694, 0.963914610625694, 0.0 0.0 0.0008581937748756862 0.0015447548583724597 0.022795280541031204 0.16285473548915402 0.8119470353365665, 
63, 111111, 111111, 0.962542667436916, 0.962542667436916, 0.0 0.0 0.0010352375420012785 0.003403856326994761 0.025420686576192418 0.15955010307713016 0.8105901164776813, 
64, 111111, 111111, 0.9648385172653147, 0.9648385172653147, 0.0 0.0 0.0 0.001786941513923378 0.02146066954675741 0.16268673277282653 0.8140656561664926, 
65, 111111, 111111, 0.9680263830995488, 0.9680263830995488, 0.0 0.0 0.0 0.0016042449014059418 0.017294706426575275 0.1524395538453388 0.8286614948266801, 
66, 111111, 111111, 0.9680450628478923, 0.9680450628478923, 0.0 0.0 3.621123475369953e-05 0.002964175882888961 0.01829860062297188 0.14609504907902118 0.8326059631803643, 
67, 111111, 111111, 0.9638079795593362, 0.9638079795593362, 0.0 0.0 0.0001816704394905056 0.005471975631488345 0.023574246588778193 0.15286102081399983 0.8179110865262431, 
68, 111111, 111111, 0.9661040433763421, 0.9661040433763421, 0.0 0.0 0.0 0.0010864829919431961 0.023168224200097582 0.15377984236592235 0.821965450442037, 
69, 111111, 011111, 0.9671754631098687, 0.9671754631098687, 0.0 0.0 0.0001768827260824612 0.0008446024186644383 0.021594826590914894 0.15051622999863493 0.8268674582657032, 
70, 111111, 011111, 0.9619313990130767, 0.9619313990130767, 0.0 0.0 0.0 0.001885106215630429 0.025926014230288837 0.17090425881407173 0.801284620740009, 
71, 111111, 111111, 0.9616431566950135, 0.9616431566950135, 0.0 0.0 0.0 0.0036146074759794713 0.032047497778900834 0.15520224184417894 0.8091356529009407, 
72, 111111, 111111, 0.9585474585177353, 0.9585474585177353, 0.0 0.0 0.0 0.0017694694860671105 0.02877507870488743 0.1858566830256122 0.7835987687834333, 
73, 111111, 111111, 0.9649076284209118, 0.9649076284209118, 0.0 0.0 0.0 0.002516190215471313 0.0250429253345438 0.15291980815902811 0.8195210762909568, 
74, 111111, 111111, 0.9649083425595784, 0.9649083425595784, 0.0 0.0 0.0 0.0029536306452725347 0.023570521763335513 0.15454800918004136 0.8189278384113506, 
75, 111100, 111111, 0.9637294279920567, 0.9637294279920567, 0.0 0.0 2.6174318480151038e-05 0.004001229472610992 0.021447275944621973 0.16262049446666157 0.8119048257976252, 
76, 001111, 111111, 0.969770010405624, 0.969770010405624, 0.0 0.0 0.00013994583429881503 0.0013468641884644824 0.018386049195502005 0.14000746327266334 0.8401196775090713, 
77, 111111, 011111, 0.9587859983809842, 0.9587859983809842, 0.0007945379456680161 0.00024623329894236153 0.0007695931168123086 0.003555844194553338 0.02795268618204804 0.17163433813036905 0.7950467671316068, 
78, 111111, 111111, 0.9656046237880227, 0.9656046237880227, 0.0 0.0 0.0 0.0010325824112135454 0.024066733892013522 0.15514104225419634 0.8197596414425766, 
79, 111111, 111111, 0.9628292168064255, 0.9628292168064255, 0.0 0.0 0.0004231117255036036 0.0034525341168900325 0.022488863367540954 0.1659969231736808 0.8076385676163846, 
80, 111111, 111110, 0.9674993034030915, 0.9674993034030915, 0.0 0.0 0.0007168465357649893 0.0013177506178853055 0.021613033033298142 0.14495747551813828 0.8313948942949133, 
81, 111111, 111111, 0.9608558897117507, 0.9608558897117507, 0.0 0.0 0.00030514616427205853 0.002706099360378824 0.022878468415595512 0.17976884216008024 0.7943414438996734, 
82, 001110, 111111, 0.963085333716791, 0.963085333716791, 0.0 0.0 0.0013312304736971853 0.006031433207767293 0.023411920072605022 0.15124493603595415 0.8179804802099764, 
83, 111111, 111110, 0.963043434928333, 0.963043434928333, 0.0 0.0 0.00034248958321366987 0.0036386363155125434 0.02936339750773977 0.1507267281351305 0.8159287484584036, 
84, 111111, 111111, 0.9643511666568476, 0.9643511666568476, 0.0 0.0 0.0002309831578024228 0.0010905159289228347 0.022880889432277753 0.16393574077638115 0.8118618707046158, 
85, 111111, 111111, 0.9676036059401556, 0.9676036059401556, 0.0 0.0 0.00012168367522023971 0.002546555768417858 0.01793951096523756 0.15037294042245758 0.8290193091686668, 
86, 111111, 111111, 0.9650589175421621, 0.9650589175421621, 0.0006456829213686216 0.0003657151947299639 0.00033026834626447585 0.00491247299757223 0.017771575305400245 0.15234217825659155 0.8236321069780729, 
87, 111111, 011111, 0.9705932903187757, 0.9705932903187757, 0.0 0.0 0.0 0.0017575273083820086 0.015802009820502307 0.13956365652119518 0.8428768063499205, 
88, 011111, 111111, 0.9670941947431735, 0.9670941947431735, 0.0 0.0 0.0 0.002686595888906944 0.016956399630736408 0.15546224461276578 0.8248947598675909, 
89, 111111, 111111, 0.9634555697401679, 0.9634555697401679, 0.0 0.0 0.0 0.00496602067325819 0.024948164664498125 0.1544721902102223 0.8156136244520213, 
90, 111111, 111111, 0.9632595384748714, 0.9632595384748714, 0.0 0.0 0.0003446234196341605 0.0032948189786120696 0.024707482227133537 0.15976485408213098 0.8118882212924893, 
91, 111110, 111111, 0.9657538601709301, 0.9657538601709301, 0.0 0.0 1.8431324078014916e-05 0.0031561339020407197 0.02178004405177504 0.15237462386843442 0.8226707668536718, 
92, 111111, 011111, 0.964932881997293, 0.964932881997293, 0.0 0.0 0.0 0.0037593025186813725 0.02077711504115658 0.1575705703778847 0.8178930120622774, 
93, 011111, 111111, 0.9623701174411279, 0.9623701174411279, 0.0 0.0 0.0 0.003695154155288239 0.027292851291412887 0.16010813030454193 0.8089038642487569, 
94, 111111, 111111, 0.96616271189961, 0.96616271189961, 0.0 0.0 0.0 0.001415293279448861 0.020693422183469062 0.15739100439705517 0.8205002801400268, 
95, 011110, 111110, 0.9615710972696528, 0.9615710972696528, 0.0 0.0 0.0004541322427707059 0.0037917196849079427 0.030799609394522826 0.15578250956723003 0.8091720291105685, 
96, 111111, 111111, 0.9632082946575902, 0.9632082946575902, 0.00036700684498559854 0.00022018767414342787 0.00048706072420608425 0.0020977164855636014 0.02760293121655248 0.1539999978272081 0.8152250992273407, 
97, 111111, 111111, 0.9581988910694258, 0.9581988910694258, 0.0 0.0 0.00013456950010566838 0.007283435480297346 0.030209293274311166 0.1679994825935084 0.7943732191517775, 
98, 111110, 111111, 0.9606007128925396, 0.9606007128925396, 0.0 0.0 0.0002607587356790474 0.001661416810938801 0.023854717640436503 0.18265900198835722 0.7915641048245884, 
99, 111111, 111101, 0.9619711520807894, 0.9619711520807894, 0.0 0.0 0.0007457348205811636 0.00321823358803583 0.025501122326019365 0.16453320281679293 0.8060017064485707, 
100, 111111, 111111, 0.9677429122320367, 0.9677429122320367, 0.0 0.0 0.0002776688514606175 0.0018049269808279882 0.018503198485417968 0.1500106732886171 0.8294035323936764, 
run, initial grid state, final grid state, mean grid cell occupancy, mean binding site occupancy, fraction of time with N TFs bound, warning
1, 111111, 111111, 0.9637179726695954, 0.9637179726695954, 0.0 0.0 0.0 0.0014526943447920287 0.02828706108559796 0.15675995877685608 0.8135002857927539, 
2, 111111, 111111, 0.9643355008539014, 0.9643355008539014, 0.0 0.0 0.00036920239457147457 0.0039270529650996125 0.02146469732366813 0.1577996317556709 0.8164394155609899, 
3, 111110, 111111, 0.9664155798813389, 0.9664155798813389, 0.0013738116239700997 0.0002707367275402659 0.0019750464795953884 0.004492379727830262 0.013485925759012257 0.14356079071054836 0.8348413089715033, 
4, 111111, 111111, 0.9580412717867228, 0.9580412717867228, 0.0 0.0 8.640214951833088e-07 0.003636303027706472 0.028792747762807942 0.183254508584947 0.7843155766030433, 
5, 111110, 111111, 0.9636440237810169, 0.9636440237810169, 0.0 0.0 3.7847076698144274e-05 0.00293572713308125 0.020070467127655135 0.16903635335255235 0.8079196053100131, 
6, 111111, 111111, 0.9627127393647075, 0.9627127393647075, 0.0 0.0 0.0004320702525965372 0.0037516430046591973 0.02547921663672858 0.1597819205139353 0.8105551495920804, 
7, 111111, 111111, 0.9643939998786616, 0.9643939998786616, 0.0 0.0 7.935944941497984e-05 0.0019046723033083618 0.019910112468534566 0.16778432108337582 0.8103215346953663, 
8, 111111, 111111, 0.9704330655766016, 0.9704330655766016, 0.0 0.0 0.0 0.0017341321668057639 0.016795938406455685 0.1386073332270616 0.842862596199677, 
9, 111111, 111110, 0.9652852463422309, 0.9652852463422309, 0.0 0.0 0.00030303892949240546 0.0017397613579918016 0.02072649707809494 0.16040408799847983 0.8168266146359411, 
10, 111111, 111111, 0.9645354277536877, 0.9645354277536877, 0.0 0.0 0.00017922300090889134 0.003002877691522226 0.021982972987959808 0.15909596242375162 0.8157389638958574, 
11, 111111, 111111, 0.9674508747276745, 0.9674508747276745, 0.0 0.0 0.00047248525015146955 0.0023010409352827214 0.014302733182135598 0.15789622146322738 0.8250275191692029, 
12, 111111, 111111, 0.9664802201798038, 0.9664802201798038, 0.0 0.0 8.496919177940912e-06 0.0019291402015602587 0.019942054793849074 0.15541316105208675 0.8227071470333259, 
13, 111111, 111111, 0.9637320233816161, 0.9637320233816161, 0.0 0.0 0.0 0.0013414226891419999 0.025013779857014102 0.1635560319288487 0.8100887655249951, 
14, 111111, 111111, 0.9624118616783084, 0.9624118616783084, 0.0 0.0 0.0007286933913658913 0.0016939835869247003 0.029008648770979292 0.15951480806195345 0.8090538661887766, 
15, 111111, 111111, 0.9705534716577204, 0.9705534716577204, 0.0 0.0 0.0 0.0013591699805297168 0.013849524923119963 0.1449026102658485 0.8398886948305018, 
16, 111111, 111111, 0.967487457858215, 0.967487457858215, 0.0 0.0 0.0 0.0019178619610251129 0.01887313578967216 0.15157539538829007 0.8276336068610127, 
17, 111111, 111110, 0.9621095787752453, 0.9621095787752453, 0.0 0.0 0.0007214529974610464 0.002581205291035913 0.02782193841315537 0.16106922265926682 0.8078061806390809, 
18, 111111, 111111, 0.9687243491403984, 0.9687243491403984, 0.0 0.0 0.0008863353386150087 0.002237598171830745 0.015394124394807534 0.14660752049804282 0.8348744215967039, 
19, 111111, 111111, 0.9654455711249267, 0.9654455711249267, 0.0 0.0 0.00017783563001096247 0.0032610789227826534 0.02363733935712483 0.14955731524779886 0.8233664308422827, 
20, 111111, 111111, 0.9651716966775653, 0.9651716966775653, 0.0 0.0 0.00019198724225285505 0.0034523367696467854 0.022939411782628184 0.15196603709139977 0.8214502271140725, 
21, 111111, 111111, 0.9598986135306067, 0.9598986135306067, 0.0 0.0 0.0008729740516840275 0.0023865568813564663 0.02958298191866981 0.17079078812821483 0.7963666990200748, 
22, 111111, 111111, 0.9621477322644816, 0.9621477322644816, 2.6710100765228267e-05 1.4374491491090682e-05 0.0008519649140644906 0.0031750093184005003 0.022278241054996636 0.16939210362961057 0.8042615964906714, 
23, 011110, 111111, 0.9654478351667333, 0.9654478351667333, 0.0 0.0 0.0 0.0005075069404515481 0.019614270875561186 0.16656192642712295 0.8133162957568644, 
24, 111111, 111111, 0.9633013189780313, 0.9633013189780313, 0.0 0.0 0.0 0.002836411865236773 0.02534005922787404 0.16100273208035343 0.8108207968265357, 
25, 111111, 111111, 0.9622819502068273, 0.9622819502068273, 0.0 0.0 0.0 0.0012535615717398764 0.024376383442439385 0.17379484715893834 0.8005752078268824, 
26, 011111, 111111, 0.9621678855863296, 0.9621678855863296, 0.0 0.0 0.00025177483102957406 0.0024681522096248144 0.026772969779154734 0.1650351909707197 0.8054719122094712, 
27, 111111, 111111, 0.9648054751545138, 0.9648054751545138, 0.0 0.0 0.00014240722870474768 0.0015338726347673506 0.02311482670544194 0.15976624884291268 0.8154426445881733, 
28, 111110, 111111, 0.9634478211204374, 0.9634478211204374, 0.0002644880106310617 0.00014032912468876156 0.00019841244196026095 0.0039125817878805595 0.025549895984640098 0.1533933124893832 0.8165409801608161, 
29, 111111, 111111, 0.9605612286353091, 0.9605612286353091, 0.0 0.0 0.0 0.002205494905874814 0.027307962360836883 0.17540021874884731 0.795086323984441, 
30, 111111, 111111, 0.9593649519533928, 0.9593649519533928, 0.0 0.0 0.0005775478957296837 0.004841944274258925 0.025714684869667742 0.17554489413461283 0.7933209288257308, 
31, 111111, 111111, 0.9692874264729453, 0.9692874264729453, 0.0 0.0 7.080302090060142e-05 0.001710097169024036 0.019143596610555213 0.14057474435054282 0.8385007588489773, 
32, 111111, 111111, 0.963970835097632, 0.963970835097632, 0.0 0.0 0.0001247151068253744 0.006753258269589855 0.02812258714213444 0.13917117989386754 0.8258282595875828, 
33, 111111, 111111, 0.9614264213534162, 0.9614264213534162, 0.0 0.0 0.001218717449704806 0.004368278009021338 0.02247046056171453 0.16852084693019184 0.8034216970493675, 
34, 111111, 111111, 0.9617888789274972, 0.9617888789274972, 0.00013069873108863828 0.00015084667140685375 0.00032166828035886795 0.0023186839600755483 0.02545759629930723 0.16857038309117445 0.8030501229665884, 
35, 111111, 111111, 0.9624548479477154, 0.9624548479477154, 0.0 0.0 0.0 0.002613765886171932 0.027022187412168115 0.1633852398308553 0.8069788068708047, 
36, 111111, 111111, 0.9661256970119788, 0.9661256970119788, 0.0 0.0 0.0 0.003132803487218448 0.023939834696033155 0.1459677380744049 0.8269596237423434, 
37, 111111, 111111, 0.9591897528146258, 0.9591897528146258, 0.0 0.0 0.00013345480233799842 0.003920844913364365 0.032149899029470574 0.16826533110385905 0.795530470150968, 
38, 111111, 111111, 0.9666444404663, 0.9666444404663, 0.0 0.0 0.0 0.001075391718845857 0.023674381408900404 0.14955841922786067 0.825691807644393, 
39, 111111, 111111, 0.9644846169922825, 0.9644846169922825, 0.0 0.0 0.0005383222272719655 0.0035469339577675995 0.02272956828776567 0.15483907068838332 0.8183461048388114, 
40, 111111, 111111, 0.9649933748823795, 0.9649933748823795, 0.0 0.0 5.286363983778726e-05 0.0032703248853790472 0.024147448202606857 0.15172242508502085 0.8208069381871554, 
41, 011111, 111111, 0.9655820069210567, 0.9655820069210567, 0.0 0.0 0.0 0.0012201953590710885 0.023332500657193667 0.15618237108206048 0.8192649329016748, 
42, 111111, 111111, 0.9635567583708907, 0.9635567583708907, 0.0 0.0 3.444895059579894e-05 0.0035393361036079765 0.020385229862801682 0.16713318593584447 0.80890779914715, 
43, 111111, 111111, 0.9675155245738329, 0.9675155245738329, 0.0 0.0 0.0 0.0016282800113074552 0.019522013641586858 0.15097798523990624 0.8278717211071994, 
44, 111111, 111111, 0.9678716982001365, 0.9678716982001365, 0.0 0.0 9.361856338711011e-05 0.002104220238880004 0.0188065350413307 0.14846960574633153 0.8305260204100706, 
45, 111110, 111111, 0.9632808744360459, 0.9632808744360459, 0.0 0.0 3.795370569637843e-05 0.005387737025213866 0.025615709520799897 0.1527683084436973 0.8161902913045925, 
46, 111111, 111111, 0.9639954119180414, 0.9639954119180414, 0.0 0.0 3.256783597951843e-06 0.004368418160692365 0.022686780774521974 0.1575356853262392 0.8154058589549484, 
47, 111111, 111111, 0.9641101688759001, 0.9641101688759001, 0.0 0.0 0.00011726324433122361 0.0031279356885615733 0.025369020690775058 0.1547480853200396 0.8166376950562926, 
48, 111111, 111111, 0.9670207309622189, 0.9670207309622189, 0.0 0.0 0.0007465437463641166 0.0013073741494622115 0.021166563638003125 0.14863418951683738 0.8281453289493331, 
49, 111111, 011111, 0.96052987217768, 0.96052987217768, 0.0 0.0 0.00031739109960930684 0.003546137747944153 0.026494162061365446 0.17192446516891896 0.7977178439221622, 
50, 011100, 111111, 0.96276961398671, 0.96276961398671, 3.257940950132551e-05 6.059580091192608e-05 0.000287023436490127 0.002536901156281315 0.023908809762580835 0.16630744387820642 0.8068666465560281, 
51, 011111, 111111, 0.9636461142891518, 0.9636461142891518, 0.0 0.0 0.0 0.002820980953948526 0.024032623066026295 0.16159512527119074 0.8115512707088345, 
52, 111111, 111111, 0.9626586899439848, 0.9626586899439848, 0.0 0.0 0.00010157827309351591 0.003849713619847822 0.023879801326284183 0.16433280373160486 0.8078361030491696, 
53, 111111, 111111, 0.9610720239541859, 0.9610720239541859, 0.0014555715291886102 0.001071727882940996 0.0014633976430256308 0.005215689884086705 0.018635158238775217 0.16070481098313502 0.8114536438388479, 
54, 111111, 111111, 0.9635762760884886, 0.9635762760884886, 0.0 0.0 0.0013886161140172467 0.003120088032717967 0.023425035846076782 0.15677754322269188 0.8152887167844961, 
55, 111111, 111111, 0.9684555236088556, 0.9684555236088556, 0.0 0.0 0.0003135793343776003 0.002063351901272152 0.018661428451212863 0.14449962840311403 0.8344620119100233, 
56, 011111, 111111, 0.963092349419507, 0.963092349419507, 0.0 0.0 0.0 0.0017344962321662334 0.030529735225880355 0.1551829443346989 0.8125528242072545, 
57, 111111, 111110, 0.9575067252330053, 0.9575067252330053, 0.00024313417673735388 9.773820365326745e-05 0.0014866381519818305 0.0048102636764951615 0.03383620283492042 0.1649624032160248 0.7945636197401872, 
58, 111111, 011111, 0.9598792570702801, 0.9598792570702801, 0.0 0.0 3.2429728553068064e-05 0.002823163081463717 0.028202382109882025 0.17572048519995206 0.7932215398801492, 
59, 111111, 111111, 0.9629419650135578, 0.9629419650135578, 0.0 0.0 0.0008905561717614673 0.0031525989842173027 0.01996153846237706 0.16940511135420216 0.806590195027442, 
60, 111111, 011111, 0.9667439654494299, 0.9667439654494299, 0.0 0.0 0.0007646356787524337 0.001497004015046223 0.021053745829173156 0.1498791608849267 0.8268054535921014, 
61, 111111, 111111, 0.9634540020955896, 0.9634540020955896, 0.0 0.0 1.3679940971646988e-05 0.003889872377505969 0.020694460432685902 0.16616272966468582 0.8092392575841506, 
62, 011111, 111110, 0.9645577804721557, 0.9645577804721557, 0.0003275011775349435 0.0002340487387531144 0.00041164623492839786 0.005684639520757858 0.024598868405574997 0.14161982609495433 0.8271234698274963, 
63, 111111, 111111, 0.9694495762633223, 0.9694495762633223, 0.0 0.0 0.0 0.002611449623354446 0.019712989349937288 0.136042214850129 0.8416333461765793, 
64, 111111, 111110, 0.9620730737917661, 0.9620730737917661, 4.225675586620966e-05 2.912161400045667e-05 0.0008687356644188222 0.006080099612004018 0.030864873863808737 0.1437174194228988 0.8183974930670029, 
65, 011111, 111111, 0.9672138678871138, 0.9672138678871138, 0.0 0.0 3.001129117125556e-05 0.0015043917081964502 0.01658005541320216 0.15892346156163853 0.8229620800257915, 
66, 111111, 111110, 0.9637463199085671, 0.9637463199085671, 0.0 4.974277469742865e-05 0.0007489339129055965 0.0043394112407740375 0.026338470377793712 0.14858245654557864 0.8199409851482506, 
67, 111110, 111111, 0.9639199037904665, 0.9639199037904665, 0.0 0.0 0.0 0.003363600376543594 0.020832712507756538 0.16472435111205752 0.8110793360036423, 
68, 111111, 111100, 0.9647336988816364, 0.9647336988816364, 0.0 0.0 0.0007592773452366533 0.0024953117045231586 0.01953853498907965 0.16199769223750668 0.8152091837236538, 
69, 111111, 111111, 0.9647405641225318, 0.9647405641225318, 0.0 0.0 0.00035669146857170825 0.0015757577486712874 0.02107441101120988 0.1632537541220887 0.8137393856494585, 
70, 111111, 111111, 0.9654437350370986, 0.9654437350370986, 0.0 0.0 0.0 0.0011636352566845075 0.021968673818386165 0.15990933637058227 0.816958354554347, 
71, 011111, 011111, 0.9691602621597857, 0.9691602621597857, 0.00014581369582062674 0.00016329450636841 0.0005382439796920049 0.0026754611603754187 0.015667663510750707 0.14183238591312458 0.8389771372338682, 
72, 001111, 111111, 0.9693305893782207, 0.9693305893782207, 0.0 0.0 0.0005257913980159872 0.0014364610025896982 0.017956010416575036 0.1416918942976923 0.838389842885127, 
73, 111111, 111111, 0.9625545516536848, 0.9625545516536848, 0.0 0.0 0.000717467239041449 0.0028733284814118553 0.023730079977696217 0.16572267572209765 0.8069564485797528, 
74, 111111, 111110, 0.9657836717369958, 0.9657836717369958, 0.0 0.0 0.00040131436151788345 0.004256713753390312 0.0186530708499029 0.15361642917197718 0.8230724718632119, 
75, 111111, 111111, 0.9662809040102233, 0.9662809040102233, 0.0001931094124067681 0.0001840973333738957 0.0007232281570745507 0.00430058499316864 0.017687105147637116 0.14906655489427242 0.8278453200620666, 
76, 111111, 111111, 0.9671146868857554, 0.9671146868857554, 0.0 0.0 0.00011566855980055672 0.0023458264922122584 0.02537265064274463 0.13906642368413935 0.8330994306211033, 
77, 111111, 111111, 0.9639019892252692, 0.9639019892252692, 0.0 0.0 0.0005227103045271691 0.003982819854784792 0.02107686602429076 0.16039503181734027 0.814022571999057, 
78, 111110, 111111, 0.9655380367758071, 0.9655380367758071, 0.0 0.0 0.0 0.0021814510080357054 0.02613671795373949 0.1479539904135708 0.8237278406246541, 
79, 111111, 111111, 0.9644221960357898, 0.9644221960357898, 0.0 0.0 0.00048558468402590065 0.001629333018933861 0.019642733807805637 0.16735101837674354 0.810891330112491, 
80, 111111, 111111, 0.9600106851397002, 0.9600106851397002, 0.001222382194791365 0.0002993950888990504 0.0008762035686194115 0.00307336082807565 0.030614447201598102 0.15715082938665437 0.806763381731362, 
81, 111111, 111111, 0.9668716201973663, 0.9668716201973663, 0.0 0.0 0.00012192058178035187 0.003775278647891264 0.017588245261123153 0.15178027002276076 0.8267342854864445, 
82, 111111, 111111, 0.9608969082271064, 0.9608969082271064, 0.0 0.0 0.0 0.003980376965843191 0.027478168004268614 0.16772108373129488 0.8008203712985933, 
83, 111110, 111111, 0.9676570665588056, 0.9676570665588056, 0.0 0.0 0.0 0.0009579991370178403 0.017075334669050084 0.15703293389801312 0.8249337322959189, 
84, 111111, 111111, 0.9632756638170423, 0.9632756638170423, 0.0 0.0 0.0 0.00127121200678814 0.017828853492867554 0.18087467409164637 0.8000252604086979, 
85, 111111, 111111, 0.9658822527578133, 0.9658822527578133, 0.0 0.0 0.00047796270346675595 0.0028996664052610734 0.022835284853499522 0.14842506371647182 0.8253620223213008, 
86, 111111, 111111, 0.9672602155462532, 0.9672602155462532, 0.0 0.0 4.629757887999216e-05 0.0011639696792757864 0.01923760283409449 0.15428640170094443 0.8252657282068052, 
87, 111111, 011111, 0.9670103285313755, 0.9670103285313755, 0.0 0.0 0.0 0.0013277999626902738 0.017609181788386233 0.1587362653469039 0.8223267529020196, 
88, 111111, 111111, 0.9660404997643701, 0.9660404997643701, 0.0 0.0 0.0007941270030760764 0.0008971675281459943 0.020014698374933818 0.15785959406716918 0.820434413026675, 
89, 111110, 111111, 0.9630439623337052, 0.9630439623337052, 0.0 0.0 0.0 0.002928880038472158 0.025456005300149492 0.16203757528205281 0.8095775393793255, 
90, 111111, 001111, 0.9645066410631933, 0.9645066410631933, 0.0 0.0 0.0005107934342289325 0.003730271951520978 0.0285668751537994 0.1425924137217625 0.8245996457386883, 
91, 111111, 111110, 0.9637846323944468, 0.9637846323944468, 0.0 0.0 0.000478099844318685 0.005033704800004426 0.026883084264269955 0.1465125233274916 0.8210925877639155, 
92, 111111, 111111, 0.9616036558814177, 0.9616036558814177, 0.0021178911380971186 0.0007880076475854288 0.00023503209677093082 0.0030931760643841395 0.027387567450939364 0.14873588816286895 0.8176424374393542, 
93, 111111, 111111, 0.9624773925295207, 0.9624773925295207, 0.0 0.0 0.0005978920328936122 0.004928680889789249 0.022784380363204584 0.1623892732955248 0.8092997734185877, 
94, 111111, 111111, 0.9657060122279121, 0.9657060122279121, 0.0 0.0 0.0 0.003275971524133852 0.020325135155886923 0.15528574174835297 0.8211131515716262, 
95, 111111, 111111, 0.964675900874353, 0.964675900874353, 0.0 0.0 0.0 0.0020658491892953713 0.023194625302356393 0.15935779658128413 0.8153817289270641, 
96, 011111, 111111, 0.9624288453063983, 0.9624288453063983, 0.0 0.0 4.035890222526732e-05 0.001544314308564095 0.027320336369588243 0.16599187688783984 0.8051031135317825, 
97, 111111, 111110, 0.9637304765482672, 0.9637304765482672, 0.0 0.0 0.0004815823324351083 0.0013938828452022018 0.025787256639499535 0.15993464956605047 0.8124026286168127, 
98, 111111, 111111, 0.9622615949878578, 0.9622615949878578, 0.0 0.0 0.00022184918873026255 0.004229422168168156 0.021260648773995326 0.17033346926543694 0.8039546106036694, 
99, 111111, 111111, 0.9620021005506946, 0.9620021005506946, 0.0 0.0 2.881669203187738e-05 0.0028122228909010934 0.023203910102770942 0.17302764104945997 0.8009274092648361, 
100, 111111, 011111, 0.9658914461246579, 0.9658914461246579, 0.0 0.0 0.0 0.0018026528371558018 0.020753668766283172 0.15773602720801888 0.8197076511885422, 
run, initial grid state, final grid state, mean grid cell occupancy, mean binding site occupancy, fraction of time with N TFs bound, warning
1, 111111, 111111, 0.9610892278771409, 0.9610892278771409, 0.0 0.0 0.0006252169751513004 0.004153585796536746 0.029549740474627526 0.1594035264976837 0.8062679302560007, 
2, 111111, 011110, 0.9662277008014895, 0.9662277008014895, 0.0002759214951377255 0.0002665369554578406 0.000807274086130829 0.003088556218344498 0.01604077658132845 0.15506926328073375 0.8244516713828669, 
3, 111111, 111111, 0.9640858474805704, 0.9640858474805704, 0.0 0.0 0.0008591990045336881 0.005461177040408505 0.02073722276599661 0.1541901424452244 0.8187522587438368, 
4, 111111, 111111, 0.9645247455810866, 0.9645247455810866, 0.0 0.0 0.0002272951504675547 0.00175837900069346 0.02183935165026026 0.1629885056090097 0.8131864685895691, 
5, 111110, 111111, 0.9668181410300142, 0.9668181410300142, 0.0 0.0 0.0 0.0011022014971068359 0.02047702899271171 0.15483049134317095 0.8235902781670105, 
6, 111111, 111111, 0.9612389138093654, 0.9612389138093654, 0.0 0.0 0.0001417567481675602 0.004262990056548104 0.02924714059992487 0.1607162387816434 0.805631873813716, 
7, 111111, 111110, 0.9648293447214012, 0.9648293447214012, 0.0 0.0 1.2694320935692104e-05 0.0018206520240702335 0.022850255608998157 0.15981068709764268 0.8155057109483532, 
8, 111111, 111111, 0.9621319925672266, 0.9621319925672266, 0.000642984081202121 0.00043524731558356963 0.0006581030830344699 0.0030084018839175533 0.02082061253318787 0.1678750604812445 0.8065595906218298, 
9, 111111, 111111, 0.9686382351740516, 0.9686382351740516, 0.0 0.0 0.0 0.001644733050193595 0.021794310721474457 0.13964776836216158 0.8369131878661704, 
10, 011111, 111111, 0.965556467178599, 0.965556467178599, 0.0 0.0 0.0 0.0018183328039258432 0.022884222247867347 0.15543775402089344 0.8198596909273134, 
11, 111111, 111111, 0.9650727994360762, 0.9650727994360762, 0.0 0.0 4.3328247201272414e-05 0.002302499274760172 0.026836992288917057 0.14880840799262335 0.8220087721964981, 
12, 111111, 111111, 0.9585570528799687, 0.9585570528799687, 0.0 0.0 0.0007455487403016998 0.005819777222800425 0.033642603788480954 0.16093094851361747 0.7988611217347995, 
13, 001111, 111111, 0.9662875559321615, 0.9662875559321615, 0.0 0.0 0.0008216915439874146 0.0023677483338882628 0.021171525399444138 0.14954160243052805 0.8260974322921522, 
14, 111111, 111111, 0.9627690449563104, 0.9627690449563104, 6.179044950235457e-06 6.631802600826535e-05 0.0011688589138910883 0.0032463141359245808 0.020498756826108806 0.1676051741468385 0.8074083989062785, 
15, 111111, 111111, 0.9642973080748879, 0.9642973080748879, 0.0 0.0 0.00038265136592592505 0.0036539257286743463 0.021464679776163873 0.1587944093486183 0.8157043337806176, 
16, 111111, 111111, 0.9664676364271912, 0.9664676364271912, 0.0 0.0 0.0003050943154469558 0.00197603338463432 0.019764481621097483 0.1545167407789668 0.8234376498998545, 
17, 111111, 111111, 0.960475109207349, 0.960475109207349, 0.0 0.0 0.0 0.004777810891681271 0.03262844946664841 0.15755901314756482 0.8050347264941056, 
18, 111111, 111111, 0.9590669053328624, 0.9590669053328624, 0.0 0.0 0.0009489019165480597 0.006364033520086943 0.027950498244417213 0.16680986328753789 0.7979267030314099, 
19, 111111, 111000, 0.9645632256302364, 0.9645632256302364, 0.0 0.0 0.00020491548189935228 0.003454709282017584 0.022551291275334572 0.15633427389426197 0.8174548100664865, 
20, 111111, 111111, 0.9659185082607366, 0.9659185082607366, 0.0 0.0 0.0 0.0026307524308368134 0.020870520365433926 0.15485565241220128 0.821643074791528, 
21, 011110, 111111, 0.9669573537937949, 0.9669573537937949, 0.0 0.0 0.0009550118522563434 0.002052183507466981 0.02470948000166352 0.13886031930247753 0.8334230053361356, 
22, 111111, 111100, 0.9728946790533682, 0.9728946790533682, 0.0 0.0 6.403300900379816e-05 0.0014183530199039797 0.014999936295616988 0.12812086199282993 0.8553968156826454, 
23, 111111, 111110, 0.9635429627059059, 0.9635429627059059, 0.0 0.0 8.294602244961828e-05 0.003413227016588662 0.02445427966645173 0.1592621992920969 0.812787348002413, 
24, 111111, 011111, 0.9633692942222492, 0.9633692942222492, 0.0 0.0 0.0 0.002819462148237313 0.024710172660766035 0.16190550290026084 0.8105648622907359, 
25, 111111, 111111, 0.9668479577574545, 0.9668479577574545, 0.0 0.0 0.0 0.001403078596373179 0.02061856026844595 0.1534658971292608 0.82451246400592, 
26, 111111, 011110, 0.9655410873013879, 0.9655410873013879, 0.0 0.0 8.733749426421664e-05 0.002810972211570796 0.01791058225622639 0.16215004506745093 0.8170410629704876, 
27, 111111, 111111, 0.9654370515149965, 0.9654370515149965, 0.0 0.0 0.00031580875921870976 0.0029899423317822954 0.023306900815178996 0.15053082724744205 0.822856520846378, 
28, 111111, 111111, 0.9631077011463012, 0.9631077011463012, 0.0 0.0 0.000944371175756284 0.004587026867899625 0.0210054852311602 0.16180425735314838 0.8116588593720355, 
29, 111111, 111111, 0.9639927055584379, 0.9639927055584379, 0.0 0.0 0.00014375462367991604 0.0009521872791063927 0.023793854345295344 0.16502447762674416 0.8100857261251742, 
30, 111111, 111111, 0.9592200507504017, 0.9592200507504017, 0.0010262093259927772 0.0007188431341192125 0.0003517374549358657 0.003232939747950477 0.02670784186073606 0.17040677108597077 0.7975556573902949, 
31, 111111, 111111, 0.9670764164836367, 0.9670764164836367, 0.0 0.0 0.0 0.0029643805253771653 0.022771900263439476 0.14310455899516938 0.831159160216014, 
32, 111110, 011111, 0.9640084492811849, 0.9640084492811849, 0.0 0.0 0.00017535092476186296 0.003478227766611576 0.02264760547838783 0.15951800635723296 0.8141808094730058, 
33, 111111, 111111, 0.9590604227979468, 0.9590604227979468, 0.00293712318138412 0.001185175345797283 0.0010457716980257488 0.0033441736154537255 0.020787179213322373 0.1662988813299195 0.8044016956160972, 
34, 111111, 111111, 0.9684020660209556, 0.9684020660209556, 0.0 0.0 0.00015625772725661594 0.002119921842868108 0.01907467974241114 0.1444534479518131 0.834195692735651, 
35, 111111, 111111, 0.9622567285538757, 0.9622567285538757, 0.0 0.0 0.00019480703176489897 0.003255813611969188 0.027532835975490614 0.16084728776279827 0.808169255617977, 
36, 111111, 111111, 0.9657837929275652, 0.9657837929275652, 7.883442413403873e-05 5.5255653892301375e-05 0.0005452994643430482 0.0019195413667791796 0.020388645090314347 0.15583084548200474 0.8211815785185322, 
37, 111111, 111111, 0.961185723646408, 0.961185723646408, 0.0 0.0 0.00011815308903012956 0.0022195272246001447 0.024383148906863453 0.17698816627790417 0.7962910045016021, 
38, 111110, 011111, 0.967325069425374, 0.967325069425374, 0.0 0.0 9.35293093398639e-05 0.0015380359044117585 0.021594299522022263 0.14787275945311695 0.8289013758111092, 
39, 111111, 111111, 0.9629846006826784, 0.9629846006826784, 0.0 0.0 0.0008947180912063199 0.004829262801485077 0.023719909039413834 0.1565859170558216 0.8139701930120732, 
40, 111111, 111111, 0.9639050731390677, 0.9639050731390677, 0.0 0.0 0.00013444503763130732 0.0035955940948760364 0.02318942587556009 0.1588661469793206 0.8142143880126119, 
41, 011111, 111111, 0.9650213915382617, 0.9650213915382617, 0.0 0.0 0.0 0.0020336470774052822 0.022627293327716774 0.1585161228827801 0.8168229367120978, 
42, 111111, 111111, 0.96553285678796, 0.96553285678796, 0.0 0.0 0.0 0.0018438017738114083 0.020918381909026992 0.15943469013275197 0.8178031261844096, 
43, 111111, 111110, 0.9629379064342534, 0.9629379064342534, 0.0 0.0 0.0 0.002642532394532607 0.029030522744699024 0.15638391872148352 0.8119430261392848, 
44, 111111, 011111, 0.9636368849577808, 0.9636368849577808, 0.0 0.0 0.00025932936400321975 0.002876307243898922 0.024139946397411686 0.16023255827078262 0.8124918587239035, 
45, 011111, 111111, 0.9658140322520024, 0.9658140322520024, 0.0 0.0 7.358428916332267e-05 0.001819061338837771 0.020559143004201818 0.15824599930641553 0.8193022120613814, 
46, 111111, 111111, 0.9606054965531365, 0.9606054965531365, 0.0 0.0 0.000644613182057795 0.004344621125290108 0.0286685977063576 0.1634175091643642 0.8029246588219303, 
47, 111110, 111111, 0.9680493816455885, 0.9680493816455885, 0.0 0.0 0.0 0.00014603153519567987 0.01926791180360551 0.15272979191367056 0.8278562647475283, 
48, 111111, 111111, 0.9651617918842601, 0.9651617918842601, 0.0 0.0 0.00016598736321585516 0.004696256931546415 0.02265836935582346 0.14895978973529064 0.8235195966141237, 
49, 111110, 111111, 0.9629084698321118, 0.9629084698321118, 0.0 0.0 0.0002945804417630604 0.0029536954458383806 0.025341631268364962 0.16182651036603166 0.809583582478002, 
50, 111111, 111111, 0.9648770750900921, 0.9648770750900921, 0.0 0.0 0.0006912849277418284 0.005527995252606769 0.019612268691095523 0.15216388660846816 0.8220045645200879, 
51, 111111, 111111, 0.9641733462840197, 0.9641733462840197, 0.0 0.0 0.0 0.003231784354516367 0.021899053216373497 0.16146646279958538 0.8134026996295247, 
52, 011110, 111111, 0.9622436818769022, 0.9622436818769022, 0.0 0.0 0.0 0.0015411742992337365 0.02644846233920821 0.16901746116246916 0.8029929021990889, 
53, 011111, 111111, 0.962793754860944, 0.962793754860944, 0.0 0.0 5.6922948936564575e-05 0.002610255391045553 0.022390245254000834 0.17039852235745137 0.8045440540485657, 
54, 111111, 111111, 0.9650554625775966, 0.9650554625775966, 0.0 0.0 0.0 0.003589329298886855 0.024244100431664452 0.1504110357744313 0.8217555344950174, 
55, 111111, 111111, 0.9658312481161999, 0.9658312481161999, 0.0 0.0 0.0 0.0031017181751059704 0.02057612646001162 0.15455510385745938 0.8217670515074229, 
56, 111111, 111111, 0.9659373410636406, 0.9659373410636406, 0.0 0.0 0.0 0.002443847783654644 0.022996661532135 0.15105108720292212 0.8235084034812883, 
57, 111111, 111111, 0.9613608801485729, 0.9613608801485729, 0.0002883226823580832 2.5118073889925363e-05 0.001552185591777052 0.002938607979020263 0.020168447868482434 0.17461773060383023 0.800409587200642, 
58, 111111, 111111, 0.9641765902451651, 0.9641765902451651, 0.0 0.0 2.760682361863908e-05 0.0031521990494354844 0.020792737047551767 0.16378795999112428 0.8122394970882698, 
59, 111111, 111111, 0.9655570312354643, 0.9655570312354643, 0.0 0.0 1.873064936796824e-05 0.004455678916105592 0.024793568564977678 0.14362871611146988 0.8271033057580788, 
60, 111111, 011111, 0.9655576292237067, 0.9655576292237067, 0.0 0.0 0.00023760509281919113 0.002380683631460184 0.018450945884103107 0.16165986162389617 0.8172709037677214, 
61, 111111, 111111, 0.961397332375644, 0.961397332375644, 0.0 0.0 0.0007761607746743872 0.0029568328080274656 0.026858927375766155 0.16592300947182412 0.8034850695697079, 
62, 011111, 111110, 0.962713605659814, 0.962713605659814, 0.0 0.0 4.6294742426758717e-05 0.0023714709557931582 0.024579083372120124 0.16726060745978888 0.8057425434698711, 
63, 011111, 111111, 0.9657016126357909, 0.9657016126357909, 0.0 0.0 0.00010438065825062137 0.0027046617387615213 0.020116146312142494 0.15702652371168246 0.8200482875791628, 
64, 111111, 111111, 0.9635091352635335, 0.9635091352635335, 0.0006090061843130702 0.0002478602122861998 0.0005167193580366316 0.0030068344699425353 0.023898575798676578 0.15516731781216142 0.8165536861645836, 
65, 111111, 111111, 0.964266931554691, 0.964266931554691, 0.0 0.0 0.0006222425694663183 0.0014436024136579603 0.021610409344546975 0.16435781446392111 0.8119659312084077, 
66, 111111, 111111, 0.9660149796057897, 0.9660149796057897, 0.00030771557402712956 8.486563548054013e-05 0.0010996238664185431 0.004004353145417939 0.019711581078104525 0.14580478368555919 0.8289870770149922, 
67, 111111, 111111, 0.9668463812656508, 0.9668463812656508, 0.0 0.0 0.0 0.001968709993347128 0.021110732757330518 0.15079411691139263 0.8261264403379297, 
68, 111110, 111111, 0.9644447101278786, 0.9644447101278786, 0.0 0.0 0.001141395853695543 0.003556102840009913 0.019471364635257737 0.15915511802740137 0.8166760186436355, 
69, 111111, 111111, 0.9663411743944313, 0.9663411743944313, 0.0 0.0 0.0 0.0012540578397460067 0.018477647501479896 0.16123548511121422 0.8190328095475599, 
70, 111111, 111111, 0.9617425163189511, 0.9617425163189511, 0.0 0.0 1.5545017829196792e-05 0.0011892259829435886 0.02785243144898821 0.17021018116816913 0.8007326163820698, 
71, 111111, 111111, 0.9663592519024669, 0.9663592519024669, 0.0 0.0 2.3821116030840644e-05 0.002130187890682703 0.023849752748751396 0.1476591349515245 0.8263371032930106, 
72, 111111, 111111, 0.9690609764735817, 0.9690609764735817, 0.0 0.0 0.0 0.0010221201001468726 0.014999297177649026 0.15256918650277157 0.8314093962194326, 
73, 111111, 111111, 0.9691428975804204, 0.9691428975804204, 0.0 0.0 0.0 0.00011167457463162285 0.01694541826952289 0.1509167542545372 0.8320261529013083, 
74, 011111, 111111, 0.9675311645660036, 0.9675311645660036, 0.0 0.0 0.000546648340015979 0.0014527413814510546 0.018564106302811453 0.15113998249393773 0.8282965214817838, 
75, 111111, 111111, 0.9670476097106876, 0.9670476097106876, 0.0 0.0 0.0 0.0015286486013309656 0.019973809266294967 0.1531807773992918 0.8253167647330822, 
76, 111111, 011111, 0.9645285772012385, 0.9645285772012385, 0.0 0.0 0.00036225875246170017 0.002750150034855008 0.028073330623105304 0.14698239043194647 0.8218318701576315, 
77, 111111, 111111, 0.9628392492167335, 0.9628392492167335, 0.0 0.0 0.0002869120394865671 0.0018230386916063795 0.022525859032224673 0.17129602240238495 0.8040681678342975, 
78, 111111, 111111, 0.9616833311332851, 0.9616833311332851, 0.0 0.0 0.0 0.004256522641712955 0.02271338531729941 0.171703674640552 0.8013264174004356, 
79, 111111, 111111, 0.9688755089689826, 0.9688755089689826, 0.0 0.0 0.0 0.0011508981762788975 0.018428700392603605 0.1464368508720606 0.8339835505590569, 
80, 111111, 111111, 0.9625118214742562, 0.9625118214742562, 0.0 0.0 0.0 0.0010428176125830127 0.024226086094610844 0.17334844612749162 0.8013826501653146, 
81, 111111, 111111, 0.9708897635625158, 0.9708897635625158, 0.0 0.0 0.0 0.001416311754562851 0.015553892176120887 0.13930469900897513 0.8437250970603412, 
82, 111110, 111111, 0.9664791030094777, 0.9664791030094777, 0.0 0.0 0.0003513344688135101 0.0014678525126971941 0.01782980548593296 0.15965687555792277 0.8206941319746336, 
83, 111110, 011111, 0.9614038467126559, 0.9614038467126559, 0.0 0.0 0.0002722625274575324 0.004456384130538304 0.02328227682394225 0.17055416357473524 0.8014349129433267, 
84, 011111, 111111, 0.9658297727680554, 0.9658297727680554, 0.0 0.0 0.0 0.0015245301161918255 0.018988074312103784 0.16247162441888505 0.8170157711528193, 
85, 111111, 111111, 0.9647401050495493, 0.9647401050495493, 0.0 0.0 0.0 0.00213860323893784 0.023108141986626037 0.15892727601263865 0.8158259787617975, 
86, 111111, 111111, 0.9676066780752809, 0.9676066780752809, 0.0 0.0 7.89903256695611e-05 0.0019830131558787253 0.018070120387001173 0.1519546900039985 0.8279131861274521, 
87, 111111, 011111, 0.9616760936840933, 0.9616760936840933, 0.0 0.0 3.0020023747455503e-05 0.0036749469509776995 0.03142403601457515 0.15595044491836657 0.8089205520923332, 
88, 111111, 011111, 0.9632893853776034, 0.9632893853776034, 2.8051886364164804e-05 7.781723472890399e-05 0.0017927731279861357 0.003910401124345518 0.021989827179650014 0.15682433999826917 0.815376789448656, 
89, 111111, 111111, 0.9676614157628073, 0.9676614157628073, 0.0 0.0 3.118408648563992e-05 0.0016198681890601911 0.018681217972403477 0.15168472856522608 0.8279830011868247, 
90, 111111, 111111, 0.9680838737702959, 0.9680838737702959, 0.0 0.0 0.0 0.0029033591433462566 0.016349065478395996 0.15008854899139432 0.8306590263868634, 
91, 111111, 111111, 0.9675218737658526, 0.9675218737658526, 0.0 0.0 0.0 0.003004441736714258 0.01737087872610912 0.1511136747425231 0.8285110047946537, 
92, 111111, 011111, 0.9621854164693132, 0.9621854164693132, 0.0 0.0 0.0004819248950544425 0.003886109665496207 0.028466002917344982 0.1563694667727247 0.8107964957493797, 
93, 111111, 111111, 0.9650613658802386, 0.9650613658802386, 0.0 0.0 0.0 0.003235670824231079 0.025905671371061745 0.1481134495037515 0.8227452083009558, 
94, 111111, 111110, 0.9703114921276639, 0.9703114921276639, 0.0 0.0 0.0 0.00022858454564823988 0.01592236324104825 0.14560056711497538 0.8382484850983282, 
95, 111110, 011111, 0.9695496293716203, 0.9695496293716203, 0.0 0.0 0.00014966377498342877 0.0017685054365808586 0.01389179730975736 0.1490144577410873 0.835175575737591, 
96, 111111, 111111, 0.96312371608298, 0.96312371608298, 0.0 0.0 0.0002929021739279088 0.0017115663023253137 0.02350101697333956 0.167949361952754 0.8065451525976532, 
97, 011111, 111111, 0.9590470054819029, 0.9590470054819029, 0.0 0.0 0.0013522088283510717 0.004861913879516532 0.02893064727925125 0.16786209559812693 0.7969931344147543, 
98, 111110, 111111, 0.9637454162145508, 0.9637454162145508, 0.0 0.0 0.0 0.0024255295584499977 0.025083520145199083 0.1600838737469469 0.812407076549404, 
99, 111111, 111111, 0.9646134375846143, 0.9646134375846143, 0.00037454037945940376 0.00030058094855297174 0.0014451157195572483 0.004012940564833938 0.013930642031678755 0.16288865883670425 0.8170475215192134, 
100, 111111, 111111, 0.9651283603027717, 0.9651283603027717, 0.0 0.0 0.0 0.00243960793561311 0.021427559386457382 0.15905589560361622 0.8170769370743133, 
