run, initial grid state, final grid state, mean grid cell occupancy, mean binding site occupancy, fraction of time with N TFs bound, warning
1, 111111, 111111, 0.9461608050428759, 0.9461608050428759, 0.0 0.0 0.0011123473177348715 0.009018532212165621 0.04938206008052409 0.1927660636742599 0.7477209967153156, 
2, 111111, 111111, 0.9526427610370535, 0.9526427610370535, 0.0 0.0 0.001662789903553724 0.003608806113546178 0.031638822427465144 0.2033882109678949 0.7597013705875401, 
3, 111111, 111100, 0.8377708004125506, 0.8377708004125506, 0.11843421331328519 0.0006493237881295949 0.0016127392879664612 0.007083174843994853 0.03397943753522923 0.16386394195002849 0.6743771692813662, 
4, 000000, 111111, 0.8318338605988681, 0.8318338605988681, 0.12174059161655973 0.0006815559808172917 0.003269860874753667 0.009218612760413927 0.04352694436195298 0.1473563362991841 0.6742060981063184, 
5, 011111, 011111, 0.9520209972818138, 0.9520209972818138, 0.0 0.0 0.00017753886088166915 0.005587731184366884 0.037466689792363575 0.1954672877277634 0.7613007524346244, 
6, 111111, 111111, 0.796541416127642, 0.796541416127642, 0.16252249557224635 0.0008649583959859892 0.00047182359485819223 0.0032064389260581276 0.03434261553991542 0.16109989558330265 0.6374917723876332, 
7, 111111, 111111, 0.9447677766789165, 0.9447677766789165, 0.0 0.0 0.0022873252471284637 0.004407386472819901 0.04213706606599391 0.22474774738753975 0.726420474826518, 
8, 111111, 111111, 0.9542937330782819, 0.9542937330782819, 0.0 0.0 0.0 0.006979482427676419 0.029299952505852603 0.19469924923557455 0.7690213158308964, 
9, 111111, 111111, 0.9479018360466622, 0.9479018360466622, 0.0 0.0 0.0004563239700537068 0.011189764092690851 0.0354852523888341 0.20622389078407047 0.7466447687643509, 
10, 111111, 111111, 0.8144360286318948, 0.8144360286318948, 0.143197047428287 0.0007350970860459974 0.00019900705740798086 0.003102733911514218 0.02589971017633828 0.18862240789182746 0.6382439964485791, 
11, 011111, 111111, 0.891277654096045, 0.891277654096045, 0.06761861408791399 0.0003534627655647482 0.00313577716168449 0.005535232402929805 0.023970046152361466 0.16776617890817216 0.7316206885213733, 
12, 111110, 111110, 0.9497946225351431, 0.9497946225351431, 0.0 0.0 3.0172111690186317e-05 0.004399975566985678 0.04086470079778988 0.20618224804584387 0.7485229034776903, 
13, 111111, 111111, 0.8127872322255784, 0.8127872322255784, 0.13645864879350242 0.0008254124221019517 0.0035894144345509434 0.00957312741209182 0.041498027955733846 0.17432455588905962 0.6337308130929594, 
14, 111111, 111111, 0.95256213135688, 0.95256213135688, 0.0 0.0 0.0015750750818785172 0.005412571467483242 0.02628753700533194 0.20951412311809253 0.7572106933272138, 
15, 111111, 111111, 0.9485346989829546, 0.9485346989829546, 0.0 0.0 0.0010986805999502964 0.007978761067840366 0.044564201414333045 0.19133239767028404 0.7550259592475922, 
16, 111111, 111111, 0.9573113109476084, 0.9573113109476084, 0.0 0.0 6.409508266650494e-05 0.0010539174777678079 0.029887798561731776 0.1929384044269171 0.7760557844509168, 
17, 111111, 111111, 0.8445536641016869, 0.8445536641016869, 0.10985264550086804 0.0005993888664238793 0.0028067189357453867 0.01043338612661397 0.03488388546514562 0.15827039299943665 0.6831535821057665, 
18, 111110, 011111, 0.8391723236673826, 0.8391723236673826, 0.11429462177552846 0.0005978101524704978 0.0034090123096202096 0.006901749548082634 0.031138020916510235 0.1795919368644313 0.6640668484333566, 
19, 111111, 111111, 0.7425002067337301, 0.7425002067337301, 0.21343163268463872 0.0011713497479480788 0.002647307020396164 0.00951716557481804 0.03491597456547185 0.14957954081306454 0.5887370295936627, 
20, 011111, 111111, 0.9450833731098742, 0.9450833731098742, 0.0 0.0 0.00023165158481874989 0.004517600495111793 0.04827965607270585 0.2184610413707318 0.7285100504766318, 
21, 111111, 111111, 0.9446617411642327, 0.9446617411642327, 0.0 0.0 0.0006015362945423239 0.011098995880638339 0.04282739434926952 0.2106716314959804 0.7348004419795694, 
22, 111110, 111111, 0.9145071876383183, 0.9145071876383183, 0.03539003762595145 0.00018627898922571112 0.0018635782753672484 0.007799498091125481 0.04216581184825959 0.18450082239688803 0.7280939727731824, 
23, 111111, 111111, 0.8633692541327963, 0.8633692541327963, 0.09540354189251819 0.0005332752326315924 0.0008278689135625248 0.0039152918937837644 0.027707926428782413 0.1742236434917896 0.697388452146932, 
24, 111111, 111111, 0.9533686266964201, 0.9533686266964201, 0.0 0.0 0.0 0.0028144650308335106 0.03512030888461267 0.20110422695975352 0.7609609991248003, 
25, 111111, 111111, 0.9076211040537949, 0.9076211040537949, 0.04100340144096192 0.00020660545692546026 0.0009281352600110144 0.006517790157726165 0.04505594183050926 0.19384214457259152 0.7124459812812747, 
26, 011111, 111111, 0.8556783158225661, 0.8556783158225661, 0.09508446600897454 0.000524959703595184 0.002509287650738131 0.0036622764689574917 0.044419099316887645 0.18293633184917957 0.6708635790016675, 
27, 111110, 111100, 0.9511019015209815, 0.9511019015209815, 0.0 0.0 7.402917755796795e-05 0.007410829319536458 0.0347057421271376 0.20144850195099492 0.756360897424773, 
28, 111111, 111111, 0.8591982750392317, 0.8591982750392317, 0.09321931684308206 0.0005336681068015524 0.003388873751556128 0.010244152184298867 0.03205276178781949 0.17443263303734935 0.6861285942890926, 
29, 011111, 111111, 0.8912637985901077, 0.8912637985901077, 0.05564092269734809 0.0002726388301227774 0.0033167414388768583 0.008932217281720538 0.03909037911387054 0.198964102296241 0.6937829983418202, 
30, 111111, 111111, 0.935930510036913, 0.935930510036913, 0.005177539713663416 3.825160265051183e-05 0.0011498873316902914 0.00817444283558258 0.051232647550441004 0.22157227054889825 0.712654960417074, 
31, 111111, 111111, 0.9549076298445189, 0.9549076298445189, 0.0 0.0 0.0020346719664889002 0.007134329607796136 0.03274739814069261 0.1755177479621564 0.782565852322866, 
32, 111111, 111111, 0.9413776927043915, 0.9413776927043915, 0.0 0.0 0.0030865768626303827 0.010927156141334058 0.049813661996520923 0.20697874390608575 0.7291938610934289, 
33, 111111, 111111, 0.9228675117138054, 0.9228675117138054, 0.03362565022446609 0.00017146613362885654 0.00011099944285965745 0.004380695923795359 0.029641597791753748 0.18731441657589395 0.7447551739076023, 
34, 111111, 111111, 0.8928482370215225, 0.8928482370215225, 0.05504418758682614 0.0003208293404265812 0.0029296161744491824 0.008943677139034954 0.04013076861331198 0.19223027230624995 0.7004006488397013, 
35, 111111, 000000, 0.7437459958874378, 0.7437459958874378, 0.21253628624227874 0.001170749767848991 0.0028421837257935033 0.008464403716352908 0.03561618445727097 0.1484582434156806 0.5909119486747744, 
36, 111110, 011111, 0.9469529770472428, 0.9469529770472428, 0.0 0.0 0.003133294333700282 0.004825554546810047 0.03386763136466111 0.22353703401198968 0.7346364857428389, 
37, 111111, 011111, 0.9461065923078611, 0.9461065923078611, 0.0 0.0 0.000471088329069955 0.008127816392521333 0.03868791588478444 0.2197168118894212 0.7329963675042032, 
38, 111111, 000000, 0.6303525783471488, 0.6303525783471488, 0.33599295617171865 0.0018635256750884508 1.8965332238447097e-05 0.0022383406059689748 0.02886961931372231 0.12807904273704787 0.5029375501642153, 
39, 111111, 111111, 0.9525576207854749, 0.9525576207854749, 0.0 0.0 0.0 0.0038663154285742763 0.041827232659091024 0.18940086368324585 0.7649055882290889, 
40, 011111, 111111, 0.7384404426625694, 0.7384404426625694, 0.21888520236418682 0.0012185520748922369 0.0021143177615881247 0.006661826500869293 0.028990033491292706 0.16353055193345545 0.5785995158737154, 
41, 111111, 111110, 0.9560126650866596, 0.9560126650866596, 0.0 0.0 0.000810049483953175 0.0027283041793951424 0.035124067902190484 0.18225076320166284 0.7790868152327984, 
42, 111111, 111110, 0.9565471163045087, 0.9565471163045087, 0.0 0.0 0.0 0.0037865523651863845 0.029332636610539527 0.19069237185630955 0.7761884391679645, 
43, 111111, 111111, 0.9490469718222446, 0.9490469718222446, 0.0 0.0 0.000152107593882538 0.005233249868512942 0.04317432530709621 0.20306133847127067 0.7483789787592376, 
44, 111111, 111110, 0.8887889847662759, 0.8887889847662759, 0.06504664371246405 0.00036396727653287703 0.001145420251774447 0.003540951005897401 0.029944823452512315 0.20007221181508159 0.6998859824857373, 
45, 111111, 111111, 0.9544653835236284, 0.9544653835236284, 0.0 0.0 0.0 0.0029317204486013874 0.03458037175098465 0.19525179401045586 0.767236113789958, 
46, 111111, 011111, 0.6242152063885424, 0.6242152063885424, 0.3351927091360033 0.0017895891251801307 0.0035989540201648925 0.008031923412598547 0.03188942451251824 0.13233412588333243 0.4871632739102025, 
47, 111111, 111111, 0.9477164782118297, 0.9477164782118297, 0.0 0.0 0.00011193672842854544 0.008610946523663187 0.03734926090941664 0.21272202242548427 0.7412058334130073, 
48, 111111, 111111, 0.947823147425434, 0.947823147425434, 0.0 0.0 0.0002714890341354551 0.005394613512911881 0.04114108150694219 0.21350915575823362 0.7396836601877768, 
49, 111111, 111110, 0.957356090139477, 0.957356090139477, 0.0 0.0 0.0010375577870878434 0.004845889448174975 0.030544348137493075 0.17608686339527513 0.787485341231969, 
50, 111111, 111111, 0.9548323699572597, 0.9548323699572597, 0.0 0.0 0.0 0.0035089394349850354 0.02801626516816276 0.20444643161516116 0.764028363781691, 
51, 111111, 111111, 0.9540350809527998, 0.9540350809527998, 0.0 0.0 0.000554916489686824 0.007925074970097768 0.03415225131333383 0.18149012078749321 0.7758776364393882, 
52, 111111, 111110, 0.9069150750286084, 0.9069150750286084, 0.04365221333501844 0.00022344645935910086 0.0008372604785392964 0.006603780938643997 0.03590891442892089 0.20050082393351337 0.7122735604260049, 
53, 111111, 111111, 0.9471610283828032, 0.9471610283828032, 0.0 0.0 0.0 0.004049291235334674 0.04552493140016727 0.21383609319684285 0.7365896841676552, 
54, 111111, 011100, 0.9536937313070526, 0.9536937313070526, 0.0 0.0 0.0 0.007212502039555197 0.0327055477966923 0.19078901044563473 0.7692929397181179, 
55, 111111, 001111, 0.9450996774655375, 0.9450996774655375, 0.0 0.0 0.0013595921609442538 0.00980700046053879 0.046293689226637985 0.2019551867281056 0.7405845314237735, 
56, 111111, 111111, 0.9558636325426844, 0.9558636325426844, 0.0 0.0 0.00046818761236485973 0.0022694978175591286 0.029412475382585616 0.19731201007658586 0.7705378291109045, 
57, 000000, 111111, 0.8297390988988836, 0.8297390988988836, 0.12684848372169172 0.0007376395319441791 0.0023739991540896615 0.006360850607602624 0.02899147383820833 0.17022481050124336 0.6644627426452201, 
58, 111111, 111111, 0.8538600453377109, 0.8538600453377109, 0.1005217462824069 0.0005920261219561383 0.002978752666837282 0.009287301316879146 0.037064990654470484 0.15684222374258522 0.6927129592148649, 
59, 111111, 111111, 0.9483548466997134, 0.9483548466997134, 0.0 0.0 0.0003517682516188564 0.0051130940848751 0.0421259971708331 0.20887257019895256 0.7435365702937203, 
60, 111111, 001111, 0.9330719826853296, 0.9330719826853296, 0.014601938533346 8.24030514541694e-05 0.0020461120460735613 0.007607479151649105 0.03561704130302917 0.21130348918537514 0.7287415367290727, 
61, 001111, 111111, 0.8991547001975, 0.8991547001975, 0.05477957077577681 0.00030985836433183574 0.003029978957911105 0.006356400308673147 0.03515849185555002 0.17333898186991736 0.7270267178678397, 
62, 111111, 111111, 0.9525253912127086, 0.9525253912127086, 0.0 0.0 0.0015605108867210431 0.007069349991697129 0.03235472974802236 0.19268809970572828 0.7663273096678311, 
63, 111111, 001111, 0.897179789700265, 0.897179789700265, 0.053560132769745736 0.0002944848046701135 0.0011822560249712317 0.004819490573748999 0.042319185301375496 0.19026217473270202 0.7075622757927864, 
64, 111111, 111110, 0.9388526606121084, 0.9388526606121084, 0.0 0.0 0.001966630266394842 0.013237010768914037 0.046984893008586576 0.2253366969378553 0.7124747690182492, 
65, 111111, 111111, 0.9518483950426928, 0.9518483950426928, 0.0 0.0 0.0001658933188430752 0.006784152901653686 0.031748442321817144 0.20439671311987534 0.7569047983378108, 
66, 000000, 111111, 0.9231696636128278, 0.9231696636128278, 0.025903827783124105 0.000149714075091418 0.0009025781358679844 0.004730622506840477 0.04010641423814799 0.20679547270854204 0.721411370552386, 
67, 111111, 000000, 0.7359331414493925, 0.7359331414493925, 0.2262130021412152 0.00124601208466632 0.0027765143939482025 0.005837585940736616 0.027532834863617642 0.13720859290778475 0.5991854576680312, 
68, 011111, 111111, 0.9514945224198568, 0.9514945224198568, 0.0 0.0 0.0001624255614401471 0.004053614330743139 0.04160595540766349 0.195010409427543 0.7591675952726102, 
69, 111111, 111111, 0.9563300951113437, 0.9563300951113437, 0.0 0.0 0.0002937638168344043 0.004172450001281301 0.03048106795375777 0.18736488815324026 0.7776878300748863, 
70, 111111, 111111, 0.9534336402146212, 0.9534336402146212, 0.0 0.0 0.0009833808941104296 0.004704820573653508 0.02883770416307004 0.20367476508873003 0.761799329280436, 
71, 111111, 111111, 0.8807586361929789, 0.8807586361929789, 0.07312115895446895 0.0003948951832352933 0.0037565994482189127 0.007403045034934168 0.037162204402067495 0.16318681149732275 0.7149752854797525, 
72, 111111, 111110, 0.9484455969978844, 0.9484455969978844, 0.0 0.0 0.00014285879493852456 0.008943836932892245 0.04075244600720071 0.2004185800198611 0.7497422782451075, 
73, 111110, 111111, 0.9422051704824123, 0.9422051704824123, 0.0 0.0 0.0022763399082409764 0.006827227516608763 0.05215213198713984 0.21287767094845583 0.7258666296395546, 
74, 111111, 111111, 0.9111626126788701, 0.9111626126788701, 0.0330862799957549 0.00018171356861835432 0.004702656354307049 0.014315912953288242 0.03959085291436758 0.1926580060033299 0.715464578210334, 
75, 111110, 111110, 0.9503693771482434, 0.9503693771482434, 0.0 0.0 0.0022252136454542475 0.005812339950101652 0.03950972713019256 0.1924264084180319 0.7600263108562196, 
76, 011111, 011110, 0.9135964886730156, 0.9135964886730156, 0.04087316968172947 0.00024041880065600076 0.0020034129839074043 0.002178147593368437 0.03498783472631684 0.18745619169988112 0.7322608245141408, 
77, 111111, 111111, 0.9505214427330213, 0.9505214427330213, 0.0 0.0 2.892483035453728e-06 0.0038112352245084726 0.03824406709190607 0.2089379338123923 0.7490038713881577, 
78, 111111, 111111, 0.9630497536386905, 0.9630497536386905, 0.0 0.0 0.00204551929106349 0.003773047926418426 0.024352995641063788 0.15349426594222004 0.8163341711992342, 
79, 111111, 111111, 0.948556414821141, 0.948556414821141, 0.0 0.0 0.0005487490302741527 0.004316059714189561 0.043077969092934876 0.20736239762361836 0.7446948245389831, 
80, 111111, 111111, 0.9410751032128063, 0.9410751032128063, 0.0 0.0 0.0011236437990937629 0.006815781719601251 0.05821703167684011 0.2121733970143037 0.7216701457901611, 
81, 111110, 111111, 0.9507374656410927, 0.9507374656410927, 0.0 0.0 1.0292119918607529e-05 0.00838114392989475 0.03705886627384781 0.19627287333638938 0.7582768243399495, 
82, 111111, 000000, 0.8419492545407271, 0.8419492545407271, 0.11597465494826213 0.0006138817067337035 0.0006255047726347332 0.0055945333009850265 0.035311134759021284 0.15947924602085953 0.6824010444915036, 
83, 111111, 111111, 0.9558123245057027, 0.9558123245057027, 0.0 0.0 0.0005745206107791974 0.004215725014023159 0.027044926568355162 0.19609094234388597 0.7720738854629565, 
84, 111111, 111111, 0.7682913170047678, 0.7682913170047678, 0.18311915811351945 0.0010107162577487172 0.0030523519600665636 0.008896942342570175 0.041693141256741624 0.16419705062007292 0.5980306394492805, 
85, 111111, 111111, 0.9492310385993337, 0.9492310385993337, 0.0 0.0 0.0011419430921404416 0.012157161501293976 0.037608210222372804 0.18835809108680915 0.7607345940973836, 
86, 111111, 111111, 0.9495533259911628, 0.9495533259911628, 0.0 0.0 0.0005607551087901422 0.00888572858927508 0.04046550302171431 0.19284883180660847 0.757239181473612, 
87, 111111, 111111, 0.913762873890431, 0.913762873890431, 0.0323416212822561 0.00018512117428439 0.004369657023655232 0.010796466688864456 0.04036335495161292 0.19185268502801636 0.7200910938513105, 
88, 111111, 111111, 0.946392193084897, 0.946392193084897, 0.0 0.0 0.00022833289704115615 0.009693555699499389 0.04149728872105468 0.20865826536184626 0.7399225573205584, 
89, 111111, 111111, 0.9551502021819888, 0.9551502021819888, 0.0 0.0 0.0 0.002709458083939871 0.034794716407565644 0.19138097984111668 0.7711148456673778, 
90, 111111, 111111, 0.950712964975745, 0.950712964975745, 0.0 0.0 0.0020103639275535373 0.007473007998974926 0.03957836211496344 0.1861050062084644 0.7648332597500437, 
91, 111111, 111111, 0.9431457512124765, 0.9431457512124765, 0.0 0.0 0.0030004691401864796 0.011059227807143981 0.04516935145582915 0.20560722983130528 0.7351637217655351, 
92, 111111, 111111, 0.949008264185111, 0.949008264185111, 0.0 0.0 0.0012819929172465062 0.008092683007662398 0.03456330284424868 0.20741778850886372 0.7486442327219788, 
93, 111111, 011111, 0.9511416752967747, 0.9511416752967747, 0.0 0.0 0.0006151167325182755 0.007950763589837657 0.030163535092305085 0.2065101203351549 0.7547604642501842, 
94, 111111, 111111, 0.942628956429408, 0.942628956429408, 0.0 0.0 0.00011742121222442636 0.014847285533222898 0.04510285572369135 0.20900900852760335 0.7309234290032579, 
95, 111111, 111110, 0.9485831047885331, 0.9485831047885331, 0.0 0.0 0.0016172375955008323 0.00926448821456088 0.04077507473865881 0.19268880676579722 0.7556543926854823, 
96, 111110, 111111, 0.942584152634567, 0.942584152634567, 0.0 0.0 0.0013902730614157516 0.017336045849851624 0.042151756421973226 0.20262234155343448 0.7364995831133249, 
97, 111111, 111111, 0.945900194328191, 0.945900194328191, 0.0011053713039271675 5.474164731885705e-06 0.002799606403165009 0.0069560511007649055 0.04415410547598197 0.1975644455167126 0.7474149460347166, 
98, 111111, 111111, 0.571118540334583, 0.571118540334583, 0.3942421007974044 0.002169749858593458 0.0017048590871254034 0.007130563729450868 0.02691633089611813 0.11494361458601791 0.45289278104528985, 
99, 111110, 111111, 0.9521568852173373, 0.9521568852173373, 0.0 0.0 0.0006157694098176274 0.0047267456823417275 0.03988962999340947 0.19063611402286135 0.7641317408915699, 
100, 111111, 011110, 0.9518333449380317, 0.9518333449380317, 0.0 0.0 0.0003681605426913783 0.004541978173082811 0.03551543267770338 0.20287048832638818 0.7567039402801342, 
run, initial grid state, final grid state, mean grid cell occupancy, mean binding site occupancy, fraction of time with N TFs bound, warning
1, 111111, 111111, 0.9586105377672726, 0.9586105377672726, 0.0 0.0 1.4218248689458482e-05 0.0025901117722062833 0.03832600442717205 0.16385755623064335 0.7952121093212888, 
2, 011111, 111111, 0.9506230809535084, 0.9506230809535084, 0.0 0.0 0.0014516110438266253 0.003794619952414871 0.03842512394092463 0.20222096236454956 0.7541076826982843, 
3, 111111, 111111, 0.8858873934204947, 0.8858873934204947, 0.06372957319238379 0.0003522001140574614 0.0005379509542382331 0.008626991990074735 0.03814163828572219 0.19622114339382007 0.6923905020697035, 
4, 111111, 111111, 0.8957018632401214, 0.8957018632401214, 0.05657330856710297 0.00030526930345716927 0.000572026977719253 0.00725941392330425 0.04021921662450662 0.18031783970956552 0.7147529248943442, 
5, 111111, 111111, 0.9551026659741755, 0.9551026659741755, 0.0 0.0 3.416375405266171e-05 0.004401518894008936 0.038896789884017714 0.17824921268867458 0.7784183147792461, 
6, 111111, 000000, 0.6738339648634241, 0.6738339648634241, 0.2783135394162207 0.001488158416578429 0.002180579331128597 0.007982370051088702 0.050454144070327916 0.1460964666208032 0.5134847420938524, 
7, 111111, 111111, 0.9497348045055175, 0.9497348045055175, 0.0 0.0 0.002036566218926282 0.009016528594743693 0.029930140940414754 0.20653504042612994 0.7524817238197853, 
8, 111111, 111111, 0.8285736752578174, 0.8285736752578174, 0.12481427609255494 0.0006496222393756253 0.003713260166125581 0.00951826570547514 0.03190852159048341 0.16919929973899306 0.6601967544669922, 
9, 111111, 111111, 0.9373992687689451, 0.9373992687689451, 0.006720333129148483 3.7947471641472406e-05 0.0013284210796267644 0.010384536522411617 0.04871996712509992 0.20118542311728896 0.7316233715547829, 
10, 111111, 111111, 0.9469326524451638, 0.9469326524451638, 0.0 0.0 0.001244463456308217 0.005317030423555913 0.04401519515002159 0.20944474993307416 0.7399785610370401, 
11, 111111, 111110, 0.9491944538321903, 0.9491944538321903, 0.0 0.0 0.0008640725844557795 0.011393466392775404 0.03566547716872777 0.19586563315325242 0.7562113507007886, 
12, 111111, 111111, 0.8991257454138998, 0.8991257454138998, 0.05585079160580476 0.00030566852971139404 0.0012760087373778933 0.006898005181671466 0.038109700132492735 0.1665949844737039 0.7309648413392378, 
13, 111111, 111111, 0.953479790420367, 0.953479790420367, 0.0 0.0 0.0010839044509565261 0.005950581461298749 0.03319827774946648 0.19053733979114287 0.7692298965471354, 
14, 111110, 111111, 0.9607906159126924, 0.9607906159126924, 0.0 0.0 0.0 0.004827516032841312 0.02464038178294726 0.17149299285942649 0.7990391093247848, 
15, 111111, 111111, 0.9463391641807233, 0.9463391641807233, 0.0 0.0 3.518637419371377e-05 0.005940508872772423 0.05062993314103187 0.20274287651850437 0.7406514950934977, 
16, 111111, 011111, 0.9483790645559276, 0.9483790645559276, 0.0 0.0 0.00022983090348913554 0.005463284417019209 0.03623806712163221 0.21994030155615604 0.7381285160017033, 
17, 011111, 111111, 0.8090492099707808, 0.8090492099707808, 0.1452629847223736 0.0008199415597590945 0.0023493844476930297 0.006538505161792735 0.031376244841796096 0.17826158108253576 0.6353913581840498, 
18, 111111, 000000, 0.75676971558946, 0.75676971558946, 0.20514787836892567 0.0011790236876094908 0.000908174732339155 0.002724492432171156 0.028493124041426284 0.1538068935029154 0.6077404132346128, 
19, 111111, 111111, 0.9502147314436764, 0.9502147314436764, 0.0 0.0 0.00037821477411599384 0.007375643214022495 0.04516214508891351 0.18474753242158273 0.7623364645013653, 
20, 111111, 111110, 0.7880646783219634, 0.7880646783219634, 0.17066088435367333 0.0009563656457251594 0.0021218469487794523 0.009516472329039714 0.02686363648458529 0.15210071796614652 0.6377800762720506, 
21, 111111, 111111, 0.9441503296358554, 0.9441503296358554, 0.0 0.0 0.0007926612045663222 0.005633866711728904 0.046148329167109786 0.22272911889719577 0.7246960240193993, 
22, 111100, 111111, 0.8839346817517825, 0.8839346817517825, 0.07450069958041144 0.00042346909585737043 0.0023267219077354384 0.00665124699796908 0.028948071057381713 0.16011359578793752 0.7270361955727075, 
23, 111111, 111111, 0.9450409038859888, 0.9450409038859888, 0.0 0.0 0.0007745147545551685 0.009651072184911454 0.04307215571185624 0.2115589896873997 0.7349432676612774, 
24, 111111, 111111, 0.9518657507859509, 0.9518657507859509, 0.0 0.0 0.0011872869451101903 0.008084365772582104 0.034023377552647074 0.1917564950808135 0.7649484746488472, 
25, 111111, 111111, 0.9514046098042094, 0.9514046098042094, 0.0 0.0 3.440722376448767e-05 0.0061833301573294185 0.033380493550758304 0.20612373470618134 0.7542780343619664, 
26, 111111, 111110, 0.946547492347107, 0.946547492347107, 0.0 0.0 0.0037936156800309245 0.009988196201602106 0.040091630004267034 0.19539273458389333 0.7507338235302066, 
27, 111100, 111111, 0.9474267044010969, 0.9474267044010969, 0.0 0.0 0.0008159539381658178 0.003175167817827945 0.048842383937728 0.20496568651181593 0.7422008077944623, 
28, 111111, 111111, 0.9485299310643331, 0.9485299310643331, 0.0 0.0 0.0 0.004522941280713336 0.05019450204403828 0.1948625856837845 0.7504199709914638, 
29, 111111, 111111, 0.9446935740613597, 0.9446935740613597, 0.0 0.0 0.0017957834553074196 0.009309460374510727 0.04774585644312851 0.20123532780082296 0.7399135719262304, 
30, 111111, 111111, 0.9390908231852104, 0.9390908231852104, 0.0 0.0 0.0017803294118089261 0.011625076244521403 0.04776862610534517 0.22792126229724707 0.7109047059410775, 
31, 111111, 111111, 0.9621772853972784, 0.9621772853972784, 0.0 0.0 0.00021861347204038073 0.002545273187499188 0.02375616025195865 0.1709136936617531 0.8025662594267488, 
32, 111111, 111111, 0.9497288505241221, 0.9497288505241221, 0.0 0.0 0.0004466379114680347 0.005521489634463871 0.03643034830332555 0.2104151796993523 0.7471863444513902, 
33, 111111, 111111, 0.9243333259432799, 0.9243333259432799, 0.028500160138631544 0.00014538756319159551 0.00407611863838718 0.0046550567180149325 0.03441453871204577 0.18317342356088864 0.7450353146688403, 
34, 111111, 111111, 0.9436753433793562, 0.9436753433793562, 0.0 0.0 0.0010850378367732818 0.009938560230020042 0.044817639530376055 0.21415682862595772 0.7300019337768728, 
35, 111111, 111111, 0.9382538895867342, 0.9382538895867342, 0.008941189853502255 5.6699250099630574e-05 0.0009830975845468326 0.00613699213479235 0.041157460684449795 0.21188773899661859 0.7308368214959906, 
36, 111111, 111100, 0.9532643590358684, 0.9532643590358684, 0.0 0.0 0.0021723294073895043 0.005698212646122233 0.026445710051459306 0.20173847011394588 0.7639452777810831, 
37, 111111, 111111, 0.9491474208692886, 0.9491474208692886, 0.0 0.0 0.0009887350743430568 0.005486775196404478 0.03824168607392562 0.20821683674983188 0.747065966905495, 
38, 111111, 011100, 0.9548682724679641, 0.9548682724679641, 0.0 0.0 0.0010686120853170894 0.006297691264009489 0.03623205748698824 0.17515872808494157 0.7812429110787437, 
39, 111111, 111111, 0.8757934979682683, 0.8757934979682683, 0.06830495709737754 0.00040568172641265954 0.0008656440681198948 0.012841131892999695 0.04612950860970382 0.1991358718031753 0.672317204802211, 
40, 111111, 111111, 0.8221068139482247, 0.8221068139482247, 0.13358062014301111 0.0007717022959308964 0.0017355682816545877 0.00823196366780376 0.02841057849741117 0.17355756284807894 0.6537120042661096, 
41, 111111, 111111, 0.9279080048612761, 0.9279080048612761, 0.023913772588827722 0.00014138582748821803 0.001955262835745357 0.004257855679056686 0.036361005995269445 0.19504577579124507 0.7383249412823675, 
42, 111110, 111110, 0.9505734596721224, 0.9505734596721224, 0.0 0.0 0.0010871570795221838 0.005587564041956838 0.03766476666664805 0.20011838819001015 0.7555421240218627, 
43, 111111, 000000, 0.9160177415959493, 0.9160177415959493, 0.03843765408623275 0.00023918067543166022 5.114100331539199e-05 0.004635138212030544 0.03359034711045623 0.1907810496594836 0.7322654892530498, 
44, 111111, 011111, 0.9521392685872044, 0.9521392685872044, 0.0 0.0 0.00014631514134329698 0.005073783001774066 0.038306900519020595 0.19474397786803757 0.7617290234698245, 
45, 111111, 011110, 0.9078109781686451, 0.9078109781686451, 0.0329619494280722 0.00018980179867234966 0.003296374351615153 0.015971985187806684 0.054296023535570115 0.1847199253853129 0.7085639403129507, 
46, 111111, 111111, 0.8404143503922241, 0.8404143503922241, 0.11250759060785966 0.000608107598815986 0.0006941886035455408 0.005424518134606844 0.042022890651261434 0.17633172588489257 0.662410978519018, 
47, 011111, 111111, 0.9296347879524242, 0.9296347879524242, 0.028511462491274897 0.0001434459345427865 0.00036970592073766955 0.004618462204787472 0.027970247311827966 0.179130562744122 0.7592561133927072, 
48, 011111, 011111, 0.9520113561835669, 0.9520113561835669, 0.0 0.0 0.0 0.005134225789605719 0.0381836229077525 0.19616193971427678 0.760520211588365, 
49, 111111, 111111, 0.945881774468462, 0.945881774468462, 0.0 0.0 0.0025603394796096424 0.011993315151159662 0.04050049109404349 0.19748706762922358 0.7474587866459637, 
50, 011111, 111111, 0.9504936987537322, 0.9504936987537322, 0.0 0.0 0.0005063454429254077 0.004834817955861029 0.0401144956138364 0.20027898061064967 0.7542653603767274, 
51, 111111, 111111, 0.9511461005144989, 0.9511461005144989, 0.0 0.0 0.00028917389417841316 0.00913561663498244 0.03639498226154867 0.19176988690824834 0.7624103403010422, 
52, 111111, 111111, 0.9512866461476707, 0.9512866461476707, 0.0 0.0 0.0 0.0034434501448941226 0.03794747929145469 0.20605481409638457 0.7525542564672667, 
53, 111111, 111111, 0.9420286896960499, 0.9420286896960499, 0.0 0.0 0.0021549328944706916 0.013342438546060691 0.04342961675485668 0.21232158109792237 0.7287514307066896, 
54, 111111, 111111, 0.9563444681655001, 0.9563444681655001, 0.0 0.0 0.0003977403637808845 0.0023119978719978672 0.026829110475558145 0.1997480149847658 0.7707131363038973, 
55, 111111, 111111, 0.9523713812796682, 0.9523713812796682, 0.0 0.0 0.0013307243880759532 0.005204573140019611 0.0362012799892997 0.19243253537102847 0.7648308871115763, 
56, 111110, 111111, 0.8970246220123238, 0.8970246220123238, 0.05761931249918676 0.0003237475630452519 0.0009159143256216673 0.004311492227659005 0.025296136418598153 0.203327248293051 0.7082061486728382, 
57, 011111, 111111, 0.930774243517199, 0.930774243517199, 0.011594334321414684 4.8294794442426587e-05 0.0020749195768207025 0.009134356579757075 0.04781050442546295 0.2142233020986265 0.7151142882034757, 
58, 111111, 111111, 0.9510792311734164, 0.9510792311734164, 0.0 0.0 0.0025460835447015076 0.00512923723235258 0.03723923827686818 0.193474090529901 0.7616113504161768, 
59, 111111, 111111, 0.9117934435350049, 0.9117934435350049, 0.03287298702581701 0.00016112744431779496 0.003214773278298605 0.00970736132104952 0.04499384762777121 0.19922690708159466 0.7098229962211513, 
60, 111111, 111111, 0.74519966492986, 0.74519966492986, 0.2168100261304779 0.001226163043784868 0.0013319917983319644 0.005806943410923282 0.029049245282200983 0.14096375042854922 0.6048118799057317, 
61, 011111, 111111, 0.9509969560949063, 0.9509969560949063, 0.0 0.0 0.0005108697662120774 0.0056342677986429305 0.04020593080221661 0.19466011936535157 0.7589888122675768, 
62, 111111, 111111, 0.9494668376198565, 0.9494668376198565, 0.0 0.0 0.0006739593393724589 0.007448496761964658 0.030857205044872785 0.21644323654773134 0.7445771023060588, 
63, 111111, 011111, 0.9577463689223557, 0.9577463689223557, 0.0 0.0 0.0 0.00240616361437877 0.02979375530086378 0.18671578502100264 0.7810842960637548, 
64, 111111, 111111, 0.9529409638815957, 0.9529409638815957, 0.0 0.0 0.0015852256095114348 0.006600929207202028 0.03234207237808529 0.19152638189460325 0.767945390910598, 
65, 111111, 111111, 0.9497473420518339, 0.9497473420518339, 0.0 0.0 0.0014627991431285937 0.007226783338010913 0.04493653902448319 0.1841113230534835 0.7622625554408937, 
66, 111111, 111111, 0.9393099438399725, 0.9393099438399725, 0.0 0.0 0.0011794650096071616 0.007971613270578501 0.053122213208641605 0.22926321069271752 0.7084634978184552, 
67, 111111, 111111, 0.8546066314661402, 0.8546066314661402, 0.10165423139557599 0.0005743682068367231 0.0019868578987465584 0.0057168364625481225 0.028743749906594458 0.17697754099970026 0.6843464151299978, 
68, 111111, 111111, 0.9493811848360915, 0.9493811848360915, 0.0 0.0 0.0011607849831721327 0.007636113433348706 0.03761175030935934 0.2009379101319981 0.7526534411421217, 
69, 111111, 111111, 0.9474872804892194, 0.9474872804892194, 0.0 0.0 0.003938688940528999 0.008810737553297348 0.04090708855753188 0.19107517152761216 0.7552683134210296, 
70, 111100, 111111, 0.9516908196653316, 0.9516908196653316, 0.0 0.0 0.0006199992470862183 0.0048804486256585015 0.04014441154497962 0.1924449160527312 0.7619102245295444, 
71, 111111, 111111, 0.9481867116449185, 0.9481867116449185, 0.0 0.0 0.0008789828257046142 0.009475590473224013 0.041806539362013076 0.19532394868397296 0.7525149386550853, 
72, 111111, 111111, 0.9554465690979931, 0.9554465690979931, 0.0 0.0 0.0 0.003825439329674357 0.041277138914853836 0.17328998959331096 0.7816074321621609, 
73, 111111, 111111, 0.9371166820500436, 0.9371166820500436, 0.013289877887853801 7.414714838992981e-05 0.0006540232827606867 0.01123346686965156 0.030925790902308428 0.19902182908605198 0.7448008648229837, 
74, 111111, 111111, 0.9500305234153971, 0.9500305234153971, 0.0 0.0 0.0 0.0025196234247446023 0.04392901055089116 0.2043999681316018 0.7491513978927625, 
75, 111111, 111111, 0.9518178885584494, 0.9518178885584494, 0.0 0.0 0.0013684128975621859 0.007394818520290425 0.040446469860227784 0.18054162177772745 0.7702486769441922, 
76, 111110, 111111, 0.9438476468464181, 0.9438476468464181, 0.0 0.0 0.0 0.004453603304035762 0.05589594452171001 0.21176141996596456 0.7278890322082896, 
77, 111111, 000000, 0.8872137498120378, 0.8872137498120378, 0.06399454854082243 0.0003448643187234515 0.000935425379530759 0.00449949253173249 0.040924094275612326 0.191937520624676 0.6973640543289025, 
78, 111111, 111111, 0.9541304985613897, 0.9541304985613897, 0.0 0.0 0.0005540580900638444 0.005131256876766965 0.03986356764466347 0.17787987035177827 0.7765712470367274, 
79, 111110, 111111, 0.9495501567705481, 0.9495501567705481, 0.0 0.0 0.00016754041354542684 0.006841572697040523 0.03888972246041442 0.2037247347105794 0.7503764297184203, 
80, 000000, 111111, 0.5436345175854695, 0.5436345175854695, 0.4290612969190742 0.0023674681338929195 0.0012457895594158482 0.004188289127770094 0.01388083666665798 0.10667807334898295 0.44257824624420605, 
81, 111111, 111111, 0.9584176203894555, 0.9584176203894555, 0.0 0.0 0.0005412126617866328 0.001919922520258313 0.026571494928984512 0.1884266695973761 0.7825407002915945, 
82, 111111, 111110, 0.9029661815574568, 0.9029661815574568, 0.05902505116027854 0.0003300553488696189 0.0012401062874370385 0.003354222451752672 0.018182017549592987 0.17501519934504683 0.7428533478570223, 
83, 000000, 111111, 0.835568612070472, 0.835568612070472, 0.1093859931916619 0.0006138582726801918 0.0029376226944276156 0.01272889497204369 0.04461335216043198 0.18803919704909203 0.6416810816596625, 
84, 111110, 111111, 0.9546400125768134, 0.9546400125768134, 0.0 0.0 0.0 0.007222759810086204 0.03199174014109341 0.1865081648266742 0.774277335222146, 
85, 111111, 011110, 0.9482978973573463, 0.9482978973573463, 0.0 0.0 0.00014802007730875695 0.007161666745843944 0.038170020649458514 0.21179549401023856 0.7427247985171502, 
86, 111111, 111111, 0.9241763673824929, 0.9241763673824929, 0.02046362715834504 0.00013256205038530484 0.004082221865972167 0.007403031590473314 0.041624472644201785 0.20971029497933363 0.7165837897112888, 
87, 111111, 111100, 0.9473747377903474, 0.9473747377903474, 0.0 0.0 0.00018312078502592585 0.005080715354521593 0.04007074424315532 0.21963545556793665 0.7350299640493606, 
88, 111111, 111100, 0.9490310931756115, 0.9490310931756115, 0.0 0.0 0.0 0.0052110976917726076 0.04228169986760535 0.2056167481358021 0.7468904543048199, 
89, 111111, 111111, 0.9161882524856473, 0.9161882524856473, 0.02825375004482391 0.00016039853050686063 0.0013131696172925687 0.009445432811832924 0.04792859839902774 0.20309981846191347 0.7097988321346026, 
90, 011110, 111111, 0.9497160910823067, 0.9497160910823067, 0.0 0.0 0.0027180473972963927 0.004909250722929522 0.03999456455140533 0.1961143826453751 0.7562637546829937, 
91, 111111, 011111, 0.9534883148364495, 0.9534883148364495, 0.0 0.0 0.002704805863429024 0.007915167427846988 0.02330734759170271 0.1978906900606405 0.7681819890563807, 
92, 111111, 001111, 0.9499567879283052, 0.9499567879283052, 0.0 0.0 0.0006980282771439779 0.006026634005670774 0.03433238171668096 0.2107224938712194 0.748220462129285, 
93, 011111, 111111, 0.9494137162246123, 0.9494137162246123, 0.0 0.0 0.0012429620499901078 0.009428427928861085 0.040755139066426735 0.18875029253292797 0.759823178421794, 
94, 111111, 111111, 0.9514562644074774, 0.9514562644074774, 0.0 0.0 0.001299258328351577 0.00822541478084418 0.03931046154629488 0.18276821280660746 0.7683966525379019, 
95, 111111, 011111, 0.7908322740288457, 0.7908322740288457, 0.1573191461401472 0.0008713070196457702 0.003307457107163043 0.016260307391294603 0.0370977224365949 0.17052874841208787 0.6146153114930666, 
96, 111111, 111111, 0.9449704397575539, 0.9449704397575539, 0.0 0.0 0.0018318219006317569 0.011409359332975265 0.0471523247720101 0.19431734630920453 0.7452891476851784, 
97, 111110, 111111, 0.9553526309429148, 0.9553526309429148, 0.0 0.0 0.0004754122713762237 0.0035308821501185625 0.04047670515619959 0.17443650849425105 0.7810804919280546, 
98, 111111, 111111, 0.7760801522280715, 0.7760801522280715, 0.17028746729104596 0.0009188183369874386 0.0013402079908821979 0.014376294038686744 0.04667666873790986 0.17535713964494937 0.5910434039595384, 
99, 111111, 111111, 0.9462074422262068, 0.9462074422262068, 0.0 0.0 0.0005789304149665434 0.0077019102921676765 0.05177011901828098 0.19379365606982807 0.7461553842047568, 
100, 111111, 111110, 0.9548906880037052, 0.9548906880037052, 0.0 0.0 0.00011700610214528583 0.007706376565261763 0.03436388981873254 0.17834093823593716 0.7794717892779233, 
run, initial grid state, final grid state, mean grid cell occupancy, mean binding site occupancy, fraction of time with N TFs bound, warning
1, 111111, 111110, 0.8995432615751073, 0.8995432615751073, 0.051569956573068766 0.0003115835099906297 0.0026033327495585345 0.0064995760190695515 0.03507818073450315 0.19169435303654078 0.7122430173772686, 
2, 111110, 111111, 0.9495191083883056, 0.9495191083883056, 0.0 0.0 0.0009841976969828634 0.00459473342099719 0.040470090451462264 0.20422417771631915 0.7497268007142386, 
3, 111111, 011111, 0.9524604646174187, 0.9524604646174187, 0.0 0.0 0.001743859907321873 0.0032445281665921207 0.037553374942912124 0.19342143828059988 0.764036798702574, 
4, 111111, 111111, 0.9260358614888412, 0.9260358614888412, 0.027575576765529113 0.00016701204164750518 0.003008615636895001 0.005454760204430548 0.034448763728395976 0.18020003964787681 0.749145231975225, 
5, 111111, 011111, 0.8426752089056243, 0.8426752089056243, 0.10286466917404996 0.000560783994427749 0.0016019189996198243 0.008383857721569169 0.04815396984327578 0.19608962270007724 0.6423451775669802, 
6, 011111, 111111, 0.9451498287021531, 0.9451498287021531, 0.0 0.0 0.0034072232497205615 0.008598344977727304 0.05206774109396254 0.18554161766709196 0.7503850730114977, 
7, 111111, 111111, 0.9483670854745767, 0.9483670854745767, 0.0 0.0 0.0 0.005223490430668379 0.04265156444354657 0.20882388697344142 0.7433010581523436, 
8, 111111, 111111, 0.9553698515512524, 0.9553698515512524, 0.0 0.0 0.00026705294864172024 0.0021751424224354166 0.02935633147711354 0.20147458867638496 0.7667268844754244, 
9, 111111, 111111, 0.9602260601870433, 0.9602260601870433, 0.0 0.0 0.0 0.003661273981423548 0.029802372161632545 0.16805507261020478 0.7984812812467391, 
10, 111111, 000000, 0.947351468489115, 0.947351468489115, 0.0020871222423266226 8.834474879105884e-06 0.001697457171257507 0.0055806587890139215 0.035378910341656876 0.20903465750156996 0.746212359479296, 
11, 111111, 111111, 0.9439024156689924, 0.9439024156689924, 0.0 0.0 0.0009657507911074729 0.011954305807287185 0.052339383943131645 0.1921808175134917 0.742559741944982, 
12, 111111, 011111, 0.8372191904675269, 0.8372191904675269, 0.11101524375377125 0.0006359864362031505 0.0022332907340727533 0.00773698387505962 0.039941962480591967 0.19538542296854178 0.6430511097517594, 
13, 111111, 111111, 0.8853457929335302, 0.8853457929335302, 0.058880082775386394 0.0003359414701271057 0.003253356943115244 0.009620147454272962 0.04005081843740171 0.21098953138578194 0.6768701215339147, 
14, 111111, 111111, 0.9263326163618805, 0.9263326163618805, 0.021055463745622064 0.00012080818855944132 0.0024610774337245167 0.005768990953153322 0.04488064040789965 0.19815491500203025 0.7275581042690107, 
15, 011111, 111111, 0.7296282675818214, 0.7296282675818214, 0.2307964419385632 0.0012261245207213787 0.0007501462798533269 0.0046324405613012536 0.02595385082222177 0.16251551182632396 0.574125484051015, 
16, 111111, 111111, 0.9556142852910189, 0.9556142852910189, 0.0 0.0 0.0 0.007211257768467891 0.031591355180489354 0.18149780458750478 0.779699582463538, 
17, 111111, 111111, 0.9028205237100001, 0.9028205237100001, 0.04506103482560702 0.0002839942063853286 0.0007115785468351272 0.009402468763072436 0.04864143722267245 0.1829540828325281 0.7129454036028996, 
18, 111111, 011111, 0.9486399406253218, 0.9486399406253218, 0.0 0.0 0.0012658691016023214 0.00751141524996569 0.03487950303289381 0.2108036280259756 0.7455395845895626, 
19, 111111, 000000, 0.887301806457025, 0.887301806457025, 0.06226425208829493 0.00034755689802589866 0.0018344368565049623 0.004637803084519307 0.03801491013187299 0.20358488729462582 0.6893161536461562, 
20, 111110, 011111, 0.9459742528771914, 0.9459742528771914, 0.0 0.0 0.0011696775259418643 0.00965707050118158 0.04353194843929239 0.20344066425095522 0.7422006392826289, 
21, 111111, 111111, 0.9482376125331877, 0.9482376125331877, 0.0 0.0 0.0012517602748273878 0.008520504910765829 0.04421574703636926 0.19157427489652767 0.7544377128815098, 
22, 111110, 011111, 0.9128787161502523, 0.9128787161502523, 0.040109687336891485 0.00023949089706511723 0.0016658329803422517 0.006284588824585278 0.036751722165962813 0.18185158186476164 0.7330970959303914, 
23, 111111, 111111, 0.4777669804042459, 0.4777669804042459, 0.49111740580080865 0.0027529485662141015 0.0013904417853955143 0.0022382322606534616 0.027330726309776593 0.10599102339550676 0.3691792218816449, 
24, 111111, 111111, 0.9199633582505239, 0.9199633582505239, 0.025762790306814963 0.00012651155879429406 0.00376955121671204 0.007073040425872518 0.043210915800264385 0.20229139311700128 0.7177657975745405, 
25, 111111, 111111, 0.9431456365526028, 0.9431456365526028, 0.0 0.0 0.0022260450838648134 0.005828377559547623 0.04916680138931245 0.21640326489165612 0.7263755110756189, 
26, 111111, 111111, 0.9532667150123588, 0.9532667150123588, 0.0 0.0 9.107039702110346e-05 0.002593665586482868 0.0376082700539695 0.19703789147037537 0.7626691024921511, 
27, 111111, 011111, 0.9407630271010706, 0.9407630271010706, 0.0 0.0 0.0013023261197845303 0.00808619817901716 0.05276891950405776 0.22041609936927115 0.7174264568278693, 
28, 111111, 111111, 0.8554700006109824, 0.8554700006109824, 0.09383513731975696 0.0004791007499701068 0.0027784434338052498 0.006099362193036802 0.03739466028658469 0.19757248777821143 0.6618408082386348, 
29, 111111, 111111, 0.9458949769179072, 0.9458949769179072, 0.0 0.0 0.0030992375500084528 0.008511813745399834 0.044675812462588074 0.19734612213114708 0.7463670141108567, 
30, 111111, 111111, 0.9510817931121525, 0.9510817931121525, 0.0 0.0 0.003248287268892044 0.007973432920844035 0.03182859729053243 0.19293859890792078 0.7640110836118107, 
31, 011111, 111111, 0.9443968557143918, 0.9443968557143918, 0.0 0.0 0.0009133504796204964 0.01078925690474141 0.04982001155828967 0.19795766996436379 0.7405197110929848, 
32, 111111, 111110, 0.9514939461713656, 0.9514939461713656, 0.0 0.0 2.7183478541941866e-05 0.008301847483356623 0.03698730766683053 0.19204743127390814 0.7626362300973628, 
33, 111111, 111111, 0.958149293098668, 0.958149293098668, 0.0 0.0 0.0004116237586343856 0.002935155146458397 0.02988739681849821 0.18087748729708233 0.7858883369793267, 
34, 111111, 111110, 0.942751232265778, 0.942751232265778, 0.010126538797888754 6.91537297188668e-05 0.0030125184193218195 0.011757851836626289 0.029430098902643937 0.17620377797695247 0.7694000603368479, 
35, 111111, 111111, 0.9536637069191458, 0.9536637069191458, 0.0 0.0 0.0011956651233701477 0.002711936025247971 0.02532651852115028 0.21444625287359978 0.7563196274566318, 
36, 111111, 111110, 0.9533458891730512, 0.9533458891730512, 0.0 0.0 8.028805198192595e-05 0.004606580735385502 0.03389841538828873 0.1979869397710314 0.7634277760533125, 
37, 111110, 000000, 0.7898457089426013, 0.7898457089426013, 0.16690847271454332 0.0008715882027201708 0.0013690838709477298 0.008851311014058432 0.0323291562416041 0.15842838803435652 0.6312419999217697, 
38, 111111, 111111, 0.952241859473075, 0.952241859473075, 0.0 0.0 0.0005944141758697089 0.005410115277839331 0.03996116910554935 0.1880185024134537 0.766015799027288, 
39, 111111, 111111, 0.9505368902215726, 0.9505368902215726, 0.0 0.0 0.00030040002030088785 0.008173899095821068 0.04184367214793568 0.18736801700602587 0.7623140117299165, 
40, 111111, 111111, 0.9537972890872707, 0.9537972890872707, 0.0 0.0 0.0004308955619297708 0.0017972234455208142 0.03514998491388955 0.19980104306431512 0.7628208530143448, 
41, 111111, 111111, 0.9514506937722338, 0.9514506937722338, 0.0 0.0 0.00044766595103407184 0.0027982833612147893 0.03582494321292205 0.20946043705297324 0.7514686704218559, 
42, 111111, 111111, 0.9526673128062751, 0.9526673128062751, 0.0 0.0 0.0003775678963137808 0.0041735516725279745 0.0446377758493307 0.18068964486084912 0.7701214597209785, 
43, 111110, 110000, 0.9488563866871697, 0.9488563866871697, 0.0 0.0 0.0006850885928860164 0.008809113785158565 0.037760628597847755 0.2021727269542671 0.7505724420698405, 
44, 111111, 111111, 0.94513710676592, 0.94513710676592, 0.0 0.0 0.0002802189477766979 0.011300724122433164 0.04646449628042434 0.2012253186852254 0.7407292419641405, 
45, 111111, 111111, 0.936220810833858, 0.936220810833858, 0.011664926668999449 6.317560126889319e-05 0.001299104025763046 0.01049867729753138 0.04316371874329564 0.18934981149427338 0.7439605861688682, 
46, 111111, 111111, 0.9515955231687767, 0.9515955231687767, 0.0 0.0 0.0014548875110349199 0.007025130397162703 0.039378909534476085 0.18477410068276073 0.7673669718745655, 
47, 111111, 111110, 0.9525715424458303, 0.9525715424458303, 0.0 0.0 9.873349542087032e-05 0.0037825707804860524 0.038450189438137064 0.19592772012560294 0.761740786160353, 
48, 111111, 111111, 0.9454655101014398, 0.9454655101014398, 0.0 0.0 0.0004457896873165312 0.006416960929776316 0.042814313581913434 0.22054427068893978 0.7297786651120539, 
49, 001111, 011111, 0.9547413896195482, 0.9547413896195482, 0.0006125908939458926 2.80480357888199e-06 0.0017252249513310192 0.004259460820273636 0.027134538654423324 0.19391373332614953 0.7723516465502976, 
50, 111110, 111111, 0.9565911388599158, 0.9565911388599158, 0.0 0.0 0.0 0.0034105163944162355 0.03542744484787542 0.17936672796150638 0.7817953107962019, 
51, 011111, 111111, 0.7535313582992126, 0.7535313582992126, 0.20613246444917574 0.0011498943672706965 0.00014513443097897936 0.0014759624354314803 0.035166951360204424 0.16092526392269751 0.5950043290342412, 
52, 111111, 111111, 0.9416410608002797, 0.9416410608002797, 0.0 0.0 0.0015416295789268469 0.007612821588942922 0.05597277419777566 0.20920310372023443 0.7256696709141202, 
53, 111110, 111111, 0.9339615911160426, 0.9339615911160426, 0.019424237923562526 0.00010323113210303442 0.00346462510338542 0.007644166393266767 0.03603285601457991 0.17031215847935235 0.76301872495375, 
54, 111111, 111110, 0.9498366523072486, 0.9498366523072486, 0.0 0.0 0.00021524309717269169 0.005200012020892172 0.043702462312612024 0.19711415307991706 0.7537681294894061, 
55, 111111, 111111, 0.951708894202358, 0.951708894202358, 0.0 0.0 0.0003139240181085041 0.003485497774574139 0.034628722975121144 0.20877699943945324 0.7527948557927431, 
56, 111100, 111111, 0.9536980600154077, 0.9536980600154077, 0.0 0.0 0.0014528615288113978 0.004578577613127813 0.03819485204471545 0.18187475686349439 0.7738989519498509, 
57, 111111, 111111, 0.9503662447927621, 0.9503662447927621, 0.0 0.0 0.0005889550185498808 0.00750753057870989 0.03543279638226951 0.20205852666855892 0.7544121913519118, 
58, 000000, 111111, 0.8723309032504132, 0.8723309032504132, 0.07691216817487148 0.0004120030869187791 0.004246715675155208 0.0037232756658436565 0.04093561400730016 0.19245363830094522 0.6813165850889654, 
59, 111111, 111111, 0.9548621158033685, 0.9548621158033685, 0.0 0.0 0.0014415518564033648 0.005540262305307722 0.03341249736558767 0.18161531610707674 0.7779903723656245, 
60, 111111, 111110, 0.9579302411371456, 0.9579302411371456, 0.0 0.0 0.0 0.0045755954558059 0.02968044080484713 0.17933088520001486 0.7864130785393321, 
61, 111110, 111111, 0.9432246193734912, 0.9432246193734912, 0.0 0.0 0.0 0.005502355087773672 0.05251951223256843 0.21910619403059442 0.7228719386490635, 
62, 111111, 111111, 0.9607236744013216, 0.9607236744013216, 0.0 0.0 0.0003872250428558531 0.0027957964717786367 0.028605862854067677 0.16850993829717603 0.7997011773341219, 
63, 011111, 111111, 0.9441684637380603, 0.9441684637380603, 0.0 0.0 0.002172660283217916 0.00929814687215331 0.04797435082949718 0.20245543416331277 0.7380994078518188, 
64, 111111, 111111, 0.9522060157081959, 0.9522060157081959, 0.0 0.0 0.0003160963315962042 0.007381501132012215 0.0446981531728434 0.17395871068271698 0.7736455386808312, 
65, 111111, 111110, 0.8544585245016273, 0.8544585245016273, 0.09720155665290411 0.0005929860223075889 0.002047604267788955 0.008197807056845667 0.03926606384196003 0.17575861703566056 0.6769353651225332, 
66, 111111, 111111, 0.9480067446534682, 0.9480067446534682, 0.0 0.0 0.0007195129827247205 0.010380451538550384 0.035885149685513706 0.2061698261616126 0.7468450596315986, 
67, 111111, 111111, 0.8784621570705236, 0.8784621570705236, 0.07489925813340771 0.0004690537177641051 0.0024332011732421032 0.003752025480303849 0.03929961651664347 0.17789812602042532 0.7012487189582135, 
68, 111111, 111111, 0.9479104525986899, 0.9479104525986899, 0.0 0.0 0.0009269894097973051 0.007009706678529028 0.04505487169895178 0.19769046333518092 0.7493179688775409, 
69, 111111, 111111, 0.9486666417013496, 0.9486666417013496, 0.0 0.0 0.0 0.002790412695532363 0.042024648428484794 0.21557961484833588 0.739605324027647, 
70, 111110, 111111, 0.9540891848639941, 0.9540891848639941, 0.0 0.0 0.0005094257268140429 0.004460515396721873 0.0315517939640586 0.19694205379049606 0.7665362111219094, 
71, 011111, 111111, 0.95170273519578, 0.95170273519578, 0.0 0.0 0.00018373727902951692 0.005594689497622691 0.03720664341798393 0.19785128438036706 0.7591636454249968, 
72, 111111, 111111, 0.7080694346230866, 0.7080694346230866, 0.25211379269894746 0.0013180690790814444 0.0014303114860290571 0.006239565840567766 0.03090110164714472 0.1460681439122801 0.5619290153359494, 
73, 111111, 111111, 0.9549440793576177, 0.9549440793576177, 0.0 0.0 0.00040328055169003345 0.0026554827612150847 0.03181256458125545 0.19713082420137798 0.7679978479044614, 
74, 011111, 111110, 0.9271804175988332, 0.9271804175988332, 0.024291299224958075 0.0001337573177148047 0.0006165846468742121 0.001943447930997766 0.046390755471331625 0.18942271914552505 0.7372014362625984, 
75, 111111, 111110, 0.9514677885848056, 0.9514677885848056, 0.0 0.0 0.0005271243085044763 0.006576568080287717 0.037686310361926226 0.19398244629243294 0.7612275509568486, 
76, 011111, 111111, 0.9367550361931622, 0.9367550361931622, 0.0 0.0 0.0010368369534862608 0.013982680520153626 0.06398563931536966 0.20540311483588164 0.7155917283751088, 
77, 111111, 111111, 0.9505938117773848, 0.9505938117773848, 0.0 0.0 0.0006130755094917614 0.007094680692067784 0.040368130261284066 0.1919645246989532 0.7599595888382032, 
78, 000000, 111111, 0.739976428924481, 0.739976428924481, 0.21369784202661768 0.0012604565082284598 0.0012028925766998857 0.010303590352131 0.028871895943243416 0.1781859585025859 0.5664773640904937, 
79, 111110, 111111, 0.9588216166712358, 0.9588216166712358, 0.0 0.0 8.69184916853266e-05 0.005546717282001081 0.02574575094185064 0.17859097227613954 0.7900296410083234, 
80, 111111, 111111, 0.9510317265704468, 0.9510317265704468, 0.0 0.0 8.831641490811393e-05 0.004813620686312651 0.04266859357714011 0.1936783257044685 0.7587511436171706, 
81, 111111, 011110, 0.959120620176604, 0.959120620176604, 0.0 0.0 0.0 0.0018440066846674963 0.029139287478785383 0.18146568392880297 0.7875510219077441, 
82, 011111, 111111, 0.947634991687553, 0.947634991687553, 0.0 0.0 0.0 0.004554917003485574 0.039821518721495634 0.22088226142123416 0.7347413028537847, 
83, 001110, 011110, 0.9472874969514973, 0.9472874969514973, 0.0 0.0 0.00021471149102838264 0.00942528099677325 0.04893793930652322 0.18926445072353604 0.752157617482139, 
84, 111111, 111111, 0.9499391252456946, 0.9499391252456946, 0.0 0.0 0.0008448409918068136 0.0037800290923853427 0.04230622133033722 0.2010333546207751 0.7520355539646955, 
85, 111111, 011111, 0.951729687915616, 0.951729687915616, 0.0 0.0 0.0006368789039803402 0.007048247072216243 0.0393937920235062 0.18714203162672172 0.7657790503735755, 
86, 111111, 111110, 0.9478474281409477, 0.9478474281409477, 0.0 0.0 0.0026988272058078642 0.007501974428977696 0.0377435988204806 0.20412700140318807 0.7479285981415458, 
87, 111110, 111111, 0.9451280177886638, 0.9451280177886638, 0.0 0.0 0.0036748783202770067 0.007987797300031397 0.04404024068531868 0.2024885067161775 0.7418085769781955, 
88, 111111, 111111, 0.8965515060588013, 0.8965515060588013, 0.042900327579112274 0.000223200689486549 0.0006946351062004905 0.01213666443528877 0.05574790270663071 0.21148865558115604 0.6768086139021252, 
89, 111111, 111111, 0.9536125880005266, 0.9536125880005266, 0.0 0.0 0.0004850149966685828 0.002293611901215375 0.030922800724860085 0.20765797485679924 0.7586405975204566, 
90, 011111, 111110, 0.9508029283831257, 0.9508029283831257, 0.0 0.0 0.0008416967346548466 0.004246494496939097 0.02976013939799149 0.21955588047582633 0.7455957888945883, 
91, 111111, 111111, 0.9470654947883923, 0.9470654947883923, 0.002237275600832871 1.8897368039063044e-05 0.0003055141041327658 0.004762216539310728 0.039638271343508405 0.20930364210297345 0.7437341829412029, 
92, 111111, 011111, 0.9466732950773363, 0.9466732950773363, 0.0 0.0 0.0008037840631750651 0.010426051799667121 0.044862256100329116 0.19574242568362316 0.7481654823532056, 
93, 111111, 111111, 0.9526417880326647, 0.9526417880326647, 0.0 0.0 5.349381327504203e-05 0.006106424306223303 0.040442513290752595 0.18473099705073598 0.7686665715390131, 
94, 111111, 111111, 0.953500419106353, 0.953500419106353, 0.0 0.0 0.0004618297403217497 0.0016278280714994242 0.036126059132884095 0.20001456392032826 0.7617697191349665, 
95, 111111, 111111, 0.9477253115001123, 0.9477253115001123, 0.0 0.0 0.00029223906324818015 0.004802243626661367 0.0454161191998287 0.2072402054666924 0.7422491926435694, 
96, 111111, 111110, 0.9557526103208629, 0.9557526103208629, 0.0 0.0 0.0004453471001253099 0.0018078145430658686 0.0325064717446975 0.19326656255572863 0.7719738040563826, 
97, 111111, 111111, 0.9444750626766233, 0.9444750626766233, 0.0 0.0 0.0001633634588535059 0.008582499304667346 0.04248149386635181 0.22178568445814 0.7269869589119874, 
98, 111111, 111111, 0.9521950394825238, 0.9521950394825238, 0.0 0.0 0.002319048627943084 0.008634430212043267 0.03046778280053592 0.19071471235588286 0.7678640260035947, 
99, 111111, 111111, 0.9473123450538794, 0.9473123450538794, 0.0 0.0 0.002001786185380504 0.0060250834486049055 0.04182628330917152 0.2063909679710439 0.7437558790857991, 
100, 111111, 111111, 0.9521978822526431, 0.9521978822526431, 0.0 0.0 0.0009841821941853704 0.004165233189227183 0.03756739199391886 0.19524549415188067 0.762037698470788, 
run, initial grid state, final grid state, mean grid cell occupancy, mean binding site occupancy, fraction of time with N TFs bound, warning
1, 111111, 111111, 0.9496093982678326, 0.9496093982678326, 0.0 0.0 0.0016041466584051222 0.0050155356724358524 0.0456478756174153 0.18958466550724523 0.7581477765444984, 
2, 111111, 111111, 0.9133678922971159, 0.9133678922971159, 0.03177844737278654 0.00018919354110479353 0.004124859145768738 0.01550557313723669 0.0389533656945572 0.18725310689116242 0.7221954542173835, 
3, 011110, 111110, 0.9487564632437149, 0.9487564632437149, 0.0 0.0 0.001109945992490053 0.008743154272164447 0.04315986383089265 0.19047224608947164 0.7565147898149812, 
4, 111111, 111111, 0.9526290043333638, 0.9526290043333638, 0.0 0.0 0.0007678051805866757 0.005651481986217242 0.03247476791470766 0.199250771489404 0.7618551734290844, 
5, 111111, 001111, 0.9556971964135408, 0.9556971964135408, 0.0 0.0 0.00028377024919123874 0.006084087529407186 0.025161540060904982 0.1961063978119592 0.7723642043485374, 
6, 111111, 011110, 0.9421868300942116, 0.9421868300942116, 0.0 0.0 0.0033150321808260957 0.008509336473317471 0.042181974397621565 0.22372693249623057 0.7222667244520043, 
7, 111110, 111111, 0.9589494549099515, 0.9589494549099515, 0.0 0.0 0.0006735060529841695 0.003437864338825657 0.026651940411557197 0.17999177248876233 0.7892449167078707, 
8, 111111, 111111, 0.9471234188675249, 0.9471234188675249, 0.0 0.0 0.00010986240141833821 0.004874131736988964 0.044191695322019935 0.2138142513341701 0.7370100592054026, 
9, 011111, 111111, 0.9468113890428166, 0.9468113890428166, 0.0 0.0 0.00023500348890792753 0.007223673144148942 0.043845017306026024 0.20883059774297003 0.7398657083179471, 
10, 111111, 011111, 0.9498523285784908, 0.9498523285784908, 0.0 0.0 0.0005629033724569138 0.007027966601896016 0.04037709448555412 0.19679632626243196 0.755235709277661, 
11, 111110, 111111, 0.8237845383322567, 0.8237845383322567, 0.1356991318182482 0.0007161631493801162 0.0013993396437453087 0.0046613517629921376 0.03127697323910435 0.1573818030079041 0.6688652373786258, 
12, 111111, 111111, 0.9473156444565018, 0.9473156444565018, 0.0 0.0 0.0 0.0031441636571942193 0.0429292036614023 0.22081523496660263 0.7331113977148007, 
13, 111111, 000000, 0.7257036364953277, 0.7257036364953277, 0.22719365463697408 0.0012388738712855746 0.0045169677589855265 0.012559404996256051 0.04221228343546938 0.13625123095411232 0.576027584346917, 
14, 111111, 011111, 0.9543862636953855, 0.9543862636953855, 0.0 0.0 0.0005841596200723874 0.007502432928554798 0.033651442820354 0.18153559492102542 0.7767263697099934, 
15, 111111, 111111, 0.955565286744641, 0.955565286744641, 0.0 0.0 0.0 0.005151503430326949 0.03418895273179708 0.18277586377757907 0.7778836800602968, 
16, 000000, 111111, 0.912261546156217, 0.912261546156217, 0.03163180493583264 0.00019720296096500245 0.005038295977167702 0.015192400671817438 0.04090558561429051 0.1881123214901733 0.7189223883497535, 
17, 111111, 111111, 0.9448007807543168, 0.9448007807543168, 0.0 0.0 0.0012888195197022527 0.009606063529349828 0.05013632126119081 0.19694920428485913 0.7420195914048979, 
18, 111111, 111111, 0.9533724746854647, 0.9533724746854647, 0.0 0.0 0.0 0.005053482044562952 0.03387339928883709 0.1968579071758489 0.7642152114907511, 
19, 111111, 011111, 0.9499781641327164, 0.9499781641327164, 0.0 0.0 0.0005554930162539936 0.003453841089770552 0.04262629172875824 0.2022949364118579 0.7510694377533594, 
20, 111111, 111111, 0.9482736324947465, 0.9482736324947465, 0.0 0.0 0.0005016337955469176 0.008028049639941467 0.037197205974656 0.20987310898019662 0.7444000016096589, 
21, 111110, 111111, 0.9338544504223407, 0.9338544504223407, 0.020148300762460228 0.00011975248568353198 0.0004673977636786869 0.0045695742874034525 0.035384175985344796 0.18903806457516195 0.7502727341402673, 
22, 011111, 111111, 0.9540128413875215, 0.9540128413875215, 0.0 0.0 0.0 0.003708370563119848 0.035343333171692075 0.19411117364212674 0.7668371226230614, 
23, 011111, 111111, 0.922300691064005, 0.922300691064005, 0.03298830866140553 0.00020443626676780834 0.00212313371230835 0.006333202926475603 0.030652708448825866 0.17844625978738646 0.7492519501968303, 
24, 111111, 111111, 0.9477244823340367, 0.9477244823340367, 0.0 0.0 2.1625217325573872e-05 0.006761913639603331 0.04178753804786068 0.20970578811194598 0.7417231349832645, 
25, 111111, 111111, 0.9519350814530557, 0.9519350814530557, 0.0 0.0 0.0 0.004542200523845773 0.02842039691653872 0.21792211587705076 0.7491152866825648, 
26, 111111, 111110, 0.9351813003691338, 0.9351813003691338, 0.010323254104142103 4.229359431075198e-05 0.0012878064937760715 0.012170105696352095 0.04433141447600877 0.19643683317261262 0.7354082924627976, 
27, 111111, 111111, 0.9431294891250682, 0.9431294891250682, 0.0 0.0 0.0011124862165157567 0.010535979546391565 0.046999863749933375 0.2111654542444868 0.7301862162426725, 
28, 111111, 000000, 0.8493081099438525, 0.8493081099438525, 0.1026559788698479 0.0005737290282636597 0.0011974033404789084 0.007247603722611484 0.04699801100780128 0.16481837543112635 0.6765088985998704, 
29, 011111, 111111, 0.9355687747157134, 0.9355687747157134, 0.011696334880758693 5.190364585433687e-05 0.0004988088774702662 0.005961749938544176 0.04095220486019157 0.21436492914599867 0.7264740686511822, 
30, 111111, 001111, 0.9429814055759899, 0.9429814055759899, 0.0 0.0 0.0006376973710351898 0.005387411173113839 0.05116754328892007 0.2210634569627375 0.7217438912041934, 
31, 111111, 111111, 0.9476190828754317, 0.9476190828754317, 0.0 0.0 0.0011853083124299276 0.008651909550649296 0.04395123009221884 0.19568608066130444 0.7505254713833975, 
32, 011111, 111111, 0.9483191168687662, 0.9483191168687662, 0.0 0.0 8.770728383240245e-05 0.00957540074931449 0.041008353985340786 0.1989915594334481 0.7503369785480641, 
33, 111111, 111111, 0.9432868578028294, 0.9432868578028294, 0.0 0.0 0.0028674933109496883 0.009122966630427354 0.05252665158191879 0.1963866768841052 0.739096211592599, 
34, 111111, 111111, 0.8615302573362674, 0.8615302573362674, 0.08820231249629712 0.000468914585856256 0.0007991747760903267 0.006160473599813353 0.03601385824229375 0.20555417168694298 0.6628010946127062, 
35, 111111, 111100, 0.9505863465749863, 0.9505863465749863, 0.0 0.0 0.0005217838323534102 0.007247466038580781 0.033694047126003816 0.20526429285291836 0.7532724101501437, 
36, 111111, 111111, 0.667000163609598, 0.667000163609598, 0.2953892287265883 0.0016586872918393071 0.0009135237496864653 0.004942780514818259 0.02901880982228434 0.14085015333591677 0.5272268165588666, 
37, 111111, 111111, 0.9477579917823251, 0.9477579917823251, 0.0 0.0 4.683170113143466e-05 0.005821009353968369 0.05240026704500815 0.19100116034960202 0.75073073155029, 
38, 111111, 111111, 0.6448707805124289, 0.6448707805124289, 0.3186132356980999 0.001754463942348964 0.0008203030186880983 0.008335699538392147 0.02918998818779832 0.12365529595955663 0.5176310136551159, 
39, 111111, 111110, 0.953703118072699, 0.953703118072699, 0.0 0.0 0.003075353994476057 0.00718839589346545 0.03062006397579188 0.1826745599539219 0.7764416261823447, 
40, 111110, 011111, 0.9547755638286372, 0.9547755638286372, 0.0 0.0 0.00026887871322660214 0.008608774570526905 0.04035634558705998 0.16373208728957045 0.787033913839616, 
41, 111111, 011111, 0.8846050682688947, 0.8846050682688947, 0.053130464256871845 0.000309667923186244 0.0022707056699833627 0.018642819849497134 0.05564410174821948 0.19573897950460592 0.6742632610476361, 
42, 000000, 111111, 0.8276806178874152, 0.8276806178874152, 0.1252389522975216 0.0007229269559818765 6.518794895233851e-05 0.004894476058132265 0.039273635192659605 0.1853764937549446 0.6444283277918077, 
43, 111111, 111100, 0.9517050987712885, 0.9517050987712885, 0.0 0.0 0.0008406451503344092 0.00583987695488159 0.03391552578817674 0.2010561443299337 0.7583478077766735, 
44, 111111, 111111, 0.9210739422042351, 0.9210739422042351, 0.035543151613011185 0.00020163175846349624 0.001009374229660261 0.007293891728985912 0.028123195529619175 0.17712371513936756 0.7507050400008924, 
45, 111111, 000000, 0.9205332877650583, 0.9205332877650583, 0.028997070984455628 0.00016014482656002044 0.0007736973743087053 0.006504120832595371 0.044669525699213 0.19007091997667053 0.7288245203061968, 
46, 011111, 111110, 0.80070539511691, 0.80070539511691, 0.15544402517828015 0.0008149343680426052 0.0026835434134667257 0.006338330057465533 0.0304708877585434 0.16833786704529666 0.635910412178905, 
47, 011111, 111100, 0.9509006327919348, 0.9509006327919348, 0.0 0.0 0.002220037967018286 0.009239729684591068 0.03716201577214093 0.18367283078226282 0.767705385793987, 
48, 111110, 011111, 0.9504599733348634, 0.9504599733348634, 0.0 0.0 0.0007839275949913262 0.007452711621337014 0.039414210609384576 0.1929178935280737 0.7594312566462135, 
49, 111111, 111111, 0.854185790511401, 0.854185790511401, 0.09193723944227036 0.00047966701230514613 0.0007973208217998345 0.009849987281624454 0.043948974120414104 0.20022629184354537 0.6527605194780407, 
50, 011111, 011111, 0.949699839274441, 0.949699839274441, 0.0 0.0 0.0 0.00489758042040944 0.045749369983529214 0.1956094831250667 0.7537435664709946, 
51, 111111, 111111, 0.9518544165342921, 0.9518544165342921, 0.0 0.0 0.0019018918463418596 0.004342569645442224 0.035485981994759636 0.19726626048303392 0.7610032960304224, 
52, 111110, 111111, 0.9497808886385072, 0.9497808886385072, 0.0 0.0 0.001711926826231593 0.005443399208563849 0.03808305251716207 0.20197065820401533 0.7527909632440271, 
53, 111111, 111110, 0.9444806705289938, 0.9444806705289938, 0.0 0.0 0.00014840174597212244 0.004076900259782161 0.048210536036225236 0.22387059699035253 0.723693564967668, 
54, 111111, 111111, 0.9533611533704964, 0.9533611533704964, 0.0 0.0 0.0008970388551545142 0.0028590141484386863 0.036160994978798836 0.19534589195348964 0.7647370600641183, 
55, 111111, 111110, 0.9492001255251667, 0.9492001255251667, 0.0 0.0 0.0007700632349510455 0.01468587434064201 0.037652632755805944 0.182356105375657 0.7645353242929439, 
56, 111111, 111111, 0.9501036801204407, 0.9501036801204407, 0.0 0.0 0.000292951590680111 0.005492946856211564 0.04332772477643902 0.1950718227931229 0.7558145539835464, 
57, 111101, 111111, 0.9546780956369276, 0.9546780956369276, 0.0 0.0 0.00011081268360660189 0.0034698976994605286 0.031570153039818874 0.19793817626598798 0.7669109603111259, 
58, 111111, 111111, 0.9458860962937908, 0.9458860962937908, 0.0 0.0 0.0012393023972702593 0.014558435000989875 0.042225717966738976 0.19159947171172564 0.7503770729232752, 
59, 000000, 111111, 0.7261212172409609, 0.7261212172409609, 0.2303590927180949 0.0012961121978161847 0.0007809790308675852 0.007282771721322507 0.031076657602970414 0.16751203276320553 0.5616923539657229, 
60, 111111, 111111, 0.8061392424201091, 0.8061392424201091, 0.14796947439165353 0.0008275420598470028 0.0027283649340480065 0.010766470070809593 0.029543058345237527 0.16891100219109334 0.639254088007311, 
61, 111110, 111111, 0.9478547116476853, 0.9478547116476853, 0.0 0.0 5.089214758109478e-05 0.005689259108405212 0.054660763461549924 0.1862788572752488 0.753320228007215, 
62, 111111, 111110, 0.9525759271362667, 0.9525759271362667, 0.0 0.0 0.0034933623320043653 0.004450664401252624 0.03244513551776704 0.19232872361509054 0.7672821141338854, 
63, 111111, 111111, 0.9454442956408401, 0.9454442956408401, 0.0 0.0 0.0016131220535450038 0.0090563449144832 0.043525476802233926 0.20666174959286246 0.7391433066368754, 
64, 111111, 111110, 0.956247518035035, 0.956247518035035, 0.0 0.0 0.0007203217271129289 0.0031711613993531747 0.029520962887935223 0.19107819490740785 0.7755093590781909, 
65, 000000, 111110, 0.8333770413340286, 0.8333770413340286, 0.11809522509218548 0.0006930708890416054 0.00336559247221252 0.006755196110756638 0.03380370357030049 0.18636568163578662 0.6509215302297167, 
66, 111111, 111110, 0.6872410387480625, 0.6872410387480625, 0.2744190336989186 0.001498126636103278 0.0034606337788018722 0.00487591378690644 0.029854521643651762 0.13436961237436626 0.5515221580812517, 
67, 111111, 000000, 0.8044069702037714, 0.8044069702037714, 0.15313864119447917 0.0008425449828454426 0.0030052635866117472 0.00545018812939829 0.027495816789135128 0.16715035438335685 0.6429171909341734, 
68, 111111, 011111, 0.9536160029153156, 0.9536160029153156, 0.0 0.0 0.0 0.004597449463322549 0.04121866771065549 0.18207429869682923 0.7721095841291927, 
69, 111110, 111111, 0.9502769198515542, 0.9502769198515542, 0.0 0.0 0.0019897397041974746 0.0062942561217838025 0.0361427340193336 0.19921128566986612 0.7563619844848191, 
70, 111111, 111111, 0.806743985964034, 0.806743985964034, 0.14048039440094026 0.0007808780171639578 0.0031961704268749194 0.015154417790291932 0.040351417469775226 0.17379855770640876 0.6262381641885449, 
71, 000000, 111111, 0.9408110740959521, 0.9408110740959521, 0.010688744381135888 5.291914874309718e-05 0.0010722340915415311 0.010191167431461605 0.03255182905771204 0.190770396617782 0.7546727092716239, 
72, 111111, 111111, 0.9399081616388708, 0.9399081616388708, 0.0 0.0 0.0007743737191964189 0.01331403035061282 0.051461403399312856 0.2145886374395254 0.7198615550913525, 
73, 011111, 111111, 0.9321997355954589, 0.9321997355954589, 0.014357700198152787 9.22167706811286e-05 0.00388407348985425 0.0062344806202717365 0.033262043845496386 0.21943047787369876 0.7227390072018449, 
74, 111111, 111111, 0.9539832939466298, 0.9539832939466298, 0.0 0.0 0.0 0.0035160135469218586 0.03540797765250938 0.19473624037443613 0.7663397684261326, 
75, 111111, 111111, 0.9490883651595414, 0.9490883651595414, 0.0 0.0 0.00013712209307801155 0.006277645934377454 0.03854089963776769 0.20900658359177196 0.746037748743005, 
76, 111111, 111111, 0.9514100269576496, 0.9514100269576496, 0.0 0.0 0.00036215381127868376 0.00737326949771968 0.039685007068635175 0.18860140037855816 0.7639781692438082, 
77, 111111, 111111, 0.9471950913325449, 0.9471950913325449, 0.0 0.0 0.0023809026404851387 0.009653172484435054 0.04072565541401149 0.19689501316146213 0.7503452562996062, 
78, 011111, 111111, 0.8293040977513952, 0.8293040977513952, 0.1246392113180661 0.0007234306145364329 0.0010285405599413599 0.006550576619174196 0.032967278046953694 0.18302254431935436 0.651068418521974, 
79, 111111, 001111, 0.9394478645233826, 0.9394478645233826, 0.011138163855434485 5.040423175505229e-05 0.0009402238135191372 0.009492848878134204 0.03454477119896685 0.19490282428191036 0.7489307637402799, 
80, 111111, 111111, 0.9584240629999387, 0.9584240629999387, 0.0 0.0 0.0001679343938364869 0.004075606000473541 0.027718522921426975 0.18112002058074733 0.7869179161035157, 
81, 111111, 111111, 0.9460354730951208, 0.9460354730951208, 0.0 0.0 0.004479425862257594 0.0076982433342933365 0.03860965512601277 0.20555541772533917 0.7436572579520971, 
82, 000000, 001111, 0.8874104236596397, 0.8874104236596397, 0.06961014562884776 0.0003752655977561955 0.0005361104641926324 0.001850095452480089 0.02816403653832678 0.19197745498943025 0.7074868913289662, 
83, 111111, 111111, 0.8005599694646148, 0.8005599694646148, 0.15388301634374515 0.0008198233570370219 0.002190343065874179 0.004438677000984613 0.03486559934054221 0.17743436641711946 0.6263681744746974, 
84, 011111, 111111, 0.8647191650460333, 0.8647191650460333, 0.08821639180299627 0.0005388901712952341 0.001122867598047597 0.009995436422977205 0.03395645233562072 0.17730152371698343 0.6888684379520794, 
85, 111111, 111111, 0.9503813987469986, 0.9503813987469986, 0.0 0.0 0.002267793414835901 0.006043539629747102 0.037458062562123105 0.19559368984517841 0.7586369145481154, 
86, 111111, 111111, 0.8793130146589255, 0.8793130146589255, 0.07176185670690675 0.0003942623976510763 0.0020267771148950145 0.007991547808875952 0.038896931009574275 0.18170384591139424 0.6972247790507028, 
87, 011111, 111111, 0.33839137315756046, 0.33839137315756046, 0.6387745919947352 0.003598586066094182 0.0013693198129200365 0.0037216683352792545 0.015750135426522423 0.07086872364519237 0.2659169747192565, 
88, 111111, 111111, 0.952766531145392, 0.952766531145392, 0.0 0.0 6.771046666565394e-05 0.005822198625815312 0.037813487661556934 0.19003640006042583 0.7662602031855362, 
89, 011111, 111111, 0.931114352795447, 0.931114352795447, 0.019496581010996727 0.0001045537422292573 0.002489812138849837 0.011063313170952778 0.03611428493020845 0.18043387052151727 0.7502975844852456, 
90, 111111, 111111, 0.9483134141225094, 0.9483134141225094, 0.0 0.0 0.003135308061123178 0.00782449133822004 0.04272989100418344 0.18864502699742433 0.757665282599049, 
91, 011111, 111111, 0.9479768853374594, 0.9479768853374594, 0.0 0.0 0.0011330916967171145 0.0029813901551241956 0.04761824251799752 0.20342566568700762 0.7448416099431535, 
92, 001111, 111111, 0.9471183325249151, 0.9471183325249151, 0.0 0.0 0.0013090179061746596 0.012263376733973033 0.04683701238850355 0.18158977824688513 0.7580008147244637, 
93, 111111, 111111, 0.9494065830298432, 0.9494065830298432, 0.0 0.0 0.0032391459558765248 0.007909896861139682 0.037133444005823094 0.19260733940237007 0.7591101737747907, 
94, 111111, 111111, 0.9444174086581613, 0.9444174086581613, 0.0 0.0 0.0 0.007176432627493284 0.043798877774022076 0.2243684946205081 0.7246561949779766, 
95, 111111, 111111, 0.9502040760996003, 0.9502040760996003, 0.0 0.0 0.0016086390086778083 0.010621076859467131 0.038901195965010175 0.18267536485926492 0.76619372330758, 
96, 011111, 111111, 0.797335695095916, 0.797335695095916, 0.15429576465938588 0.0008437182700451214 0.0027366098388989764 0.00681452680748618 0.042008691170112286 0.17058524799968372 0.6227154412543878, 
97, 111111, 111111, 0.9527174894021101, 0.9527174894021101, 0.0 0.0 0.0006439934174396026 0.0033286324081117195 0.0372517574915361 0.19662967771017387 0.7621459389727387, 
98, 111110, 111111, 0.7273246465474585, 0.7273246465474585, 0.22859867922725835 0.0012534838216586338 0.002789522421416413 0.007928577162342965 0.03502554815952672 0.15319770875165742 0.5712064804561395, 
99, 111111, 111111, 0.9534280938244849, 0.9534280938244849, 0.0 0.0 1.2631362769804183e-05 0.002569464682157522 0.04031924601772951 0.19103402552007984 0.7660646324172633, 
100, 111110, 111111, 0.8846886259555552, 0.8846886259555552, 0.06717292470327475 0.000388689766323538 0.002530781424126568 0.006801634217266772 0.03882551070075987 0.17870819746557556 0.705572261722673, 
run, initial grid state, final grid state, mean grid cell occupancy, mean binding site occupancy, fraction of time with N TFs bound, warning
1, 111111, 111111, 0.9533316144578257, 0.9533316144578257, 0.0 0.0 0.0018797383540145555 0.005177429131229271 0.030220033229369597 0.1965190059845605 0.766203793300826, 
2, 111111, 111111, 0.952844528624341, 0.952844528624341, 0.0 0.0 0.001700172040092434 0.00606100600940243 0.037088109952180065 0.18377290216101685 0.7713778098373083, 
3, 111110, 111111, 0.8983980906390768, 0.8983980906390768, 0.0501656771353771 0.0002596431278771446 0.0021800361016824695 0.00833153120422551 0.043847347069517095 0.18590974555545017 0.7093060198058704, 
4, 111111, 111111, 0.9506435145546543, 0.9506435145546543, 0.0 0.0 0.000637477802636155 0.00827938755404404 0.036383677299148764 0.19598348420109968 0.7587159731430714, 
5, 111110, 111111, 0.8980668733065507, 0.8980668733065507, 0.049570240189948926 0.0003026234469194639 0.0017272104559567427 0.005379532313195592 0.04770496858572566 0.1942068258515398 0.7011085991567139, 
6, 111111, 111111, 0.9496544414133729, 0.9496544414133729, 0.0 0.0 0.00038656258925012175 0.0031806968322536915 0.035359630519282065 0.2202657496274373 0.7408073604317769, 
7, 111111, 011111, 0.916673402865482, 0.916673402865482, 0.03671784676774291 0.00019899160002761652 0.0017069979368508996 0.0028320075188978154 0.028010562601497275 0.20731240469342035 0.7232211888815631, 
8, 111111, 111110, 0.9482158706523789, 0.9482158706523789, 0.0 0.0 0.0009246014044367698 0.008514919038872009 0.04781097815474258 0.18583965704187863 0.75690984436007, 
9, 111111, 111111, 0.9564397290480459, 0.9564397290480459, 0.0 0.0 0.0009309470609989051 0.004715866147484062 0.031127562455291056 0.18123511411469573 0.7819905102215303, 
10, 111111, 011111, 0.9484558124621798, 0.9484558124621798, 0.0 0.0 0.0012486160748933042 0.011024686918801381 0.03643344766337516 0.19832970484419368 0.7529635444987365, 
11, 111110, 111111, 0.9540054564811468, 0.9540054564811468, 0.0 0.0 0.0003516456149441855 0.00677282753756484 0.03316705334965813 0.18790808934133144 0.7718003841565013, 
12, 111111, 111111, 0.9516786990144913, 0.9516786990144913, 0.0 0.0 0.00013307972337375793 0.007199050735966491 0.03227184230832518 0.20325465019500696 0.7571413770373275, 
13, 111111, 111111, 0.9154688292781568, 0.9154688292781568, 0.03525233249057335 0.00020066926042349562 0.0023789490601208805 0.007240988492704656 0.03984432545298371 0.18374227046093689 0.731340464782257, 
14, 111111, 111111, 0.5905317960773085, 0.5905317960773085, 0.37525474555068494 0.002109920544038869 0.0028758926787130603 0.01021768496464632 0.01680127062909815 0.11897198064485758 0.4737685049879611, 
15, 111110, 111110, 0.8476396135930484, 0.8476396135930484, 0.10108437513249907 0.0005642498831421988 0.0022377063533858812 0.010157571169707022 0.04470690615394974 0.17599746700043967 0.6652517243068765, 
16, 111111, 111111, 0.9528698875755781, 0.9528698875755781, 0.0 0.0 0.002109347457828578 0.008774926602112324 0.034382012276949536 0.1792544803549814 0.7754792333081282, 
17, 111110, 111110, 0.9483923555076773, 0.9483923555076773, 0.0 0.0 0.0012364135726074376 0.0037558946734504574 0.03704476321297007 0.21934300221721564 0.7386199263237564, 
18, 111111, 011111, 0.9297168483839093, 0.9297168483839093, 0.010169690005112659 5.040600313697542e-05 0.0023212305275482504 0.0071034126320876035 0.05135104762077151 0.2271314844021845 0.7018727288091585, 
19, 111111, 111111, 0.95560334092243, 0.95560334092243, 0.0 0.0 0.0 0.004854778431184987 0.032254528223730365 0.18730656272440402 0.7755841306206807, 
20, 111111, 111110, 0.9462577075918072, 0.9462577075918072, 0.0 0.0 0.0 0.005870685397050394 0.04069254854322927 0.2234566011715475 0.7299801648881727, 
21, 111111, 111110, 0.9308868005776723, 0.9308868005776723, 0.017526500599427904 8.856304019791738e-05 0.0009704657852805227 0.007320775146249589 0.04178040905554625 0.19967237104544575 0.7326409153278521, 
22, 111111, 111111, 0.949025325910599, 0.949025325910599, 0.0 0.0 0.0021252310236647013 0.004195170402606071 0.03834759516254603 0.20806641890883615 0.747265584502347, 
23, 111100, 111111, 0.9506422255872151, 0.9506422255872151, 0.0 0.0 0.0 0.0036877323883197843 0.03958341933518622 0.20591661064137803 0.750812237635116, 
24, 111111, 111111, 0.9493833493285987, 0.9493833493285987, 0.0 0.0 0.0 0.0034397099660012547 0.045207844106293076 0.20296508591781845 0.7483873600098873, 
25, 111111, 111111, 0.9487836022955963, 0.9487836022955963, 0.0 0.0 0.001073917410606355 0.0044193879523297674 0.044066015101628046 0.2016125225237503 0.7488281570116855, 
26, 111111, 111110, 0.9451175651409548, 0.9451175651409548, 0.0 0.0 0.0006899819678483689 0.008264984636811131 0.05356857226565701 0.1946025828411306 0.7428738782885529, 
27, 011111, 111111, 0.9495907265055308, 0.9495907265055308, 0.0 0.0 0.0001333850469814028 0.0069494569832008355 0.03273758185789254 0.21559856611350137 0.7445810099984238, 
28, 111111, 000111, 0.7567281288527367, 0.7567281288527367, 0.1972202850135308 0.001032591037380468 0.002264309409886996 0.009228178593980733 0.033829703459979 0.16674538127404484 0.5896795512111972, 
29, 111111, 111111, 0.947109939903048, 0.947109939903048, 0.0 0.0 0.0012887812937452182 0.004089619581518048 0.03910214565334745 0.22171208535548165 0.7338073681159075, 
30, 111110, 011111, 0.8101133624521016, 0.8101133624521016, 0.13930333345091347 0.0008215708511369 0.0008952138134658336 0.00872078441678971 0.04747201047168805 0.1747047408786159 0.6280823461173901, 
31, 111111, 111111, 0.8520917526151182, 0.8520917526151182, 0.09483254666868511 0.0005413242985065636 0.001672106775731838 0.006261938849296346 0.05380901309617438 0.18265531296148257 0.6602277573501232, 
32, 111111, 111111, 0.9567587383968459, 0.9567587383968459, 0.0 0.0 0.0 0.0017896495770921804 0.0301495413864366 0.1937795381147746 0.7742812709216966, 
33, 011111, 011111, 0.946171579475749, 0.946171579475749, 0.0 0.0 0.0019540827583120974 0.005242010497345374 0.043223591149770764 0.21298097832068 0.7365993372738918, 
34, 111110, 111111, 0.9434081947000054, 0.9434081947000054, 0.0 0.0 0.0017877556056385946 0.005717358057045879 0.043613306920875686 0.22802112136452432 0.7208604580519156, 
35, 011111, 111111, 0.9492778710482721, 0.9492778710482721, 0.0 0.0 0.0006317027903968379 0.01019221648440886 0.03995272576996488 0.1913238615556231 0.7578994933996064, 
36, 111111, 111111, 0.941613275496873, 0.941613275496873, 0.0 0.0 0.0008123871466309896 0.010874080294061391 0.05829385892122805 0.19786083970759774 0.7321588339304819, 
37, 111111, 111111, 0.9545361705736507, 0.9545361705736507, 0.0 0.0 0.000550433223569166 0.0026926715219757666 0.02954307931507028 0.2034170704677514 0.7637967454716335, 
38, 111110, 111111, 0.9567621175772809, 0.9567621175772809, 0.0 0.0 0.00040071064277166405 0.004989956494024154 0.02996663372898208 0.18292131502519124 0.7817213841090308, 
39, 111100, 111111, 0.9395901457787386, 0.9395901457787386, 0.0 0.0 0.0018583623295282286 0.015615220849553784 0.049981074598874894 0.2082178642630452 0.7243274779589979, 
40, 111111, 111111, 0.8330277390742343, 0.8330277390742343, 0.12427029681437297 0.0007233533483636946 0.0008179709302493503 0.004234838327430358 0.02490753243446912 0.18680355435431167 0.6582424537908029, 
41, 111111, 111111, 0.8330025738020411, 0.8330025738020411, 0.12516823477595612 0.0006883566191012518 0.0004941092560164701 0.004206336893909502 0.026294133419070456 0.1803496508925755 0.6627991781433706, 
42, 111111, 111110, 0.9585992192091768, 0.9585992192091768, 0.0 0.0 0.0 0.0009500513585674762 0.0300154234380638 0.18552368379310938 0.7835108414102594, 
43, 011110, 111111, 0.9517198172755111, 0.9517198172755111, 0.0 0.0 0.0014717337247135453 0.01048706165507936 0.03693291527756653 0.17846714592770857 0.7726411434149318, 
44, 111111, 111111, 0.9548918740310715, 0.9548918740310715, 0.0 0.0 0.0 0.0017116828993678232 0.033088366711311344 0.19933697369284556 0.7658629766964753, 
45, 011111, 111111, 0.9486666715998748, 0.9486666715998748, 0.0 0.0 0.0010663779790168716 0.006828744536801746 0.03861930827722518 0.20600960831982762 0.7474759608871286, 
46, 111111, 111111, 0.9243063861213803, 0.9243063861213803, 0.028731889634080895 0.00016878445961583227 0.0031513720391455713 0.00691741761470366 0.02687698427560555 0.19381471361725008 0.7403388383595984, 
47, 111111, 111110, 0.9210771304609606, 0.9210771304609606, 0.023850246061162265 0.00014254626186779566 0.003273239838037022 0.010986741069489693 0.04250951657010493 0.19865079385709622 0.720586916342242, 
48, 111111, 000000, 0.826983151406265, 0.826983151406265, 0.1299601792951694 0.0007150550882371266 0.0004288041608687809 0.005267355441151275 0.032705901710526966 0.17183565396222492 0.6590870503418216, 
49, 011111, 111111, 0.9437627487341584, 0.9437627487341584, 0.0 0.0 0.0037530268064451745 0.009094117475207993 0.041013565263556664 0.21310191741653142 0.7330373730382587, 
50, 111111, 111111, 0.9500514371526335, 0.9500514371526335, 0.0 0.0 0.002690605239483572 0.005630506615324928 0.03989299711747427 0.19225144204534161 0.7595344489823757, 
51, 011111, 111111, 0.9472359585918141, 0.9472359585918141, 0.0 0.0 0.002107036811792226 0.008176731210686407 0.040255155473083226 0.2031155966237208 0.7463454798807173, 
52, 011111, 111111, 0.9487908825084516, 0.9487908825084516, 0.0 0.0 0.0013716008232074692 0.005947849345624467 0.04005558279237049 0.20381358803484642 0.7488113790039511, 
53, 111111, 000111, 0.9551034398855293, 0.9551034398855293, 0.0 0.0 0.00023101357906614027 0.003044433098466694 0.031994581595937294 0.1953328438832857 0.7693971278432442, 
54, 111111, 111111, 0.9428913350903162, 0.9428913350903162, 0.0 0.0 0.0007605243798301332 0.01028644326722118 0.046975187331976656 0.21480018747316604 0.7271776575478061, 
55, 111111, 111111, 0.9549650498644947, 0.9549650498644947, 0.0 0.0 0.0 0.0037799504606880457 0.029906242394563687 0.19905736464184087 0.7672564425029074, 
56, 111111, 111111, 0.9513905829692322, 0.9513905829692322, 0.0 0.0 0.0010496752401835576 0.00637858637589764 0.03557502207210631 0.19717199795196727 0.7598247183598452, 
57, 111111, 111110, 0.9484682509070489, 0.9484682509070489, 0.0 0.0 0.0002371162585899943 0.004859029220024858 0.043922069636448346 0.20582080259037575 0.7451609822945611, 
58, 111111, 111111, 0.9463758831918225, 0.9463758831918225, 0.0 0.0 0.0006916577091319788 0.006196070471177526 0.03716630295656858 0.2260572526858676 0.7298887161772544, 
59, 111111, 111111, 0.961027768652132, 0.961027768652132, 0.0 0.0 0.0 0.001471190982765981 0.024744867707889202 0.17993007972313188 0.793853861586213, 
60, 111111, 111111, 0.9531324769585321, 0.9531324769585321, 0.0 0.0 0.00014475504322006586 0.0071869699859503896 0.03462838009541834 0.18980844792723917 0.768231446948172, 
61, 111111, 111111, 0.9474740091133791, 0.9474740091133791, 0.0 0.0 0.00012351556601146856 0.003561796715878262 0.04351894835054372 0.21693859620695732 0.7358571431606092, 
62, 111110, 111111, 0.9548282771665757, 0.9548282771665757, 0.0 0.0 0.0 0.004375767785867851 0.030601763663446014 0.1966995063160502 0.7683229622346359, 
63, 111111, 111111, 0.8467198309039576, 0.8467198309039576, 0.11155172945218508 0.0006253877490785292 0.0024224098078593466 0.00416000119844868 0.026341409216490388 0.17239123785798713 0.6825078247179508, 
64, 111110, 111111, 0.9588661861787559, 0.9588661861787559, 0.0 0.0 0.00011265567239534285 0.0026086514033345806 0.024460901672639666 0.18960450268260026 0.7832132885690302, 
65, 111111, 111111, 0.9439693695453804, 0.9439693695453804, 0.0 0.0 0.000578138230200495 0.010511450562528297 0.05413191025165061 0.19407305761602986 0.7407054433395908, 
66, 111111, 111111, 0.9537026190538735, 0.9537026190538735, 0.0 0.0 0.00012773117070406673 0.007542950846562725 0.03933112977189068 0.1759822489104726 0.7770159393003699, 
67, 111111, 111111, 0.769135330082309, 0.769135330082309, 0.18660178659268692 0.0010392937330676543 0.0011330486531993887 0.0033593547636028127 0.041963940684615585 0.16184269101184873 0.6040598845609789, 
68, 111110, 111111, 0.951041843905636, 0.951041843905636, 0.0 0.0 0.0 0.001159981114115275 0.041361168972292486 0.20754665527925348 0.7499321946343387, 
69, 111110, 000000, 0.9335185682038756, 0.9335185682038756, 0.02713643165895507 0.00015621391296863555 0.00014239547687297773 0.006280330021942764 0.030053357361193807 0.15577164456246495 0.7804596270056018, 
70, 111111, 011110, 0.8814873564835999, 0.8814873564835999, 0.0638899278943928 0.0003323374922177905 0.0019366470251955302 0.013591472329759284 0.04828729868347759 0.18097900381393867 0.6909833127610183, 
71, 111111, 111111, 0.7411233145395845, 0.7411233145395845, 0.2195585353657779 0.0012167750091332905 0.001794471183651941 0.0046857846799607215 0.032810761669964515 0.1429682634077402 0.5969654086837716, 
72, 111111, 111111, 0.9474005890924787, 0.9474005890924787, 0.0 0.0 0.00032492331251848306 0.006464248362855712 0.037916649189004184 0.21907072872847771 0.7362234504071439, 
73, 111111, 111111, 0.9406738421216069, 0.9406738421216069, 0.0 0.0 0.0009496110245037361 0.012544159775888592 0.04523446992638297 0.22405708399191165 0.7172146752813131, 
74, 111111, 111111, 0.849327443069336, 0.849327443069336, 0.10899943915416296 0.0006002357429461252 0.0038361224745022677 0.0050594541227433785 0.03637323859471911 0.14376819848859815 0.701363311422328, 
75, 111111, 111111, 0.9547143946105634, 0.9547143946105634, 0.003656643794496854 2.4494242200964972e-05 0.0006376382283819289 0.0018888200432293114 0.02652379723909283 0.18838669083723233 0.7788819156153658, 
76, 111111, 111111, 0.9431343457650415, 0.9431343457650415, 0.0 0.0 0.0014313973206062259 0.011837203896525693 0.05092192598561235 0.1981128724665241 0.7376966003307317, 
77, 111111, 111111, 0.9494452221751712, 0.9494452221751712, 0.0 0.0 4.669111887613932e-05 0.00830803607722928 0.03314176085544734 0.21193427253088523 0.746569239417562, 
78, 111111, 111111, 0.9489494528207295, 0.9489494528207295, 0.0 0.0 0.0004285350491829145 0.004607784689214861 0.03666000583013464 0.21744577715097696 0.7408578972804907, 
79, 111111, 011110, 0.942920325785589, 0.942920325785589, 0.0 0.0 0.00047003357730434047 0.01176204274449425 0.047300840724437965 0.21071010129489062 0.7297569816588728, 
80, 111110, 111111, 0.9459667546662107, 0.9459667546662107, 0.0 0.0 0.0017968444750408898 0.008168588982305129 0.050231094941942826 0.19204413727177183 0.7477593343289393, 
81, 111111, 111111, 0.832666714588251, 0.832666714588251, 0.11240241449969245 0.0006411389939191228 0.004210829675530159 0.010998797027005012 0.04341755327696946 0.18970471416566886 0.6386245523612148, 
82, 111111, 111111, 0.9522394314960071, 0.9522394314960071, 0.0 0.0 0.000290286986883311 0.0033991671121469847 0.03932799671705793 0.19654876830586743 0.7604337808780444, 
83, 111111, 111111, 0.9476114219699172, 0.9476114219699172, 0.0 0.0 0.0010903417163345927 0.010305315530139426 0.042946427345537 0.19316130003366605 0.752496615374323, 
84, 111111, 111111, 0.8734128427450936, 0.8734128427450936, 0.07896381430345784 0.0004428085733106022 0.0017729576139338809 0.004235174351119427 0.0341907231251229 0.19534721508279992 0.6850473069502555, 
85, 111111, 111111, 0.9484756917522121, 0.9484756917522121, 0.0 0.0 0.0 0.0063941868651410366 0.04529963317168303 0.1993640225479377 0.7489421574152383, 
86, 111111, 011111, 0.9500970528708009, 0.9500970528708009, 0.0 0.0 0.0009991191421016056 0.007706668411811859 0.04395903574723201 0.1843831294768884 0.7629520472219662, 
87, 111111, 111111, 0.9496042104613235, 0.9496042104613235, 0.0 0.0 0.0 0.010219544730494894 0.04191276447243974 0.18789057409569562 0.7599771167013698, 
88, 111111, 111111, 0.8608328993174075, 0.8608328993174075, 0.08939912598386027 0.00045821519495690147 0.0011011545747517404 0.010823402755253059 0.03619802000912876 0.18704590563458529 0.674974175847464, 
89, 111111, 011111, 0.7540555561685497, 0.7540555561685497, 0.19814383418611126 0.0011731369578616392 0.0009374500629770471 0.0096065654372039 0.048293992122189454 0.15178049227482743 0.5900645289588293, 
90, 111111, 111111, 0.9476990335853606, 0.9476990335853606, 0.0 0.0 0.0005863630055118316 0.009114945108700364 0.04624105314139654 0.19163340485689606 0.7524242338874952, 
91, 111111, 111111, 0.9450425753322262, 0.9450425753322262, 0.0 0.0 0.00215085914282549 0.011302672759203023 0.04999931686840021 0.18723445942093214 0.7493126918086391, 
92, 111111, 111111, 0.9525090489759908, 0.9525090489759908, 0.0 0.0 0.0002345440829971858 0.005606774492650428 0.03700682812043626 0.19317355009324255 0.7639783032106736, 
93, 011111, 111111, 0.6478735780582738, 0.6478735780582738, 0.31394419553964215 0.0017475290612782748 0.0015710503399912373 0.010367432051394425 0.02571885190263081 0.1315315117867024 0.5151194293183607, 
94, 111111, 111111, 0.9526391460191578, 0.9526391460191578, 0.0 0.0 0.0 0.006339435347595541 0.03454030477495972 0.1960662082923473 0.7630540515850974, 
95, 111111, 111111, 0.9423143505519891, 0.9423143505519891, 0.0 0.0 0.0005532582638060194 0.0058836416596651 0.0522315451294217 0.2217868483950032 0.719544706552104, 
96, 111111, 111111, 0.9313267069430738, 0.9313267069430738, 0.0224077283921915 0.0001305867153301693 0.0017954064461619512 0.005605201052174851 0.03221288927400584 0.18851744692257358 0.7493307411975622, 
97, 111111, 111111, 0.9550928576408994, 0.9550928576408994, 0.0 0.0 0.0 0.004543514666014814 0.0333822467911713 0.18904781657421632 0.7730264219685976, 
98, 111111, 111111, 0.9521704185892312, 0.9521704185892312, 0.0 0.0 0.0005115563620220479 0.011070915697661665 0.042278105741795184 0.16716230443994914 0.7789771177585719, 
99, 111111, 111111, 0.7570082379767581, 0.7570082379767581, 0.19630176144518885 0.001057816053495407 0.0008451309081757919 0.010524738134282287 0.040314076721033376 0.1592680317232251 0.5916884450145992, 
100, 011111, 111111, 0.9511626620686562, 0.9511626620686562, 0.0 0.0 0.0 0.004089025314755986 0.0325705971806795 0.2156157572824355 0.747724620222129, 
