run, initial grid state, final grid state, mean grid cell occupancy, mean binding site occupancy, fraction of time with N TFs bound, warning
1, 0011101100, 0011111100, 0.531440068449585, 0.8857297114794169, 0.0 5.8907296617769053e-05 0.0015050721844966353 0.02208999257071123 0.11682522902099293 0.3793864701483031 0.48013432877887835, 
2, 0011111100, 0011010100, 0.5322346515950479, 0.8870539879844225, 0.0 0.0001437127822028313 0.0015872657681152312 0.0196491622808205 0.11519345697120806 0.381274044325112 0.48215235787254135, 
3, 0011110000, 0011101100, 0.5307510725269884, 0.884581352779231, 0.0 6.613777202948218e-05 0.0015164904038420814 0.020672111008809498 0.12473083124325103 0.37463723733616777 0.4783771922359001, 
4, 0010111000, 0011111100, 0.5294990749721562, 0.8824947148996811, 0.0 0.00026006544070203565 0.0020519985471535527 0.0227752993014521 0.1245140442651861 0.3781694027750607 0.4722291896704454, 
5, 0011111100, 0011110100, 0.5331317904686598, 0.8885492889205545, 0.0 3.244878184225077e-05 0.0018393576571773852 0.01917589589557717 0.1166518902967494 0.3703531236585216 0.49194728371013213, 
6, 0011011100, 0011011100, 0.5315833095088158, 0.8859683644219216, 0.0 5.7461579458827056e-05 0.002235909234168799 0.02001341110431502 0.12147561280612039 0.37196740970931624 0.48425019556662074, 
7, 0011111100, 0010111100, 0.532805823198975, 0.8880060020974573, 0.0 7.768939119597275e-05 0.0022995152746067195 0.02117340212664389 0.11626661092354262 0.36632405113383226 0.4938587311501786, 
8, 0011111100, 0011111100, 0.5300088768641528, 0.8833443697235903, 0.0 6.281394161774998e-05 0.0024822216987088887 0.021743513312557486 0.12788226726679017 0.36869575068427957 0.47913343309604617, 
9, 0011111100, 0011111100, 0.5314432643644086, 0.8857350375785339, 0.0 6.209200278702235e-05 0.001572929153515306 0.02006292531107869 0.12426712608810868 0.37026456979134725 0.4837703576531631, 
10, 0011010100, 0011111100, 0.534003742530134, 0.8900024782168119, 0.0 0.0 0.0017874565950830492 0.019608011720724013 0.11069842270305272 0.3726144237505188 0.49529168523062145, 
11, 0011111100, 0011111100, 0.5310799206739413, 0.8851294427605042, 0.0 2.3370750094070317e-05 0.0016419696664883479 0.018769567571933873 0.11927484235150931 0.38768022360173016 0.4726100260582442, 
12, 0011101100, 0011111100, 0.5303475396158687, 0.883908776223423, 5.0897013238838734e-05 0.00018341767694825216 0.0017215811691861952 0.02093153400184734 0.12335096262443358 0.37894202026413365 0.4748195872502122, 
13, 0011110100, 0011111100, 0.5337300695283768, 0.8895464082362929, 0.0 0.0001165950848880552 0.0014943241017616644 0.01824068826917643 0.11930796040973592 0.3628232931237544 0.49801713901068356, 
14, 0011111100, 0001101100, 0.5315350903898388, 0.8858880621984552, 0.0 6.211991443357296e-05 0.0027779145179548394 0.02273963446308526 0.11774189020959848 0.3695466853568289 0.487131755538099, 
15, 0001111000, 0011111100, 0.5298819534508566, 0.8831328842763695, 0.0 8.81523873982543e-05 0.001740944367669363 0.022885627241620944 0.12348619098881736 0.3781688912316164 0.4736301937828777, 
16, 0011101100, 0011100100, 0.5304364792262452, 0.8840571156615394, 7.847436462034781e-05 0.0002851232225032647 0.0012862910203039857 0.020264038507343866 0.12527182055796748 0.37727992301134206 0.475534329315919, 
17, 0011111100, 0011101100, 0.5324615601046487, 0.8874321478723746, 0.0 0.0 0.0016440527127955461 0.02097858488807362 0.11773216647506063 0.37043081430022856 0.4892143816238416, 
18, 0011111100, 0000110100, 0.5301146091040637, 0.8835206180224321, 1.7816812296651658e-05 0.00030657314636288295 0.002635642761552887 0.022673590407353644 0.12380469706139384 0.37106378886875274 0.47949789094228734, 
19, 0010111100, 0011111000, 0.531132522460132, 0.8852171345005211, 0.0 2.0186737088390757e-05 0.0015203688810523136 0.02108173542615551 0.11979979979678794 0.3796699779151797 0.4779079312437361, 
20, 0011111100, 0011111100, 0.5321158720676149, 0.8868560544229472, 9.760765516417366e-06 0.00013534432759046552 0.0019114266767081723 0.020161561495627967 0.11993084316254347 0.3701363097124627 0.48771475385955076, 
21, 0011111100, 0011111100, 0.5331047003623001, 0.8885041618927961, 0.0 1.4334099608666839e-05 0.0020464694417097876 0.020600139806998458 0.11442134747700636 0.37007436600333243 0.49284334317134426, 
22, 0010111100, 0011111100, 0.5315823342843969, 0.8859667755623682, 0.0 8.422405589898427e-05 0.0020199071774003436 0.01988353582104448 0.12027826725479485 0.375491455663971 0.48224261002689034, 
23, 0001111100, 0011101100, 0.5307381215317949, 0.8845598386534279, 0.0 0.00013447057205634457 0.0025035225061895514 0.021319624634962935 0.11931552387182708 0.37936460354585005 0.477362254869114, 
24, 0011110100, 0011111100, 0.5309970775171236, 0.8849913704813253, 0.0 4.302595051771118e-05 0.0022153772908138376 0.02019371614156204 0.12342682953475247 0.3735403307020137 0.4805807203803403, 
25, 0001111100, 0011111100, 0.5333834627160832, 0.8889686736841326, 0.0 0.0 0.0017491464239893558 0.018392939835124404 0.116825211712508 0.3703621292688582 0.49267057275952003, 
26, 0011110100, 0011111100, 0.5333869784358222, 0.8889745679553032, 0.0 1.7297654409749166e-05 0.0017877048817570558 0.017704091157634248 0.11497210667736824 0.3758587976414637 0.48966000198736703, 
27, 0011111100, 0011111100, 0.5309562111015332, 0.8849232403343502, 0.0 7.69975622156688e-05 0.0013404057174258137 0.020284535316248704 0.12532172227373123 0.3732168968169086 0.47975944231347, 
28, 0011101100, 0011001100, 0.5294832417258378, 0.8824683721434313, 0.0 0.00013776889423732246 0.0024710142603871577 0.021888936521678976 0.12806598072755201 0.3728180946065362 0.4746182049896083, 
29, 0011111100, 0011111100, 0.5338385977775445, 0.8897272375666042, 0.0 0.0 0.0012071569675114679 0.017804875209395655 0.12184852045704815 0.3596962801880459 0.4994431671779988, 
30, 0011111100, 0011111100, 0.5312088549927352, 0.8853443478978472, 0.0 3.478635450297877e-05 0.002940711963852688 0.019754513894809284 0.12092095195671605 0.37489168738713047 0.48145734844298854, 
31, 0011111100, 0010111100, 0.5324264259983905, 0.8873736546069854, 0.0 0.00019148141769221848 0.0020638839548877555 0.02031157008785004 0.11979737821183328 0.36601566276285985 0.4916200235648769, 
32, 0011111100, 0011111100, 0.5318131944975566, 0.8863515652591646, 0.0 6.304304516201927e-05 0.0012496192107089004 0.020964484438787064 0.12047183805953227 0.37273978694094073 0.484511228304869, 
33, 0011111100, 0011111100, 0.5320229415537839, 0.8867011947789406, 0.0 5.779560169503802e-05 0.0017369946524121202 0.02140565058551329 0.1201415210277128 0.36805588089626723 0.4886021572363995, 
34, 0010111100, 0001111100, 0.5314546494301936, 0.885753977797562, 0.0 8.785045127715382e-05 0.0020305416012974613 0.02241622274399238 0.12005355879501912 0.3695589287310372 0.48585289767737666, 
35, 0011111100, 0011111100, 0.5321054340674178, 0.886838624555363, 0.0 0.0001687973334762028 0.0016246574706974765 0.019531181777750237 0.12211793800961072 0.36879621476517915 0.4877612106432862, 
36, 0011111100, 0001111100, 0.5341603322641698, 0.890263412969052, 0.0 6.448606028840654e-05 0.0018826948281966184 0.019541711034188006 0.11234169322654025 0.36725779301581457 0.4989116218349722, 
37, 0011111100, 0011111100, 0.5317425227783433, 0.8862338120616948, 0.0 0.0 0.0014659899941344202 0.020069993028117405 0.1234270688438997 0.3696690508811419 0.4853678972527066, 
38, 0000011100, 0011111100, 0.5295597126265145, 0.8825957542550772, 0.0 8.362079887446902e-05 0.0013238327560167085 0.0225458500031935 0.12736718187896628 0.3763401256835838 0.47233938887936516, 
39, 0010101100, 0011111100, 0.5353840196582632, 0.8923029947573079, 0.0 0.0 0.0021664947972647062 0.019234612085430088 0.10962252782649425 0.36056716035781444 0.5084092049329966, 
40, 0011111100, 0010111100, 0.5331346000943694, 0.8885539351398273, 0.0 8.844540746549765e-05 0.0021389374067690755 0.02011439909924099 0.11501510832587403 0.3693049985471613 0.4933381112134891, 
41, 0001111100, 0000111100, 0.5301838569683125, 0.8836360348194829, 0.0 0.00030671103784924456 0.0016956426192831476 0.02382929313094304 0.11960161923301477 0.3791765475578646 0.47539018642104525, 
42, 0011111100, 0001111100, 0.5323896195871695, 0.8873123530508622, 0.0 9.028852370127325e-05 0.0019078178568260476 0.01983301511305765 0.11918268349596828 0.37017875531790706 0.48880743969253965, 
43, 0011111100, 0011011100, 0.5310445958929747, 0.8850706285107708, 0.0 5.884915959539867e-05 0.002170360453908202 0.0222218583590955 0.11905030593442704 0.3758343543756242 0.4806642717173497, 
44, 0011111000, 0011111100, 0.5322603257229467, 0.8870968528989919, 0.0 0.00013880037508652321 0.0017269642353681118 0.020292279185511516 0.12009800151745682 0.3687441831976947 0.48899977148888235, 
45, 0011111000, 0011111100, 0.5317268630789449, 0.8862076535407365, 0.0 0.00018090792160630224 0.0020513512120982915 0.021660864506225817 0.12323970064386344 0.36218213949275174 0.49068503622345444, 
46, 0011111000, 0011110100, 0.5329811209973385, 0.8882981733735452, 0.0 5.144460467670644e-05 0.002340097913413922 0.020054379271690723 0.11743232707351244 0.3655655531195926 0.4945561980171136, 
47, 0001111100, 0011111100, 0.5294469575144749, 0.882407849343408, 0.0 0.00019426732299554915 0.0021148001506023253 0.02259866047466708 0.12792672666217264 0.37247293197381875 0.47469261341574365, 
48, 0011011100, 0011111100, 0.5327094580744995, 0.8878454130931771, 0.0 0.0001834770374729236 0.0020205218548745908 0.020812639948068826 0.1169651756497538 0.3675597776903596 0.49245840781947026, 
49, 0001111100, 0011011100, 0.5308761693302414, 0.8847898889950521, 0.0 3.792190552640528e-05 0.0020813886397956947 0.02030253266022677 0.12067051982594902 0.3804968643102942 0.47641077265820786, 
50, 0011011100, 0011011100, 0.5307039160261859, 0.8845027618701082, 0.0 0.00036785250794881864 0.0028393548903128947 0.02323813454765637 0.1165918973587139 0.37688854831795837 0.48007421237740966, 
51, 0011111100, 0011110100, 0.5303766567013186, 0.8839573557755946, 0.0 0.0002869608841057618 0.002682668043549458 0.022115429090519338 0.1237706644911998 0.37020277249774886 0.4809415049928768, 
52, 0011110100, 0011111100, 0.531508810812543, 0.8858442288456739, 0.0 6.526010142303648e-05 0.0014930505041882963 0.020610935781511755 0.12058038641181225 0.3756425442339279 0.4816078229671368, 
53, 0010111100, 0011111100, 0.5332814536553266, 0.8887987265613461, 0.0 4.852905317317871e-05 0.001673166769381465 0.019104376159239662 0.1148932493709408 0.37317270106893147 0.4911079775783334, 
54, 0011110100, 0010111100, 0.5344747184696429, 0.8907874726610278, 0.0 2.8549023437386466e-05 0.0012846725281632123 0.017692187572527086 0.11348756829575435 0.36994202949490385 0.4975649930852141, 
55, 0011111100, 0001111100, 0.5331224251904841, 0.8885336360393964, 0.0 6.995563470330976e-05 0.0009725256355641461 0.018348271399766695 0.1146294850819138 0.38025451868472016 0.4857252435633319, 
56, 0010111000, 0011111100, 0.5326097111333474, 0.8876791402082956, 0.0 5.120215952396392e-06 0.0023590307515416256 0.020883973211618 0.11912487756576168 0.3635617598979196 0.49406523835720667, 
57, 0011101100, 0011111100, 0.5305643624792843, 0.8842701892609441, 0.0 8.063837520912998e-05 0.0018101840570832574 0.021309907923459163 0.12332585075535259 0.3761535110488739 0.477319907840022, 
58, 0001111100, 0011111100, 0.533457560645775, 0.8890922135637629, 0.0 0.0 0.0017348752195349264 0.021094709188505402 0.10749523966939499 0.38023261083497756 0.4894425650875871, 
59, 0011111100, 0011111100, 0.5316658222382376, 0.8861059355698526, 0.0 6.198377429113324e-05 0.0024830164818932785 0.020267935697433733 0.12132533044791752 0.36966793379371904 0.4861937998047453, 
60, 0011111000, 0011111100, 0.5319364908334617, 0.886557136834388, 0.0 6.240606028772534e-05 0.002032377260058522 0.022154393460223125 0.12346648493885148 0.3588194893936271 0.493464848886952, 
61, 0011111100, 0011111100, 0.5293800876886947, 0.8822964447367919, 0.0 0.0001266568337011337 0.002831616601103686 0.022414137600769556 0.12515600541087904 0.37670715738226096 0.4727644261712856, 
62, 0011111100, 0011111100, 0.5308907600154871, 0.8848142220890984, 0.0 6.449740768197745e-05 0.002552285624736959 0.021681416330602866 0.120586770027141 0.37436524888196215 0.480749781727875, 
63, 0011111100, 0010011100, 0.5321285582773869, 0.8868771488317387, 0.0 9.487327400502704e-05 0.0021366311040118937 0.019327408263685952 0.12245984339424532 0.3668143046439462 0.4891669393201055, 
64, 0010111100, 0001111100, 0.5321180980976142, 0.886859714353719, 2.8196124327778815e-05 0.0002476223159407008 0.002021477746218879 0.019436089007995015 0.12043147119152127 0.37017730516011393 0.48765783845388244, 
65, 0011111100, 0011111100, 0.534223271195997, 0.8903683278203625, 0.0 4.8525965402417235e-05 0.0011882974891358044 0.018184536478060443 0.1132392366046733 0.37176213065074243 0.49557727281198566, 
66, 0011111100, 0011111100, 0.5296940044783054, 0.882819588266797, 0.0 8.434781347494394e-05 0.0021359102470748337 0.020719324390637374 0.1253315331203814 0.3812960509308692 0.47043283349756226, 
67, 0011111100, 0010110100, 0.5290945698046668, 0.8818205201052544, 0.0 5.5128598091730043e-05 0.0018309884240919208 0.02016961167941878 0.1268528741405948 0.38726269936220264 0.4638286977956001, 
68, 0001111100, 0011011100, 0.5299646118534034, 0.8832706196551187, 0.0 0.00020538483932344684 0.002056156793352798 0.022385543031731882 0.1238427693393536 0.3762825629253561 0.4752275830708821, 
69, 0011110100, 0011111100, 0.5320155727044948, 0.8866888487319186, 0.0 0.0002360627823093959 0.0021356481610136724 0.020839327866564006 0.11802529406532031 0.371575429322554 0.4871882378022386, 
70, 0011011100, 0010111100, 0.5330257304021307, 0.8883724822853374, 0.0 0.0002987661403981844 0.0015818158416516155 0.01786461033494131 0.11811771445369894 0.37211475230715657 0.4900223409221534, 
71, 0011111000, 0011111100, 0.531931275924476, 0.8865483460928046, 0.0 0.00014439273566677456 0.002668369150701085 0.019147424328693364 0.11723314773384164 0.37740591470827134 0.48340075134282584, 
72, 0011111100, 0011111100, 0.5330730878702459, 0.8884514136423847, 0.0 0.00019869214051689905 0.0024674383061012617 0.018117740055435462 0.1171361206321349 0.3698028427881266 0.4922771660776849, 
73, 0010111100, 0011010100, 0.5306538823264773, 0.884419382713155, 0.0 0.00013232621061723854 0.0023326886077190507 0.022194471561209173 0.12203593296268826 0.3728360376281034 0.4804685430296629, 
74, 0011011100, 0011110100, 0.532030612261251, 0.8867139224669218, 0.0 0.00021363854609949247 0.0014541962367233278 0.021006533089154997 0.11811988981634104 0.3735721086209317 0.4856336336907494, 
75, 0011111100, 0001101100, 0.5318979633401864, 0.8864928052029597, 0.0 4.894742893071401e-05 0.002251189625625462 0.02280034695887064 0.1206779001165724 0.3620368320253296 0.4921847838446711, 
76, 0011111100, 0011010100, 0.5328609611291855, 0.8880978153893397, 0.0 3.650732879703953e-05 0.0017728605536902942 0.018248058139855937 0.11583663363350993 0.37772168711862786 0.486384253225519, 
77, 0001111100, 0001111100, 0.5323168118722682, 0.8871908852548798, 0.0 5.676492618935448e-05 0.0012093731136194011 0.018558907902165113 0.11786669487578859 0.38032325792722427 0.4819850012550133, 
78, 0011111000, 0011110000, 0.5295967255653794, 0.8826573943827483, 0.0 1.0353276759442828e-05 0.0023037273556093516 0.02220562716259086 0.12558355695240478 0.377004962504694 0.47289177274794153, 
79, 0011001100, 0011111100, 0.530505335512924, 0.8841717832196362, 0.0 0.0001642893014004179 0.002902798492264398 0.025026103908619722 0.11901996478624226 0.3694184189077799 0.4834684246036933, 
80, 0011111100, 0011111100, 0.5311770079736884, 0.8852913376723069, 0.0 8.212784691742487e-05 0.002030285189104592 0.02168986466519801 0.11911515535810414 0.3764202892633507 0.48066227767732517, 
81, 0011111100, 0011111100, 0.5331611627607531, 0.8885981667514279, 0.0 6.72438690262749e-05 0.002664922769286093 0.0186086791317716 0.11822310841523684 0.3651428348433687 0.4952932109713105, 
82, 0011101100, 0001111100, 0.5329379993898524, 0.8882262248818054, 0.0 0.0 0.0018088678570080887 0.019997089239011213 0.11728344252146417 0.3688490265211733 0.49206157386134325, 
83, 0011111100, 0011111100, 0.5291207715303986, 0.8818642492191702, 0.0 1.3825621508189608e-05 0.002305454870072628 0.023453342607000428 0.12072335786326262 0.38771681354962145 0.46578720548853464, 
84, 0011111100, 0011111100, 0.530854012733103, 0.884752894440909, 0.0 2.8183752907571335e-05 0.002060248108306023 0.02055295218183052 0.11981537399581026 0.38181111761967096 0.47573212434147466, 
85, 0011111100, 0011110000, 0.5312508431759198, 0.8854143926249719, 0.0 0.00015860046445696126 0.0018270010772915325 0.017566776457297487 0.12562563864456902 0.37546103095768785 0.47936095239869714, 
86, 0011111100, 0010110100, 0.5320358356678933, 0.8867226945640823, 0.0 9.018314187045607e-05 0.0015728275110457979 0.021195221587145322 0.12113910255392105 0.36705773699269256 0.48894492821332486, 
87, 0011111100, 0011111100, 0.5309737367155357, 0.8849525186679775, 0.0 0.00035895320864319795 0.002310622512578141 0.020927653801844116 0.12273669478425629 0.3709912809245611 0.4826747947681171, 
88, 0011011100, 0011111100, 0.5319457026895441, 0.8865724770931013, 0.0 1.1746947084040867e-05 0.0011343962771704224 0.019682052297068056 0.12103165070899734 0.3748593592880923 0.4832807944815878, 
89, 0011111100, 0011110000, 0.529224777220225, 0.882037517710662, 0.0 0.00017280343271485396 0.0015752254919239735 0.021852989246668814 0.12897923732131883 0.377092532222113 0.47032721228526053, 
90, 0011111000, 0001111100, 0.5318756226596187, 0.8864556260097814, 0.0 0.0001873620560494207 0.00189855195577234 0.02065646535040975 0.11679710705625822 0.37717161567422974 0.4832888979072805, 
91, 0010110100, 0011111100, 0.5342979785146599, 0.8904928839763395, 0.0 0.0002705164217065913 0.0016305976339471054 0.019525146452943298 0.11371881711482384 0.36315464990916474 0.5017002724674144, 
92, 0011100100, 0000111100, 0.531512900968758, 0.8858511362129876, 7.897144821144284e-06 0.00011497138375151724 0.002539358847231247 0.0201274547882399 0.12228824250728672 0.36915465816617143 0.485767417162498, 
93, 0011011100, 0011001100, 0.5331730575264167, 0.8886180459355008, 0.0 0.0001629719417842229 0.0011092499801046648 0.020175258716880865 0.1134680083210813 0.3755780719648504 0.4895064390752986, 
94, 0011111100, 0011101000, 0.5330814082573514, 0.8884652914678779, 0.0 0.0 0.0015603630344348648 0.020954122965779948 0.11729619283885302 0.36551204447994745 0.4946772766809847, 
95, 0011011100, 0001111100, 0.5336260172629251, 0.8893729345770242, 0.0 6.39500373777889e-05 0.0026171819698128955 0.02064636151405634 0.11116874000109955 0.36869734992734615 0.4968064165503073, 
96, 0011101100, 0011111100, 0.5345267456320969, 0.8908742481583499, 0.0 2.151994685655548e-05 0.0021505062758537274 0.020241889957900643 0.10797662679722665 0.3693659627440476 0.5002434942781148, 
97, 0011110100, 0001111100, 0.5330104330913372, 0.8883469593193106, 0.0 0.00024664578814529234 0.0021034283742072182 0.02210393132344277 0.11453901728904342 0.3648814730981669 0.49612550412699447, 
98, 0001111000, 0011111100, 0.5318414702178692, 0.8863986674852774, 0.0 0.0002492244215590613 0.00214256849891276 0.019435775173105168 0.12038927946272333 0.3727057145401261 0.4850774379035736, 
99, 0010110100, 0011111100, 0.5331947671779532, 0.8886541927834176, 0.0 0.0 0.0017504268481368108 0.017979175430880706 0.11871530490440782 0.3697049998054893 0.4918500930110853, 
100, 0011111100, 0011111100, 0.5314095164773307, 0.8856788006022682, 0.0 0.00010767152515942141 0.0019069343600888512 0.020208151402433348 0.12121314612428795 0.37471035486436205 0.48185374172366835, 
run, initial grid state, final grid state, mean grid cell occupancy, mean binding site occupancy, fraction of time with N TFs bound, warning
1, 0011101100, 0011111100, 0.534583218018066, 0.8909682740899616, 0.0 2.249574607572385e-05 0.001853737391604795 0.01966692228022158 0.11491852507539464 0.35782511017197965 0.5057132093347235, 
2, 0011111100, 0011111100, 0.5301303320703287, 0.8835468434333331, 0.0 0.00018797968463619548 0.0026645290460164347 0.02390040952260537 0.12432096625486787 0.3667777637152032 0.4821483517766709, 
3, 0011110100, 0011111100, 0.5333228080520687, 0.888867588458406, 0.0 6.594582535692623e-05 0.0018327953023486335 0.0194948712914465 0.11558414329146421 0.3694806584561174 0.49354158583326635, 
4, 0011111100, 0011010100, 0.5314912719929982, 0.885815094059441, 0.0 9.681039344793274e-05 0.0026017773225235617 0.020519088037615114 0.11988963431032179 0.37288174165253235 0.4840109482835592, 
5, 0001111100, 0011101100, 0.5326411035778715, 0.8877314388470262, 0.0 7.405946276735691e-05 0.0017286572562250475 0.020397762087221993 0.11892054630110332 0.36729206171523376 0.4915869131774485, 
6, 0001011100, 0001111100, 0.5325100999403607, 0.8875131099656434, 0.0 9.897631676106225e-05 0.002030296289084101 0.020741888790664163 0.11914705131475765 0.3657855044644908 0.49219628282424216, 
7, 0011111100, 0011111000, 0.532943433957988, 0.888235347967099, 0.0 0.00012187291713254791 0.0029701648029855678 0.01914785577897041 0.11642172099393415 0.3678108790750216 0.49352750643195575, 
8, 0011111100, 0011110100, 0.5342518234190641, 0.8904160065851279, 0.0 2.1149183951559518e-05 0.0017362915573610222 0.01947252000110933 0.11380421983421242 0.3644270486682776 0.500538770755088, 
9, 0011101100, 0011111100, 0.5341254782695036, 0.8902053713377046, 0.0 1.4475873199516818e-05 0.0013584127551882358 0.01926690417378842 0.11222305161719909 0.37101492583125906 0.4961222297493657, 
10, 0011110100, 0011111100, 0.5319950171128625, 0.8866546649274449, 0.0 3.204277080723217e-05 0.0012946723404319725 0.019260447975376224 0.12117730595392433 0.3745971513855895 0.4836383795738708, 
11, 0011111100, 0011111100, 0.5304464510894762, 0.884073653230683, 0.0 1.29463860752469e-05 0.0014871789859167166 0.01989592572253469 0.12918037691777506 0.3714961017387048 0.4779274702489935, 
12, 0011110100, 0011111100, 0.5307518329990123, 0.8845826302605986, 0.00010753884821176528 0.00024277760080760076 0.0021399803208587017 0.02080880835358029 0.11863604330430752 0.38238666439030955 0.47567818718192456, 
13, 0011111100, 0011111100, 0.530707336526379, 0.8845085259321287, 0.0 9.04165513495604e-05 0.0016405236343506402 0.021549539086358295 0.12385797071515184 0.3735701084236995 0.4792914415890902, 
14, 0011011100, 0011111100, 0.5325080169750437, 0.8875095781667727, 7.308992291359673e-05 9.255525635971908e-05 0.002250631735520909 0.02011644439990139 0.11947984593221318 0.36572966317386935 0.49225776957922185, 
15, 0011110100, 0011111100, 0.531331394683765, 0.8855485678112397, 0.0 7.1134524524517e-05 0.001953959889953924 0.020289107181383777 0.1241081135354027 0.3694535323351664 0.4841241525335686, 
16, 0011110100, 0011111100, 0.5307226137998396, 0.8845339580514728, 0.0 0.00010790633604106447 0.0020483919919268715 0.021166628980721088 0.12301043963599986 0.3745423858290871 0.479124247226224, 
17, 0011111100, 0011111100, 0.5335557989130477, 0.8892558623615521, 0.0 5.98087447850477e-06 0.001999958036619765 0.020017564141268658 0.11412095648458129 0.3681404839188487 0.49571505654420306, 
18, 0011100100, 0011111000, 0.5322556118440211, 0.88708889895948, 0.0 0.00021312680812875427 0.0028380886718928668 0.021834004626508852 0.1158718577371056 0.3678028881611681 0.4914400339951959, 
19, 0001111100, 0011111100, 0.5344478200405693, 0.8907425929244288, 3.729075933385463e-05 0.00020933784535590735 0.0020326568697423327 0.0174985091297379 0.11287087177140674 0.36790611025964826 0.49944522336477504, 
20, 0011111000, 0011111100, 0.5339774674585196, 0.8899587263099832, 0.0 0.00019015803614258765 0.0017560313495012202 0.016608210954938193 0.11642095207553184 0.36960618954550445 0.49541845803838175, 
21, 0011011100, 0010111100, 0.5319451186955313, 0.8865714042326023, 0.0 0.00037305199995841295 0.0026329892416090722 0.019550008487778013 0.1171230809914458 0.3752781701919335 0.48504269908727515, 
22, 0011111000, 0011111100, 0.5309860573021351, 0.8849730140002118, 0.0 6.987842153395924e-05 0.0024766673814846456 0.023833700604601046 0.12083490043141738 0.36673495168848336 0.4860499014724796, 
23, 0011111100, 0011111100, 0.5331293723667488, 0.8885451797116605, 0.0 4.027447040262676e-05 0.0017041791384945523 0.01809349550182382 0.11751809620894553 0.372394153900683 0.49024980077965047, 
24, 0011110100, 0011110100, 0.5321115756241913, 0.8868489218792844, 0.0 4.136101984066622e-05 0.001474039130508425 0.01736962584539795 0.11811937475463369 0.3844558800575959 0.4785397191920233, 
25, 0011111100, 0011111100, 0.5298049188414643, 0.8830044440529018, 0.0 8.311372583898759e-05 0.001973599270719992 0.02088323943805697 0.1243609197280597 0.3822918122002237 0.4704073156371007, 
26, 0010011100, 0010101000, 0.5316451248326717, 0.8860714436800632, 0.0 0.00023322846519612127 0.0016185904200552686 0.02032688071173699 0.12226723079751267 0.3704157301831826 0.4851383394223164, 
27, 0011111000, 0011111100, 0.5341112803060853, 0.8901817496492694, 0.0 0.0003633995399019547 0.002491823418559464 0.018601362234349078 0.11480289393292252 0.36171533616174273 0.5020251847125242, 
28, 0011111100, 0011011100, 0.5299504996477755, 0.8832471071170621, 5.23250152971631e-05 0.00017455389710551214 0.0017753441321082656 0.022277129745243807 0.12514635780376007 0.37510515634863223 0.475469133057853, 
29, 0011010100, 0011110100, 0.5319790526257087, 0.8866280024479812, 0.0 3.1489695159083315e-05 0.0015035423627059053 0.020363290668982625 0.1181797874689498 0.3766109204406462 0.4833109693635564, 
30, 0011111100, 0011111100, 0.5303487004819467, 0.8839107641037001, 0.0 0.0 0.0020012996603338985 0.020574216777816193 0.122735469789314 0.38133662682438757 0.47335238694814835, 
31, 0011111100, 0011001100, 0.531340371678882, 0.8855635838156223, 0.0 2.1222854561890873e-05 0.0017762470766840377 0.020011246886995297 0.11895156769368508 0.3814705184783663 0.4777691970097073, 
32, 0011111100, 0011111100, 0.5314384254734772, 0.8857269411484774, 0.0 0.0 0.0018837959146905192 0.019204760480868922 0.12367008946058791 0.37314870908659126 0.4820926450572614, 
33, 0011110100, 0010111100, 0.5329538204595796, 0.8882525876047483, 0.0 5.523239959319432e-05 0.0019356446528097843 0.019739723586647714 0.12008423797105798 0.3630780870602461 0.4951070743296453, 
34, 0011101000, 0011111100, 0.5318133376561175, 0.8863518253391782, 0.0 7.928998254214013e-05 0.001216360822786348 0.02084484350397791 0.12233156744977362 0.36942948934959385 0.4860984488913262, 
35, 0011111100, 0010101100, 0.5328568393475269, 0.888090998894097, 0.0 7.769356414641652e-05 0.002350645762947021 0.021078995803637972 0.11519171030777266 0.36804254773643846 0.49325840682505745, 
36, 0011111100, 0011011100, 0.5295694215268584, 0.8826119795156815, 0.0 0.0001231669841198694 0.00250597969519723 0.0226933070221131 0.12739752823766337 0.37081339166285715 0.47646662639804926, 
37, 0011111100, 0011111100, 0.5332065861979574, 0.888673892543985, 0.0 0.0002567738843783452 0.0016526906196474033 0.0183982688621461 0.11567186532819443 0.3735234755927812 0.4904969257128525, 
38, 0011111000, 0011111100, 0.5321321630909465, 0.886883187849158, 0.0 1.2081084058738889e-05 0.0019926997356079627 0.02237036493162361 0.11850848971906966 0.36654159430931654 0.49057477022032353, 
39, 0010111100, 0011111100, 0.529172400701658, 0.8819502029753511, 0.0 5.6284235697133196e-05 0.0026191610590376338 0.023420673525275153 0.12383672382752033 0.3796052485023911 0.4704619088500787, 
40, 0011100100, 0011111100, 0.5312591700334698, 0.8854281995108226, 4.838833459893862e-05 0.00012168698889258361 0.0026026299356683162 0.021385746626328087 0.11923074320400268 0.373502791953345 0.4831080129571643, 
41, 0011111100, 0011111100, 0.5319913201892092, 0.8866484168852417, 0.0 7.043939975023269e-05 0.0018359253050495327 0.02084633009110433 0.11906304533042543 0.3717485195354374 0.486435740338233, 
42, 0011101100, 0011111100, 0.5319895406092722, 0.886645475388747, 5.187519093581608e-06 0.00041418817295420734 0.0023141412988052345 0.018817596770126607 0.12053981591211932 0.3712360943583464 0.48667297596855463, 
43, 0011111100, 0001111100, 0.5321964264662704, 0.8869902719701525, 0.0 4.5531611726738154e-05 0.001715361058883911 0.02011095494167945 0.11844432825289385 0.37374774455409093 0.4859360795807251, 
44, 0011111000, 0011111100, 0.5332998140008687, 0.8888291951454476, 0.0 6.56633599486805e-05 0.0019125158163049048 0.0216519950841711 0.11535790662968697 0.3633746505504644 0.497637268559424, 
45, 0011111100, 0011111100, 0.5310278496541747, 0.8850426206044013, 0.0 8.317613871835526e-06 0.0018663400740765671 0.020882190318463754 0.12435813206697428 0.3708744929185876 0.482010527008026, 
46, 0011111100, 0011011100, 0.5309386205994385, 0.8848939822484395, 0.0 1.1651503617309387e-05 0.002226102006929314 0.020751728095769716 0.11962907400108903 0.3801601086740724 0.47722133571852227, 
47, 0011111100, 0001100100, 0.5321658590191686, 0.8869393078474004, 0.0 6.550950742846975e-05 0.001409317757581736 0.02032728847064329 0.12344674557566887 0.36452397778486106 0.4902271609038166, 
48, 0011111100, 0011111100, 0.5297831838193605, 0.8829681852980703, 0.0 4.7743870631740205e-05 0.002519944734857742 0.02206276016208596 0.12530149719801734 0.3750811150366953 0.474986938997712, 
49, 0011101100, 0011111000, 0.5312330644127142, 0.8853846187606733, 0.0 7.004771110020223e-05 0.0028859455175187223 0.020777511380785083 0.12004472276001252 0.3733762871480036 0.4828454854825799, 
50, 0010110100, 0011111100, 0.5341959176015302, 0.8903227332033078, 0.0 0.00013392712350073313 0.0014939331711135147 0.018453179999895306 0.11088240689153045 0.37429387869544917 0.4947426741185108, 
51, 0011111100, 0011111100, 0.5314695443419296, 0.8857788112115865, 0.0 7.730763887337275e-05 0.0022077096371134687 0.019128047002931466 0.11721327746464479 0.3842990600495764 0.4770745982068605, 
52, 0011111100, 0011001000, 0.5299863671384254, 0.8833068064804416, 0.0 0.00019392745732574234 0.001975649749132902 0.024019908499797706 0.12273045121355568 0.37376629690768554 0.47731376617250243, 
53, 0011111100, 0011100100, 0.5302769356903867, 0.8837911395571799, 0.0 9.012248322095189e-05 0.0018582454258881036 0.022355680930834097 0.12515523466077616 0.3719920564232083 0.4785486600760724, 
54, 0001111100, 0011111000, 0.5327070366944497, 0.8878413440260593, 0.0 4.466075732299259e-05 0.0010749248924099564 0.017762753217463494 0.12159413172364682 0.3719524093877054 0.48757112002145137, 
55, 0011111100, 0000111100, 0.5317647952970279, 0.8862709252902186, 0.0 9.819102230392041e-05 0.0018398969094789452 0.021197662701960135 0.11923607505482914 0.3724587672937135 0.4851694070177143, 
56, 0011111100, 0011100100, 0.5312253652086761, 0.8853718625711178, 0.0 0.00026434439857081997 0.0025393971867518532 0.019822028549318138 0.12459639690960678 0.36763063436626386 0.48514719858948857, 
57, 0011111100, 0011111100, 0.5317989637177085, 0.8863278968894784, 0.0 0.00025980422024848913 0.0028304049611261126 0.024722023137810262 0.1206302620528157 0.3539853841983197 0.4975721214296797, 
58, 0011111100, 0011111100, 0.5341489612814256, 0.8902445175649994, 3.4337624940758654e-05 0.00025542727893810896 0.0033269911264294594 0.019419044212307925 0.10744496673537934 0.37059470185226845 0.49892453116973595, 
59, 0011111100, 0011111100, 0.5329474582895622, 0.8882420019170709, 5.878120926902407e-06 0.00010934730904120773 0.0013930593710673137 0.018655888201622967 0.11740784353422605 0.37361039406921726 0.48881758939389836, 
60, 0011111100, 0011110100, 0.5319518165436186, 0.8865825752033747, 0.0 6.58146291963827e-05 0.002318128568895003 0.02298887413063478 0.12107391830795429 0.3597885023503774 0.4937647620129421, 
61, 0001111000, 0011100100, 0.5322034624586757, 0.8870019738239068, 0.0 4.008688004925137e-06 0.0022701149382405193 0.01811099364315651 0.11653502114508878 0.3814846306439255 0.48159523094158374, 
62, 0011111100, 0011101100, 0.5321176018419959, 0.8868589607773436, 0.0 3.290012070544951e-05 0.001798023207028778 0.02213677757613547 0.11491745677105417 0.3752443956337816 0.4858704466912946, 
63, 0010111100, 0011111100, 0.5337758673035816, 0.8896227114791233, 0.0 7.582780372934681e-05 0.001875540418272607 0.01839288500639572 0.11083177907329837 0.3775402172677398 0.49128375043056416, 
64, 0010111100, 0011111100, 0.5322740302250878, 0.8871196572426, 0.0 0.0001689287622018655 0.0017619980946041011 0.01968631372627262 0.12117006520450357 0.3679903487671485 0.4892223454452693, 
65, 0011111000, 0011111100, 0.5322353658388785, 0.887055163539848, 0.0 7.131972104753766e-05 0.0017606061243863082 0.02049235038530851 0.1211454633447751 0.3665020178126528 0.4900282426118297, 
66, 0011110100, 0011011100, 0.5327264784243073, 0.8878737321271875, 0.0 3.906608581949757e-05 0.0018985733603588695 0.018586121066866308 0.11550805848124918 0.37819350320324546 0.4857746778024607, 
67, 0011111100, 0011111100, 0.5298572361541966, 0.8830916622065897, 0.0 9.844766095853985e-05 0.0030046196714207827 0.022358910100858862 0.12400447840292723 0.37385362266155525 0.4766799215022794, 
68, 0011111100, 0011111100, 0.5295505912598821, 0.8825805983679119, 0.0 0.0001010042542078949 0.0021375931704368406 0.022786649562542595 0.12715042290405176 0.37280022134401086 0.47502410876475004, 
69, 0011111100, 0001011100, 0.5337715285636483, 0.8896154837557196, 0.0 4.3473326832907535e-05 0.0014958853586433086 0.020152515249408757 0.11819124135306924 0.3592661609425805 0.5008507237694653, 
70, 0011110100, 0001011100, 0.5305446764511588, 0.8842373959277301, 0.0 6.085389783048913e-05 0.0018235111731593867 0.020545936558306853 0.1198400997342136 0.385659301108482 0.47207029752800767, 
71, 0001111100, 0001111100, 0.5350708266922797, 0.8917809879958802, 0.0 8.306600300224054e-05 0.0018466872121392136 0.017511486810643673 0.10795755353397482 0.3730624256612696 0.49953878077897046, 
72, 0011111100, 0011011100, 0.531896703435601, 0.8864908076845885, 0.0 3.228865209999538e-05 0.0018181156133198026 0.021659274978872628 0.11728758741118347 0.3740682484197046 0.4851344849248195, 
73, 0011110100, 0010111100, 0.5312372164281953, 0.8853916206154856, 0.0 2.178852391163508e-05 0.0021964607475412883 0.019618161279266865 0.12177136463800364 0.3763582775835549 0.48003394722772175, 
74, 0011111000, 0011111100, 0.5328427027545302, 0.8880674795925846, 0.0 6.278123049122946e-05 0.00236485156253732 0.018647514512327615 0.11869337996542668 0.36849250657405075 0.4917389661551664, 
75, 0011111100, 0011111100, 0.5321417871870711, 0.8868992631853402, 0.0 6.63030975772937e-05 0.002516378398727732 0.0184189473445117 0.11135785099337342 0.3902348477848784 0.4774056723809315, 
76, 0011111100, 0011011000, 0.5321503713514903, 0.8869135555517116, 0.0 9.077327530247824e-05 0.0017650617655233629 0.02102662607056977 0.11626449231048659 0.3753956904184427 0.48545735615967517, 
77, 0010111100, 0011111100, 0.5310821140940842, 0.885133088241358, 0.0 5.010318828179722e-05 0.002060672111079352 0.020995179483231822 0.12004263119862152 0.37763746531918774 0.4792139486995978, 
78, 0011111100, 0011110100, 0.5314686695416867, 0.8857774479849476, 0.0 9.057067055021012e-06 0.002457354136473146 0.021568067452554084 0.11622385404419963 0.378308699763085 0.48143296753663306, 
79, 0011111100, 0010011100, 0.5318925677937913, 0.8864838378181649, 0.0 0.0001959977316591853 0.002038497935326304 0.020839394403819274 0.12132399009990766 0.3667968292801372 0.4888052905491504, 
80, 0011111000, 0011111100, 0.5310159760812794, 0.8850229118709647, 0.0 0.0 0.0013291030493682906 0.020523369097838008 0.12508707780148406 0.372801853680256 0.4802585963710536, 
81, 0011011100, 0011111100, 0.5307375930514964, 0.8845588634353826, 0.0 0.0001528347886004476 0.0018549988834240178 0.02011494689024478 0.12338995695603325 0.3773378953282055 0.47714936715349204, 
82, 0011111100, 0011101100, 0.531287459109508, 0.885475353372496, 0.0 5.890066104927232e-05 0.0020540590418576554 0.023885665447938093 0.11945866975106326 0.3680628044464049 0.48647990065168684, 
83, 0001111100, 0000111000, 0.5321660147286349, 0.8869396486320924, 0.0 7.570689080993334e-05 0.0019817039556517912 0.018581425897877722 0.12287737037568007 0.3685577394857957 0.4879260533941848, 
84, 0011110100, 0011111100, 0.5304491672412222, 0.8840782165918052, 2.7014605608894707e-05 0.00021375538234563097 0.0020617839621724027 0.022562014149396303 0.11909387280135351 0.3801789120042021 0.47586264709492115, 
85, 0011111100, 0011110100, 0.5323572931461972, 0.8872584300600541, 0.0 0.00012323020220376195 0.00201149788260291 0.019330530827764505 0.11720485375944038 0.37538597709607047 0.48594391023191796, 
86, 0011111100, 0011111100, 0.5330374998659012, 0.888392124674258, 0.0 0.00011405825872520959 0.0011821564388733035 0.020579341187057777 0.11638969751296056 0.36983091631823856 0.4919038302841446, 
87, 0010011100, 0011111000, 0.5326483324829955, 0.8877434639108068, 0.0 8.435663782011894e-05 0.002034680437013544 0.018678662989839664 0.11397162341217844 0.3809994758041279 0.4842312007190203, 
88, 0011111100, 0011011100, 0.5331892604428287, 0.8886449553940533, 0.0 0.0 0.0017792920908011193 0.020155949508071428 0.11430645524282945 0.37193234026260213 0.49182596289569586, 
89, 0011111100, 0011101100, 0.5332094809951262, 0.8886787179801698, 0.0 2.797980630772454e-05 0.0015165835005440597 0.019497084667180604 0.11425293805971602 0.3747243289642919 0.48998108500195964, 
90, 0010111100, 0011111100, 0.5316540106948568, 0.886086251677734, 0.0 5.592965348632562e-05 0.0019083766598163472 0.017524019616399385 0.1228463930368191 0.37730449010406253 0.4803607909294163, 
91, 0010111100, 0010111100, 0.5313550664026312, 0.8855880103598893, 0.0 6.056231929813112e-05 0.0020617360916928237 0.021970234428844625 0.12384455198365259 0.36432237462356276 0.48774054055294913, 
92, 0010101100, 0011110000, 0.529801959329746, 0.8829995462206134, 0.0 0.00018770805180484337 0.002037085508126498 0.02048799113313296 0.12497185043472667 0.38150816611593763 0.4708071987562714, 
93, 0011101100, 0011110100, 0.5337012232385593, 0.8894983042394791, 0.0 0.00017853946270084096 0.0018814103339259147 0.01749947985422984 0.1142745398048673 0.37354431674149396 0.4926217138027822, 
94, 0011110100, 0011111100, 0.5323049932943538, 0.8871712382381196, 0.0 0.0 0.0016007002771137014 0.020477673092315397 0.1176183194223013 0.37390011134127915 0.4864031958669905, 
95, 0001111100, 0011111100, 0.5317758713866281, 0.8862893869629559, 0.0 0.00019049900999398457 0.0012190794083627632 0.020581870086079923 0.11865617453718755 0.37737690620622755 0.48197547075214825, 
96, 0011011100, 0011111100, 0.5301231138940617, 0.8835347456222972, 0.0 6.705880443847604e-05 0.002585280284783196 0.020538749102614443 0.12457129288895032 0.37735627801914834 0.47488134090006523, 
97, 0011111100, 0011101100, 0.5322328243531843, 0.8870509728223748, 0.0 0.00019853844133039313 0.0023122881786640393 0.018881243132835186 0.12040362351037665 0.3700013417251847 0.4882029650116091, 
98, 0011011100, 0011101000, 0.5323322770653539, 0.8872166947550343, 0.0 3.628170196839741e-05 0.0015847648834302398 0.020490777432445765 0.11785731569919856 0.372992399730497 0.48703846055246003, 
99, 0011111000, 0011111100, 0.5330277399816147, 0.8883758501635693, 4.379467924106688e-05 0.00019864042738829338 0.002620555854390486 0.017933851291745063 0.11610717611402617 0.37199079928534684 0.49110518234786205, 
100, 0011111100, 0011001100, 0.5293447953847156, 0.8822375368667055, 0.0 5.3521943986302326e-05 0.00236209994042063 0.0237911271488784 0.12519468380510887 0.37509602026130023 0.47350254690030547, 
run, initial grid state, final grid state, mean grid cell occupancy, mean binding site occupancy, fraction of time with N TFs bound, warning
1, 0011110100, 0011111100, 0.5330720238484281, 0.8884496686166525, 0.0 7.324743393988836e-05 0.0015479151576010526 0.020972504390695583 0.11610627458039706 0.3676140281671006 0.49368603027026586, 
2, 0011111100, 0011011100, 0.5306485433449808, 0.8844105377331851, 0.0 4.086086343708492e-05 0.0018579100432659684 0.022029008344395893 0.1275208638929262 0.36477207629159986 0.48377928056437497, 
3, 0011011100, 0011111100, 0.532183675239363, 0.886969032962563, 0.0 9.568243532017582e-05 0.002210497319369252 0.019109221666787867 0.11916958267939583 0.3731985704113896 0.4862164454877373, 
4, 0011111000, 0011111100, 0.5308310797438579, 0.8847146870265189, 0.0 0.0001331495294926138 0.00226778019307264 0.020510380233264423 0.11993656512142432 0.38057073847849104 0.47658138644425496, 
5, 0011111100, 0011111100, 0.5311311679996167, 0.8852148591398181, 0.0 3.8785159114315394e-05 0.0013416323902947756 0.019882628652305626 0.12329966545074006 0.37690317294594416 0.47853411540160107, 
6, 0011111100, 0011111100, 0.5327504178231662, 0.8879136389326001, 0.0 0.00012206419405621431 0.001543409815109152 0.019609680918614772 0.11675662845660194 0.3733919065046343 0.4885763101109837, 
7, 0011111100, 0011111100, 0.5304124503860554, 0.8840170092975596, 0.0 0.00041871402175166773 0.002000359283200715 0.021272877007474815 0.12417645950864933 0.373631386933359 0.47850020324556447, 
8, 0011111000, 0011111100, 0.5330463118500017, 0.8884067403048593, 0.0 0.00019579446915728702 0.001774023386346737 0.020002250783215714 0.11821521353839703 0.3650473128532299 0.49476540496965327, 
9, 0001111100, 0011111100, 0.5325636795275929, 0.887602378409514, 0.0 0.0 0.0011576812349255805 0.01962154199283172 0.11532877495936657 0.38023282870598574 0.4836591731068904, 
10, 0011111100, 0011111100, 0.5290166301758358, 0.8816905132077617, 0.0 0.0001475209617698086 0.0029878520641729747 0.024165177079451424 0.12344700959882107 0.37777835725189224 0.4714740830438925, 
11, 0011111100, 0011010100, 0.5328761410799924, 0.8881231614646726, 0.0 0.00012639644127119154 0.001480746861975725 0.021318641609012697 0.11965159414497413 0.36144694844071845 0.4959756725020478, 
12, 0010111100, 0011011100, 0.5313036602121544, 0.8855023647422862, 0.0 9.025076734821001e-06 0.0018032599892862388 0.021330111083296816 0.12182469290927411 0.37208792713702443 0.48294498380438355, 
13, 0011111100, 0011101000, 0.5314373199809351, 0.8857251100126654, 0.0 1.507766055955773e-05 0.0022039707195952176 0.020733026148510664 0.11923506808130249 0.3760888541346927 0.48172400325533943, 
14, 0011111100, 0011011100, 0.5294804831885188, 0.8824636702939397, 0.0 3.717468611280123e-05 0.002439607349323169 0.022336918691967276 0.12084870537909678 0.38656550857441035 0.4677720853190896, 
15, 0011111100, 0011111100, 0.5340187909491072, 0.8900275952923505, 0.0 0.0002352612140875487 0.001747491846758248 0.021316487431850672 0.10822071938121057 0.3712772537304528 0.4972027863956402, 
16, 0001101100, 0011111100, 0.5321675073904956, 0.8869421481549529, 0.0 5.4108102181014556e-05 0.002095331350147752 0.019762185502757858 0.11770008252912356 0.3750085235922653 0.4853797689235245, 
17, 0011101100, 0010111100, 0.5329418538252733, 0.8882326811022451, 0.0 4.40349871744996e-05 0.0018404838984484827 0.018649374555685168 0.11476283723036425 0.3775480047290789 0.4871552645992487, 
18, 0011111100, 0011111100, 0.531512047662784, 0.8858496375931718, 0.0 1.8563652265327316e-05 0.002304406946215083 0.020018316732725874 0.1183026341693691 0.3789315098578663 0.48042456864155836, 
19, 0011111100, 0011100000, 0.532714440259972, 0.8878536798915296, 0.0 0.00018141148224211872 0.0012487287437178548 0.019242846620517087 0.11905304509544064 0.37114131821230817 0.4891326498457741, 
20, 0011111100, 0010111100, 0.5314552101935723, 0.8857549832071645, 0.0 0.00011457507159553822 0.0024232982331641585 0.01986951484220662 0.12029906418949131 0.37499735956077607 0.48229618810276625, 
21, 0011111100, 0001111100, 0.5308963463211269, 0.88482349303699, 0.0 0.0 0.0015246363671692637 0.02234035546409834 0.12262053219094585 0.3726983655351964 0.4808161104425901, 
22, 0011111100, 0011110100, 0.5306767991418959, 0.8844575893551362, 0.0 7.978138782963866e-05 0.0023315479559761023 0.020045735064450367 0.12427513977169774 0.37484188036938376 0.47842591545066243, 
23, 0011111100, 0011011100, 0.5308732367849702, 0.8847850322745049, 0.0 8.728081997019903e-05 0.0024689198685366376 0.02239989459522186 0.12221861221117289 0.3693408145709613 0.4834844779341371, 
24, 0001000100, 0010111100, 0.5316847827917941, 0.8861375699968652, 0.0 1.566535774106071e-05 0.001483438001084007 0.020300849701958657 0.12078965786721566 0.37468063638546 0.48272975268654056, 
25, 0011111100, 0011111100, 0.5325691124387846, 0.8876114358290274, 0.0 0.00027390035416773387 0.0029641993351874106 0.018879609206194185 0.1168922486467471 0.3706817610021714 0.4903082814555322, 
26, 0011011100, 0011111100, 0.5312548161722517, 0.8854209910403231, 0.0 0.00012901907881242533 0.002214135861852285 0.021124380427342607 0.12124359087278122 0.3721120918889991 0.48317678187021235, 
27, 0011111100, 0011110100, 0.5338180902943077, 0.8896931549907705, 0.0 0.0 0.0013977448015396366 0.02023093471503838 0.1161941135132802 0.3631690596775428 0.499008147292599, 
28, 0011111100, 0011101100, 0.5345240993463564, 0.8908697321616663, 0.0 0.0 0.0015825143982106942 0.017130413734366728 0.11448350687536804 0.36809329448332284 0.49871027050873173, 
29, 0011111100, 0011111100, 0.5317640779173035, 0.8862696595710193, 0.0 0.00023561660010648622 0.002073857674749715 0.02011661997150379 0.11808238295330954 0.3763939030532224 0.4830976197471081, 
30, 0011111100, 0011111100, 0.5309616054286818, 0.8849322520716533, 0.0 0.0002203624324479557 0.002443668374072593 0.020774134109222193 0.11983358948847755 0.3775404206069299 0.47918782498884976, 
31, 0011011100, 0010111100, 0.5338485526500686, 0.8897438970257199, 0.0 5.826497508550683e-05 0.002565613103401093 0.0186683165669179 0.11423807036768252 0.3665017501205302 0.4979679848663827, 
32, 0011001100, 0001111100, 0.5316055089641689, 0.8860054376014557, 0.0 0.00012935007311190875 0.000899698062102085 0.020378814100184443 0.11705979613351544 0.38446579720971386 0.47706654442137225, 
33, 0011101100, 0001011100, 0.5320920837916716, 0.886816414098498, 0.0001675216289306822 0.00015721203902778168 0.0017858520754234987 0.019521744598906123 0.12279986255594122 0.3660019582299944 0.48956584887177634, 
34, 0011111100, 0010111100, 0.5320625320386406, 0.8867671450498734, 0.0 2.4675592375085464e-05 0.0024061561054060506 0.022632131145092722 0.11977609902023117 0.3622005358415196 0.49296040229537536, 
35, 0011111100, 0011111100, 0.5308088938962291, 0.8846777600846478, 0.0 3.80096947388138e-05 0.0014484676326510734 0.021310981305966342 0.12270026487882371 0.376616046812268 0.47788622967555205, 
36, 0011111100, 0001111100, 0.5315597156756818, 0.8859290614943025, 0.0 0.0 0.0016059400989165173 0.019977531848912898 0.12408667482255542 0.36989592544666944 0.4844339277829457, 
37, 0011011100, 0011111100, 0.5338345216600604, 0.8897204448366706, 0.0 4.3342123746063024e-05 0.0018471290688006569 0.017956221721184346 0.11434654788014768 0.37151034316219533 0.49429641604392593, 
38, 0011111100, 0011111100, 0.5306334351838118, 0.8843853352505513, 0.0 0.0003156708460388013 0.0025883476065295453 0.022798138473689583 0.12009540448662932 0.37317101944605324 0.4810314191410595, 
39, 0011111100, 0011111100, 0.5291827794119587, 0.8819675604842494, 0.0 0.0 0.0015332155486580585 0.023878139232977227 0.12681781296325212 0.3767917312744361 0.4709791009806765, 
40, 0011111100, 0011111100, 0.5311137151596107, 0.88518580461473, 0.0 0.0 0.0026485001457362133 0.022249048386917814 0.1208899652681866 0.3697640960315483 0.48444839016761104, 
41, 0001111100, 0011111100, 0.5300027958612832, 0.8833342990020338, 0.0 2.8338999220303124e-05 0.0024633228088818486 0.0214707422452656 0.12459626193598601 0.37639446914839947 0.4750468648622468, 
42, 0011101100, 0010100100, 0.5304604649154383, 0.8840970400608754, 0.0 5.320199803755396e-05 0.002380466006485738 0.02110450499856556 0.1277733470623477 0.36676967649822423 0.48191880343633925, 
43, 0011101100, 0011111100, 0.53130267649408, 0.8855007651925173, 0.0 5.415740500677199e-05 0.0022201965666815244 0.021433617021027564 0.11930958265708538 0.37492381917588263 0.4820586271743161, 
44, 0010110100, 0011111100, 0.5307215799541111, 0.8845322806546566, 0.0 1.0229541281972611e-05 0.0018762012171400797 0.019544440120396613 0.12240231786392798 0.3818124074080436 0.4743544038492098, 
45, 0011111100, 0011011100, 0.5292102744599049, 0.8820133965518814, 0.0 3.5853452847912195e-05 0.002287143974131175 0.02046939641143946 0.1243193798155665 0.38854482866249607 0.4643433976835189, 
46, 0010111100, 0011111100, 0.5322772930114232, 0.8871250345034033, 0.0 0.00010207238386013677 0.0019227375537032097 0.019463326641878758 0.11917226949701243 0.37231396192580546 0.48702563199773996, 
47, 0001111100, 0001111100, 0.5337751602326631, 0.889621508313712, 0.0 3.831448998848597e-05 0.0023216233349807915 0.01908992880227821 0.11559642091907882 0.36433025608287056 0.49862345637080313, 
48, 0011011100, 0011111100, 0.5348757731004885, 0.8914559263570064, 0.0 3.7968594977628614e-05 0.0014018568208085354 0.01735938965705722 0.1138085262830681 0.3657719500625305 0.501620308581558, 
49, 0011101100, 0011111100, 0.5296835653544298, 0.8828021851383443, 4.093367893355233e-06 0.0001080909422416914 0.0021792004787216084 0.020228894574440676 0.12736404792336067 0.37849029276643525 0.47162537994690673, 
50, 0011111100, 0010111100, 0.5310704411697238, 0.885113703993849, 0.0 7.551041611787818e-05 0.002189915674980467 0.020154738499665367 0.12089511288514947 0.3779261199871 0.47875860253698677, 
51, 0000111000, 0011110100, 0.5303066422751856, 0.8838406710776725, 0.0 0.0001404400264944065 0.002603269867377075 0.02335660073641667 0.12177607182636824 0.37221874806999833 0.47990486947334526, 
52, 0001111100, 0001110100, 0.5297009276405269, 0.8828311563878979, 0.0 0.00014293873859394163 0.002244892997390979 0.02111455956555442 0.12748298358887453 0.3750091501156665 0.4740054749939196, 
53, 0011111100, 0011111100, 0.5319716473245678, 0.8866156255536624, 0.0 8.461886659991173e-05 0.002019341802437213 0.019723894566344213 0.12184924837036311 0.36893560469551906 0.4873872916987365, 
54, 0011111100, 0011110000, 0.5310533434224508, 0.8850851994057173, 0.0 3.8573539345150895e-05 0.0014436863778149584 0.02042273923632791 0.12416212860669243 0.37392871543534284 0.4800041568044768, 
55, 0010111100, 0011111100, 0.5322733401991143, 0.8871184881076548, 0.0 2.8375650811067647e-05 0.0012716138816706976 0.019996947708948224 0.11900303481629715 0.3740638248138953 0.4856362031283775, 
56, 0011111100, 0011111100, 0.5338363765076686, 0.8897235621498062, 0.0 6.732726171311877e-05 0.002303907225621456 0.019585063564300308 0.1134348702634821 0.3664814306702459 0.4981274010146371, 
57, 0011111000, 0011111000, 0.5327281549506035, 0.8878765280928125, 0.0 1.820611519722711e-05 0.0012705847629344161 0.020271125589333444 0.117351690227091 0.37205070459321943 0.4890376887122245, 
58, 0011011100, 0011111100, 0.5297623710708038, 0.8829335751470765, 0.0 0.0001014871359213477 0.0023288709722861416 0.022490565782551018 0.12744424646891966 0.3702154392632973 0.4774193903770245, 
59, 0011111000, 0011111100, 0.5315893935920409, 0.8859785859198308, 0.0 0.0001618974169385575 0.0019929281648684255 0.02012361702733374 0.11666965734845143 0.3816371189579445 0.4794147810844634, 
60, 0011111100, 0011111100, 0.5293373112583412, 0.8822250826937068, 0.0 4.269480556067966e-05 0.0026640782253459414 0.023282592484054798 0.1254944026761189 0.37494313410416974 0.47357309770475, 
61, 0011011100, 0010111100, 0.532236872109484, 0.8870577408734652, 0.0 0.00011492513582273606 0.0023276994683483062 0.019560384742351316 0.11587690660990459 0.37733316375983833 0.48478692028373466, 
62, 0001111000, 0011111100, 0.5307510074614378, 0.8845812990405699, 0.0 0.00019481700375863483 0.002565510802237 0.022733645431796498 0.1185653837910279 0.37594437365139355 0.4799962693197864, 
63, 0011111100, 0011111100, 0.5317253070922122, 0.8862051713205902, 0.0 0.0002080432556668917 0.001650276969006583 0.01945939260615482 0.11827067921613947 0.38020811167135415 0.4802034962816781, 
64, 0011111100, 0010111100, 0.5312942240107053, 0.8854866733791528, 0.0 0.0001531662501886345 0.001370404871409702 0.01842571084150452 0.12307161033846331 0.37941215578706194 0.47756695191137194, 
65, 0011111100, 0001111100, 0.5323444170732942, 0.8872369990345205, 0.0 0.00017924613818676697 0.0017434223084289659 0.01961941820001132 0.12166053282776117 0.3665287656126711 0.49026861491294066, 
66, 0011111100, 0011100100, 0.531948944514079, 0.886577889516058, 0.0 0.0001559470918687752 0.002378486641530928 0.01910759673123209 0.11945891814689658 0.37399835439069545 0.4849006969977762, 
67, 0001110100, 0011111000, 0.5304828318246664, 0.8841342725311709, 0.0 6.211975024030321e-05 0.002706304558896635 0.023502039193045422 0.12043217394570323 0.37268808235564305 0.4806092801964713, 
68, 0011111100, 0010111100, 0.5314466484886219, 0.885740719083441, 0.0 0.0 0.0013833992484436235 0.020848752736168503 0.12104870586374986 0.3753784185695737 0.48134072358206437, 
69, 0011001100, 0011110100, 0.5299643212456132, 0.8832701087734949, 0.0 0.0001236666563393956 0.0018768513332660282 0.021695396233000604 0.12689644807595768 0.37337452389335213 0.47603311380808416, 
70, 0001111100, 0011111100, 0.5325151830101125, 0.8875215204692861, 0.0 5.750686052750973e-05 0.0018040025357982017 0.020780844279497595 0.11795299271306049 0.3691188144738391 0.4902858391372771, 
71, 0010111100, 0001111100, 0.5324844055932305, 0.887470313690963, 0.0 7.35699578103565e-06 0.002113956438093522 0.020400493842531356 0.11607034883030283 0.3733433279347432 0.4880645159585481, 
72, 0011111100, 0011111100, 0.5307671961959685, 0.8846083394003139, 0.0 8.332167465808845e-05 0.0018804976391873498 0.019401174156106375 0.1191399669594474 0.38792790828086327 0.4715671312897375, 
73, 0011111100, 0011101100, 0.5315368523596897, 0.8858910019382349, 0.0 0.0001514263420139395 0.0019198232698240591 0.021329310204233887 0.11854411245913758 0.37514140805024826 0.48291391967454234, 
74, 0011111100, 0011111100, 0.5312064409813357, 0.8853403321575744, 0.0 0.00021399703231243856 0.0024393317567084796 0.020425471501425672 0.12253113893728232 0.3707920024873158 0.48359805828495533, 
75, 0011111100, 0011111100, 0.5332247975518525, 0.8887042848326057, 0.0 0.0 0.0018786629546470512 0.01694210906843536 0.11530042588135381 0.37883246021776357 0.4870463418778002, 
76, 0011111100, 0011110000, 0.5302656664150276, 0.8837724206516421, 0.0 0.00027319402731049624 0.0024769897519384943 0.020861171478379573 0.12067340629661676 0.38216121991746965 0.47355401852828505, 
77, 0011110000, 0001110100, 0.5287903491012035, 0.8813135086167965, 0.0 0.00014699908557437713 0.0026723706957148866 0.020882962846656195 0.13114314773328115 0.3757592860819584 0.46939523355681495, 
78, 0011111100, 0010111100, 0.5328909841449512, 0.8881479161845548, 0.0 0.0002632252418420286 0.0014043168040218166 0.018280552962544296 0.11154405292278101 0.38624934473417905 0.4822585073346319, 
79, 0011010100, 0011111100, 0.5312143089582269, 0.8853534599888039, 0.0 6.081124077606768e-05 0.0016776780910692114 0.022108109472672936 0.12117074870946319 0.37219864566207406 0.4827840068239445, 
80, 0011111100, 0011101100, 0.5315492837864746, 0.88591175413785, 0.0 5.90081213687715e-05 0.0026897628734215842 0.021760242942814846 0.12140466236979798 0.3653853295043303 0.4887009941882665, 
81, 0010011100, 0011111100, 0.5320553192144462, 0.8867551505558503, 0.0 7.29604394962674e-05 0.0020932703865359295 0.019352684392468705 0.11748178939782866 0.37770958094820917 0.4832897144354613, 
82, 0011101100, 0011011100, 0.5321857806721731, 0.8869725774035747, 0.0 0.00018843115227648187 0.002088607526431509 0.02226376958673728 0.11847911105624553 0.36511841883874074 0.4918616618395684, 
83, 0001101100, 0011111100, 0.5309511000944325, 0.8849147771797585, 0.0 4.9903620606377005e-05 0.002272878238603969 0.018620781698848277 0.12481778108925111 0.3756723985889548 0.4785662567637355, 
84, 0011110000, 0011111100, 0.5312442385966935, 0.8854032776487041, 0.0 0.0002415875838084909 0.0026596785425808704 0.02189397196322521 0.11697735359924515 0.3760970589302434 0.4821303493808968, 
85, 0001111100, 0011111100, 0.5337781831771804, 0.8896265517455353, 0.0 3.734140318268821e-05 0.001852871964261151 0.01969056305391671 0.11684026799062383 0.3618902695108323 0.49968868607718336, 
86, 0010111000, 0001110100, 0.5339774763977101, 0.8899586455679469, 0.0 0.00011716519250438325 0.0015664113720026455 0.017907549264772483 0.11450118657880821 0.37067163418985194 0.4952360534020604, 
87, 0011111100, 0011111100, 0.530632196450566, 0.8843832724636824, 4.8883968765849156e-05 6.43789476136934e-05 0.0022303931949773713 0.022359390774030232 0.11996313492099601 0.3771591517232502 0.4781746664703666, 
88, 0011101100, 0001111000, 0.5319727881427024, 0.8866176031673001, 0.0 4.178746949263981e-05 0.0010584913776588811 0.020010481184708932 0.12091162465087785 0.3739967852822185 0.48398083003504316, 
89, 0011111100, 0011111100, 0.5330648177061279, 0.8884376462789583, 0.0 3.416428359405625e-05 0.0018259530114612692 0.02095650332677696 0.11812192313275748 0.3627861326165898 0.49627532362882043, 
90, 0001111100, 0011111100, 0.5319912671727843, 0.8866483776782205, 4.358801684084392e-05 6.41483858619985e-05 0.002233776546745804 0.01978697434940292 0.11778948546560661 0.37565246373391714 0.48442956350162464, 
91, 0011101100, 0011111100, 0.5325408206314947, 0.8875642553508567, 0.0 0.0 0.0014655097883175098 0.021056117229364398 0.11516735160268547 0.3752493738481251 0.48706164753150755, 
92, 0011101100, 0011011100, 0.5344959072303259, 0.8908227798963252, 0.0 0.00013903505214588982 0.0014737524912287274 0.01941786413427416 0.1098375056836431 0.37054453162629614 0.49858731101241205, 
93, 0011110100, 0011111100, 0.5336430021718962, 0.8894012418201426, 0.0 8.516949242366921e-05 0.0021329940349866148 0.02008905201494267 0.11050827587752478 0.3733510176772028 0.4938334909029195, 
94, 0001010100, 0011111100, 0.5327800379298985, 0.8879629979155592, 0.0 6.779347925589198e-05 0.0024572113354663014 0.022619117000464355 0.11235682594626817 0.36948319687457104 0.4930158553639743, 
95, 0001111100, 0011111100, 0.5337371960643208, 0.8895582352375756, 0.0 0.00023624543532442475 0.0015921314661069622 0.018433212946655612 0.11200460300142247 0.37579199069068403 0.4919418164598065, 
96, 0011111100, 0011111100, 0.5326303327109002, 0.8877134639932299, 0.0 0.0 0.0018276371759607748 0.018996283999595655 0.11916108205772637 0.3710976512225374 0.4889173455441798, 
97, 0010111100, 0010111100, 0.5329614717510689, 0.8882654270463122, 0.0 9.605124602351869e-05 0.0015790589706605406 0.019816560026343143 0.11921303532500202 0.3657351948803337 0.49356009955163704, 
98, 0011111100, 0010101100, 0.5308108479023512, 0.8846809981620523, 0.0 0.00023020068612127073 0.0024992671517140522 0.02023109627192015 0.12495557753167963 0.37016149511110374 0.4819223632474611, 
99, 0011011100, 0001111100, 0.5316626787436732, 0.8861006639451081, 0.0 7.689844085305928e-05 0.0016486069155641988 0.02113255571305853 0.12027597506066184 0.37246747920232914 0.4843984846675332, 
100, 0011111100, 0001111100, 0.5308848098149176, 0.8848042730046071, 0.0 9.264006846666335e-05 0.0022871512009865346 0.021325818614264146 0.12571493030672345 0.36615524036983954 0.4844242194397197, 
run, initial grid state, final grid state, mean grid cell occupancy, mean binding site occupancy, fraction of time with N TFs bound, warning
1, 0011110000, 0011111100, 0.5317500448939884, 0.8862463236952018, 0.0 0.0 0.001329700588160299 0.017751844748171226 0.12164242526853013 0.38066287069457333 0.47861315870056503, 
2, 0010111000, 0001001100, 0.533156321612674, 0.8885901587174813, 0.0 5.770657703825405e-05 0.0016405415425946532 0.02108645360552418 0.11505575207535518 0.3682374836722595 0.49392206252722826, 
3, 0011111100, 0011110100, 0.5323117737427742, 0.8871825534112355, 0.0 6.302697460449876e-05 0.0017200204095804423 0.01868597162427041 0.11687516878145024 0.3799012105855308 0.48275460162456363, 
4, 0011011000, 0011111100, 0.5342719758517174, 0.8904495424815126, 0.0 0.00021170202383194648 0.0018401683122155565 0.01946243307679656 0.11125841818982714 0.3679794261328584 0.49924785226447044, 
5, 0011111100, 0011111100, 0.5309586173272723, 0.8849273246116569, 0.0 0.00012239175734173684 0.002333229956462213 0.022332409588565083 0.12285519933354354 0.3677835462847186 0.48457322307936884, 
6, 0011111100, 0011111100, 0.5329192307892422, 0.8881949748185928, 0.0 1.214017585050492e-05 0.0024463123375832907 0.02064541411172227 0.11302646193749505 0.37299503464870104 0.49087463678864784, 
7, 0000111100, 0011110100, 0.5295361852434769, 0.8825565572159364, 0.0 0.00022761102998630452 0.0025996205565618 0.023144033053754124 0.12261983099115231 0.3784523581846364 0.4729565461839091, 
8, 0011111100, 0011111100, 0.5309635660256047, 0.8849355087608857, 0.0 4.435068163338161e-05 0.0018254198790996414 0.019734896200429827 0.12114941888837841 0.3813599881320748 0.47588592621838394, 
9, 0011100100, 0000111100, 0.5322126386509721, 0.8870173873861417, 0.0 0.00022434081925528388 0.0015907872850687232 0.017886719282451547 0.12183760701314957 0.3730754505729442 0.4853850950271306, 
10, 0011111100, 0011111100, 0.5328943941119612, 0.888153534168794, 0.0 8.49541773154338e-05 0.0019698119603264136 0.02076938700790901 0.12096481830808482 0.35853697861945694 0.4976740499269074, 
11, 0011111100, 0011111100, 0.5316387244069265, 0.8860607908955073, 0.0 8.960736425706318e-05 0.001711041067055932 0.020304119108059283 0.12005041050081598 0.3753298752116378 0.4825149467481739, 
12, 0011111100, 0011011100, 0.5318779288375097, 0.8864594459389802, 0.0 9.367924475681213e-05 0.002120128986114098 0.02049361338951059 0.117483642958821 0.37584628611170545 0.4839626493090921, 
13, 0011111100, 0011111100, 0.5337405581617382, 0.8895638131758887, 0.0 8.287137672640028e-05 0.0009688725888311286 0.019348729416320123 0.11982462090213221 0.36063184365248585 0.49914306206350423, 
14, 0011111100, 0011111100, 0.5320098872010688, 0.8866794522667213, 0.0 0.00012930335832255226 0.0022558381105493974 0.02201854922396275 0.12292690561186431 0.3583439582702455 0.4943254454250554, 
15, 0011111100, 0001111100, 0.5299528452734985, 0.8832510175946854, 0.0 8.83904399646109e-05 0.0017708302318142158 0.02037132774722389 0.1251857769490974 0.3814830841649408 0.471100590466959, 
16, 0011111100, 0011101100, 0.5307620137035967, 0.8845996093734113, 0.0 0.0 0.0014551670663604706 0.022563348566746994 0.12254745694827436 0.37379671589729985 0.4796373115213183, 
17, 0011111100, 0011111100, 0.5328155731697028, 0.888022243718846, 3.558722002807117e-05 4.7650567023952795e-05 0.0020532377367987586 0.02032729338862555 0.11060744931479015 0.3810050317889838 0.48592374998374965, 
18, 0011111100, 0001111100, 0.5304714822136294, 0.8841153522180093, 0.0 2.959675936068807e-05 0.0013602514945215251 0.021693503888423782 0.12240466435557176 0.3798290565406396 0.4746829269614827, 
19, 0010111100, 0011111100, 0.5307646356422081, 0.8846039523190515, 0.0 1.8852379576478683e-05 0.0023812024207230833 0.021182445467699984 0.12354965977719629 0.37211055854742353 0.4807572814073806, 
20, 0010111100, 0011111100, 0.5323490037004636, 0.8872445664566402, 0.0 0.00022401915199495495 0.0015589477938759628 0.017543195431095546 0.11869562136085347 0.3791558853096858 0.48282233095249427, 
21, 0011111100, 0001111100, 0.5329166831437749, 0.888190746734531, 0.0 0.00021155080528599874 0.0025996502455730734 0.02171342185118161 0.11245954836367793 0.3693398023031902 0.4936760264310912, 
22, 0001011100, 0011100100, 0.5302681019437627, 0.8837765161629615, 0.0 0.0003151409887706665 0.0025429615109922397 0.021663722015979773 0.12539530625653533 0.3698115734733992 0.4802712957543227, 
23, 0011111100, 0011111100, 0.5314036383016886, 0.8856689648226416, 0.0 0.00032317255105318056 0.0017791303228595426 0.023239955713713237 0.11907785115621647 0.3693782575638727 0.4862016326922849, 
24, 0011111100, 0011011100, 0.5299203212363955, 0.8831968495968442, 0.0 0.0002356321373332398 0.0026668393142689336 0.02339643307781619 0.12369585814980866 0.37139236894212757 0.4786128683786454, 
25, 0011111100, 0011111100, 0.5323775440988026, 0.8872921380334567, 0.0 0.00012031748704448696 0.0023088795036168785 0.016924047141273883 0.11443440616512982 0.38676911259548863 0.4794432371074463, 
26, 0011111000, 0001111100, 0.5299720807066288, 0.8832830714954103, 0.0 0.00010819086604680333 0.002223384303327401 0.020350728205275108 0.1219921294877079 0.3858306358927537 0.46949493124488917, 
27, 0010011100, 0011111100, 0.5311906895683239, 0.8853140642478318, 5.8450154537700464e-05 0.00020982558516871182 0.0022063132803599996 0.023285906982685324 0.11774330594359411 0.37254619970325537 0.4839499983503988, 
28, 0011111100, 0011111100, 0.5301484438972319, 0.8835770290051465, 0.0 2.3117645869822728e-05 0.0026315157167049546 0.020308606196711175 0.12455972678389207 0.37785090271503374 0.47462613094178824, 
29, 0011111100, 0011111100, 0.5308981782257144, 0.8848265011220892, 0.0 5.814570339553412e-05 0.002491475409072467 0.019618447208735606 0.12285384052182827 0.3762213404443343 0.47875675071263385, 
30, 0011011000, 0011111100, 0.5322632812957746, 0.8871016888470244, 0.0 7.394164462146304e-05 0.00161567459009231 0.02090458269700965 0.11856707678908714 0.3707095586651737 0.4881291656140157, 
31, 0011111000, 0011111100, 0.5302742662071441, 0.8837866097458787, 0.0 1.2378488082374844e-05 0.0018847673972085073 0.020278949943238707 0.12312055250675745 0.3826014246522509 0.472101927012462, 
32, 0011111100, 0011111100, 0.5317691052075562, 0.8862781408269507, 0.0 5.957149738215264e-05 0.0015455314117291709 0.022353779652666845 0.11845514012702334 0.37187955269242146 0.48570642461877706, 
33, 0011111000, 0011010100, 0.5311434615666722, 0.885235377003553, 0.0 2.00456715095327e-05 0.0019482403894571106 0.02265040312206644 0.11992239455373664 0.372898549589633 0.48256036667359725, 
34, 0011111100, 0011101000, 0.5307118247676335, 0.8845159037835115, 0.0 5.1540615396229985e-05 0.0016155986145423337 0.021610684097681205 0.12126463527124913 0.3788231569282388 0.4766343844728923, 
35, 0011110100, 0001111100, 0.5276910142987201, 0.879481295245239, 0.0 0.0003259807828750213 0.001697448356672488 0.02385002947324437 0.1311144382337719 0.38091356630022405 0.4620985368532122, 
36, 0010111100, 0011110100, 0.5322144832246873, 0.8870204031605202, 0.0 7.776360807986486e-06 0.0018445790945634528 0.021722187592132007 0.12160925341056429 0.3620753132570601 0.4927408902848721, 
37, 0010111100, 0011101100, 0.5331184549621508, 0.8885269294256686, 0.0 0.00012209340874064535 0.0021048830225901516 0.019419650607151947 0.11457849170852526 0.3723924890734184 0.4913823921795736, 
38, 0011111100, 0011111100, 0.531150901950229, 0.8852477499384726, 0.0 0.00031059230418545856 0.002555749803687398 0.020319353692557995 0.1242546099326884 0.3672702586904368 0.48528943557644394, 
39, 0011111100, 0011111100, 0.5303626248325988, 0.8839339998311365, 0.0 6.130688833963303e-06 0.002494653106001443 0.02278912440105198 0.12388975664611991 0.37023984864961 0.4805804865083827, 
40, 0011111100, 0011111000, 0.5324954218648674, 0.8874886209371996, 0.0 3.9391263137465515e-05 0.002179388873691908 0.02016139743259025 0.11687618863769647 0.3719171929931835 0.4888264407997004, 
41, 0011110100, 0011111100, 0.5336895136812995, 0.8894787717406535, 0.0 4.939196355008653e-05 0.0018571721408601883 0.018249989553532277 0.11941948473459324 0.36186278304510455 0.49856117856235976, 
42, 0001111000, 0010111100, 0.5340742233373938, 0.8901200175723545, 0.0 8.084682596741686e-05 0.0008534172272521328 0.017773248632473943 0.11465997690856385 0.37282229181247817 0.4938102185932645, 
43, 0011111100, 0011111000, 0.5299418032785665, 0.8832325808442183, 0.0 0.00012221103551827726 0.0026941274504982153 0.022482258147422926 0.12280941198306589 0.37615135154670637 0.4757406398367883, 
44, 0011111100, 0011111100, 0.5331275189138304, 0.8885421623551414, 0.0 4.452873679609525e-05 0.002085854723398813 0.02109377727364087 0.11464972357770266 0.3676001843152473 0.4945259313732142, 
45, 0011111100, 0011111100, 0.53234078074109, 0.8872309895389667, 0.0 5.5572572072347e-06 0.002408576287183928 0.023684299365968525 0.12062900456571198 0.3546410641020977 0.49863149842183063, 
46, 0011011100, 0011111100, 0.5317863629830417, 0.8863069202906076, 0.0 0.0002372700017042174 0.002359809456959952 0.020420435184527002 0.11570068502180327 0.37887021482280564 0.4824115855121999, 
47, 0011111100, 0011011100, 0.5349446684174963, 0.8915707535100168, 0.0 0.00014889443011279616 0.0016320393696061875 0.019779404575072424 0.11104045988773932 0.3618837158102143 0.5055154859272549, 
48, 0011111100, 0011110100, 0.531275045309864, 0.88545466794265, 0.0 0.00022499439979255196 0.0019803542272835966 0.020566210216346314 0.11943278842424997 0.37766139593846404 0.48013425679386357, 
49, 0010101100, 0001110000, 0.531803486692667, 0.8863354019559796, 0.0 0.0001915781074469146 0.001776816673353699 0.018824212821881122 0.12041988346106025 0.3766100256457091 0.48217748329054894, 
50, 0010111100, 0011011100, 0.5332856597258443, 0.8888057376509901, 0.0 9.601979864651248e-06 0.00145747411898272 0.021674473321410787 0.11315974412061874 0.3699447595133359 0.4937539469457872, 
51, 0011111100, 0011111100, 0.5323708109122367, 0.8872809092231209, 0.0 9.666386586881818e-05 0.001899853243089389 0.0205668930483664 0.12191213204072603 0.36270686913302197 0.4928175886689274, 
52, 0011111100, 0011111100, 0.5312548090620647, 0.8854209300512551, 0.0 0.0 0.0009659188188513119 0.02066656137240915 0.12342151721751433 0.37476802586480784 0.4801779767264174, 
53, 0010111100, 0011111100, 0.5299377538165629, 0.8832258063779383, 0.0 3.55630367792646e-05 0.0015897133350922415 0.021387209881695523 0.1274405520239038 0.37506575951521137 0.4744812022073178, 
54, 0010111100, 0011101100, 0.5328530488646753, 0.8880846567134852, 0.0 0.00014885190163663455 0.002272315477045189 0.019400498719699167 0.1176132657127116 0.368230510718203 0.49233455747070437, 
55, 0001110000, 0011011100, 0.5311821808494926, 0.8852998481982145, 0.0 0.00012098938819950534 0.002094487930384303 0.020570619670553018 0.12265694007538686 0.3721922729857454 0.4823646899497309, 
56, 0011110100, 0001111100, 0.5322600574831335, 0.8870963379851049, 0.0 5.791870118515831e-05 0.0021929749097789855 0.01965370380436861 0.11774947045680692 0.3739004266176094 0.4864455055102509, 
57, 0000111100, 0011111100, 0.5326212353413818, 0.8876983145399296, 0.0 1.943651661438601e-05 0.0015176314543891944 0.01876897985403485 0.1183016529798274 0.37473215883803407 0.48666014035710004, 
58, 0001111100, 0011111100, 0.530337879271753, 0.8838927299268016, 0.0 6.895141979004655e-05 0.002048724203066283 0.023177908056745068 0.1249604349068604 0.36864937254401975 0.48109460886951844, 
59, 0011111100, 0011101100, 0.528436867420397, 0.8807243911752144, 0.0 5.080501317740905e-05 0.001967293592399231 0.022536137956143492 0.13143862291136638 0.3770447938220663 0.4669623467048472, 
60, 0011111100, 0011111100, 0.5346046958510612, 0.8910040752378658, 0.0 0.00012189381410195713 0.0014407058399928219 0.01909108453072417 0.1138384491432667 0.3626531042636183 0.5028547624082961, 
61, 0011111100, 0011110100, 0.5310042881923969, 0.8850034284538318, 0.0 3.2145283463469566e-05 0.002155631657464951 0.0228810958579477 0.12008054302976834 0.37239180259645255 0.482458781574903, 
62, 0011110100, 0011111100, 0.5325552790196478, 0.8875884037253227, 0.0 0.00017677658517854553 0.002038919733222775 0.020995574744099757 0.11551916514277183 0.3714049612714373 0.4898646025232898, 
63, 0001111100, 0011111100, 0.532222377952886, 0.8870334410575292, 0.0 0.00026518998993249165 0.0016910609348786726 0.022077439517248092 0.11997431114673521 0.36352821912043376 0.4924637792907718, 
64, 0011111000, 0011111000, 0.5303783802795868, 0.8839602539447546, 0.0 6.67874761763073e-07 0.0023709700645623178 0.02333598064569016 0.12677250673383667 0.36319830129467034 0.4843215733864787, 
65, 0011111100, 0011010100, 0.5306963583543053, 0.884490159226156, 0.0 3.491667956712611e-05 0.0017898791574208063 0.01829379135658234 0.12538342211704673 0.3800767263117038 0.47442126437767923, 
66, 0011011100, 0011111100, 0.5298820089043843, 0.8831329299330497, 0.0 7.113390077888964e-05 0.0021859145520610962 0.019890962661999804 0.12372381971551207 0.38498256527253966 0.46914560389710847, 
67, 0011111100, 0011111100, 0.5300284550293966, 0.8833770073525404, 0.0 6.947621132734275e-05 0.0019439863101389364 0.022644698467821085 0.12355254238381469 0.37657544941647286 0.4752138472104251, 
68, 0011111100, 0011111100, 0.5328347453621423, 0.8880541718064487, 0.0 0.00010070104425367853 0.002612489042229056 0.022068263567704395 0.11469100904696547 0.3651346989740789 0.4953928383247685, 
69, 0001111100, 0010101100, 0.5295406038608125, 0.8825639308433048, 0.0 0.00014215214098722807 0.002637713901118102 0.022285081648846912 0.12505330632784825 0.37639294102852483 0.47348880495267465, 
70, 0011111100, 0011101100, 0.5323783760967394, 0.8872935412933537, 0.0 4.955683493727729e-06 0.0012733075740963555 0.021503946944562383 0.11784887427551323 0.37091115414131065 0.48845776138102365, 
71, 0011111100, 0011111100, 0.5328410649707617, 0.8880647288663785, 0.0 0.00030190924579891415 0.0023919223176243117 0.021996303714318655 0.11673700485539629 0.36107147044848814 0.49750138941837374, 
72, 0011010100, 0011111100, 0.5288676795553037, 0.8814423307072549, 0.0 0.0 0.001981685437826294 0.020865356152172016 0.1307855980042224 0.3792520095402043 0.467115350865575, 
73, 0011111100, 0010101000, 0.534740577617448, 0.8912305429234638, 0.0 0.0 0.0019529971224456703 0.018324810962789193 0.11393521810891062 0.36195988486324565 0.5038270889426089, 
74, 0010111100, 0010111100, 0.5332485232175714, 0.8887437715067404, 0.0 6.201301330157688e-06 0.001873179613169921 0.020031229518108082 0.11301343005338599 0.37389309733913084 0.49118286217487506, 
75, 0011111100, 0001010100, 0.5320101133983369, 0.8866797405346467, 0.0 0.00029407311849724674 0.0020507018646854476 0.020405720758495057 0.11712702455623245 0.3747771723529419 0.48534530734914794, 
76, 0011011100, 0011101100, 0.5322213916383179, 0.8870319056362163, 0.0 5.831795205212774e-05 0.0018020848016502599 0.021218653342407013 0.11554693125263006 0.3755588146833592 0.4858151979679014, 
77, 0011111100, 0011111100, 0.5305349660610273, 0.8842212108928036, 0.0 0.0005076201805664244 0.002271584812340225 0.01994704389343389 0.12274748208094788 0.37771219864878786 0.4768140703839237, 
78, 0011111100, 0011000100, 0.5328673518534186, 0.88810848411252, 0.0 0.00013753985125240824 0.002377668186621921 0.01783794708674281 0.11993719729848691 0.36776248746492846 0.49194716011196743, 
79, 0011001100, 0010011100, 0.5301602547356472, 0.8835966892569646, 0.0 6.352025583096912e-05 0.002229718381672588 0.022930489516354128 0.12057898755549182 0.3792339459923211 0.4749633382983295, 
80, 0001111100, 0011111100, 0.5317116953029132, 0.8861824526220389, 0.0 5.650037247033346e-05 0.002083125217862312 0.02260282873101087 0.12122815643542693 0.3640254824700793 0.4900039067731502, 
81, 0010111100, 0011111100, 0.5328426318336293, 0.8880673660918637, 0.0 7.59492610424757e-05 0.002031339960468085 0.020101434866399044 0.11379091640221017 0.3752045598981161 0.4887957996117641, 
82, 0010111100, 0011111000, 0.5323897033144971, 0.8873124862212501, 0.0 0.00017482707464696394 0.001911240667261151 0.01825900419450529 0.12165116189013764 0.36952664826642884 0.4884771179070201, 
83, 0010011100, 0011111100, 0.5344695286205123, 0.890778774592944, 0.0 1.0026933866228375e-05 0.0011279181157258312 0.01901348865208624 0.11789366139353044 0.3579377565667825 0.5040171483380088, 
84, 0011111100, 0011111100, 0.5314578041395117, 0.8857592668099431, 0.0 0.00027351358434875804 0.003213583181220582 0.021622378163017604 0.11649009949147629 0.37337516502171114 0.4850252605582256, 
85, 0011111100, 0011111100, 0.5323492663286031, 0.8872450538580724, 0.0 4.1664431586975135e-05 0.002510155581558765 0.020540156213364236 0.1175085621475676 0.36964313943216753 0.4897563221937549, 
86, 0010111100, 0011111100, 0.5328437697223244, 0.888069291198577, 0.0 9.519214501304817e-05 0.0023703761274836686 0.019100253146313473 0.11717092133255996 0.369984185469479 0.4912790717791509, 
87, 0011011100, 0001111000, 0.5320234878367458, 0.8867020961911318, 0.0 4.867767566854045e-05 0.0016451347422395716 0.02176154870162147 0.11708389996981988 0.3735110494614032 0.4859496894492473, 
88, 0011111100, 0011010100, 0.5327681484956684, 0.8879432149500877, 0.0 0.0001206458200863997 0.0029004466855048596 0.020929709445756 0.11519689220752222 0.36695278170471046 0.49389952413642, 
89, 0011101100, 0011111100, 0.5308947208226892, 0.8848207867210255, 0.0 8.832481150513603e-05 0.0018713321772200098 0.02104386353179369 0.12188155941454838 0.37625361748296315 0.4788613025819697, 
90, 0011111100, 0000111100, 0.5314661632031644, 0.8857731693520444, 0.0 3.041049352969442e-05 0.002326799298793549 0.01962059340138093 0.1242160981290763 0.3686077577626156 0.4851983409146038, 
91, 0010111100, 0011101000, 0.529477749809638, 0.8824591476091883, 3.919008700734093e-06 0.00018703448689614023 0.0028881722812654927 0.021909933604420437 0.12245178090629646 0.3821003761072687 0.47045878360515203, 
92, 0011111000, 0001011100, 0.5336337811295733, 0.8893859051556846, 0.0 0.0 0.001521748891246851 0.020175312731929938 0.11600269931262948 0.3650662366798564 0.49723400238433735, 
93, 0011111100, 0010111100, 0.5323449561455461, 0.8872378114872957, 0.0 4.970806198176883e-05 0.0019326892227408713 0.01889357838121466 0.11907314069276013 0.3737668173461889 0.48628406629511367, 
94, 0001111100, 0011111100, 0.5328768363577755, 0.8881242844361816, 0.0 0.00015424079572078726 0.0024405972475504733 0.01889281310639384 0.11546112536203684 0.37312001037084885 0.48993121311744925, 
95, 0011101100, 0011111100, 0.5328284478714373, 0.8880436584203554, 0.0 0.00015943518482974594 0.0016420814177357935 0.02020968034926139 0.11664986868674247 0.3704437694615073 0.4908951648999233, 
96, 0011111100, 0001111100, 0.529815815646219, 0.8830225789025465, 0.0 0.00011612254785537718 0.0028033045045553926 0.023320439085355825 0.12166396724483051 0.37678144408149383 0.47531472253590906, 
97, 0011111100, 0011111100, 0.5293428357098643, 0.8822342990796063, 0.0 8.721983270491871e-05 0.0017941173372922445 0.023024620955446565 0.12389983574795164 0.38210810264742495 0.46908610347917973, 
98, 0011011100, 0011101100, 0.5316234623356465, 0.8860353684981987, 0.0 2.4638894878001437e-05 0.00260102285649301 0.02114244015135608 0.1207319134490292 0.3683693557583184 0.4871306288899253, 
99, 0010111100, 0011111100, 0.5315999894644339, 0.8859962128356794, 0.0 0.00015763104159401286 0.0017676829577615927 0.01836521802155354 0.12358787168096519 0.37389243852031545 0.4822291577778103, 
100, 0011110100, 0011111100, 0.5320351417216197, 0.8867214641613594, 0.0 0.00028127969908566696 0.0019238330326509757 0.020545181539242115 0.11742718295164566 0.3740795738847925 0.48574294889258307, 
run, initial grid state, final grid state, mean grid cell occupancy, mean binding site occupancy, fraction of time with N TFs bound, warning
1, 0011110100, 0011111100, 0.5333250397910987, 0.8888713050283841, 0.0 0.0 0.0018880386871425131 0.0194579888732411 0.11382603819737186 0.3731939720666583 0.4916339621755863, 
2, 0011111100, 0011011100, 0.5316344453966371, 0.8860536124922795, 2.036295529876436e-05 0.00016716915647308029 0.0019768672516644 0.018669022295948166 0.12028732464125177 0.378231116355159 0.48064813734420475, 
3, 0010110100, 0011111100, 0.5356071511065116, 0.892674729251001, 0.0 2.254541653178987e-05 0.001577830681889568 0.018085015459930985 0.111649779711619 0.35997296888074565 0.508691859849283, 
4, 0011101100, 0011111000, 0.5319969375069514, 0.8866578258614684, 0.0 0.0001747090746215979 0.002480722913982605 0.022595250107752308 0.12106309033857912 0.3593446768017363 0.49434155076332803, 
5, 0011111100, 0011101100, 0.5313755172803961, 0.8856220722487067, 0.0 0.0001623191500994137 0.0014451663268242774 0.019614081443533025 0.11758500281652133 0.38566305548632324 0.4755303747766987, 
6, 0011111100, 0010111100, 0.5327830170419633, 0.8879679621668483, 0.0 0.00024605766292526605 0.0026122576441945126 0.020012856721988697 0.11557603119189183 0.3693222755577565 0.4922305212212433, 
7, 0010111100, 0011001100, 0.532803199505472, 0.8880016005459914, 0.0 0.00010159958349920453 0.0014687083055493092 0.019774889326778507 0.11845969504071285 0.3693635075225964 0.49083160022086375, 
8, 0011101100, 0011111100, 0.5340532973947046, 0.8900851109856716, 0.0 2.6387646780070802e-05 0.0021917537979841374 0.018693514825562838 0.11140118136968898 0.37170747344406657 0.4959796889159174, 
9, 0011111100, 0001110100, 0.5321287346479123, 0.8868775095471003, 0.0 0.00010178232109390553 0.0018143935882904414 0.021262533169249694 0.12427714389964577 0.3586265694517261 0.49391757756999405, 
10, 0011110100, 0011111100, 0.5291813002734297, 0.8819650648040043, 0.0 8.834143982069832e-05 0.0016720380835142518 0.020559407399692583 0.12867737845589775 0.3820467725319409 0.46695606208913376, 
11, 0011111100, 0011111100, 0.5314481191230025, 0.8857431227238549, 0.0 6.718964437711805e-05 0.0020010534055810367 0.021514926199422343 0.12106690739715387 0.37052250842008566 0.48482741493338, 
12, 0011111100, 0011111100, 0.5324029715163936, 0.8873345605819515, 8.248570319470904e-06 0.00021676899109207445 0.001500097931900654 0.02145105555647095 0.11692771159710094 0.3706503185396968 0.48924579881341906, 
13, 0011111100, 0011111100, 0.5304450687706284, 0.8840713593843442, 0.0 0.00016730689191740892 0.002404404727948464 0.019905678211054323 0.12239559624801592 0.3806094631933598 0.4745175507277041, 
14, 0011111100, 0011011100, 0.5318993763637306, 0.8864951317041088, 0.0 0.0 0.0014520781180302378 0.02023020050185202 0.11725432313085678 0.3800216495359574 0.4810417487133036, 
15, 0011111100, 0011111100, 0.5304449454045668, 0.8840711883708623, 0.0 2.8154840821056137e-05 0.0018442348474914897 0.022910867095337423 0.12670506852060992 0.36591241785352285 0.4825992568422173, 
16, 0011111000, 0001111000, 0.5303278276175784, 0.8838759885735775, 0.0 6.666973337290542e-05 0.0024234878621739535 0.02351134330946334 0.12102774557722451 0.3741272473601358 0.47884350615762955, 
17, 0011111000, 0011111000, 0.5305414368050142, 0.8842319071729532, 8.065007896424758e-05 6.036423190568174e-05 0.0023106184863133194 0.020426169905478114 0.12222617507130706 0.37884950152466557 0.476046520701366, 
18, 0011111000, 0011111100, 0.5316909632606809, 0.8861478557948731, 0.0 3.239203439468429e-05 0.001405387391057667 0.021274718388291747 0.11720445040448431 0.37909629952071355 0.480986752261058, 
19, 0011111100, 0011111100, 0.5329646865175058, 0.888270803095766, 0.0 0.0 0.0019539777377173854 0.02256174399948934 0.11269622190250092 0.36948159467106495 0.4933064616892274, 
20, 0010101100, 0011111100, 0.5342035400805841, 0.8903354867898327, 0.0 5.3957688284942074e-05 0.0013673330287715011 0.01901977739283712 0.11467752270877163 0.36583358110843894 0.49904782807289594, 
21, 0011111100, 0011111100, 0.5344059348795286, 0.8906727946132214, 0.0 7.946653539226168e-06 0.002084945495666606 0.01783033081438595 0.11305082907532614 0.36799106647649904 0.499034881484583, 
22, 0011101000, 0011111100, 0.5308812753957578, 0.88479838613972, 2.1257348940713062e-05 0.00022332681216341043 0.001877994687124166 0.020946804206509694 0.12025000420067837 0.3791131052378364 0.47756750750674726, 
23, 0010011100, 0010111100, 0.528965742464808, 0.8816058283699808, 0.0 0.0001447153625545615 0.0028085678000751633 0.020899456108899893 0.13104637047845952 0.3736160724834235 0.47148481776658735, 
24, 0011101100, 0011111100, 0.5314783870928874, 0.8857935956293428, 0.0 0.00011472978448879149 0.0017377965806332938 0.022222497233559384 0.11822243902009069 0.37460122123810646 0.4831013161431214, 
25, 0011110100, 0011111100, 0.5323735623628064, 0.8872855723705655, 0.0 1.877893612600508e-05 0.0016083088373730365 0.018739757402785683 0.11867655092639016 0.3761870616853478 0.4847695422119773, 
26, 0011111000, 0011111100, 0.5318499099319246, 0.8864127367204527, 0.0 0.00015325589720612478 0.001557369967616704 0.02049092537691615 0.11897911262887048 0.3750968189322974 0.48372251719709314, 
27, 0011111100, 0011001100, 0.5306764868187153, 0.8844570416386469, 0.0 0.00012297869274642494 0.0014031223822521665 0.022521193673188247 0.12472855431167285 0.3700096775324667 0.4812144734076736, 
28, 0011111100, 0011111100, 0.5324764264422933, 0.8874570043804515, 0.0 0.00010449553071544283 0.0021233303607269835 0.019604778224837086 0.11626046641523707 0.37490690711581975 0.48700002235266365, 
29, 0010111100, 0011010100, 0.533525022220777, 0.8892046269596782, 0.0 3.8128368590218675e-05 0.0021053835305083826 0.019592634564262426 0.11727358544437753 0.3628349876954043 0.4981552803968571, 
30, 0011101100, 0001101100, 0.5344215901769636, 0.8906989196275309, 0.0 3.842113199580283e-05 0.0010211085838331424 0.01704712664838424 0.11893177978796043 0.3625250027184295 0.5004365611293968, 
31, 0011101100, 0011111100, 0.5322715513033759, 0.8871155105169355, 9.73819828839529e-06 0.00015223127412702353 0.0023285517991540098 0.021807830914850924 0.11726022282916232 0.3672292057385282 0.49121221924588915, 
32, 0011111100, 0011111100, 0.5328906378358034, 0.8881473581334014, 0.0 4.7101821729285374e-05 0.002361976336691163 0.021643803623257202 0.11144317065891088 0.37361468455658714 0.4908892630028243, 
33, 0011111100, 0011111100, 0.5309730158649598, 0.8849512681022965, 0.0 0.00017086053500893567 0.002693307424096504 0.021481076230045037 0.12032782553165464 0.37356597926134616 0.4817609510178487, 
34, 0000111100, 0011111100, 0.5332368515589597, 0.8887243672971086, 0.0 3.9421965080329346e-05 0.0017849430646581306 0.020085009283089133 0.11340960539867052 0.3732426754867071 0.4914383448017948, 
35, 0011111100, 0011101100, 0.5312584174005972, 0.8854269448407914, 0.0 0.0 0.001422847722023155 0.021413485164861117 0.1176807251592316 0.38214503425411156 0.4773379076997726, 
36, 0011111100, 0011111100, 0.5341210658897833, 0.8901980912399974, 0.0 0.00020427875364337648 0.002813180868590251 0.02078178107989503 0.10987650315432505 0.36443898576910266 0.5018852703744436, 
37, 0011111100, 0001111100, 0.5334970761395632, 0.8891580309360484, 0.0 3.155870396324566e-06 0.0018944484722049674 0.01860733885023393 0.11839748047044459 0.3648412636513178 0.4962563126854024, 
38, 0011111100, 0011011100, 0.5318403713246996, 0.886396940585049, 0.0 0.00014601820850085643 0.001871902692498749 0.021188333669252067 0.11748650908182773 0.37486263550579496 0.4844446008421256, 
39, 0011111100, 0011111100, 0.5302105672338471, 0.8836805908304118, 0.0 0.00022106508643910996 0.002326185060186017 0.02214814552931715 0.12100039761951462 0.37906115751760905 0.475243049186934, 
40, 0010111100, 0011111000, 0.5306245431860468, 0.8843705075326297, 9.940676721504756e-06 0.0001002112713639509 0.0017929162475100867 0.02006815870799952 0.12327147420313223 0.3792971648667699 0.47546013402650283, 
41, 0011111100, 0011111100, 0.5315787967878969, 0.8859609064264193, 0.0 0.00020819133399140264 0.0023351890048293605 0.02138974299858362 0.11672374575429138 0.376236128247876 0.4831070026604282, 
42, 0011111100, 0011111100, 0.5332655355050693, 0.8887721636936041, 0.0 0.00025266227433919905 0.0020770503545114467 0.021519333177989753 0.11098290247853107 0.3712717005576021 0.49389635115702646, 
43, 0010111100, 0011111100, 0.5315815654815794, 0.8859654755323204, 0.0 2.5803370677119208e-05 0.001335216141885902 0.01814582906170475 0.12624260131557125 0.3718145755688902 0.4824359745412708, 
44, 0011111100, 0011110100, 0.530072578726917, 0.8834505689978399, 0.0 0.000290837477804394 0.0020876660501632995 0.01963088554285777 0.12382443464883289 0.3829502084970465 0.47121596778329516, 
45, 0011011100, 0011111100, 0.5315589064774147, 0.8859278402636357, 0.0 0.0003303773814987568 0.0029650533995657312 0.020814003677942925 0.12025914562196952 0.3679605556346611 0.48767086428436196, 
46, 0010111100, 0011111100, 0.5304973404364257, 0.884158459730471, 0.0 0.0002969116443947951 0.0023058780107751576 0.022235103752734714 0.12225231279535681 0.3731312345031814 0.4797785592935571, 
47, 0011111100, 0011111100, 0.531691421565304, 0.8861486097148651, 0.0 0.0 0.002148632820144856 0.02136302274186638 0.11936576450054469 0.37169321320354104 0.48542936673390297, 
48, 0011111100, 0001111100, 0.5321473783664802, 0.8869085856898128, 0.0 0.0 0.0016942707777680046 0.020249154671962564 0.11815673962446492 0.3747104594852333 0.48518937544057117, 
49, 0011111100, 0011111100, 0.5309326664048735, 0.8848840378945177, 0.0 0.00017220188349832558 0.0023093634211247827 0.021131105463825673 0.12241422381307063 0.3723755455132852 0.48159755990519537, 
50, 0011101100, 0011111100, 0.5329822254220914, 0.888299930012736, 0.0 0.0 0.001420973726553099 0.018338327142703875 0.11543051472806225 0.3786405141331359 0.4861696702695449, 
51, 0010111100, 0011111100, 0.5328908581356635, 0.8881477603921549, 0.0 7.157141870390801e-05 0.0019438089381754486 0.020862443370161216 0.11755031420138302 0.36529238628759975 0.4942794757839767, 
52, 0011011000, 0001111100, 0.5311914046132185, 0.8853152902513219, 0.0 7.308710469387825e-05 0.0017966494118736088 0.019664723503927225 0.12077644972829908 0.3800091553527256 0.4776799348984806, 
53, 0011100100, 0011111100, 0.5298016115824666, 0.8829989933026708, 0.0 0.00021843325231694037 0.001844101208746811 0.02044615478960687 0.11907044933620443 0.39405810604617486 0.4643627553669501, 
54, 0011111000, 0011110100, 0.5337747628767121, 0.8896208615375585, 4.292402717987696e-05 0.00021255952922764277 0.0020141941903086854 0.017630748900642715 0.11015458460065562 0.3796962963009569 0.49024869245102853, 
55, 0011111100, 0011111100, 0.5336173937054414, 0.8893586067743273, 0.0 0.0 0.0021995173778749503 0.0209194090548333 0.11340280472881424 0.36548645322040746 0.49799181561807004, 
56, 0011011100, 0011111100, 0.532038934765582, 0.8867279198340483, 0.0 0.0001911157943008627 0.0018235628071721819 0.019357936155696184 0.12028018538515231 0.37274847155812485 0.4855987282995536, 
57, 0011011100, 0011111100, 0.5330325658055671, 0.8883838708128303, 0.0 3.7193755122025802e-06 0.001561480614018206 0.019577413042906913 0.11670157355490765 0.3712968695508484 0.4908589438618066, 
58, 0011011100, 0011110100, 0.5289650904299256, 0.881604693502269, 0.0 2.1380407691363774e-05 0.0026273934354298025 0.0244886411027801 0.12598112858687593 0.3743271827241172 0.47255427374310566, 
59, 0011111100, 0011111100, 0.5314262763084617, 0.885706689630114, 0.0 3.496725492704482e-06 0.0014624529256418914 0.0210410266022987 0.120003424997001 0.3767626370883871 0.4807269616611786, 
60, 0011111100, 0011111000, 0.5294844084549071, 0.8824702666884319, 0.0 4.978515931191189e-05 0.0019183508916052942 0.022420943615078206 0.12510961259762002 0.37977401446595377 0.47072729327043084, 
61, 0011111000, 0011100100, 0.5324153937984122, 0.8873552172929128, 0.0 2.228171876751241e-05 0.0014226215924649649 0.018544236794763403 0.11961421580084991 0.3752056592928362 0.485190984800318, 
62, 0011111000, 0011101100, 0.5304036544754749, 0.8840023184802551, 0.0 6.978040865205582e-06 0.0019435998352409826 0.021699962441779082 0.12179491346534795 0.3794870853171461 0.4750674608996207, 
63, 0011001100, 0011111100, 0.532141378380425, 0.8868985579727507, 0.0 3.673533123283159e-05 0.002196098717292641 0.01989882443668375 0.12106465541893009 0.3678147964902486 0.48898888960561204, 
64, 0011111100, 0011110100, 0.5308177548480041, 0.8846924813393833, 0.0 2.5943232820942286e-05 0.0019939013137169515 0.02218451726534204 0.12135704532659591 0.3744721480955107 0.47996644476601347, 
65, 0011111100, 0011111100, 0.5309226809785694, 0.8848674068832862, 0.0 1.6341848857346032e-05 0.0018879616777893757 0.023277946701701573 0.12172925969890706 0.3698696432419192 0.4832188468308254, 
66, 0011110100, 0011111100, 0.5312901264270481, 0.8854798395763489, 0.0 5.9368767219270975e-05 0.0018177331513871144 0.021933519605497123 0.12045305159176958 0.37284652410023106 0.4828898027838958, 
67, 0000110100, 0001110100, 0.5306720307740631, 0.8844496620618071, 0.0 0.00015683574729235397 0.0019657489882228692 0.024220451086831053 0.12094983662186992 0.3700938264355709 0.48261330112021295, 
68, 0010111000, 0011101100, 0.5286243894041188, 0.8810369317348994, 0.0 0.00010795074011745905 0.0028428177006731728 0.023425536501282103 0.12212989056495287 0.38733099445357194 0.46416281003940246, 
69, 0011111100, 0011111100, 0.5295745943036484, 0.8826205932601692, 0.0 7.182377667574655e-05 0.00245915423917635 0.023316604165486234 0.12152282012905641 0.38108525184432884 0.47154434584527644, 
70, 0011111100, 0011111100, 0.5289970563425724, 0.881657938951791, 0.0 0.00011137979208253677 0.0027313128277023984 0.023173633681459582 0.12558979561626804 0.37786972374111705 0.4705241543413704, 
71, 0011011100, 0011011000, 0.5312386244969886, 0.8853939344808459, 0.0 1.32343068919863e-05 0.001713721231231682 0.02061495762640444 0.1223569510746123 0.37415656162709915 0.4811445741337605, 
72, 0011111100, 0001111100, 0.5326804057457599, 0.8877969269239797, 0.0 3.687143276918502e-05 0.0016309384697812794 0.017610938245815576 0.11765221902412518 0.3783730746274531 0.4846959582000556, 
73, 0011111100, 0011111100, 0.5309143077244567, 0.8848534051040561, 0.0 6.896459057375078e-05 0.0026783556419075023 0.019717964589167775 0.12023685673207483 0.38019371662351187 0.4771041418227642, 
74, 0011110100, 0001110100, 0.5313006163082723, 0.8854973091714567, 0.0 5.9051698621774e-05 0.001812550149680399 0.0199178067187571 0.11897082631614346 0.3817756130908716 0.4774641520259257, 
75, 0011111100, 0011111100, 0.5298120502359707, 0.8830162819142519, 0.0 4.584389434945015e-05 0.0014901998967040736 0.02019545106134741 0.1255958248114367 0.38393428664900936 0.468738393687153, 
76, 0011111100, 0001110100, 0.5306382082687625, 0.8843932814433192, 0.0 4.583734670480092e-05 0.0020672049981589682 0.020327171202797763 0.12126477671746307 0.3816312375706059 0.47466377216426947, 
77, 0010111100, 0011110100, 0.5332836082642379, 0.8888023102024685, 0.0 2.8682137800398324e-05 0.0016149198366679693 0.0198101764533748 0.1155927103843262 0.3699670986207398 0.4929864125670908, 
78, 0011110100, 0011111100, 0.5313217602676509, 0.88553253043801, 0.0 0.00023730018142544085 0.0021939620364660696 0.019103974960983466 0.1201583525236193 0.3792138383887605 0.4790925719087452, 
79, 0011111100, 0011111100, 0.5319841831318411, 0.8866364803883755, 1.3066481641701287e-05 0.00010368789582207089 0.0024839957812041466 0.02086915525543976 0.11821110012965949 0.3706186301503321 0.4877003643059008, 
80, 0011111100, 0011111100, 0.5315349419385669, 0.8858878046517453, 0.0 2.361656004301139e-05 0.0018889473158790737 0.022294551961444458 0.12047397513611346 0.3691676938692366 0.48615121515728343, 
81, 0011111000, 0011111100, 0.5321062863298074, 0.8868400673576646, 0.0 2.6509376641001017e-05 0.0016206359583374945 0.01931479768916234 0.11970847621729576 0.3749831596353786 0.4843464211231848, 
82, 0011111000, 0011111100, 0.5350488349657067, 0.8917443463705237, 0.0 0.00011067920160597278 0.00167854930142778 0.01724459473052944 0.11386028495005295 0.362811974471423 0.5042939173449609, 
83, 0011111100, 0011111100, 0.5308019187020009, 0.8846661432246868, 0.0 0.0 0.001775204700276816 0.021214547316326205 0.1247414258809273 0.3717758281399386 0.48049299396253103, 
84, 0011101000, 0011111100, 0.5317815171310089, 0.8862987866571387, 0.0 0.00012699454848462624 0.0022164932408554635 0.021907584720689637 0.11820895239616773 0.3705656753969194 0.48697429969688316, 
85, 0011110100, 0010011100, 0.5317736376439289, 0.8862856822808325, 0.0 2.024127360957009e-05 0.0012699989490649387 0.02234834511528563 0.11726365936773314 0.37553235006937424 0.4835654052249324, 
86, 0001110100, 0011111000, 0.5304789539021532, 0.88412789737143, 0.0 3.664715892507916e-05 0.002142300180120085 0.020857231822870883 0.1246072172531103 0.3746940492814807 0.4776625543034929, 
87, 0011111100, 0011111100, 0.5336652799461852, 0.8894383444867087, 0.0 1.9933202279806136e-05 0.0013776291595654613 0.018125238976691216 0.11913585224759475 0.36511232900482354 0.49622901740904524, 
88, 0011111100, 0010010100, 0.530672319848001, 0.8844501508241097, 0.0 1.572672130346298e-05 0.001862586511810741 0.022125459949871557 0.12108805875997067 0.3772176180320248 0.47769055002501876, 
89, 0011111100, 0011101100, 0.5309704378814675, 0.8849469916168032, 0.0 0.0001030761593202182 0.0018064869356787293 0.022475477210024478 0.12332373100451097 0.3685028281207697 0.4837884005696959, 
90, 0011111100, 0011111100, 0.5338040322256437, 0.8896696220503281, 0.0 9.211248415424709e-06 0.0022140715480463984 0.020879157549506776 0.11285802667357418 0.3647263992681009 0.49931313371235636, 
91, 0011111100, 0001111100, 0.5313413197193361, 0.8855651100177254, 0.0 6.635310118516285e-05 0.002261924003462037 0.02083401132480648 0.12469500054684614 0.36533784330576186 0.48680486771793835, 
92, 0011111100, 0011001100, 0.5315134057275631, 0.8858518851820801, 0.0 6.827802346398432e-05 0.0020567648321674513 0.019546063809540385 0.1209495397995182 0.3757829684338711 0.4815963851014388, 
93, 0011110100, 0001111000, 0.530678479800416, 0.8844603725540096, 3.6612861518746324e-05 0.0001286035799086094 0.0015606202165145211 0.023300323553365403 0.12461279580379195 0.3670060264735494 0.4833550175113514, 
94, 0011111100, 0011111100, 0.5324777176220349, 0.8874591326285597, 0.0 8.559743228331917e-05 0.0021352268627585894 0.020040012429972928 0.119479942846942 0.3671963866323876 0.4910628337956556, 
95, 0011111100, 0011111100, 0.5304412163190144, 0.8840649814938544, 0.0 0.0002896842228354159 0.0023497490562803436 0.02288484433014259 0.12008115209836834 0.3759458565104101 0.47844871378196313, 
96, 0011110100, 0011111000, 0.5318369014417881, 0.886391072712034, 0.0 0.00016074604694786524 0.002466427718478789 0.020305006843377372 0.12183482002638817 0.3663994620362328 0.488833537328575, 
97, 0011101100, 0010011100, 0.5338323292840883, 0.8897167599021423, 0.0 9.912041579039323e-05 0.0025709936455140616 0.018851353423063807 0.11428813188867619 0.36578953987959506 0.49840086074736045, 
98, 0010111100, 0011111100, 0.5321023809414323, 0.8868336223153663, 0.0 0.00025470600328678176 0.0018500869348841034 0.0191481776269216 0.12118721496401558 0.37050542554303595 0.487054388927856, 
99, 0011101100, 0011110100, 0.5311063369879359, 0.885173497399277, 0.0 3.585286082301821e-05 0.002302356417815103 0.019956121092931906 0.12469848179556521 0.3703049987590359 0.4827021890738288, 
100, 0011111100, 0011110100, 0.5321333557170757, 0.8868852613128785, 1.8385462015299568e-05 0.00011935020734497478 0.00192382330368241 0.02032223808851626 0.12228127495535226 0.3647568109229302 0.4905781170601586, 
