run, initial grid state, final grid state, mean grid cell occupancy, mean binding site occupancy, fraction of time with N TFs bound, warning
1, 0011111100, 0011111100, 0.5876442273990669, 0.9789856620368975, 0.0 0.0 0.0 0.00039270507201570837 0.01033324971649345 0.1042414131295805 0.8850326320819103, 
2, 0011111100, 0011111100, 0.5878046777556646, 0.9792436484159517, 0.0 0.0 0.0 0.0012036722792295046 0.008186372655797337 0.10455434735500563 0.8860556077099675, 
3, 0011111100, 0011111100, 0.587543621067984, 0.9788078641261588, 0.0 0.0 3.239343521254403e-05 0.001680852453035939 0.010908805469117794 0.10016307320485374 0.88721487543778, 
4, 0011111100, 0011111100, 0.5886313187088048, 0.9806240810750705, 0.0 0.0 0.00020601831097097622 0.0010673527011727435 0.008888127911049903 0.094453126380075 0.8953853746967314, 
5, 0011111100, 0011111100, 0.5879594264201085, 0.9794992397393727, 0.0 0.0 0.0 0.00013942007789981506 0.007798529158036686 0.10698924301399149 0.885072807750072, 
6, 0011111100, 0011111100, 0.5880602458222663, 0.9796824491512811, 0.0 0.0 0.0 0.0003867917775845385 0.006812101625575402 0.10712072650840886 0.8856803800884313, 
7, 0011111100, 0011111000, 0.5880385596573765, 0.9796476259305401, 0.0 0.0 0.0 0.0018425985164700234 0.009870832988195289 0.09684478289095949 0.8914417856043753, 
8, 0011111100, 0011111100, 0.5876940542215037, 0.9790629264325529, 0.0 0.0 0.0 0.00046961736089070634 0.008044478693205813 0.10812463193559904 0.8833612720103043, 
9, 0011111100, 0011111100, 0.5883061632813861, 0.9800915891121034, 0.0 0.0 0.00010129057647006851 0.0004744058901841388 0.010140489638105371 0.09734110607473688 0.8919427078205036, 
10, 0011111100, 0011111100, 0.5885525026399958, 0.9804906870688784, 0.0 0.0 0.0 0.00023244132615623018 0.007719039257089538 0.10092047509408139 0.8911280443226729, 
11, 0011111000, 0011111100, 0.5876003645536693, 0.9789073544322429, 0.0 0.0 0.0 0.0005415597249440919 0.006268273049006135 0.11239464813369775 0.880795519092352, 
12, 0011111100, 0001111100, 0.5894208355815888, 0.9819376205128235, 0.0 0.0 0.0 0.00016957963990323597 0.006990339671398393 0.09388485866055198 0.8989552220281464, 
13, 0011111100, 0011111100, 0.5875090314506438, 0.9787641722625098, 0.0 0.0 0.0 0.00035213883757000873 0.010455149446408844 0.1054482510194135 0.8837444606966077, 
14, 0011111100, 0011111100, 0.5868851746365497, 0.9777276055278818, 0.0 0.0 0.0 0.001384706816233964 0.01139151868945326 0.10669720900509992 0.8805265654892129, 
15, 0011111100, 0011111100, 0.5864952961369662, 0.9770776528042281, 0.0 0.0 0.0 0.001348803812790371 0.009575497332503872 0.11433667707125268 0.8747390217834531, 
16, 0011111100, 0011111100, 0.5861687327387253, 0.9765218335475836, 0.0 0.0 0.0 0.0009427811444809322 0.011403831510640929 0.11523299225977444 0.8724203950851036, 
17, 0011111100, 0011111100, 0.5896760765799521, 0.9823772951026177, 0.0 0.0 0.0 0.0008740638161342484 0.006707034136785747 0.08969996966231969 0.9027189323847603, 
18, 0011111000, 0001111100, 0.5886470152385833, 0.9806597264585157, 0.0 0.0 0.0 0.000576035925499967 0.008777845087552482 0.0967578432973011 0.8938882756896465, 
19, 0011111100, 0011111100, 0.5890352980536161, 0.9812983355626954, 0.0 0.0 0.0 0.0005995211307455989 0.008392365333455807 0.09362669256467901 0.8973814209711196, 
20, 0001111100, 0011111100, 0.5887597878133588, 0.9808317031078403, 0.0 0.0 0.0 0.001992114267377995 0.0077546936736846315 0.09352405120345388 0.8967291408554835, 
21, 0011111100, 0011111100, 0.5891826372385712, 0.9815422759912455, 0.0 0.0 0.0 0.00027556430031293913 0.006132504391225194 0.09765464236913642 0.8959372889393254, 
22, 0011111100, 0011111100, 0.5884602080625589, 0.9803379818764544, 0.0 0.0 0.0 0.0007859948133865282 0.006187464582666945 0.10323919513578081 0.8897873454681656, 
23, 0011111100, 0011111100, 0.5877131762099833, 0.9791031565245327, 0.0 0.0 0.0 0.0 0.007715085853960651 0.10995088914488181 0.8823340250011575, 
24, 0011111100, 0011111100, 0.5877942520532725, 0.9792296876920481, 0.0 0.0 0.0 0.0002615506054666212 0.010655329363261112 0.10252656330478976 0.8865565567264825, 
25, 0011111100, 0011111100, 0.5877782706480531, 0.9792040206565713, 0.0 0.0 0.0 0.00016747240172573495 0.009525317320713884 0.10522282421396739 0.885084386063593, 
26, 0011111100, 0000111100, 0.5876382161228215, 0.9789692472468434, 0.0 0.0 0.0 0.0004334208810774059 0.008163115890571686 0.10855802209456454 0.8828454411337864, 
27, 0011111100, 0011111100, 0.5881223527422191, 0.9797768957971885, 0.0 0.0 0.0 0.0 0.008885138824965229 0.1035683475669376 0.8875465136080972, 
28, 0011111100, 0011111100, 0.5895112004779431, 0.9820955007131834, 0.0 0.0 0.0 0.0001177327833686556 0.0057536733797112225 0.0955664506113713 0.8985621432255488, 
29, 0011111100, 0011111100, 0.5886032539670292, 0.9805887678625154, 0.0 0.0 0.0 0.00043569060339675056 0.005883065714221341 0.10339418958627514 0.8902870540961069, 
30, 0011111100, 0011111100, 0.589054177035059, 0.9813332466601498, 0.0 0.0 0.0 5.609712422010444e-05 0.009746948548685094 0.09233833156907068 0.8978586227580241, 
31, 0011111100, 0011111100, 0.5894805504688223, 0.9820221389014011, 0.0 0.0 0.0 0.00018905957161924667 0.007893286732417994 0.09151341441189946 0.9004042392840633, 
32, 0011111100, 0011111100, 0.5883462368223732, 0.9801522645648891, 0.0 0.0 0.0 0.0003212139609720877 0.008459349321371774 0.1012040720850052 0.890015364632651, 
33, 0011111100, 0011111100, 0.587421303998131, 0.9786082212236749, 0.0 0.0 0.0 0.00047494633411492617 0.010812538105940833 0.10530075744372377 0.8834117581162204, 
34, 0011111100, 0001111100, 0.588953289903381, 0.9811659538329446, 0.0 0.0 0.0 0.0014742858928577388 0.008228855431618675 0.09212370846052312 0.8981731502150004, 
35, 0011111100, 0011111100, 0.5880348713704694, 0.9796252556090368, 0.0 0.0 0.0 0.00014668551603688368 0.009174326124790171 0.10345975754808827 0.8872192308110847, 
36, 0011111100, 0011111100, 0.5882303607449182, 0.9799622968078681, 0.0 0.0 0.0 0.00025955810056592734 0.008997602283608741 0.10145234028387594 0.8892904993319495, 
37, 0011111100, 0011111100, 0.5854758332492218, 0.9753934236184457, 0.0 0.0 0.0 0.0009157142110293747 0.012415540889880327 0.12006123387647676 0.8666075110226135, 
38, 0011111100, 0011111100, 0.5881522416409213, 0.9798295602775976, 0.0004446941962018467 0.00014913359472944622 0.0003929431316019807 0.0005218147325289817 0.007331973544442304 0.09980764137067681 0.8913517994298186, 
39, 0011111100, 0011111100, 0.5878179960773885, 0.9792750734900431, 0.0 0.0 0.0 0.0012093222562735136 0.010926959584569908 0.09886767312178203 0.8889960450373745, 
40, 0011111100, 0011111100, 0.5889287653537568, 0.9811147930397798, 0.0 0.0 0.0 0.0006643966845007652 0.007398058060840905 0.09652193558613742 0.8954156096685209, 
41, 0011111100, 0011111100, 0.5873152093294179, 0.9784361930888272, 0.0 0.0 0.0 0.0012373544865972087 0.011888581332870104 0.10189361534150433 0.8849804488390284, 
42, 0011111100, 0011111100, 0.5889136056358644, 0.9810967064113038, 0.0 0.0 0.0 0.0003003237291284118 0.008501704241985722 0.09551538186082097 0.895682590168065, 
43, 0011111100, 0011111100, 0.5881606090004287, 0.9798394461695275, 0.0 0.0 0.0 0.001345093646303699 0.006247800059667912 0.10443244192458888 0.8879746643694395, 
44, 0011111100, 0011111100, 0.5874071775058362, 0.9785798853441762, 0.0 0.0 0.00023449291601351327 0.002447331314019135 0.01215874949220909 0.09592322334441346 0.8892362029333447, 
45, 0011111100, 0011111100, 0.5889516019287592, 0.9811733881186689, 0.0 0.0 0.0 0.0008595074807244822 0.006690349388837803 0.09700045006813679 0.8954496930623009, 
46, 0011111100, 0011111100, 0.5889489694877702, 0.9811441377797648, 0.0 0.0 0.0 0.0008843599532407805 0.0046854556445108 0.10111118217266758 0.8933190022295808, 
47, 0001111100, 0011111000, 0.5889064966553895, 0.9810669375436856, 0.0 0.0 0.0 0.0004483859692005316 0.007021531730900846 0.09821015336848303 0.8943199289314157, 
48, 0011111100, 0011111100, 0.5873903375310502, 0.978564964052514, 0.0 0.0 0.0 0.0 0.010177180510577057 0.1082558546637619 0.8815669648256611, 
49, 0011111100, 0011111100, 0.5882451875823443, 0.9799767318847492, 0.0 0.0 0.0003653509979549192 0.0005794995749892223 0.008044256481734714 0.10085119301124816 0.890159699934073, 
50, 0011111100, 0011111100, 0.5884542541206079, 0.9803312786982672, 0.0 0.0 0.00019072057707468666 0.0004551135785771551 0.006526644425922546 0.10283081591452133 0.8899967055039043, 
51, 0011111100, 0011111100, 0.5889163440315076, 0.9810962335232917, 0.0 0.0 0.0 0.0005849824841294828 0.007754277571667971 0.09615909626452558 0.895501643679677, 
52, 0011111100, 0011111100, 0.5883666669827429, 0.9801822317585497, 0.0 0.0 7.92249560575258e-05 0.0005955854190534636 0.007889968962611767 0.10102301544208818 0.8904122052201892, 
53, 0001111100, 0001111100, 0.5877906280618174, 0.9792251764419516, 0.0 0.0 0.0 0.0003285907982751301 0.008508605096998089 0.10664595875946914 0.8845168453452577, 
54, 0001111100, 0011111100, 0.5877959651161541, 0.9792355875460649, 0.0 0.0 0.0 0.0005230649065791992 0.011085558058147394 0.10084616388757789 0.8875452131476955, 
55, 0011111100, 0011111100, 0.58905384369804, 0.9813342506269557, 0.0 0.0 0.0 1.9246784716106593e-05 0.007057623910067435 0.09782150806398252 0.8951016212412339, 
56, 0011111100, 0011111100, 0.5885788111688569, 0.9805285245728416, 0.0 0.0 0.0 0.00026309263804719557 0.007021383923309884 0.10199680680218866 0.8907187166364543, 
57, 0011111100, 0011111100, 0.5879105168451922, 0.9794078933205825, 0.0 0.0 0.0005036294910499595 0.0008041285789825802 0.00771818392263516 0.10368936853008749 0.8872846894772448, 
58, 0011111100, 0011111100, 0.587781292054744, 0.9792215690907448, 0.0 0.0 0.0 0.000505984093990042 0.012441073834247172 0.09827048550506622 0.8887824565666965, 
59, 0011111100, 0011111000, 0.58689160123444, 0.9777215928133589, 0.0 0.0 0.0 0.0004327632853830428 0.011249613181462802 0.10987292690077258 0.8784446966323816, 
60, 0001111100, 0011111100, 0.5859451482456554, 0.9761656784596129, 0.0 0.0 1.8072537174508684e-05 0.0027071032638743445 0.012046821944720112 0.11071868541256158 0.8745093168416694, 
61, 0011111100, 0011111100, 0.586220469483114, 0.9765895957136626, 0.0 0.0 0.0 0.0010946816748354548 0.013392125220746294 0.11039413025202542 0.8751190628523929, 
62, 0011111100, 0011111100, 0.5884448724634868, 0.9803229300579941, 0.0 0.0 0.0 0.0002874500964680172 0.005482594938305871 0.10623487948602016 0.8879950754792059, 
63, 0011111100, 0011111100, 0.5887409144680037, 0.9808061738392765, 0.0 0.0 0.0 7.773833085707255e-05 0.007432638151711998 0.10006446566834533 0.8924251578490857, 
64, 0011111100, 0011111100, 0.5872490564013448, 0.9783339495194041, 0.0 0.0 0.00019889167922782045 0.0006312619320265735 0.008747475474370575 0.10981199942184319 0.8806103714925319, 
65, 0011111100, 0011111100, 0.5882188552334959, 0.979948175910063, 0.0 0.0 0.0 8.46209008481389e-05 0.010706041972280929 0.09864499789251609 0.8905643392343549, 
66, 0011111100, 0011111100, 0.5862098492291963, 0.9765963530945909, 0.0 0.0 0.0 0.001651543943857586 0.011959801063250373 0.11154764747438084 0.8748410075185111, 
67, 0011111100, 0011111100, 0.587537233893891, 0.9788050969449545, 0.0 0.0 0.0 0.0001869282545618216 0.006685696817211261 0.11323723993216528 0.8798901349960617, 
68, 0011111000, 0011111000, 0.5864918968669097, 0.9770664243722151, 0.0 0.0 0.00012043528872137977 0.0008138986344920168 0.011358551116521167 0.11196091447530535 0.8757462004849601, 
69, 0011111100, 0011111100, 0.5881960900071129, 0.9799033613594981, 0.0 0.0 0.0 8.801388665290106e-05 0.008563449151734322 0.10318889187958381 0.888159645082029, 
70, 0011111100, 0011111100, 0.5888808969048536, 0.9810380821456709, 0.0 0.0 0.0 0.0007374697131900843 0.007337050200544751 0.09688499758531408 0.895040482500951, 
71, 0011111100, 0011111100, 0.5883541266771994, 0.9801537735443462, 0.0 0.0 0.00025099158343721 0.0007431115671502833 0.009394366244826471 0.09705532520907088 0.8925562053955151, 
72, 0001111100, 0011111100, 0.5877097507722209, 0.9790901898325406, 0.0 0.0 0.0 1.333315761146091e-06 0.0065091808576636006 0.11243649934214547 0.8810529864844299, 
73, 0001111100, 0011111100, 0.5884132083437167, 0.9802603456288116, 0.0 0.0 0.0 0.0006974472316159804 0.006727740321493219 0.10289010388929587 0.889684708557595, 
74, 0011111100, 0011111100, 0.5892822369136453, 0.9817017182054791, 0.0 0.0 0.0 0.00028651200253832903 0.008597119075114965 0.0917359166092813 0.8993804523130654, 
75, 0011111100, 0011111100, 0.5890291443670077, 0.9812878708694768, 0.0 0.0 0.0 0.001082069735783679 0.007281224094613989 0.09446411738656035 0.897172588783042, 
76, 0011111100, 0011111100, 0.5892224058544373, 0.9816284902338953, 0.0 0.0 0.0 0.00014826902236631935 0.005284121844935105 0.09921600783965927 0.8953516012930393, 
77, 0011111100, 0011111100, 0.5888960340307157, 0.9810591077008827, 0.0 0.0 0.0 0.0018985720311989385 0.006644098683168731 0.09466144033476977 0.8967958889508626, 
78, 0011111100, 0011111000, 0.587299664021531, 0.9784076874707737, 0.0 0.0 0.0 0.0017800359413126252 0.010325682465805452 0.10356240241980846 0.8843318791730734, 
79, 0011111100, 0011111100, 0.5883349469562554, 0.9801390818512239, 0.0 0.0 0.0003135788784359182 0.0014148911360749175 0.009319459851524381 0.09502760026763957 0.8939244698663252, 
80, 0011111100, 0011111100, 0.5892753544005231, 0.9816973124410083, 0.0 0.0 0.0 0.00023030395773126962 0.007484043008572402 0.09415712746361152 0.8981285255700848, 
81, 0011111100, 0011111100, 0.588658163087969, 0.9806740058907469, 0.0 0.0 0.0 0.0005330151233697292 0.00783109896467955 0.09869472135605033 0.8929411645559004, 
82, 0011111000, 0011111100, 0.5878923163300952, 0.9793907575902095, 0.0 0.0 0.0004344335599771 0.0015041812644807496 0.009874108162863991 0.09765696009966446 0.8905303169130137, 
83, 0011111100, 0011111100, 0.5896942883434475, 0.9824043882499748, 0.0 0.0 4.52017599248886e-05 0.001337616201039574 0.006514696267834005 0.08835062232166556 0.903751863449536, 
84, 0001111100, 0011111100, 0.5879874154148008, 0.9795579003639425, 0.0 0.0 0.0 0.0010786220615773825 0.008927245991234543 0.10156223964914293 0.8884318922980451, 
85, 0011111100, 0001111100, 0.5865777481225569, 0.9772086405318858, 0.0 0.0 0.0 0.0012406424686853374 0.01613493706895106 0.1007563552647269 0.8818680651976367, 
86, 0011111100, 0011111100, 0.5871852979074796, 0.9782205630957994, 0.0 0.0 0.00021752716547791446 0.0024867067029852807 0.011217698470908392 0.09991099571251937 0.8861670719481091, 
87, 0011111100, 0011111100, 0.5887335844334349, 0.9807869971635702, 0.0 0.0 0.0 9.857587723087695e-05 0.01019696924061586 0.09458835090565487 0.8951161039764983, 
88, 0011111100, 0001111100, 0.5887250167291024, 0.9807842094798933, 0.0 0.0 0.0 9.536359709322452e-05 0.008117941375538226 0.09877276957828382 0.8930139254490846, 
89, 0011111100, 0011111100, 0.587684603148231, 0.9790614789086026, 0.0 0.0 2.2728749172715912e-05 0.0007270017697587183 0.009325423068537352 0.10470836010534201 0.8852164863071893, 
90, 0011111100, 0011111100, 0.587045497289567, 0.9779932171921178, 0.0 0.0 0.0 0.0009719262663790228 0.007665449238074467 0.11379401957200719 0.8775686049235393, 
91, 0011111100, 0011111100, 0.5873801074791324, 0.9785320515365507, 0.0 0.0 0.0 0.0005404678586189945 0.008807482855114655 0.10957132149460946 0.8810807277916569, 
92, 0011111100, 0011111100, 0.5881254288126361, 0.9797810932665281, 0.0 0.0 0.00012194566974747747 0.00048045994658708565 0.008125521302840609 0.10313323527639906 0.8881388378044258, 
93, 0011111100, 0011111100, 0.5879312214655408, 0.9794555844940559, 0.0 0.0 0.0 0.00010791660033231689 0.009950226427017065 0.10304229038063303 0.8868995665920176, 
94, 0011111100, 0011111100, 0.5860467002808721, 0.9763189439435236, 0.0 0.0 0.0001441558167620216 0.0009261373447201081 0.014802205714730126 0.10912688960818973 0.875000611515598, 
95, 0011111100, 0011111100, 0.5881325490206483, 0.9797948142776758, 0.0 0.0 0.0 0.0009360819040974831 0.011637343881809177 0.09514818085803406 0.8922783933560593, 
96, 0001111100, 0011111100, 0.5889495870944007, 0.9811516863778071, 0.0 0.0 9.86369841876484e-05 0.0010014102926844358 0.006244914265714646 0.09720127438692425 0.895453764070489, 
97, 0011111100, 0011111100, 0.5899800698315524, 0.982870122415109, 0.0 0.0 0.0 9.829782548250186e-05 0.006527015051750125 0.08943034192939874 0.9039443451933687, 
98, 0011111100, 0011111100, 0.5880541682068684, 0.9796691152264673, 0.0 0.0 0.0 0.0009482563822456767 0.007758513631816527 0.10362351223082643 0.8876697177551114, 
99, 0011111100, 0011111100, 0.5894740411377338, 0.9820273459472509, 0.0 0.0 0.0 5.040599030909084e-05 0.005437302238611855 0.09681010186834271 0.8977021899027363, 
100, 0011111100, 0001111100, 0.5902491485846022, 0.9833135548749903, 0.0 0.0 0.0 5.4992350033691944e-05 0.0050297781023316435 0.08989413749529379 0.9050210920523408, 
run, initial grid state, final grid state, mean grid cell occupancy, mean binding site occupancy, fraction of time with N TFs bound, warning
1, 0011111100, 0011111100, 0.5886315207296328, 0.9806184930071111, 0.0 0.0 0.0 0.001035077575629098 0.0056147215945401814 0.10195436604136576 0.891395834788465, 
2, 0011111100, 0011111100, 0.5874829181139092, 0.9787080216376376, 0.0 0.0 7.996416881141207e-05 0.0012192780144014812 0.008593494853411515 0.106587189748902 0.8835200732144737, 
3, 0011111100, 0011111100, 0.588910315296305, 0.9810975937040257, 0.0 0.0 0.0 0.000925919974490592 0.006185306085206796 0.0982660656819603 0.8946227082583423, 
4, 0011111100, 0011111100, 0.5886769119261058, 0.9806942892955661, 0.0 0.0 0.0 0.0 0.0068037723281458625 0.10222671957031194 0.8909695081015422, 
5, 0011111100, 0011111100, 0.5887226829623432, 0.9807827475806735, 0.0 0.0 0.0 0.0006146365065444083 0.00737214847699432 0.09871530804233797 0.8932979069741234, 
6, 0011111100, 0011111000, 0.5852810497378416, 0.9750445925309738, 0.0 0.0 0.0 0.001635359664358014 0.010462404202381965 0.12390155741631978 0.8640006787169402, 
7, 0001111100, 0011111100, 0.5890404625223277, 0.9812991387222895, 0.0 0.0 0.0 0.0005747315428911787 0.005311342349150535 0.09985828833928817 0.8942556377686701, 
8, 0011111100, 0011111100, 0.5868255614857137, 0.9776178438568823, 0.0 0.0 0.0 0.00020812881432023095 0.012057990900768917 0.10955256861420756 0.8781813116707032, 
9, 0011111100, 0011111100, 0.5870980278594057, 0.9780724940894494, 0.0 0.0 0.0 0.00017283590000368297 0.011229815441157956 0.10858689688097702 0.8800104517778614, 
10, 0011111100, 0011111100, 0.5875931730823091, 0.9788961428684563, 0.0 0.0 0.0007128917001816062 0.0011774102519328251 0.011923611142665852 0.09639212294740478 0.889793963957815, 
11, 0011111100, 0000111100, 0.5886908433452983, 0.9807294354978137, 0.0 0.0 0.0 0.0003600774081258546 0.008030985337501906 0.09848118411373671 0.8931277531406355, 
12, 0011111100, 0011111100, 0.5883769896023295, 0.9802146735775953, 0.0 0.0 0.0 0.0010229233473667112 0.007103462158489116 0.10143626417535065 0.8904373503187936, 
13, 0011111100, 0011111100, 0.5869357040688743, 0.9778084939364002, 0.0 0.0 0.0007055140638482002 0.0006411433695179365 0.009368506520011739 0.10966653697762865 0.8796182990689934, 
14, 0011111100, 0011111100, 0.5873568508597187, 0.9785040752577504, 0.0 0.0 0.0 0.0007259523560259455 0.012905753492766915 0.10098618439988619 0.8853821097513209, 
15, 0011111100, 0011111100, 0.5888002621678952, 0.9808939623144467, 0.0 0.0 0.0 0.0002617367650954354 0.00834586890497347 0.09715927800808698 0.8942331163218442, 
16, 0011111100, 0011111100, 0.5876257591337474, 0.9789492924630474, 0.0 0.0 0.0 0.0004421069528187172 0.008727700151817147 0.10752252405962542 0.8833076688357387, 
17, 0011111100, 0011111100, 0.5896777375702786, 0.9823697221053254, 0.0 0.0 0.0 0.0002443830532423371 0.005176731881703833 0.09469505444491252 0.8998838306201413, 
18, 0011111100, 0000111000, 0.5879328561110603, 0.97946274892918, 0.0 0.0 0.0 0.0004931085881988774 0.007734259343121061 0.10627566197408148 0.8854969700945986, 
19, 0011111100, 0001111100, 0.5871115843666144, 0.9781053810576034, 0.0 0.0 0.0 0.0014940989836973802 0.010897612330025647 0.10509019204323608 0.8825180966430409, 
20, 0011111100, 0011111100, 0.5893873417672333, 0.9818772263605087, 0.0 0.0 0.0 0.00047108542882686567 0.0054770238571474955 0.09636933783617212 0.8976825528778535, 
21, 0011111000, 0011111100, 0.5885340911740957, 0.9804507934076031, 0.0 0.0 0.0 0.0005757429342963865 0.00982565691582024 0.09591669691985194 0.8936819032300315, 
22, 0011111100, 0011111100, 0.5892931650714647, 0.9817343880904186, 0.0 0.0 0.0 0.0 0.005908812495762365 0.09777604646596413 0.8963151410382734, 
23, 0011111100, 0011111100, 0.5882265757389277, 0.9799581664065147, 0.0 0.0 0.0 0.0003068322107193725 0.009636814871961573 0.10005687518483117 0.8899994777324879, 
24, 0011111100, 0011111100, 0.5894855362318151, 0.9820463068051218, 0.0 0.0 0.0 0.0003682954470848966 0.005817273482892839 0.09498272586222972 0.8988317052077924, 
25, 0011111100, 0011111100, 0.5892794872457491, 0.9817109674294079, 0.0 0.0 0.0 0.00024129088016930077 0.008712053366947971 0.09158621604914857 0.8994604397037341, 
26, 0011111100, 0011111100, 0.5874976705454313, 0.9787370837834901, 0.0 0.0 0.0 0.0002750072569353754 0.010628081303728651 0.10549631292079506 0.883600598518541, 
27, 0011111100, 0011111100, 0.5892537289490928, 0.9816499282841906, 0.0 0.0 0.0 0.0003629873751870507 0.006227852293126201 0.09655576358304287 0.896853396748644, 
28, 0011111000, 0011111100, 0.5878008327741283, 0.9792508352478397, 0.0 0.0 0.0 0.0011640703270445125 0.00925589571537249 0.10249098610108352 0.8870890478564994, 
29, 0011111100, 0001111100, 0.5884894325660378, 0.9803920045161162, 0.0 0.0 7.029049050183523e-05 0.002940399702989597 0.011064449651109337 0.08641671253010888 0.8995081476252903, 
30, 0011111100, 0011111100, 0.5862960247333794, 0.9767326942528712, 0.0 0.0 0.00021829466244609582 0.0010063405286669163 0.013698468111822914 0.10831469802334155 0.8767621986737225, 
31, 0011111100, 0011111100, 0.5881107206750209, 0.9797695002314905, 0.0 0.0 0.0 0.0005457681974542282 0.008975443805018038 0.10179480640865839 0.8886839815888693, 
32, 0011111100, 0011111100, 0.5873030583415352, 0.9784132983398336, 0.0 0.0 0.0 0.00011486839575165792 0.010648977753768168 0.1078776492662067 0.8813585045842734, 
33, 0011111100, 0011111100, 0.5878135848894114, 0.9792697965977573, 0.0 0.0 0.0 0.00014590350111200694 0.00926079249466903 0.10542192492078219 0.8851713790834368, 
34, 0011111100, 0011111100, 0.5859513441874451, 0.9761605661238637, 0.0 0.0 0.0 0.001053237928675413 0.011050288511350247 0.1177763124480916 0.8701201611118827, 
35, 0011111100, 0011111100, 0.5868028482090583, 0.9775800823399858, 0.0 0.0 0.00014857151366778781 0.0011528095225814409 0.010218261463385659 0.11003026841089829 0.8784500890894669, 
36, 0011111100, 0011111100, 0.5886635804453146, 0.9806805968874419, 0.0 0.0 0.0 9.866639043616263e-05 0.010018272287458605 0.09558387492912138 0.8942991863929838, 
37, 0011111100, 0011111100, 0.5881859470279661, 0.9798760073819786, 0.0 0.0 0.0 9.131106947546913e-06 0.007159774337853716 0.10639701371157836 0.8864340808436203, 
38, 0011111100, 0011111100, 0.5899575070769013, 0.982837912254911, 0.0 0.0 7.51537445729687e-05 2.9431325887838996e-05 0.004601726594256375 0.09338016432606674 0.9019135240092161, 
39, 0011111000, 0011111100, 0.5879820000629865, 0.9795564937785364, 0.0 0.0 0.0 0.0013014979325355978 0.010256690680352553 0.0982431621704698 0.890198649216642, 
40, 0011111100, 0011111100, 0.5864782368348028, 0.9770507129886767, 0.0 0.0 0.0 0.0010789605980322473 0.010018730886335142 0.11442137850117327 0.8744809300144593, 
41, 0011111100, 0011111000, 0.5875119629701203, 0.9787725775897026, 0.0 0.0 0.00021802925672420432 0.0007367097839008839 0.012059380039057918 0.10016352800506896 0.886822352915248, 
42, 0011111100, 0011111100, 0.5882070950830831, 0.9799158290386322, 0.0 0.0 0.0 4.613135400868597e-05 0.011583950050699624 0.09719873160478237 0.8911711869905092, 
43, 0011111100, 0011111100, 0.5881663077284125, 0.9798655383469949, 0.0 0.0 0.0 0.0003752382851816926 0.008905906280260426 0.10186924250196527 0.8888496129325926, 
44, 0011111110, 0011111100, 0.5875971842847276, 0.9789151898718845, 0.0 0.0 0.00015176205952860058 0.001312728547880394 0.009615745248116711 0.10273213639070417 0.8861876277537701, 
45, 0011111100, 0011111100, 0.5888155798274407, 0.9809308795166501, 0.0 0.0 0.00018700266704230079 0.0022810725444325376 0.008446315755969566 0.08993086308669329 0.8991547459458623, 
46, 0011111100, 0011111100, 0.5883626944387985, 0.9801726284615002, 0.0 0.0 0.0 0.0007123156733058605 0.008443020375829204 0.09994124145942253 0.8909034224914424, 
47, 0011111100, 0011111100, 0.5879937820735256, 0.9795538532201747, 0.0 0.0 4.2371989760171796e-05 0.0007443852347540287 0.01203926984189413 0.09619569733186081 0.8909782756017308, 
48, 0011111100, 0011111100, 0.5879780797715398, 0.9795202032783655, 0.0 0.0 0.0 0.00020700854779799778 0.009314958682887859 0.10362783732063735 0.8868501954486767, 
49, 0011111100, 0011111100, 0.5887078362981772, 0.9807497624460548, 0.0 0.0 5.7997731032144447e-05 0.00011975468098345256 0.009665424642543295 0.09557932107150548 0.8945775018739357, 
50, 0011111100, 0011111100, 0.5884246732066911, 0.9802806719725248, 0.0 0.0 4.482957909742991e-05 0.0009040422768033685 0.010805131757287905 0.09381425950347595 0.8944317368833353, 
51, 0011111100, 0011111100, 0.5873109578937448, 0.9784275664669646, 5.042665017230169e-05 6.69693718047369e-05 0.0004331298363464219 0.0007018634101973828 0.011656717035957066 0.10164565079026287 0.8854452429052592, 
52, 0011111100, 0011111100, 0.5890797922988601, 0.9813694576811096, 0.0 0.0 0.0 0.0 0.006312271090886762 0.09915871173156952 0.8945290171775436, 
53, 0011111100, 0001111100, 0.5871323072757928, 0.978117790372432, 0.0 0.0 0.0 0.0009990076403350488 0.009080028469223095 0.11013617790595681 0.8797847859844851, 
54, 0011111100, 0001111100, 0.5881396814875821, 0.9798034315926221, 0.0 0.0 3.816222296209562e-05 0.00012544623136196816 0.010270594794186032 0.10010923326996132 0.8894565634815286, 
55, 0011111100, 0011111100, 0.5896957830229062, 0.9823978076331306, 0.0 0.0 0.0 0.0005295627686890533 0.007069572185778461 0.08988532152359273 0.9025155435219399, 
56, 0011111100, 0011111100, 0.5875570290606706, 0.9788223158785596, 0.0 0.0 0.0 0.001458826580692132 0.010465616367722131 0.10175839225112183 0.8863171648004639, 
57, 0011111100, 0011111100, 0.5883145738442993, 0.9801061537729552, 0.0 0.0 0.0 0.00027127008560908514 0.009927008394948846 0.09869525031554426 0.8911064712038979, 
58, 0011111100, 0011111100, 0.588495728669129, 0.9804122834508215, 0.0 0.0 0.0 0.0006121299818253517 0.006056765502375894 0.10357637834484298 0.8897547261709557, 
59, 0011111100, 0011111100, 0.5905458651891529, 0.9838106164470776, 0.0 0.0 0.0 9.187728935877481e-06 0.005852995232518662 0.08540274766568952 0.908735069372856, 
60, 0011111100, 0011111100, 0.5894891938869775, 0.9820578958995424, 0.0 0.0 0.0 0.00021513084706999003 0.006314185804379056 0.0943788604527777 0.8990918228957733, 
61, 0011111100, 0011111100, 0.5878165533815842, 0.9792651629467368, 0.0 0.0 0.0 0.0015039546398773645 0.01055952379745126 0.0987781108050453 0.8891584107576261, 
62, 0011111100, 0011111100, 0.5895232371876398, 0.982103069294499, 0.0 0.0 0.0 0.00039577916625125063 0.008015093445740735 0.09016405984277073 0.9014250675452372, 
63, 0011111100, 0011111000, 0.587257772331612, 0.9783523363474818, 0.0 0.0 0.0 0.0002880083869641664 0.010042669287372574 0.1089366181794725 0.8807327041461908, 
64, 0011111000, 0011111100, 0.5877744474474843, 0.9791956528781619, 0.0 0.0 0.0 0.00046055085788721125 0.009930856642438772 0.10358271687248917 0.8860258756271848, 
65, 0011111100, 0011111100, 0.5872653961988604, 0.9783451432092125, 0.0 0.0 0.00011350424180314653 0.0005281000989298025 0.011044889802295173 0.10580104387613251 0.8825124619808393, 
66, 0011111100, 0011111100, 0.5867933397756037, 0.9775530460710701, 0.0 0.0 0.0 0.0004337114105936813 0.010633653241268332 0.11211328285926203 0.876819352488876, 
67, 0011111100, 0011111100, 0.5855001576035579, 0.9754164988685786, 0.0 0.0 0.00020926555891774947 0.001700435216712327 0.010875771677140355 0.1198110955484404 0.8674034319987892, 
68, 0001111100, 0001111100, 0.5880955161138911, 0.9797290090894354, 0.0 0.0 0.0 0.0005797219557617959 0.010384300557599709 0.09911817848090258 0.889917799005736, 
69, 0011111100, 0011111100, 0.5872999323489473, 0.9784021522414794, 0.0 0.0 0.0 0.000954746694243238 0.014230195767280403 0.09826245493383279 0.8865526026046435, 
70, 0011111100, 0011111100, 0.5878241336402996, 0.9793015137416242, 0.0 0.0 0.0 0.00018659387048255828 0.008420407415642046 0.10679032110752294 0.8846026776063524, 
71, 0011111000, 0011111100, 0.5876010560180017, 0.9789053435201619, 0.0 0.0 3.1554698212203525e-05 0.00046344413193169086 0.010736417124151586 0.10357855344208095 0.8851900306036237, 
72, 0001111100, 0011111100, 0.5891697695011567, 0.9815253457788741, 0.0 0.0 0.0 0.00012890826691113057 0.008687956919181705 0.09308528668765778 0.8980978481262495, 
73, 0011111100, 0011111100, 0.5877917535189969, 0.979220837007868, 0.0 0.0 0.0 0.0013664589404148145 0.007458243759789175 0.10565911361197014 0.8855161836878259, 
74, 0011111000, 0011111000, 0.5892330359830661, 0.9816378701567869, 0.0 0.0 0.0 0.00012138436603069303 0.003607859524327949 0.10259290691253045 0.8936778491971109, 
75, 0011111100, 0011111100, 0.5889840668974959, 0.9812047546187493, 0.0 0.0 0.0 0.0009489557995877662 0.0071339323595723285 0.09565674016959572 0.8962603716712442, 
76, 0011111100, 0011111100, 0.5887128676447562, 0.9807636535446624, 0.0 0.0 0.0 0.0008062503109327667 0.00700285822929215 0.09899361134064201 0.893197280119133, 
77, 0011111100, 0011111100, 0.5876118785273617, 0.9789358152406843, 0.0 0.0 0.0 5.530029842503013e-05 0.009005666154892844 0.10820787535083345 0.8827311581958487, 
78, 0011111000, 0011111100, 0.5890121296844452, 0.9812566325144999, 0.0 0.0 0.0 0.0005276864455840416 0.00732555601764592 0.09622603354095605 0.895920723995814, 
79, 0011111100, 0011111100, 0.589123945819235, 0.9814593354046269, 0.0 0.0 3.2438159760605715e-05 0.0008724261164448799 0.010117733292927046 0.08826148999800723 0.9007159124328602, 
80, 0011111100, 0011111100, 0.588639761764347, 0.9806277544507357, 0.0 0.0 0.0 0.0005114502313681443 0.005550999938296488 0.10359712272488875 0.8903404271054466, 
81, 0011111100, 0011111100, 0.5879087661904355, 0.9794243798114811, 0.0 0.0 0.0004282669175137792 0.0008970277637416407 0.01077471136648173 0.09750014743686998 0.890399846515393, 
82, 0011111100, 0011111100, 0.5864133333027309, 0.9769364532580023, 0.0 0.0 0.0 0.00028406497377060706 0.010231796586762704 0.11706549235714918 0.8724186460823175, 
83, 0011111100, 0011111100, 0.5885706541019929, 0.9805161782123459, 0.0 0.0 0.0 0.0013719324903061728 0.007253709928242204 0.09827971339852101 0.8930946441829307, 
84, 0011111100, 0011111100, 0.5880454141365351, 0.9796466162975216, 0.0 0.0 0.0 0.00011795332645325432 0.009747385725227093 0.10227167078505665 0.8878629901632631, 
85, 0011111000, 0011111100, 0.5882969523932268, 0.9800679872187734, 0.0 0.0 0.00045298402891238526 0.0011143262364732933 0.008104914442248777 0.09822733297779279 0.8921004423145728, 
86, 0011111100, 0011111100, 0.5881905206736597, 0.9798984725984424, 0.0 0.0 0.0 0.0009266258533954336 0.007739129036414566 0.10235102877633043 0.8889832163338596, 
87, 0011111100, 0011111100, 0.5870684577518812, 0.9780139290831295, 0.0 0.0 0.0 0.0006658069735933484 0.009753973355851073 0.11041105786874099 0.8791691618018146, 
88, 0011111000, 0011111100, 0.5881691704359231, 0.979864152251838, 0.0 0.0 0.0 0.0005514397931799434 0.0074004365706721795 0.10435989396808716 0.8876882296680607, 
89, 0011111100, 0011111100, 0.586255921296848, 0.9766621518838655, 0.00020947087035213196 6.442236382302783e-05 0.0015201998225704827 0.0020000704356594027 0.008640632373962277 0.10908587631039383 0.8784793278232388, 
90, 0011111100, 0011111100, 0.5888236446879752, 0.9809543137310717, 0.0 0.0 0.00017917149279844191 0.00048548072284604815 0.007308386573066118 0.09748421632770517 0.8945427448835842, 
91, 0011111100, 0011111100, 0.5891007682012526, 0.9814194643338482, 0.0 0.0 0.0 0.0 0.005286207534275281 0.10091079892835997 0.8938029935373647, 
92, 0011111100, 0001111100, 0.5881156690791169, 0.9797677927577607, 0.0 0.0 0.0 0.000542363581831001 0.010190992299417072 0.09938416810910897 0.889882476009643, 
93, 0001111100, 0011111100, 0.588091557081846, 0.9797302398098002, 0.0 0.0 0.0 0.000625474136800993 0.007813331127425816 0.10411547647594464 0.8874457182598285, 
94, 0011111100, 0011111100, 0.5885080173635443, 0.980426425713484, 0.0 0.0 0.0 0.00023575292899370191 0.009475001663657355 0.09778418360480026 0.8925050618025487, 
95, 0011111100, 0011111100, 0.5872431896718778, 0.9783030015617128, 0.0 0.0 0.0 0.0016790731203188212 0.012157706737019021 0.10082935779472864 0.8853338623479335, 
96, 0011111100, 0011111100, 0.5879622047891775, 0.9795037021785842, 0.0 0.0 0.0 0.00040510860543398625 0.01218345607369672 0.09739554896479918 0.8900158863560701, 
97, 0011111100, 0011110000, 0.5884289009220681, 0.9802937663893034, 0.0 0.0 0.0 0.000264883114374876 0.00883547103715302 0.09977181024674893 0.8911278356017233, 
98, 0011111100, 0011111100, 0.5863590024089327, 0.9768361801677162, 0.0 0.0 0.0 0.0025208585532227722 0.01460552101806427 0.10220930129790552 0.8806643191308073, 
99, 0011111100, 0011111100, 0.5879192025106845, 0.9794392871874461, 0.0 0.0 0.0 0.0001373213590020225 0.008260041949093671 0.10643222890012992 0.8851704077917744, 
100, 0011111100, 0011111100, 0.5889530686258544, 0.981159322798643, 0.0 0.0 0.0 0.002563016411115449 0.006132171502390138 0.09309067097001518 0.8982141411164792, 
run, initial grid state, final grid state, mean grid cell occupancy, mean binding site occupancy, fraction of time with N TFs bound, warning
1, 0011111100, 0011111100, 0.5881617556852728, 0.9798557307103359, 0.0 0.0 0.0 0.0003034607233121317 0.0114212628490692 0.09711270786990935 0.8911625685577093, 
2, 0011111000, 0011111100, 0.5888943770839408, 0.9810571069800991, 0.0 0.0 0.0 0.0003221243932352747 0.005965515402971262 0.10075995413375759 0.8929524060700359, 
3, 0011111100, 0011111100, 0.5871617601694379, 0.9781886921804854, 0.0 0.0 0.0 0.0006607650508616934 0.010227056485352576 0.10843143879379691 0.8806807396699888, 
4, 0011111100, 0011111100, 0.5884721384228874, 0.9803522070973002, 0.0 0.0 5.75929888458479e-05 0.00030601520001945036 0.009737121805349545 0.09726409625005841 0.8926351737557268, 
5, 0011111100, 0011111100, 0.5882426108089769, 0.9799779354802222, 0.0 0.0 0.0 0.0 0.007063342388691756 0.10600570234128333 0.8869309552700249, 
6, 0011111100, 0011111100, 0.5881753987905706, 0.9798556126289955, 0.0 0.0 0.0 0.00039017256521874945 0.010493672640420029 0.09870846124953121 0.8904076935448301, 
7, 0011111100, 0011111100, 0.587671137725571, 0.9790366573689828, 0.0 0.0 0.0 0.0004159051882332705 0.009126444195431427 0.10627945183054037 0.884178198785795, 
8, 0001111100, 0011111100, 0.5882812643236769, 0.9800212326418865, 0.0 0.0 0.0 4.825292676426115e-05 0.00726446757158257 0.10519891022522372 0.8874883692764295, 
9, 0011111100, 0011111100, 0.5878656729015704, 0.9793515285905959, 0.0 0.0 0.00016791583188465663 0.0007231756122733936 0.01132560653408524 0.0983984252238946 0.8893848767978622, 
10, 0001111100, 0011111100, 0.5881901020718509, 0.9798945250929006, 0.0 0.0 5.188700819427058e-05 0.0013466064646939435 0.007870453237609185 0.10064457554051895 0.8900864777489838, 
11, 0011111100, 0011111100, 0.5883429920813469, 0.9801561057912683, 0.0 0.0 0.0 0.00023882766854785734 0.007981776420419582 0.10238332940590739 0.8893960665051251, 
12, 0011111100, 0001111100, 0.5872085380751352, 0.9782508098690819, 0.0 0.0 2.353425284028053e-06 0.0008915169797838868 0.010813889886826042 0.10618339637136887 0.8821088433367371, 
13, 0011111100, 0011111100, 0.5878581217320265, 0.9793325775434806, 0.0 0.0 5.726843276829946e-05 0.0008730573343491553 0.009845096634002484 0.1014660957369906 0.8877584818618894, 
14, 0011111100, 0011111100, 0.5880514618656081, 0.9796628126152769, 0.0 0.0 0.00013440217567500614 0.0013005798202937648 0.009025163888103153 0.09953344836855149 0.8900064057473767, 
15, 0011111100, 0011111100, 0.5865510767136101, 0.9771672540096348, 0.0 0.0 0.0 3.757422397148041e-05 0.009163930442118735 0.11855589238603957 0.8722426029478703, 
16, 0011111100, 0011111100, 0.5877839922939575, 0.979230593575023, 0.0 0.0 0.0 0.00044525199890874676 0.01003567257896292 0.10320933739520999 0.8863097380269184, 
17, 0011111100, 0011111100, 0.5869875597156792, 0.9778700955299595, 0.0 0.0 0.0 0.0005357773564461299 0.009804052646717507 0.11156398945746934 0.878096180539367, 
18, 0011111100, 0011111100, 0.5881257688722071, 0.9797886846806781, 0.0 0.0 0.0 0.0003043455813673564 0.010754527656849519 0.09884579985813019 0.8900953269036529, 
19, 0011111100, 0011111100, 0.588242249999637, 0.9799680675887978, 0.0 0.0 0.0 0.0009562446041970592 0.009367201173299904 0.09858845830802158 0.8910880959144815, 
20, 0011111100, 0011111100, 0.5882947677416095, 0.9800726232433788, 0.0 0.0 0.0 0.000710914740814311 0.006511044363172281 0.10440942759094078 0.8883686133050726, 
21, 0011111100, 0011111100, 0.5878166666180327, 0.9792763668812359, 0.0 0.0 0.0006187784893396212 0.0011656897060096476 0.00689613567348224 0.10457734429023254 0.8867420518409359, 
22, 0001111100, 0011111100, 0.587725549913362, 0.9791244859962678, 0.0 0.0 0.0 0.00018151067783991494 0.010458092051806079 0.10379236788526129 0.8855680293850927, 
23, 0011111100, 0011111100, 0.5879234515457068, 0.9794499422229094, 0.0008237430241046065 0.00019575336115916568 0.00033078654974415185 0.0008884794437615643 0.0063579730768200254 0.10067459102821913 0.8907286735161913, 
24, 0011111100, 0011111100, 0.5891902025911713, 0.9815538866962, 0.0 0.0 0.0 0.0002529196765014671 0.007858949056739752 0.09420002267981538 0.8976881085869434, 
25, 0011111100, 0011111100, 0.588324420407937, 0.9801118120320728, 0.0 0.0 0.0 0.00016094610696769894 0.007494748982932623 0.10385679152079533 0.8884875133893044, 
26, 0011111100, 0011111100, 0.5884049187044982, 0.9802416471995491, 0.0 0.0 0.0 9.949192348270188e-05 0.005954472818897055 0.10634269539446307 0.8876033398631572, 
27, 0011111100, 0011111100, 0.5869545785800594, 0.9778299769357998, 0.0 0.0 0.0 0.0005307692926775202 0.011969612242423449 0.10748860602232166 0.8800110124425774, 
28, 0011111100, 0011111100, 0.5887858961145758, 0.9808634945066556, 0.0 0.0 0.0 0.00013287510220987453 0.008673062972452756 0.09707428170853132 0.894119780216806, 
29, 0011111100, 0011111000, 0.5887407808778236, 0.9808065584568008, 0.0 0.0 0.0 0.0004228116879212643 0.008795550785363336 0.09630111262470469 0.8944805249020108, 
30, 0011111100, 0011111100, 0.5878759244379056, 0.9793760439324911, 0.0 0.0 0.0 0.0008952336348534765 0.009737907246581749 0.10158222100732964 0.8877846381112352, 
31, 0011111100, 0011111100, 0.5881842700207449, 0.9798804908086785, 0.0 0.0 0.0 0.0015757997643797276 0.012355343712825652 0.0912789684291396 0.894789888093655, 
32, 0011111100, 0011111100, 0.5866385619226792, 0.9773073863415386, 0.0 0.0 0.0 0.000714243829802672 0.010372600727646158 0.11326774900606805 0.875645406436483, 
33, 0011111100, 0011111100, 0.5881967028174134, 0.9799007189509759, 0.0 0.0 0.0 0.000393993490195622 0.008709347045679773 0.10199501173219883 0.8889016477319258, 
34, 0011111100, 0011111100, 0.5871281799964052, 0.978116822448949, 0.0 0.0 0.000217082770431212 0.0003457483825213284 0.010582217689861438 0.10822905369729405 0.880625897459892, 
35, 0011111100, 0011111100, 0.5875431252650439, 0.9788205595866227, 0.0 0.0 1.838376154543388e-05 0.0013083944744888118 0.010051549379437218 0.10297482525174141 0.8856468471327872, 
36, 0011111100, 0001111100, 0.5886220218185371, 0.9806127449982969, 0.0 0.0 0.0 0.0020141254476819257 0.006698805341458487 0.09688354298425589 0.8944035262266037, 
37, 0011111100, 0011111100, 0.5876964159740671, 0.9790707604900264, 0.0 0.0 0.0 0.0010942532335772258 0.013081403849584849 0.09612986965994019 0.8896944732568978, 
38, 0011111100, 0011111100, 0.5863590894588969, 0.9768463649205217, 0.0 0.0 0.0 0.0006651841795082354 0.011698362439291113 0.11352953305976395 0.8741069203214368, 
39, 0011111100, 0011111100, 0.5863331583865602, 0.9768049845849295, 0.0 0.0 0.0 0.0008436065352046488 0.010734234310447502 0.11517080426391423 0.8732513548904336, 
40, 0001111100, 0011111100, 0.5871547455259493, 0.9781723464605468, 0.0 0.0 0.0001949059011072204 0.0012189751585767949 0.010169047774942942 0.10619127660667324 0.8822257945586999, 
41, 0001111100, 0011111100, 0.5861436855048003, 0.9764868455878912, 0.0 0.0 0.0004020461938504945 0.0013191232526414875 0.010019117857972425 0.11547513622338129 0.8727845764721542, 
42, 0011111100, 0011111100, 0.5867792399652573, 0.9775485998875334, 0.0 0.0 0.0007971226000702948 0.0006339024763450168 0.008936586171796119 0.11174503050189132 0.8778873582498972, 
43, 0011111100, 0011111100, 0.589303208071711, 0.981741622460481, 0.0 0.0 0.0 0.00028312804482196055 0.007708916745887623 0.09328304761087276 0.8987249075984176, 
44, 0011111100, 0011111100, 0.5898538134806531, 0.9826514812718324, 0.0 0.0 0.0 0.0002860453269984608 0.008330563104396217 0.08657185017921745 0.9048115413893878, 
45, 0011111100, 0011111100, 0.5877789965278111, 0.9792079872478525, 0.0 0.0 0.00021771716081732794 0.0006819879258370683 0.008134686300348217 0.10556587149140766 0.8853997371215898, 
46, 0011111100, 0011111100, 0.588296576323077, 0.9800617125398376, 0.0 0.0 0.0 0.0003814484797680945 0.009629197990394914 0.09922698334088016 0.8907623701889569, 
47, 0011111100, 0011111100, 0.5869902975728317, 0.9778926027962107, 0.0 0.0 0.0 2.1793889136882054e-05 0.00841157325836361 0.11575585503859902 0.8758107778139006, 
48, 0011111100, 0011111100, 0.5884999227901381, 0.9803987616878692, 0.0 0.0 0.0 0.0005296485141548656 0.008702254605728366 0.0986139751188633 0.8921541217612534, 
49, 0011111100, 0011111100, 0.5871598212161778, 0.9781722887614933, 0.0 0.0 0.00014459738150766915 0.0006001299919626968 0.00936534305117715 0.10985680182676641 0.8800331277485861, 
50, 0011111100, 0011111100, 0.5873461129304762, 0.9784834596895322, 0.0 0.0 0.0 0.0006140530667748478 0.011750113451691154 0.10375685575910028 0.8838789777224336, 
51, 0011111100, 0011111100, 0.5884171336923134, 0.9802576779891352, 0.0 0.0 0.0 0.00010296998296397071 0.008185249097936107 0.10177452392042528 0.8899372569986747, 
52, 0011111000, 0011111100, 0.5887887128678985, 0.9808842613868975, 0.0 0.0 0.0 0.00041101147719922515 0.007335170226216908 0.0987910567945834 0.8934627615020005, 
53, 0011111100, 0011111100, 0.5871893723480108, 0.9782301582031111, 0.0 0.0 0.0 0.0011207840364463272 0.00954546704796204 0.10816576457607013 0.8811679843395215, 
54, 0011111100, 0011111100, 0.5885683008314712, 0.9805223837666718, 0.0 0.0 6.932266429818811e-05 0.0030782045010259744 0.008451680410953986 0.09045043241778986 0.897950360005932, 
55, 0011111100, 0011111100, 0.5889507437285886, 0.9811577199788016, 0.0 0.0 0.0 0.00028390586421583376 0.00797819209128254 0.09624557835197728 0.8954923236925243, 
56, 0011111100, 0011111100, 0.5877463431022026, 0.9791629981128586, 0.0 0.0 0.0 0.00026762886693323647 0.006441541192952933 0.11133604233614337 0.8819547876039705, 
57, 0011111100, 0011111100, 0.587706810176356, 0.9790721592093353, 0.0 0.0 0.0 0.00114223583086712 0.00777020660595223 0.10659992403948243 0.8844876335236982, 
58, 0011111100, 0011111100, 0.5864917697431545, 0.9770840939977722, 0.0006585964037093945 0.00010075877852649914 0.00024261084888395806 0.0024001967275809814 0.009872200096117051 0.10512462992796588 0.8816010072172161, 
59, 0011111100, 0011111100, 0.5884747461130421, 0.9803551418241019, 0.0 0.0 0.0 0.0002100670083558843 0.012041074022755434 0.093156799984811 0.8945920589840777, 
60, 0011111000, 0011111100, 0.5881945686181164, 0.9798888390505076, 0.0 0.0 0.0 0.001384960036203038 0.009964056643068686 0.09658397230220764 0.8920670110185207, 
61, 0011111100, 0011111100, 0.5874920062557754, 0.9787305569475381, 0.0 0.0 0.0004921649484799022 0.0018251808803993745 0.008211821638740959 0.10374881260217253 0.8857220199302072, 
62, 0011111100, 0011111100, 0.5869772175748137, 0.9778587340106373, 0.0 0.0 9.919153032331238e-05 0.0010263041658272346 0.009845388577984256 0.10968114016143313 0.879347975564432, 
63, 0011111100, 0011111100, 0.5892216720491726, 0.98160556445657, 0.0 0.0 0.0 0.0005276710121774105 0.009084982448408042 0.09061363532723077 0.8997737112121837, 
64, 0011111100, 0011111100, 0.5878106075250739, 0.9792523328208856, 0.0 0.0 0.0 0.00025704270654307944 0.005828686543794118 0.11205750186746868 0.8818567688821941, 
65, 0011111100, 0011111100, 0.5875615047126123, 0.9788381020335998, 0.0 0.0 0.0 0.0005253799757189764 0.010593882639666688 0.10420748259191089 0.8846732547927034, 
66, 0011111100, 0011111100, 0.5879309440851547, 0.979450032642774, 0.0 0.0 0.0 0.0006279792247707573 0.010033272777172461 0.10134932091469862 0.8879894270833582, 
67, 0011111100, 0011111100, 0.5880061581693514, 0.9795896321957596, 0.0 0.0 0.00016536058498774255 0.0005564610992901665 0.007689233890601211 0.10475291340641897 0.886836031018702, 
68, 0011111100, 0011111100, 0.5887671540362674, 0.9808671826194211, 0.0 0.0 0.0 0.0008305206287591655 0.008283509536998229 0.09573832332320037 0.8951476465110423, 
69, 0011111100, 0011111000, 0.5911861964335399, 0.9848876658880468, 0.0 0.0 0.0 0.00019028138530634696 0.004156026436031679 0.0817911076437371 0.9138625845349249, 
70, 0011111100, 0001111100, 0.5857209836504348, 0.9757814712548338, 0.0016240780751832892 0.00031590639495951786 0.00010792721071090016 0.000801983736612002 0.009926210151490514 0.11129709168943878 0.875926802741605, 
71, 0011111000, 0011111100, 0.5882188165593176, 0.9799296754887603, 0.0 0.0 0.0 0.0006068087303519248 0.009330590058333388 0.09994034075971497 0.8901222604515997, 
72, 0011111000, 0011111100, 0.5886225768033214, 0.9806035156327524, 0.0 0.0 0.0002827972970184116 0.0002886407295234572 0.006971784001290811 0.10043822682426003 0.8920185511479073, 
73, 0011111100, 0011111100, 0.5863736903715354, 0.9768636275629201, 0.0 0.0 0.0 0.0012967840135719236 0.012181481587899978 0.11056491940596347 0.8759568149925646, 
74, 0011111100, 0011111000, 0.5898153079131353, 0.982591519360683, 0.0 0.0 0.0 0.00047197837323380363 0.005889783047596863 0.09125538262100709 0.9023828559581623, 
75, 0011111100, 0011111110, 0.5863467276134511, 0.9768225972607667, 0.0 0.0 0.00012207201898677006 0.0018480041934731174 0.009217497286921618 0.1145971212051896 0.8742153052954289, 
76, 0011111100, 0011111100, 0.5870869442879453, 0.9780450642193076, 0.0 0.0 0.0 0.0 0.009341655768233583 0.11304630314768858 0.8776120410840779, 
77, 0011111100, 0011111100, 0.5889882720739263, 0.9812123854106034, 0.0 0.0 0.0 0.0005690287665463061 0.006269947340505349 0.09847870655572961 0.8946823173372187, 
78, 0011111100, 0001111100, 0.588435133379294, 0.9803059122672245, 0.0 0.0 0.0 0.00029186890851724714 0.010512453675834617 0.09626401231943141 0.8929316650962167, 
79, 0011111100, 0011111100, 0.5887549005633519, 0.98083472131938, 0.0 0.0 0.0 0.0 0.004855474960757004 0.10528072216220553 0.8898638028770374, 
80, 0011111100, 0011111100, 0.5884205240535041, 0.9802713627004981, 0.0 0.0 0.0 0.0004570169584781215 0.009245945272882514 0.09850888237581237 0.891788155392827, 
81, 0011111100, 0011111100, 0.587963483887201, 0.9795234445472545, 0.0 0.0 0.0 0.000688337580204088 0.007703995437542254 0.10538632910077586 0.8862213378814778, 
82, 0011111100, 0011111100, 0.5879812864987303, 0.9795448198496913, 0.0 0.0 0.0 0.0003751101282083748 0.008704640576763838 0.10419646936370022 0.8867237799313277, 
83, 0011111100, 0011111100, 0.5893302190687965, 0.9817951230603065, 0.0 0.0 3.3931961207730425e-05 0.00048480063730449896 0.006514613965048349 0.09460990395132024 0.8983567494851192, 
84, 0001111100, 0011111100, 0.587956902040379, 0.9795172578405954, 0.0 0.0 0.0 0.0007256819680401256 0.010480626211111843 0.09975815463008338 0.8890355371907647, 
85, 0011111100, 0011111100, 0.5868515766528299, 0.9776691837986017, 0.0 0.0 8.496516952350026e-05 0.001650926223158609 0.011618004163528801 0.10545624953376223 0.8811898549100269, 
86, 0011111100, 0011111100, 0.5884586818780807, 0.9803476249185007, 0.0 0.0 2.717656480562119e-05 0.0007696584915579216 0.009488491960693646 0.09651958483371188 0.893195088149231, 
87, 0011111100, 0011111100, 0.5875119699821821, 0.9787604900368551, 0.0 0.0 0.0 0.0007578736505212386 0.009511629055502534 0.10614018071630012 0.8835903165776762, 
88, 0011111100, 0011111100, 0.5861343156010366, 0.9764730166423151, 0.0 0.0 0.0 0.000848445954446679 0.01240184491427016 0.11381287245422782 0.8729368366770554, 
89, 0011111100, 0011111100, 0.587143870580901, 0.9781608417998113, 0.0 0.0 0.0 0.00046610622573206107 0.008340958791422496 0.11295471294109118 0.8782382220417543, 
90, 0011111100, 0011111100, 0.5900792102446842, 0.9830496737885908, 0.0 0.0 0.0 0.0005591698963014285 0.003695123059146631 0.09263420146125863 0.9031115055832932, 
91, 0011111100, 0011111100, 0.5889746968136247, 0.9811966861343381, 0.0 0.0 0.0 0.00047456518814665926 0.009206760921506837 0.09298266578651844 0.897336008103828, 
92, 0011111100, 0011111100, 0.588866058732598, 0.9810381832931864, 0.0 0.0 0.0 2.6395160028820945e-05 0.007462012110860796 0.09876769053907403 0.8937439021900364, 
93, 0011111100, 0011111100, 0.5876977369109092, 0.9790782542222826, 0.0 0.0 0.00037803152149870276 0.0013282173617290313 0.009704507313873675 0.10062468186737543 0.8879645619355231, 
94, 0011111100, 0011111100, 0.5882056947435843, 0.9799194640578601, 0.0 0.0 0.0 0.000469697207604079 0.009213394543341157 0.10064733494334444 0.8896695733057104, 
95, 0011111100, 0011111100, 0.5888228559670077, 0.9809393648785645, 0.0 0.0 0.0 0.00043535103643227186 0.006117178224596019 0.10082340117012384 0.8926240695688479, 
96, 0011111100, 0011111100, 0.5880658863145827, 0.979692753782694, 0.0 0.0 5.276724499180203e-06 0.000975491408213831 0.009436515580956392 0.10002286501928494 0.8895598512670457, 
97, 0011111100, 0011111100, 0.5884125492181237, 0.980250864552823, 0.0 0.0 0.0 0.00040813683145406697 0.008312178244437408 0.10064604569982591 0.8906336392242827, 
98, 0011111100, 0011111100, 0.5885925676100666, 0.980560880956209, 0.0 0.0 0.00031433044814104124 0.000992537407231501 0.007530480591259587 0.09733881906596804 0.8938238324873998, 
99, 0011111000, 0011111100, 0.5888812246005702, 0.981050374273104, 0.0 0.0 0.0 0.0009270004903804119 0.007276389307011681 0.09636397427621134 0.8954326359263965, 
100, 0011111000, 0011111100, 0.5871154574566796, 0.9781047974913191, 0.0 0.0 0.0 0.001011635979001607 0.009414972610216838 0.10950636189464716 0.8800670295161344, 
run, initial grid state, final grid state, mean grid cell occupancy, mean binding site occupancy, fraction of time with N TFs bound, warning
1, 0011111100, 0011111100, 0.5876746754211281, 0.9790362392100721, 0.0 0.0 1.882294452871595e-06 0.0014995534729598248 0.009731896191008477 0.1018125827608587 0.8869540852807201, 
2, 0011111100, 0011111100, 0.5886392317419085, 0.9806348970733848, 0.0 0.0 0.0 0.0005807622552447091 0.008018933916909254 0.09841046296013857 0.8929898408677075, 
3, 0011111100, 0011111100, 0.5887743270355499, 0.9808638051242271, 0.0 0.0 0.0001701191154072398 0.000530483022235639 0.008247738275006427 0.09604976717628892 0.8950018924110619, 
4, 0011111100, 0011111100, 0.5881887003840891, 0.979890133663186, 0.0 0.0 0.0 0.00042958237633197076 0.010367839075745308 0.09863477274039731 0.8905678058075254, 
5, 0011111100, 0011111100, 0.5881438650434041, 0.9798143202900768, 0.0 0.0 0.0 0.0007123298487192037 0.009876751267078689 0.09922358617922468 0.8901873327049774, 
6, 0011111100, 0011111100, 0.588501554662428, 0.9804135830062717, 0.0 0.0 0.0 0.0003243052759403345 0.008387531877205626 0.09977052238013817 0.8915176404667159, 
7, 0011111100, 0011111100, 0.58882615246159, 0.980949428392779, 0.0 0.0 0.0 0.0010574881550985574 0.0064656800669026316 0.0981996050442244 0.8942772267337745, 
8, 0011111100, 0011111100, 0.5882214723987733, 0.9799544659142884, 0.0 0.0 0.0 0.00039401929617643354 0.006966247913792952 0.10515865079815517 0.8874810819918754, 
9, 0011111100, 0001111100, 0.5877470356623687, 0.9791482439957634, 0.0 0.0 0.0002842636431636129 0.0014811737326352935 0.008819560660836024 0.10189083893318734 0.8875241630301778, 
10, 0011111100, 0011111100, 0.588172806299634, 0.9798680329420449, 0.0 0.0 0.0 0.0011587519217701042 0.008540247976518959 0.10023505062938182 0.8900659494723291, 
11, 0011111100, 0011111100, 0.5880974754690791, 0.9797371201457998, 0.0 0.0 1.6161837865625107e-05 0.0003420268571461666 0.008154613858022946 0.10417732348625386 0.8873098739607114, 
12, 0011111100, 0011111000, 0.5885060186304376, 0.9804247637917026, 0.0 0.0 0.0 0.0004783003187812226 0.006867058353461718 0.10228239958651739 0.8903722417412396, 
13, 0011111100, 0011111100, 0.5877992179260233, 0.9792400948548641, 0.0 0.0 0.0 2.346400810457411e-05 0.00932685993869797 0.10583531896910629 0.8848143570840912, 
14, 0011111100, 0011111000, 0.5890924685829946, 0.981392630877952, 0.0 0.0 0.0005849732992907932 0.0005875544002015817 0.006384493181070494 0.09477267197237817 0.897670307147059, 
15, 0011111100, 0011111100, 0.5895969408985818, 0.9822210244016005, 0.0 0.0 0.0 6.314713638691674e-05 0.006465358149799001 0.0935536958816393 0.8999177988321748, 
16, 0011111100, 0011111100, 0.5889753919762853, 0.9811954800814288, 0.0 0.0 0.0 0.0011232683637583823 0.0052093692424592525 0.09903857593523324 0.8946287864585492, 
17, 0011111100, 0011111100, 0.5890298349958423, 0.9812894204733448, 0.0 0.0 0.0 0.0002071858258618627 0.007259421853621395 0.09712307597510295 0.8954103163454138, 
18, 0011111100, 0011111100, 0.5878806573612559, 0.9793749505239769, 0.0 0.0 0.0 0.0006340868921375345 0.009946878071345424 0.10195428003703479 0.8874647549994823, 
19, 0011111100, 0011111100, 0.5881448044418712, 0.9798154614000906, 0.0 0.0 0.00015103638277451197 0.001673475909194563 0.00778438991385132 0.0999138785130727 0.8904772192811069, 
20, 0011111100, 0001111100, 0.5883367295388419, 0.9801373396163667, 0.0 0.0 0.0 0.000360813225442909 0.008189981178415838 0.10171356026863951 0.8897356453275017, 
21, 0011111100, 0011111100, 0.5887650497952561, 0.9808388727363578, 0.0 0.0 0.0 0.0005850286328798798 0.00819371370464345 0.09682425027392627 0.8943970073885504, 
22, 0011111000, 0011111100, 0.5881538390837465, 0.9798399741166233, 0.0 0.0 0.0 7.549167686479432e-05 0.007879447163049159 0.10497478594356757 0.8870702752165185, 
23, 0011111100, 0011111100, 0.5883085154921456, 0.9800940980054408, 0.0 0.0 0.0 0.00012089199286946227 0.008229183732916659 0.10261436852291334 0.8890355557513006, 
24, 0011111100, 0011111000, 0.5884635196220792, 0.9803420315550881, 0.0 0.0 0.0 0.0009865725736482654 0.007898169208751965 0.0991917545310219 0.8919235036865778, 
25, 0011111100, 0011111100, 0.587049139461203, 0.9779767533846756, 0.0 0.0 0.000495564865595386 0.0009059335615531602 0.01008594879174486 0.10726752196141523 0.8812450308196914, 
26, 0011111100, 0011111100, 0.5872891441098163, 0.9783878141571524, 0.0 0.0 0.0 0.0009936515588793015 0.011482311028600863 0.10372753832324569 0.883796499089274, 
27, 0011111100, 0011111100, 0.5886837760193797, 0.980711530995718, 0.0 0.0 0.0 0.0003342011261922405 0.007112386657798403 0.10050343733151915 0.8920499748844902, 
28, 0011111100, 0011111100, 0.5878716569093053, 0.979346212505333, 0.0 0.0 0.0004944285410333815 0.0004413509215988857 0.008068912519107319 0.10448313300085758 0.8865121750174029, 
29, 0011111100, 0011111100, 0.5874194708825342, 0.978604138440503, 0.0 0.0 0.00013280594097763297 0.00017084900232716682 0.00891579896669392 0.10949980065270257 0.8812807454372987, 
30, 0011111100, 0011111100, 0.5871572528111673, 0.9781655263420822, 0.0 0.0 0.0 0.0022878627713550127 0.010191449015126877 0.10376035560318798 0.8837603326103302, 
31, 0011111100, 0011111100, 0.5878359946774895, 0.97929858737773, 0.0 0.0 0.0 0.0006126317216899255 0.008650014759606951 0.10507055104933678 0.8856668024693662, 
32, 0011111100, 0011111100, 0.5890621732252075, 0.9813430563446962, 0.0 0.0 0.0 0.00041762269190886894 0.005794197432470924 0.09910039899115372 0.8946877808844664, 
33, 0011111100, 0011111100, 0.5886755416722242, 0.980708810082305, 0.0 0.0 0.0 0.0002456560276335761 0.0059337740353309675 0.10314262335260796 0.8906779465844274, 
34, 0011111100, 0001111100, 0.5890408191287697, 0.9813079932365073, 0.0 0.0 0.0 0.00012193190623975934 0.006761328227704507 0.09826358840682793 0.8948531514592278, 
35, 0011111100, 0011111100, 0.5872332657057052, 0.9782779325850154, 0.0 0.0 0.0 0.0016186359939741376 0.010594434761428448 0.10428762698512825 0.8834993022594692, 
36, 0011111100, 0011111100, 0.5878543022171546, 0.9793415979936837, 0.0 0.0 0.0 0.0002904330201066675 0.007977701219775746 0.10712371053802579 0.8846081552220918, 
37, 0011111100, 0011111100, 0.587488168197396, 0.9787186663949958, 0.0 0.0 0.0 0.00024790011251143046 0.010684609828078685 0.10557508163633263 0.8834924084230773, 
38, 0011111100, 0011111000, 0.5874116468866963, 0.9785922261009683, 0.0 0.0 0.0 0.0003150408492294379 0.009549622874944166 0.10840227509661421 0.8817330611792121, 
39, 0011111100, 0011111100, 0.5891184925109649, 0.9814529787880374, 0.0 0.0 0.0 0.00012280283578918093 0.005360604449597431 0.1001925098652134 0.8943240828493999, 
40, 0011111100, 0011111100, 0.5863455070780407, 0.9768146010486174, 0.0 0.0 0.0 0.0014672852727180717 0.01083573614947411 0.11303906559119295 0.8746579129866149, 
41, 0011111100, 0011111100, 0.5898837739439683, 0.9827155302089834, 0.0 0.0 0.0 0.0 0.005599353640144701 0.0925081114658105 0.9018925348940448, 
42, 0011111100, 0011111100, 0.5876842456870309, 0.9790518252439279, 0.0 0.0 0.0 0.00031963076672213413 0.010804124634322912 0.10312190696762075 0.8857543376313343, 
43, 0011111100, 0011111100, 0.5886492111077367, 0.9806669966594962, 0.0 0.0 0.0 0.00012170503024861924 0.006277844607317114 0.1030772157376432 0.890523234624791, 
44, 0011111100, 0011111100, 0.5879310099037793, 0.979448744514611, 0.0 0.0 0.0 0.0002570104766269241 0.00974125430820863 0.10305399286603568 0.8869477423491288, 
45, 0011111100, 0011111100, 0.5864649111551902, 0.9770195672660388, 0.0 0.0 0.0 0.001707125620619101 0.012776364989816966 0.10720848956227541 0.8783080198272885, 
46, 0011111100, 0011111100, 0.5881946223304474, 0.9799053069042691, 0.0 0.0 0.0 3.829916298488775e-05 0.00861895381577677 0.10321535345387671 0.8881273935673616, 
47, 0011111100, 0011111100, 0.5870434380583692, 0.9779943869113357, 0.0 0.0 0.0 0.0005266453395408675 0.011317982502820149 0.10781777750772249 0.8803375946499165, 
48, 0011111100, 0011111100, 0.5886997232173903, 0.9807372143805618, 0.0 0.0 0.0 0.0004641184858934084 0.007144852537675712 0.09989465318359726 0.8924963757928336, 
49, 0011111100, 0011111100, 0.5874228032250058, 0.9786222415075239, 0.0 0.0 0.0 0.0009771763098878519 0.01221440000442036 0.10090622201635274 0.885902201669339, 
50, 0011111100, 0011111000, 0.5868332137882052, 0.9776310088673295, 8.775720276225179e-05 5.469920569170088e-05 0.0009347781388022217 0.0004680655858544508 0.010282571768677485 0.10770545470086397 0.880466673397348, 
51, 0011111100, 0011111100, 0.5880264116854734, 0.9796176988851453, 0.0 0.0 0.0 0.0004882839091996635 0.009768322912031918 0.1012923091374653 0.8884510840413031, 
52, 0011111100, 0011111100, 0.5880586554116406, 0.9796678943911142, 0.0 0.0 0.0 0.0005636193887637342 0.01011245342639041 0.10007686863424144 0.8892470585506044, 
53, 0001111100, 0011111100, 0.5873096030494682, 0.9784293928695614, 0.0 0.0 0.0 0.0004158573175666157 0.0064361287188394204 0.11530381339225314 0.8778442005713408, 
54, 0011111100, 0011111100, 0.5876560709417374, 0.978999486467261, 0.0 0.0 0.0 0.0017728824938104478 0.013090677995125113 0.09450307772475312 0.8906333617863113, 
55, 0011111100, 0011111100, 0.5881544215969077, 0.9798206727897477, 0.0 0.0 0.0 0.0007927529379378614 0.01107816271963587 0.09654137900842816 0.8915877053339981, 
56, 0011111100, 0011111000, 0.5874453867676561, 0.9786468886052275, 0.0 0.0 0.0 0.001128136005374931 0.010837491282826281 0.10305927778685761 0.8849750949249412, 
57, 0011111100, 0011111100, 0.5898952037913266, 0.9827253327140353, 0.0 0.0 0.0 0.00030784704398450395 0.005835335946587487 0.09105379069066007 0.9028030263187679, 
58, 0011111100, 0011111100, 0.5882581583131734, 0.9800093067155409, 0.0 0.0 0.0 0.0013524135683964263 0.009216118165583159 0.09745468267039936 0.8919767855956211, 
59, 0011111100, 0001111100, 0.5864621103595352, 0.9770265724176056, 0.0 0.0 0.0004478166690125919 0.0015203407683716393 0.013461374283372981 0.10456552794645486 0.880004940332788, 
60, 0011111100, 0011111100, 0.5870849241074414, 0.9780501206693435, 7.085777434451238e-05 0.00010214676282326379 0.0004982525383718807 0.0023810756303729893 0.01013704530350593 0.10135306787213749 0.885457554118444, 
61, 0011111100, 0011111100, 0.5875886953535333, 0.9788956672910957, 0.0 0.0 0.0 0.0005056974310370853 0.010589518385054578 0.1039298671902056 0.8849749169937027, 
62, 0011111100, 0011111100, 0.5884854765326079, 0.980380516475154, 0.0 0.0 0.0 0.000439108806008952 0.006667366695051322 0.10306484134094662 0.889828683157993, 
63, 0011111100, 0011111100, 0.5875964976616052, 0.9789060531960543, 0.0 0.0 0.0 0.0011638264289598307 0.008282288391830022 0.1065076247531348 0.8840462604260754, 
64, 0011111100, 0011111100, 0.5877459581763317, 0.9791408599250849, 0.0 0.0 0.0 0.000796532817035445 0.012435429888750453 0.09789438222088266 0.8888736550733315, 
65, 0011111100, 0011111100, 0.5897186123750339, 0.9824381645727216, 0.0 0.0 0.0 0.0002601196512489943 0.0058102369451121195 0.09297017971969967 0.9009594636839392, 
66, 0011111100, 0111111100, 0.5890485616156761, 0.9813268619182038, 0.0 0.0 0.0 0.00016273221685846645 0.007644877970989867 0.09626087589822228 0.8959315139139293, 
67, 0011111000, 0011111100, 0.5889975503587546, 0.9812343417854676, 0.0 0.0 0.0 0.00045848160438310525 0.007338217081471677 0.09654207031110135 0.8956612310030438, 
68, 0011111100, 0011111100, 0.5872295892284601, 0.9782987025765206, 0.0 0.0 0.0 0.0014630835650047234 0.010120948275356575 0.10557663729514816 0.8828393308644905, 
69, 0011111100, 0011111100, 0.5863305254854473, 0.9767979872593272, 0.0 0.0 0.0 0.0003942370918367306 0.011135300090329248 0.11575876498786845 0.8727116978299655, 
70, 0011111100, 0011111100, 0.5881573065074064, 0.9798518760412686, 0.0 0.0 0.0 0.0005017549681491653 0.010057629481934954 0.09926821988407075 0.890172395665845, 
71, 0011111100, 0011111100, 0.5883857884143243, 0.9802190309149078, 0.0 0.0 5.372753458340962e-05 0.0002197120827716642 0.006654618014484016 0.10450253209493644 0.8885694102732244, 
72, 0011111100, 0011111100, 0.5871692851161331, 0.9781868293082997, 0.0 0.0 0.0 0.00021319877195591017 0.011279995639455495 0.10767943655542253 0.8808273690331662, 
73, 0011111100, 0011111100, 0.5886576599192949, 0.9806734218352551, 0.0 0.0 0.0 0.00013974755052620455 0.008162753578791876 0.09921471917930774 0.8924827796913742, 
74, 0011111100, 0011111100, 0.5898265360217357, 0.9826145804667078, 0.0 0.0 0.0 0.00018236242421097875 0.008358715795912252 0.08704799833529565 0.9044109234445812, 
75, 0011111100, 0011111100, 0.5890839396983705, 0.9813791496788844, 0.0 0.0 0.0002044558562486512 0.0008627473469352864 0.010073402950985192 0.08817223055892298 0.9006871632869079, 
76, 0011111100, 0011111100, 0.5883963576188264, 0.9802335831869572, 0.0 0.0 1.7047785149074734e-05 0.0007835599843798932 0.009080275723138173 0.09801907833824511 0.8921000381690877, 
77, 0011111100, 0011111100, 0.5878189211384595, 0.9792782182462754, 0.0 0.0 0.00011993017159425076 0.0008458294306351669 0.00892996233642236 0.10345355687122072 0.8866507211901276, 
78, 0001111100, 0011111100, 0.5882751039879615, 0.9800254966505033, 0.0 0.0 0.0 0.0 0.008969464069357176 0.10190809195826557 0.8891224439723773, 
79, 0011111100, 0011111100, 0.588199674077819, 0.9798957126073817, 0.0 0.0 0.0001044225911054157 0.0009284694345318987 0.009748591187711365 0.09792544331227038 0.891293073474381, 
80, 0011111100, 0011111100, 0.588698520646761, 0.9807268907599571, 0.0 0.0 0.0 0.0003082682983130926 0.00922834786568938 0.09625715481393922 0.8942062290220583, 
81, 0011111100, 0011111100, 0.5883351943365001, 0.9801313154888881, 0.0 0.0 0.0 0.0008478175939983058 0.008936535862337254 0.09879558256000266 0.8914200639836618, 
82, 0011111100, 0011111100, 0.5874279204291346, 0.9786240155063225, 0.0 0.0 0.0003185526623531608 0.00014835788521321046 0.008709373030333959 0.10911787659634446 0.8817058398257552, 
83, 0011111100, 0011111100, 0.587366050948024, 0.9785210507793165, 0.0 0.0 0.0 0.0011100768173161006 0.0110512623135879 0.10344094024497733 0.8843977206241187, 
84, 0011111100, 0011111100, 0.5881758705305886, 0.9798669392765261, 0.0 0.0 0.0 0.0005036349009496257 0.008153136589338764 0.10298118645931695 0.8883620420503947, 
85, 0001111100, 0011111100, 0.5876419740418881, 0.9789744054854862, 0.0 0.0 0.0 0.0007692043981822899 0.008122114339821367 0.10760172521289392 0.8835069560491023, 
86, 0011111100, 0011111100, 0.5871544346449775, 0.9781657223224848, 0.0 0.0 0.0 0.0012710211208699926 0.011721116365399912 0.10375036997168176 0.8832574925420483, 
87, 0011111100, 0011111100, 0.587915905240372, 0.9794395055015199, 0.0 0.0 0.0 0.0008438323943217027 0.009841383694838264 0.10114870241823873 0.8881660814926013, 
88, 0011111100, 0011111100, 0.5872619790050801, 0.9783593547295754, 0.0 0.0 0.0005693926962854109 0.001384182906968203 0.007816752817730904 0.10778024648103901 0.8824494250979765, 
89, 0011111100, 0011111100, 0.5882353315056901, 0.9799653131001704, 0.0 0.0 0.0 0.00027765212132033846 0.006369282640107896 0.10663659975480085 0.8867164654837709, 
90, 0011111100, 0011111100, 0.5870313468998454, 0.9779510506973585, 0.0 0.0 0.0 0.0007745544696760177 0.010851332506376977 0.10826736739406595 0.8801067456298811, 
91, 0011111100, 0011111100, 0.5866920718299826, 0.977393908680919, 0.0 0.0 0.0001344543715724207 0.0008101604698834248 0.011672243782092785 0.10932376145435986 0.8780593799220915, 
92, 0011111100, 0011111100, 0.5892340068567694, 0.981633322168591, 0.0 0.0 0.0 0.000472135218430871 0.007644251998644392 0.09349515733587337 0.8983884554470514, 
93, 0011111100, 0011111100, 0.5886687364052977, 0.9806819698671914, 0.0 0.0 0.0 0.0007160459149605958 0.007337426369667767 0.09908519031263455 0.892861337402737, 
94, 0011111100, 0011111100, 0.587217247664093, 0.9782861864617183, 0.0 0.0 0.0 0.0010062043665426542 0.009177540070990519 0.1089091879880818 0.880907067574385, 
95, 0011111100, 0001111100, 0.5873825194937018, 0.9785352259459469, 0.0 0.0 0.0002953791635498546 0.00036650394484618584 0.012179836526889158 0.10214794278180257 0.8850103375829123, 
96, 0011111100, 0011111100, 0.5865231659182626, 0.9771075471625196, 0.0 0.0 0.0 0.0004137102964051706 0.01273952457626849 0.11063453698313074 0.8762122281441956, 
97, 0011111100, 0011111100, 0.5877527812428084, 0.9791633314025084, 0.0 0.0 0.0 0.0011472477935763198 0.009270497290607612 0.10303727362300585 0.8865449812928102, 
98, 0011111100, 0011111100, 0.5864385161859809, 0.9769625546256762, 0.0 0.0 0.0 0.0005783361993383935 0.01063641450908366 0.11521683462976061 0.8735684146618173, 
99, 0011111100, 0011111100, 0.5872983756310397, 0.9784182703790258, 0.0 0.0 0.0 0.0014545273164156538 0.008039345384105188 0.10904810500838716 0.8814580222910919, 
100, 0011111100, 0011111100, 0.5875389110554546, 0.9788267003242913, 0.0 0.0 7.148899775425593e-05 0.00018780485276364143 0.01115493617070723 0.10388055516353016 0.8847052148152447, 
run, initial grid state, final grid state, mean grid cell occupancy, mean binding site occupancy, fraction of time with N TFs bound, warning
1, 0011111100, 0011111100, 0.5874410203192079, 0.9786482528595027, 0.0 0.0 4.4744311295690984e-05 0.0010125721866990837 0.0108014605874982 0.10329086786270698 0.8848503550518001, 
2, 0011111100, 0011111100, 0.5869954437669112, 0.9778974967889026, 0.0 0.0 0.0 0.00020215655036033616 0.013511860936087158 0.10498482774332936 0.8813011547702231, 
3, 0011111100, 0011111000, 0.5893912938725614, 0.9818874757019694, 0.0 0.0 4.24888740095638e-05 0.0006096685844977696 0.005228753628152438 0.09621867728234611 0.8979004116309941, 
4, 0011111100, 0011111100, 0.5879945713015975, 0.979566672113901, 0.0 0.0 0.0 0.0005036541445711112 0.009542349558501582 0.10200430576587728 0.88794969053105, 
5, 0011111100, 0011111100, 0.5884427695731248, 0.9803181389995631, 0.0 0.0 0.0 0.00047122732455440923 0.008772214603322595 0.09913305482231251 0.8916235032498104, 
6, 0011111100, 0011111100, 0.5871468802079763, 0.9781457809844643, 0.0 0.0 0.0 0.0025217810894355742 0.011079315925518106 0.10140133897387194 0.8849975640111742, 
7, 0011111100, 0011111100, 0.5884391752011421, 0.9803065199231978, 0.0 0.0 0.0 0.000934512805211771 0.008603904942239558 0.09814953216069788 0.8923120500918508, 
8, 0011111100, 0011111000, 0.5869319081953787, 0.9778036666514502, 0.0 0.0 7.144051687740143e-05 0.0005678343920326232 0.01171464074534275 0.10775945335700599 0.8798866309887413, 
9, 0011111100, 0001111100, 0.5889261439594076, 0.9811081122391863, 0.0 0.0 0.0 0.0005443520422983453 0.007974771758352844 0.09576872692128098 0.8957121492780679, 
10, 0011111100, 0011111100, 0.5876949992877065, 0.9790492278106018, 0.0 0.0 0.0 0.0010265822292457307 0.011420465718573927 0.09978395501150454 0.8877689970406758, 
11, 0001111100, 0011111100, 0.5877880302211783, 0.9792215533410468, 0.0 0.0 0.0 0.00017510794465688012 0.009379817513274151 0.10538572109320074 0.8850593534488682, 
12, 0011111100, 0011111100, 0.5884740214578221, 0.9803660345159877, 0.0 0.0 0.0 0.0005353138666466304 0.005988509479139982 0.10422083234585465 0.8892553443083587, 
13, 0011111000, 0011111100, 0.5889330478620521, 0.9811278893428963, 0.0 0.0 0.0 9.900346532368943e-05 0.004967154140778432 0.10300134526509389 0.891932497128804, 
14, 0011111000, 0011111100, 0.5879653097113747, 0.9795151818353656, 0.0 0.0 0.0 0.0003936218739007484 0.008279959959261458 0.10516812344758182 0.886158294719256, 
15, 0000111000, 0011111100, 0.5879282680574204, 0.9794468338967982, 0.0 0.0 0.0 0.0002982057061142531 0.010731124497296409 0.10096213050627616 0.8880085392903132, 
16, 0001111100, 0011111100, 0.5880526045350921, 0.9796609512999044, 0.0 0.0 0.0 0.001001416012250185 0.0068509950202811 0.10532805412326128 0.8868195348442074, 
17, 0011111100, 0011111100, 0.5881827347765869, 0.9798657824010353, 0.0 0.0 0.0 0.0018289203639190678 0.01004704405595151 0.0952244563901281 0.8928995791900013, 
18, 0011111100, 0011111100, 0.5881759391312387, 0.9798676102652348, 0.0 0.0 0.0 0.0004313854321735529 0.010222602789160722 0.09905497653374966 0.890291035244916, 
19, 0001111100, 0001111100, 0.5895992019387365, 0.9822312083539114, 0.0 0.0 0.0 0.0004817420805203914 0.006679684434897542 0.09180815476517429 0.9010304187194078, 
20, 0011111100, 0011111100, 0.5883304686409412, 0.9801195945388289, 0.0 0.0 0.0 0.0002537665104507974 0.010864159389193209 0.09679281445728805 0.8920892596430678, 
21, 0011111100, 0011111100, 0.5894443138888752, 0.981989321069548, 0.0 0.0 0.0 0.0 0.006879044950891445 0.09430598368092964 0.8988149713681789, 
22, 0011111000, 0011111000, 0.5882518947460246, 0.980000993383325, 0.0 0.0 0.0 0.0002148822527841904 0.009230342702897285 0.10088870753590276 0.8896660675084157, 
23, 0011111100, 0011111000, 0.5867771490537039, 0.9775355202058609, 0.0 0.0 0.0 0.0015449371076998255 0.011763231530755591 0.10662560438022436 0.8800662269813202, 
24, 0011111100, 0011111100, 0.5875559435288877, 0.9788393821806955, 0.0 0.0 0.0 8.90385952098029e-05 0.010579883393904985 0.10553682434238748 0.8837942536684977, 
25, 0000111100, 0011111100, 0.5894890213269636, 0.9820642679473731, 0.0 0.0 0.0 4.0000291168462655e-05 0.00718394382857442 0.09312650378510721 0.89964955209515, 
26, 0011111100, 0011111100, 0.5883884245715233, 0.9802292622955427, 0.0 0.0 1.361928492489315e-05 0.0014634814016786359 0.0095546512664269 0.09507020234915406 0.8938980456978155, 
27, 0011111110, 0011111100, 0.5869589631386746, 0.9778325507983766, 0.0 0.0 0.00028094673912371906 0.001233215495278608 0.00956046871138718 0.10906032434463467 0.8798650447095758, 
28, 0011111100, 0011111100, 0.5862557498153151, 0.9766748968868106, 0.0 0.0 0.0 7.54400381782509e-05 0.01084706362923913 0.11803017130612269 0.87104732502646, 
29, 0011111100, 0011111100, 0.5863716690473862, 0.9768757718996232, 0.0 0.0 0.0 0.0009815502679618765 0.009010140276965931 0.11778043724444316 0.8722278722106291, 
30, 0011111100, 0011111100, 0.5877869833994082, 0.9792136547246214, 0.0 0.0 0.0 0.001468380494546663 0.008395535309826407 0.10352185954897888 0.886614224646648, 
31, 0011111100, 0011111100, 0.5871817613040101, 0.9782243926955058, 0.0 0.0 0.0 0.0011440026964393683 0.010101216219818535 0.10701920329801028 0.8817355777857319, 
32, 0011111100, 0011111100, 0.5883273112661294, 0.9801121601192977, 0.0 0.0 0.0 0.0009727492243402344 0.006729613444586303 0.10294956472202071 0.8893480726090527, 
33, 0011111100, 0011111100, 0.5882112514626272, 0.9799254777509301, 0.0 0.0 0.0 0.00014114911477545897 0.008546609657451605 0.10293046683519005 0.8883817743925829, 
34, 0011111100, 0011111100, 0.5878461577582428, 0.9793174281416639, 0.0 0.0 0.0 0.000158549065764149 0.007224906802736268 0.10916997034725229 0.8834465737842473, 
35, 0011111100, 0001111100, 0.5877299963831984, 0.9791288023953405, 0.0 0.0 2.795717024235498e-07 0.0003390533759526695 0.008472994067544077 0.10726291907820087 0.8839247539066, 
36, 0011111100, 0011111100, 0.5877961191316716, 0.9792360092675397, 0.0 0.0 0.0 4.6584819091842285e-05 0.008054344278968902 0.10833550137954807 0.8835635695223911, 
37, 0011111100, 0011111100, 0.588344249800254, 0.9801332217676231, 0.0 0.0 0.0 0.0012018604224306628 0.00865941492528728 0.09827625827639536 0.8918624663758867, 
38, 0011111100, 0011111100, 0.5893700728816993, 0.9818472491972691, 0.0 0.0 0.0 0.0007735449120494864 0.005767113762141238 0.09506164255595467 0.8983976987698546, 
39, 0011111100, 0011111100, 0.5887966408846969, 0.9809041630108843, 0.0 0.0 0.0001011601530383882 0.00036513518747372995 0.007295542924245439 0.09848388991162789 0.8937542718236146, 
40, 0011111100, 0011111000, 0.5871001180238082, 0.9780719258104997, 0.0 0.0 0.0 0.0007356216258425655 0.010342902551295607 0.10867577515688219 0.8802457006659796, 
41, 0011111100, 0011111100, 0.5894532274791044, 0.9819901744442535, 0.0 0.0 0.0 7.174458296267758e-05 0.006818045666855133 0.09420762825188089 0.8989025814983013, 
42, 0001111100, 0011111000, 0.5874827429934842, 0.9787319795728782, 0.0 0.0 0.0 0.0005470936570378712 0.00963432806098432 0.10669818546964954 0.8831203928123282, 
43, 0011111100, 0011111100, 0.5880607989670487, 0.9796819242923676, 0.0 0.0 0.0 0.0007793961754908235 0.007722801957519216 0.10412466180428359 0.8873731400627064, 
44, 0011111100, 0011111100, 0.5877057148232764, 0.9790852756709038, 0.0 0.0 5.611406339966115e-05 0.0011743924392288497 0.00702313141303608 0.10769444957722064 0.8840519125071148, 
45, 0011111100, 0011111100, 0.588447318441277, 0.9803164694098594, 0.0 0.0 0.0 0.000188414788427807 0.003394215279750994 0.11074750861605734 0.8856698613157638, 
46, 0011111100, 0011111000, 0.5870935789033801, 0.9780648697350093, 0.0008300168797221211 0.00023099807475224844 0.0006686980143844087 0.00011874720187180098 0.006595875845282609 0.10925290458413238 0.8823027593998544, 
47, 0011111100, 0011111100, 0.58799789565834, 0.9795784125160806, 0.0 0.0 0.0 0.00035483306459355916 0.008057391883180005 0.10535024194337583 0.8862375331088507, 
48, 0011111100, 0011111100, 0.5883269759402852, 0.9800977118954433, 0.0 0.0 0.0 0.0014903209442606424 0.00866146905604906 0.09761982768246096 0.8922283823172293, 
49, 0011111100, 0011111100, 0.5887422579239431, 0.9808174565502661, 0.0 0.0 0.0 0.00025570188137514246 0.006726833275512264 0.10087448850325319 0.8921429763398594, 
50, 0011111100, 0011111100, 0.5888331293163754, 0.98096376679103, 0.0 0.0 0.0 0.00020877319794700258 0.0070151315293691795 0.09956081660124055 0.8932152786714432, 
51, 0001111100, 0011111100, 0.5889465167965204, 0.9811580384115212, 0.0 0.0 0.0 0.000647160191110855 0.006941320073289956 0.09722764881096053 0.8951838709246386, 
52, 0011111100, 0001111000, 0.5877861573025822, 0.9792095566455178, 0.0 0.0 0.0 0.0006542655608890453 0.010803386321065695 0.10117309080209465 0.8873692573159506, 
53, 0011111100, 0011111100, 0.5872097805847479, 0.9782780623036141, 0.0 0.0 0.0 0.0006558877530146425 0.010838411445418382 0.1066871400284335 0.8818185607731335, 
54, 0011111100, 0011111100, 0.5877076192368424, 0.9790747066948808, 0.0 0.0 0.00022113139373960947 0.0008898875714099973 0.008316185212393697 0.10536520111673939 0.8852075947057173, 
55, 0011111100, 0011111100, 0.5863747421562452, 0.9768717356162665, 0.0 0.0 0.0 0.0005065232997636568 0.010642073950224432 0.11596586850266094 0.8728855342473509, 
56, 0011111100, 0011111100, 0.588183712365862, 0.9798847325790954, 0.0 0.0 0.00021043641768183025 0.0005406265394964104 0.005949406298253592 0.10632916663970322 0.886970364104865, 
57, 0011111100, 0011111100, 0.5893881108846353, 0.9818877635764068, 0.0 0.0 0.0 0.00010262364222543579 0.004390457800544147 0.09958463201379443 0.895922286543436, 
58, 0011111100, 0011111100, 0.5881425750714567, 0.9797998463756447, 0.0 0.0 0.0 5.8850543648359316e-05 0.007815232172303817 0.10539390577057954 0.8867320115134684, 
59, 0011111100, 0011111100, 0.5883035410791022, 0.980082322374628, 0.0 0.0 0.0 0.0005277198982807568 0.009252500591072191 0.09941790487524528 0.8908018746354018, 
60, 0011111100, 0011111100, 0.5866736332639034, 0.9773516599028216, 0.0 0.0 0.0 0.0007957817305366198 0.012668453945890007 0.10816578749968037 0.8783699768238931, 
61, 0011111100, 0011111000, 0.5890765936852467, 0.9813531176125725, 0.0 0.0 0.0 0.000777883083281006 0.007551092817760847 0.09444545943919992 0.8972255646597582, 
62, 0011111100, 0011111100, 0.5885505572866793, 0.9804884955379032, 0.0 0.0 0.0 0.00025094829664162226 0.010620187329266237 0.09507580722412294 0.8940530571499692, 
63, 0011111100, 0001111100, 0.5882233362694499, 0.9799478585120852, 0.0 0.0 0.0 0.00023032455972694214 0.007575792928753816 0.10447028939079979 0.8877235931207195, 
64, 0011111100, 0011111100, 0.5895280728729454, 0.9821037384737238, 0.0 0.0 0.0 0.0008189958286764507 0.005086244738458057 0.09474809219471138 0.899346667238154, 
65, 0011111100, 0011111100, 0.5874530624800911, 0.9786645899195934, 0.0 0.0 0.0 0.0009915441668999195 0.01047609813708725 0.10408563170756537 0.8844467259884474, 
66, 0001111100, 0011111100, 0.5870007250718775, 0.9779029705817804, 0.0 0.0 0.0 0.000844304237652946 0.01131179232025849 0.10742567915584096 0.8804182242862477, 
67, 0011111100, 0011111100, 0.5884614117667141, 0.9803392647164739, 0.0 0.0 0.0 0.0009212221673545808 0.00900945175699185 0.09718184168510999 0.8928874843905436, 
68, 0011111000, 0011111100, 0.5882312891007337, 0.9799579943850452, 0.0 0.0 0.0 0.0001746601892756848 0.009453883222896219 0.10082028667610966 0.8895511699117183, 
69, 0011111100, 0001111100, 0.5869801921512551, 0.9778780276660088, 0.0 0.0 0.0 0.0009609716708409466 0.010835377494550286 0.10817816400232375 0.8800254868322851, 
70, 0011111100, 0011111100, 0.5883247925276546, 0.9801127816647882, 0.0 0.0 0.0 0.00042705543416993955 0.008404516554976732 0.10123311059880767 0.8899353174120457, 
71, 0011111100, 0011111100, 0.5888471284779779, 0.980988013636007, 0.0 0.0 0.0 0.00016249944489036286 0.005859321474833002 0.10186577689962112 0.8921124021806555, 
72, 0011111100, 0011111100, 0.5885054026351643, 0.9804112125659582, 0.0 0.0 0.0 0.0013620071526346319 0.008998947185110783 0.09544880877612577 0.8941902368861289, 
73, 0011111000, 0011111100, 0.5878551300484129, 0.9793286918541819, 0.0 0.0 0.0 0.0008188199264726751 0.009941866111567594 0.1016876568723549 0.8875516570896049, 
74, 0011111100, 0011111100, 0.5879057852908463, 0.9794245979264051, 0.0 0.0 0.0 0.000801118532181524 0.008859144806144246 0.10333076723273608 0.8870089694289381, 
75, 0011111100, 0011111100, 0.5882387845749028, 0.979961699806258, 0.0 0.0 0.00014516366560708908 0.00022046719369133312 0.007669470287906477 0.10364880434313685 0.8883160945096582, 
76, 0011111100, 0011111100, 0.5900394768699415, 0.9829759982144552, 0.0 0.0 0.00023916057704567907 0.0006824049318446431 0.006202862585955432 0.08673442843764172 0.9061411434675126, 
77, 0011111100, 0011111100, 0.5869503234452025, 0.9778359821198451, 0.0 0.0 0.0 0.0005283075941450255 0.010844545341414085 0.10971009381566506 0.8789170532487758, 
78, 0011111100, 0011111100, 0.5877344996464785, 0.9791220615238782, 0.0 0.0 0.00013824255132045062 0.0008658305685846861 0.009706431289844292 0.10270430636600712 0.8865851892242436, 
79, 0001111100, 0011111100, 0.5886405101507043, 0.9806474437298917, 0.0 0.0 0.0 0.0010754965237134977 0.010184214491558067 0.09252041906639334 0.896219869918335, 
80, 0011111100, 0011111100, 0.5868955276536849, 0.977748585695804, 0.0 0.0 4.9868145377408887e-05 0.0006249866399245602 0.01186047861354358 0.10771309609680443 0.87975157050435, 
81, 0011111100, 0011100000, 0.5880884112561489, 0.9797323356729104, 0.0 0.0 7.71454477457773e-05 0.0005209392977605333 0.011202690544221362 0.09732920518982942 0.8908700195204429, 
82, 0011111100, 0011111100, 0.5885848101153185, 0.9805432051843123, 0.0 0.0 0.0 7.210801106146402e-05 0.008519712112857559 0.09948502063522725 0.8919231592408537, 
83, 0011111100, 0011111100, 0.5876466562505693, 0.9789793181574504, 0.0 0.0 2.6678788953735713e-06 0.0006773006014194942 0.008449413912067645 0.10718268991132315 0.8836879276962943, 
84, 0011111100, 0011111100, 0.5885987284348092, 0.9805604549381334, 0.0 0.0 0.0 0.00044814920365021335 0.007877747910995044 0.09953732693825897 0.8921367759470958, 
85, 0011111000, 0111111100, 0.5878315687588407, 0.9792991205455112, 0.0 0.0 0.0 0.0 0.006182655476733495 0.11183996577346611 0.8819773787498004, 
86, 0011111100, 0001111100, 0.5878187666345708, 0.9792816600278749, 0.0 0.0 0.0 0.0005572348222953364 0.009781244342926326 0.10307584668001155 0.8865856741547669, 
87, 0011111100, 0011111000, 0.588345204711612, 0.9801453805686309, 0.0 0.0 0.00012326755535375502 0.0008620020751045431 0.008117956831861664 0.09981272647776367 0.8910840470599164, 
88, 0011111100, 0011111100, 0.5867013666159282, 0.9774060533907953, 0.0002497814737030438 6.221073887552533e-05 9.679851684990382e-05 0.001058362885283345 0.00783132091440652 0.11452901256656943 0.8761725129043122, 
89, 0011111100, 0011111100, 0.5878798886492332, 0.9793733091332493, 0.0 0.0 0.0 0.0004069560529747463 0.011404715634529624 0.09972984577252134 0.8884584825399743, 
90, 0011111100, 0011111100, 0.5883819798472247, 0.9802038319363944, 0.0 0.0 0.0 0.00040821722424319806 0.008607829170085764 0.10033669836873207 0.8906472552369389, 
91, 0011111100, 0011111100, 0.5887322354812201, 0.9808023273664832, 0.0 0.0 0.0 4.04609956511997e-05 0.006367632601744643 0.10232938761065735 0.8912625187919468, 
92, 0011111100, 0011111100, 0.5877780621420328, 0.9792064032264538, 0.0 0.0 0.0 0.0005215733251362187 0.007730982909018336 0.10773489484783152 0.884012548918014, 
93, 0011111100, 0011111100, 0.5874493228744232, 0.9786523079940942, 0.0 0.0 0.00028813305119815323 0.0009169071241209052 0.009240956930800263 0.10570098459667901 0.8838530182972016, 
94, 0011111100, 0011111100, 0.5868556460453805, 0.9776763629387566, 0.0 0.0 0.0 0.0005581985488252696 0.011412338470870404 0.10944254977924424 0.8785869132010601, 
95, 0011111100, 0011111100, 0.5891453455467978, 0.981481111623772, 0.0 0.0 0.0 0.0006061229433357715 0.006906922846504656 0.09548111573435025 0.8970058384758093, 
96, 0011111100, 0011111100, 0.5891893031665969, 0.9815631758570197, 0.0 0.0 0.0 0.0 0.006215506741114386 0.09818993137565302 0.8955945618832326, 
97, 0011111100, 0011111100, 0.5879728571021733, 0.9795360296062547, 0.0 0.0 0.0 0.0005974003069433427 0.008957428080038023 0.1030767652815655 0.8873684063314531, 
98, 0011111100, 0011111100, 0.5881235676139367, 0.9797886145474534, 0.0 0.0 0.00013584150228943142 0.0004035591262878974 0.011281311407581991 0.09695164651209463 0.891227641451746, 
99, 0011111100, 0011111100, 0.5870304345932159, 0.9779689870619543, 0.0 0.0 0.0 0.0005853706536034175 0.007888042850025475 0.11465387996741325 0.8768727065289579, 
100, 0011111100, 0011111100, 0.5884836577263427, 0.9803814736529662, 0.0 0.0 0.00013003047377716927 0.0016174586716539516 0.006285091903950174 0.09976847636423258 0.8921989425863861, 
