run, initial grid state, final grid state, mean grid cell occupancy, mean binding site occupancy, fraction of time with N TFs bound, warning
1, 0011111100, 0011111100, 0.5990166707137091, 0.982123982384137, 0.0 0.0 0.0 0.00021933568136147088 0.007887073994069247 0.09082395066295544 0.9010696396616139, 
2, 0011111100, 0011111100, 0.6005417814862754, 0.9839162304229538, 0.0 0.0 0.0 0.00017721881347532428 0.004513390958055889 0.08694417910573904 0.9083652111227298, 
3, 0011111100, 0011111110, 0.5998828021383968, 0.98271900722927, 0.0 0.0 0.0 0.0001839764971155212 0.005817142729549351 0.09149974167393495 0.9024991390994002, 
4, 0011111100, 0011111100, 0.6002824740465886, 0.9832797708214075, 0.0 0.0 0.0 0.0006749105746477841 0.004080638253992313 0.09013536683962643 0.9051090843317334, 
5, 0011111100, 0011111100, 0.6004081439794992, 0.984004122996729, 0.0 0.0 0.0001395137405673095 0.0004659384110309396 0.0029011798799853947 0.08821703206429304 0.9082763359041233, 
6, 0011111100, 0011111100, 0.599819128129912, 0.9828999376981781, 0.0 0.0 0.0 0.0010212156429366837 0.007995019430369706 0.08354668802138175 0.9074370769053118, 
7, 0011111100, 0011111100, 0.5992252029294376, 0.9827411763174643, 0.0 0.0 0.0 0.0 0.006355577228118397 0.09084178763897802 0.9028026351329036, 
8, 0011111100, 0011111100, 0.5987792889119514, 0.9809055408596026, 0.0 0.0 0.0 0.00021150696329360914 0.009181151318737667 0.09556993131502857 0.8950374104029403, 
9, 0011111100, 0011111100, 0.6013119160312522, 0.9851124900015961, 0.0 0.0 0.0 0.0 0.00411917528148121 0.08108670942746134 0.9147941152910576, 
10, 0011111110, 0011111100, 0.5995622239195023, 0.9822313735930678, 0.0 0.0 0.0 0.0003591452256382398 0.007889866989566185 0.08975458878554571 0.90199639899925, 
11, 0011111100, 0011111100, 0.5998413732393169, 0.98264886177867, 0.0 0.0 0.0 0.0 0.009654218611078106 0.08479839210582434 0.9055473892830975, 
12, 0011110000, 0011111100, 0.6001167334328816, 0.9833539812801841, 0.0 0.0 0.0 5.254063272010712e-05 0.006662585760797286 0.08639331889913969 0.906891554707343, 
13, 0011111100, 0011111100, 0.5992004713350869, 0.9818933065911228, 0.0 0.0 0.0 0.0 0.006123992936921246 0.0963921745794208 0.897483832483658, 
14, 0011111100, 0011111100, 0.6002365089759989, 0.9837547053900023, 0.0 0.0 0.0 8.413886969112214e-05 0.005632078648229677 0.08595519375445371 0.9083285887276256, 
15, 0011111100, 0011111100, 0.598391447019438, 0.9810917152704325, 0.0 0.0 0.0 0.0008141421290212017 0.009719221585660518 0.09156883881902014 0.8978977974662982, 
16, 0011111100, 0011111100, 0.5998886662674473, 0.9827117360511415, 0.0 0.0 0.0 0.0002691822701014791 0.006324461685461655 0.09027311351192305 0.9031332425325138, 
17, 0011111100, 0011111100, 0.598301547055872, 0.9800046293907392, 0.0 0.0 0.0 0.0007291007891149747 0.012884027660640689 0.09201686596693912 0.8943700055833051, 
18, 0011111100, 0011111100, 0.5991449047899006, 0.9824296711857524, 0.0 0.0 0.0 0.0 0.007842205768817804 0.08973756134785055 0.9024202328833316, 
19, 0011111100, 0011111110, 0.6000760191356985, 0.9830929623506922, 0.0 0.0 0.0 0.000645763778374195 0.008403702703610431 0.08269752915350317 0.9082530043645122, 
20, 0011111100, 0011111110, 0.6013779741487556, 0.9853193795328166, 0.0 0.0 0.0 0.0005377074641183443 0.0017488281269064402 0.08297294415693263 0.9147405202520427, 
21, 0011111100, 0011111100, 0.5964222876014984, 0.9776448733937569, 0.0 0.0 0.0 0.0008888421513343424 0.013884665427140628 0.10369490232917447 0.8815315900923505, 
22, 0111111100, 0011111100, 0.600881979490087, 0.9853862545860022, 0.0 0.0 0.0 0.0 0.0049558406260114835 0.07777079123196419 0.9172733681420243, 
23, 0011111100, 0011111100, 0.5997418824129696, 0.9827924455781151, 0.0 0.0 0.0 0.0007133785774943374 0.005987081564130832 0.08913102767056433 0.9041685121878105, 
24, 0001111100, 0011111100, 0.59775718060286, 0.978945210249082, 0.0 0.0 0.00038164199120039027 0.001217361047393424 0.010068327154151483 0.1010134330902225 0.8873192367170323, 
25, 0011111100, 0011111100, 0.6016813232868014, 0.9859097935441584, 0.0 0.0 0.0 0.0 0.0022175144768849173 0.08010620978128072 0.9176762757418344, 
26, 0011111100, 0011111100, 0.5991737794036445, 0.9818667797611903, 0.0 0.0 0.0 0.0 0.005391868011752238 0.09801558540935337 0.8965925465788944, 
27, 0011111100, 0011111110, 0.599661535794211, 0.9828629654156478, 0.0 0.0 0.0 0.00011176361773093541 0.009657241286110806 0.0831724340806991 0.9070585610154591, 
28, 0011111100, 0011111000, 0.5990994992362407, 0.9819768071082425, 0.0 0.0 0.0 0.00015119932942566416 0.0063678767738215404 0.09494980581462462 0.8985311180821282, 
29, 0011111100, 0011111100, 0.5971521063837807, 0.9792871672635781, 0.0 0.0 0.0 0.00021653355956483453 0.010419324201976556 0.10278874733588318 0.8865753949025755, 
30, 0011111100, 0011111100, 0.5985069092600465, 0.9811650661424416, 0.0 0.0 0.0 0.0 0.006910978864316939 0.09918764541671646 0.8939013757189666, 
31, 0011111100, 0011111100, 0.5999583215362665, 0.9827768885032614, 0.0 0.0 0.0 0.0 0.005785840677594059 0.09176698762524385 0.9024471716971622, 
32, 0011111000, 0011111100, 0.6000819231154961, 0.9835902371547982, 0.0 0.0 0.0 0.0 0.005962147635367863 0.08653428180047483 0.9075035705641573, 
33, 0011111100, 0011111100, 0.5996253159438202, 0.9826604362725883, 0.0 0.0 0.0 0.0007106325674536113 0.005866766447487842 0.09017195176713497 0.9032506492179236, 
34, 0011111100, 0011111100, 0.6014586561742259, 0.9859001683299339, 0.0 0.0 0.0 0.0003889716236300695 0.003046378560675652 0.07733931802815618 0.9192253317875381, 
35, 0011111100, 0011111100, 0.5992462692588274, 0.9822378378582672, 0.0 0.0 0.0 0.00024939453837550905 0.009780141623345109 0.08626450598858 0.9037059578496993, 
36, 0011111100, 0011111000, 0.5986081180509268, 0.9814321318802522, 0.0 0.0 0.0 0.0008449833232675847 0.008485345907501506 0.09190156693368011 0.8987681038355508, 
37, 0011111100, 0011111100, 0.6003494079586398, 0.9837053593630518, 0.0 0.0 0.0 0.0002926838713781606 0.004035569856992292 0.08881865249356981 0.9068530937780597, 
38, 0111111100, 0000111100, 0.5976711432723948, 0.9788493267069281, 0.0 0.0 0.0 0.0011506152028574403 0.012922864104696789 0.09760646594046495 0.8883200547519807, 
39, 0011111100, 0011111100, 0.5999664652079993, 0.9834067114705752, 0.0 0.0 0.0 0.0009420470879311504 0.006795611062024831 0.08314236778870568 0.9091199740613384, 
40, 0011111100, 0011111100, 0.5992450286838321, 0.9810302279791493, 0.0 0.0 0.0001363368444011325 0.00020057101771649857 0.010934457662257193 0.09080265636983649 0.8979259781057887, 
41, 0011111100, 0111111100, 0.6016124638910701, 0.9859218241119048, 0.0 0.0 0.0 0.0011222228247660113 0.006878546896320262 0.06734529306163335 0.9246539372172804, 
42, 1111111100, 0011111100, 0.6005895400535519, 0.9843536896417531, 0.0 0.0 0.0 2.7124170338852063e-05 0.003596064107815268 0.08660436142283506 0.9097724502990109, 
43, 0011111100, 0011111000, 0.59824150771488, 0.9796341048990641, 0.0 0.0 0.0 0.0005366604024759927 0.010356091661423086 0.0998732060753412 0.8892340418607597, 
44, 0011111100, 0011111100, 0.597116540063103, 0.9778923516737703, 0.0 0.0 0.0 0.0010116048930343558 0.012584910668864965 0.10444125394054508 0.8819622304975556, 
45, 0011111100, 0011111100, 0.5991920756494825, 0.9819031351587837, 0.0 0.0 0.0 3.724559587512697e-05 0.005809563483177881 0.09685032529331628 0.8973028656276307, 
46, 0011111100, 0011111100, 0.6000665513575151, 0.9833020675868085, 0.0 0.0 0.0 0.00015083828116504918 0.009429732079020127 0.08087561547761313 0.9095438141622018, 
47, 0011111100, 0011111100, 0.5999078631885462, 0.9827348194249762, 0.0 0.0 0.0 0.0002938038873589606 0.0071347822816445776 0.08844010722477677 0.9041313066062197, 
48, 0011111100, 0011111100, 0.598682617613276, 0.9810531100124387, 0.0 0.0 0.0 0.0 0.007494799777916218 0.09869174036953585 0.893813459852548, 
49, 0011111100, 0011111100, 0.5994188428818578, 0.9817160673959509, 0.0 0.0 0.0 0.0011282229456411087 0.0068032218169629816 0.09271248315344566 0.8993560720839503, 
50, 0011111100, 0011111110, 0.5999115372036861, 0.9827021686997635, 0.0 0.0 0.0 0.00011631696352708906 0.007336565519500374 0.08876490587183658 0.9037822116451358, 
51, 0011111100, 0011111100, 0.5980518365621718, 0.9794844541435443, 0.0 0.0 0.0 0.00019117250591635702 0.01500595877408483 0.09250784007281565 0.8922950286471832, 
52, 0011111100, 0011111100, 0.599333201596119, 0.9824258458167292, 0.0 0.0 0.0 0.0 0.007218469229719358 0.09100798664018626 0.9017735441300943, 
53, 0011111100, 0011111100, 0.5990184609343023, 0.9813713606174715, 0.0 0.0 0.0 0.00013981991204761323 0.006998452148207496 0.09735547226261398 0.8955062556771309, 
54, 0011111100, 0011111110, 0.5996007380125563, 0.9818771088117153, 0.0 0.0 0.0 0.0 0.006752972532123596 0.09523140206546075 0.8980156254024158, 
55, 0011111100, 0011111100, 0.6004397878074139, 0.9839056721601915, 0.0 0.0 0.0005699838991889499 0.0004271323021033264 0.006640708739712279 0.07972321705636032 0.9126389580026351, 
56, 0011111100, 0011111100, 0.5969225034092922, 0.9785696672141195, 0.0 0.0 0.0 0.0007481483958157471 0.011073082499475946 0.10419138652888325 0.8839873825758251, 
57, 0011111100, 0011111100, 0.5979675481609403, 0.9802484196487684, 0.0 0.0 0.0 0.0002751241129038447 0.005611247170927442 0.10646161542682377 0.8876520132893448, 
58, 0011111100, 0011111100, 0.600353593901905, 0.9831539940437137, 0.0 0.0 0.0 0.0002142098106283233 0.006094343204386647 0.08824471989705958 0.9054467270879254, 
59, 0011111100, 0011111100, 0.5992899555487691, 0.9819149269973728, 0.0 0.0 0.0 0.00022391922332604724 0.007497883750281798 0.09284291284522134 0.8994352841811708, 
60, 0011111100, 0011111100, 0.5976767067567147, 0.9791524128735557, 0.0 0.0 0.0001358848231230463 0.0012757065621565636 0.010003558937601006 0.10070774590450159 0.8878771037726179, 
61, 0011111100, 0011111100, 0.5978493014894657, 0.9799988348131683, 0.0 0.0 0.0 0.00014320812557293898 0.008634926397137626 0.10230751394999549 0.888914351527294, 
62, 0011111100, 0011111100, 0.5974742689328343, 0.9793597201220664, 0.0 0.0 4.870418111199424e-06 0.001736156971284378 0.011991232046632662 0.09463126258803786 0.8916364779759339, 
63, 0011111100, 0011111100, 0.6006556753232617, 0.9838800756582041, 0.0 0.0 0.0 0.0 0.003467706239405171 0.08978413357196532 0.9067481601886295, 
64, 0011111100, 0011111100, 0.5992379964975778, 0.9814396687124399, 0.0 0.0 7.126158635752541e-05 0.0009053904155869852 0.007301368389665095 0.09375803335384002 0.8979639462545504, 
65, 0001111100, 0011111100, 0.5979112466994685, 0.9795554735789768, 0.0 0.0 0.0 0.0010494955763714086 0.012755730519433389 0.0940072107581587 0.8921875631460365, 
66, 0011111100, 0011111000, 0.5981617236610896, 0.980481395922494, 0.0 0.0 0.0 0.00012666176549877437 0.0067532355903268705 0.10322516798788614 0.8898949346562883, 
67, 0001111100, 0011111100, 0.599209247201361, 0.9820151467420242, 0.0 0.0 0.0 0.0018529287031998519 0.008052408903908374 0.08624551563043852 0.9038491467624533, 
68, 0011111100, 0011111100, 0.5983683332625677, 0.9809589950764228, 0.0 0.0 0.0 0.00044338012980188636 0.008639345760441557 0.09563719763117431 0.8952800764785822, 
69, 0011111100, 0011111100, 0.5980573369878455, 0.980065655644673, 0.0 0.0 0.0 6.923505644366854e-05 0.00891201558021539 0.10157432980220076 0.8894444195611402, 
70, 0011111100, 0011111100, 0.6008455993752655, 0.984417852124351, 0.0 0.0 0.0 0.00028541199938808163 0.0030407167438682697 0.08655521776799362 0.91011865348875, 
71, 0011111100, 0011111100, 0.5973959393633438, 0.9788797539165248, 0.0 0.0 0.0003445643241512775 0.001054535913688228 0.01194435822703352 0.09829089500911385 0.8883656465260131, 
72, 0011111100, 0011111110, 0.5987054106380337, 0.981011269419459, 0.0 0.0 0.0 0.0 0.006525464903827266 0.100881453675591 0.8925930814205818, 
73, 0011111100, 0011111100, 0.5995618037826413, 0.9821219535252624, 0.0 0.0 0.0 0.0 0.005864106745181417 0.09554006535806232 0.8985958278967562, 
74, 0011111000, 0011111100, 0.5967839404069322, 0.9782696436189203, 0.0 0.0 0.0 0.001291529966109395 0.009235235860173918 0.10803707666780173 0.881436157505915, 
75, 0011111100, 0011111100, 0.5981816907691264, 0.98020791139745, 0.0 0.0 0.0 0.00028490624919823233 0.008184046838042103 0.10152971919162124 0.8900013277211385, 
76, 0011111100, 0011111100, 0.599845633435464, 0.9831324900046524, 0.0 0.0 0.0 0.00044571920827261033 0.0032556664486739248 0.09335656944992034 0.9029420448931332, 
77, 0011111000, 0011111100, 0.598358191716361, 0.9800641646257202, 0.0 0.0 0.0 0.0017012480062750406 0.01335478275653096 0.08780170271379144 0.8971422665234026, 
78, 0011111100, 0011111100, 0.5980189556141252, 0.9803624956999535, 0.0 0.0 0.0 0.0008773159615867548 0.007566152209000434 0.100060773497518 0.8914957583318948, 
79, 0011111100, 0011111100, 0.6006873897281202, 0.9835407648688486, 0.0 0.0 0.0 0.00030688813282622464 0.006684597809325818 0.08446555076977774 0.9085429632880703, 
80, 0011111100, 0011111000, 0.5990881870622234, 0.9809077045163797, 0.0 0.0 0.0 4.861646045066061e-05 0.010338298295966776 0.09373132692843687 0.8958817583151456, 
81, 0011111100, 0011111100, 0.5990170402053314, 0.9814745179850377, 0.0 0.0 0.00021246719400042576 0.0006968107367454256 0.006648704687578521 0.0949151817283787 0.8975268356532969, 
82, 0011111100, 0011111100, 0.601799978359432, 0.9850762401327062, 0.0 0.0 0.0 0.0008060772313456733 0.003200521485755748 0.08072328453821404 0.9152701167446845, 
83, 0011111100, 0011111100, 0.6000403178665156, 0.9829805679593403, 0.0 0.0 0.0 7.920496200379871e-06 0.007838760260355319 0.08641531023464614 0.9057380090087982, 
84, 0001111100, 0011111100, 0.5978696985108938, 0.979339269369776, 0.0 0.0 0.0 0.00023977561587733878 0.009203543660467982 0.10483796961277583 0.885718711110879, 
85, 0011111100, 0011111100, 0.5984774456052704, 0.9805678288971093, 0.0 0.0 0.0 0.0003671610758436861 0.01181516963985272 0.09186120411010755 0.895956465174196, 
86, 0011111100, 0011111100, 0.5997878508540034, 0.9830306485393486, 0.0 0.0 0.0 0.0 0.007082132612161185 0.08765184353958591 0.9052660238482528, 
87, 0011111100, 0011111100, 0.5979954208862661, 0.9804989984437992, 0.0 0.0 0.0 0.0 0.009952193011089764 0.09710162331502596 0.8929461836738843, 
88, 0011111100, 0011111100, 0.5989930655013634, 0.9813012295855885, 0.0 0.0 0.0 0.0004909900808670194 0.005585987781393875 0.0995476766810799 0.8943753454566592, 
89, 0011111100, 0011111110, 0.5985323055481415, 0.9807449887569912, 0.0 0.0 0.0 9.033144146238054e-05 0.008426708028396112 0.09840565707687321 0.8930773034532682, 
90, 0011111100, 0011111000, 0.6003169630185395, 0.9839229205217354, 0.0 0.0 3.872095224494025e-05 0.0008164706020852496 0.005397025299905836 0.08306413065454024 0.9106836524912237, 
91, 0011111100, 0011111100, 0.5982558237899273, 0.9793662131768834, 0.0 0.0 0.0 0.0002999948564136028 0.010303122723191237 0.10229649092307658 0.8871003914973187, 
92, 0011111110, 0011111100, 0.6001956034405139, 0.9831921392458548, 0.0 0.0 0.0 0.00011306269400823682 0.004792206198338978 0.09092356404616889 0.904171167061484, 
93, 0011111100, 0011111100, 0.5988884801296193, 0.9813566421763953, 0.0 0.0 0.0 4.765284613410276e-05 0.009549264256753082 0.09261865988971965 0.8977844230073933, 
94, 0011111100, 0011111100, 0.5971276780899136, 0.9784331166886588, 0.0 0.0 0.0 0.0 0.009781114234344987 0.10983907139935706 0.880379814366298, 
95, 0011111100, 0111111100, 0.6002832310481243, 0.9834642439054309, 0.0 0.0 0.0 0.00028920054839860824 0.005913908371800283 0.08651911817861763 0.9072777729011835, 
96, 0011111000, 0011111100, 0.5996259413028846, 0.9828046022747745, 0.0 0.0 0.0009887305588608978 0.0007797502669923645 0.005418053831703421 0.08604210565152551 0.9067713596909179, 
97, 0011111100, 0011111100, 0.6005828900743432, 0.9839988472041605, 0.0 0.0 0.00034592534217789053 0.0003060069339569977 0.004439616587933103 0.08482596142858709 0.910082489707345, 
98, 0011111100, 0011111100, 0.5997796060451448, 0.9829640726937023, 0.0 0.0 0.0 7.861716137698718e-05 0.006994828885944446 0.087990054581766 0.9049364993709126, 
99, 0111111100, 0011111100, 0.6004488074024285, 0.9839879356081562, 0.0 0.0 0.0 0.0006524912459908283 0.006242140044472969 0.0816306325241444 0.9114747361853918, 
100, 0011111100, 0011111100, 0.5992277010492739, 0.9824432675533226, 0.0 0.0 0.0 0.0010038716528015335 0.005174019960502343 0.09198073980065535 0.9018413685860408, 
run, initial grid state, final grid state, mean grid cell occupancy, mean binding site occupancy, fraction of time with N TFs bound, warning
1, 0011111110, 0011111100, 0.6002622275539435, 0.9831047271977462, 0.0 0.0 0.0 0.00010040634669871557 0.005395756423575764 0.0902789049262752 0.9042249323034504, 
2, 0011111100, 0011111100, 0.600174401102523, 0.983287040420697, 0.0 0.0 0.0 0.0 0.004435820708480562 0.09140611605885673 0.9041580632326627, 
3, 0011111100, 0011111100, 0.5998299665773377, 0.9827096394167161, 0.0 0.0 0.0 0.0 0.006377243164505404 0.0909876771706929 0.9026350796648016, 
4, 0011111100, 0011111100, 0.599727963882037, 0.9820617173531448, 0.0 0.0 0.00022460942916983649 0.0005223872207484926 0.006283658238732466 0.0925967800247413 0.9003725650866079, 
5, 0011111100, 0011111100, 0.6007312426920555, 0.9845275279897205, 0.0 0.0 0.0 0.0 0.006277574263586685 0.0802796835345039 0.9134427422019094, 
6, 0111111100, 0011111100, 0.6001001911647207, 0.9833648472435729, 0.0 0.0 0.0 9.902129220701398e-05 0.007723649183986314 0.08406655429396956 0.9081107752298371, 
7, 0011111100, 0011111100, 0.599731768955665, 0.9827506642856252, 0.0 0.0 0.0 0.00046881909935866077 0.008035515933843346 0.08601852512048634 0.9054771398463116, 
8, 0011111100, 0011111000, 0.5990811569603169, 0.9820023832098094, 0.0 0.0 0.0 0.0 0.006906284699766965 0.09417313134161019 0.8989205839586228, 
9, 0011111100, 0011111100, 0.6011997529638236, 0.9850211011878107, 0.0 0.0 0.0 0.0 0.005881726666610425 0.07810993953991506 0.9160083337934745, 
10, 0011111100, 0011111100, 0.5976250211502088, 0.9792286353737233, 0.0 0.0 0.0 0.0001481456705158807 0.011097427940884586 0.10198889486434384 0.8867655315242556, 
11, 0011111100, 0001111100, 0.5994395081423589, 0.9817262724578566, 0.0 0.0 0.0 0.0 0.008307694109299478 0.09302697703426237 0.8986653288564381, 
12, 0011111100, 0011111100, 0.5995368272020599, 0.9824132064206639, 0.0 0.0 0.0 0.0 0.0050590349325686365 0.09540269161087937 0.899538273456552, 
13, 0011111100, 0111111100, 0.6016608073175205, 0.9855008436499635, 0.0 0.0 0.0 1.0619273935613177e-05 0.006291104289364516 0.07438087169968347 0.9193174047370164, 
14, 0111111100, 0011111100, 0.6000374880360628, 0.9834290595802226, 0.0 0.0 0.0 0.0007584204804916892 0.00544183613940897 0.08626670879837126 0.9075330345817281, 
15, 0011111100, 0011111100, 0.5996598700075517, 0.9824163555421762, 0.0 0.0 0.0 0.0007096687981419265 0.007248995980681478 0.08887486839115369 0.9031664668300229, 
16, 0011111110, 0011111100, 0.598660022829904, 0.9807381564180071, 0.0 0.0 0.0 0.0005324814213369573 0.011413642927565821 0.09114633137281525 0.896907544278282, 
17, 0011111100, 0011111100, 0.598508898128151, 0.9804414975592498, 0.0 0.0 0.0004979285387137106 0.0017225885191698583 0.006583251052404297 0.09702503282732772 0.8941711990623844, 
18, 0011111100, 0011111100, 0.5994087081592555, 0.9826326941436766, 0.0 0.0 0.0 0.0008778721726955118 0.007598754257457202 0.08637271010493897 0.9051506634649084, 
19, 0011111100, 0011111100, 0.5982422555425009, 0.9804064928312342, 0.0 0.0 0.0 0.00110567833636457 0.00821397468920609 0.09781605862508946 0.8928642883493398, 
20, 0011111100, 0001111100, 0.599383552853993, 0.9825860132829259, 0.0 0.0 0.0 0.00024647089938562537 0.009307062253697986 0.08513038309689128 0.9053160837500251, 
21, 0011111100, 0011111100, 0.5967067173444737, 0.9779967051612706, 0.0 0.0 0.0 6.472112137539046e-05 0.010608399880261212 0.11060880590772809 0.8787180730906354, 
22, 0011111100, 0011111100, 0.5966703179428298, 0.9781789182752851, 0.0 0.0 0.0 4.49755104451662e-05 0.011940993482079682 0.10690957685279467 0.8811044541546804, 
23, 0011111100, 0011111100, 0.5979082028776975, 0.9799978183270512, 0.0 0.0 0.0 0.000530908080554766 0.008839435244949786 0.10074149530612879 0.8898881613683667, 
24, 0011111110, 0011111100, 0.5992125969045053, 0.9817217762436148, 0.0 0.0 0.0 0.0009443613928295831 0.007086471898535237 0.0926633145627522 0.899305852145883, 
25, 0011111100, 0011111100, 0.5973786487757725, 0.9788457652141048, 0.0 0.0 0.00041003970657604074 0.002069766311225777 0.011971491350589279 0.09513296825421068 0.8904157343773982, 
26, 0111111100, 0001111100, 0.6006137382494037, 0.9843241742144396, 0.0 0.0 0.0 0.0 0.005708452941689886 0.08263804882998291 0.9116534982283272, 
27, 0011111100, 0011111100, 0.5994406896042176, 0.9827093385804488, 0.0 0.0 0.0 0.0 0.004011131450578556 0.09572170561614937 0.900267162933272, 
28, 0011111000, 0001111100, 0.5992764212129431, 0.9822574881955592, 0.0 0.0 0.0 0.0004493927452937194 0.006410692704737501 0.09228550718128817 0.9008544073686806, 
29, 0011111100, 0111111100, 0.5997585484252068, 0.9829412085711176, 0.0 0.0 0.0 1.941176370779673e-05 0.011389024413092901 0.07951646445598484 0.9090750993672145, 
30, 0011111100, 0011111100, 0.6006783278347313, 0.9839678444907513, 0.0 0.0 0.0 0.0005083670658075206 0.008916826044149949 0.07683417976977083 0.9137406271202716, 
31, 0011111100, 0011111100, 0.5992301905182822, 0.98179622000641, 0.0 0.0 0.0 0.000350007317850391 0.009595608178995992 0.08898144164999712 0.9010729428531565, 
32, 0011111100, 0011111100, 0.5982060010294793, 0.9801137468683059, 0.0 0.0 0.0 0.0013972822071599959 0.009891257199414036 0.0953431577698568 0.8933683028235693, 
33, 0011111100, 0011111100, 0.598000774508831, 0.9802419345993091, 0.0 0.0 0.0 0.0 0.006988605758783121 0.1045711808865798 0.8884402133546371, 
34, 0011111100, 0011111100, 0.5988626579493426, 0.9810690098616737, 0.0 0.0 0.0 0.0003100483712175914 0.006706311402873441 0.09924317291055809 0.893740467315351, 
35, 0011111100, 0011111100, 0.5996732042863981, 0.9822461984045231, 0.0 0.0 0.0002518230746521836 0.0005607719821315364 0.008189602724138316 0.08745399587958189 0.903543806339496, 
36, 0011111100, 0011111100, 0.5988006478598323, 0.9809434498022169, 0.0 0.0 0.0 0.0 0.006534558417584951 0.1012701843515289 0.8921952572308862, 
37, 0011111110, 0011111100, 0.599205819838395, 0.9819177337447422, 0.0 0.0 7.3680220083793e-05 0.0009884181033962538 0.008520453892122066 0.088192714556779 0.9022247332276189, 
38, 0011111100, 0011111100, 0.5979197666907682, 0.9795981204198746, 0.0 0.0 0.0 3.3771497250738593e-06 0.009558895693530405 0.10328335464451628 0.8871543725122283, 
39, 0011111100, 0011111100, 0.5991084849067695, 0.981407484931138, 0.0 0.0 0.0 0.0006872103763687043 0.009892249068330972 0.08970896114740376 0.8997115794078966, 
40, 0011111100, 0011111100, 0.59850125568608, 0.980698666787148, 0.0 0.0 0.0 0.0005994172573058946 0.01009527778625691 0.09381919193268062 0.8954861130237566, 
41, 0011111100, 0011111100, 0.6017395985406936, 0.9853604179426481, 0.0 0.0 0.0 0.0 0.004506780112955712 0.07882393211820093 0.9166692877688434, 
42, 0011111100, 0011111100, 0.5987855766414618, 0.9806987147159776, 0.0 0.0 0.0 0.0005980135684990882 0.007750143109690802 0.09851338477925542 0.8931384585425546, 
43, 0011111100, 0011111100, 0.6001721939269694, 0.9835785819480243, 0.0 0.0 0.0 0.001982884858310464 0.00504672093205012 0.08248641187282307 0.9104839823368164, 
44, 0011111100, 0011111000, 0.5966460996755371, 0.9781780646205666, 0.0 0.0 0.0 0.0012860637300131823 0.010047466760190365 0.10697848756617985 0.8816879819436166, 
45, 0011111100, 0011111110, 0.5991654006112951, 0.9810068284201666, 0.0 0.0 0.0 0.0 0.006602326286765042 0.10075437690547043 0.8926432968077647, 
46, 0011111100, 0011111000, 0.5989880595781822, 0.9821838775216636, 0.0 0.0 0.0 0.00013426455322217373 0.011289925797390079 0.08391408961557148 0.9046617200338163, 
47, 0011111100, 0011111100, 0.6005082403434191, 0.9837060375224317, 0.0 0.0 0.0 0.002314860923899071 0.003980579509591066 0.08285803307453043 0.9108465264919794, 
48, 0011111100, 0011111100, 0.5982853718412332, 0.9814651220805576, 0.0 0.0 0.0 0.0007751218687755152 0.00441054151574623 0.1000628188788353 0.8947515177366431, 
49, 0011111100, 0011111100, 0.5992118239967632, 0.982169537092249, 0.0 0.0 0.0 0.0005902722040814444 0.005239095134440809 0.09473377056538064 0.8994368620960972, 
50, 0011111100, 0011111000, 0.5997710013751134, 0.9826183223099753, 0.0 0.0 0.0 5.827996631423632e-05 0.005036948317194836 0.09404132960681667 0.9008634421096743, 
51, 0011111100, 0011111100, 0.5992956729263369, 0.9823780699953767, 0.0 0.0 0.0 0.00027259780103978655 0.007877506062157948 0.08915877450030436 0.9026911216364979, 
52, 0011111100, 0011111100, 0.6001707390761948, 0.9840723885974698, 0.0 0.0 0.0 0.0001939303002849079 0.0038455878833592396 0.08729270174760771 0.9086677800687482, 
53, 0011111100, 0011111100, 0.5989156040047814, 0.9809827687756385, 0.0 0.0 0.00011672592866102853 0.00023217529713256017 0.00895015986046913 0.09503963801918888 0.8956613008945484, 
54, 0011111100, 0011111100, 0.599553703557115, 0.9818555831167979, 0.0 0.0 0.0 0.0005526189324165526 0.006276145128190885 0.09465635424558172 0.8985148816938109, 
55, 0011111100, 0011111100, 0.6004149569607068, 0.9834191944982043, 0.0 0.0 0.0 0.00015335147729975834 0.004407140605947426 0.09021049736698049 0.9052290105497722, 
56, 0011111100, 0011111100, 0.5980913448189638, 0.9804981774240428, 0.0 0.0 0.0 0.0 0.00946765559932686 0.09807562425708914 0.892456720143584, 
57, 0011111100, 0011111000, 0.5999946820931435, 0.9828103879284806, 0.0 0.0 0.0 7.259790738944495e-05 0.00699966240992607 0.0889205538870955 0.9040071857955889, 
58, 0111111100, 0011111100, 0.5990003989919476, 0.9819402093850206, 0.0 0.0 0.0 0.00020887467680295307 0.005930498304011821 0.09587112305144395 0.8979895039677414, 
59, 0011111100, 0011111100, 0.5974243661943928, 0.979376102973417, 0.0 0.0 0.0 0.000623870642097791 0.006429733597985931 0.10901230303723351 0.8839340927226829, 
60, 0011111100, 0011111100, 0.5976943597928146, 0.9796996560857688, 0.0 0.0 0.0 0.00018436412744385854 0.010318426102764903 0.1006121188975257 0.8888850908722655, 
61, 0011111100, 0011111100, 0.599461363766281, 0.9817945220623319, 0.0 0.0 0.0 0.00019122779138322385 0.008236680675737853 0.0921858229003834 0.8993862686324955, 
62, 0011111100, 0011111100, 0.5989121218330796, 0.9808643873924279, 0.0 0.0 0.0 0.0005224201412334328 0.0058304193349954835 0.10158557655174055 0.8920615839720305, 
63, 0011111100, 0011111100, 0.5998791425072116, 0.9823921209055059, 0.0 0.0 0.0 0.0005051651716094925 0.00886739592892817 0.08639698719428004 0.9042304517051822, 
64, 0011111100, 0011111100, 0.5997330898864416, 0.9825508272822077, 0.0 0.0 0.0 0.0 0.00805476781325933 0.08858550068023562 0.9033597315065051, 
65, 0011111100, 0011111100, 0.5990116911144535, 0.9812182077051804, 0.0 0.0 0.0 3.6821285310387605e-05 0.010306542218470324 0.09196720547604557 0.8976894310201738, 
66, 0011111100, 0011111100, 0.5990659599529679, 0.9809732150103538, 0.0 0.0 0.0 0.000513314285974162 0.0073911792390647804 0.09783840860182515 0.8942570978731359, 
67, 0011111100, 0011111100, 0.5990684856528543, 0.981699201102507, 0.0 0.0 0.0 0.000924688626958529 0.006760741941852863 0.09350924362037642 0.8988053258108122, 
68, 0111111100, 0011111100, 0.5983445655734616, 0.9800564572228068, 0.0 0.0 0.000347932714791752 0.0012924664501816317 0.010391162664983538 0.09360980112348052 0.8943586370465626, 
69, 1111111100, 0011111100, 0.5995090449035212, 0.9819801581346881, 0.0 0.0 0.0 0.00036714172411245953 0.006082133597527018 0.09485335882448051 0.8986973658538799, 
70, 0000000000, 0011111100, 0.5779628986045376, 0.9466910091698199, 0.03789342737039506 0.00024398966473490862 0.0001455400168806456 1.4067628565189382e-05 0.006233382319533689 0.07818230484275039 0.8772872881571401, 
71, 0011111100, 0011111100, 0.5984244355419428, 0.9805505396120752, 0.0 0.0 0.0 0.00012671047622714722 0.013135017908041674 0.0900465950827849 0.8966916765329462, 
72, 0011111100, 0011111100, 0.5990864133771262, 0.9817048243965474, 0.0 0.0 0.0007378577832636378 0.0008703502672367152 0.006406781570548952 0.09139500854485297 0.9005900018340978, 
73, 0011111100, 0011111110, 0.5984054100948468, 0.9806897640300482, 0.0 0.0 0.0 0.00015515549116384414 0.009452019416425114 0.09649191051336915 0.893900914579042, 
74, 0011111100, 0011111100, 0.5983624491006481, 0.9805159727004824, 0.0 0.0 0.0 0.00048377997814678004 0.009285297483985693 0.09688222889469365 0.8933486936431738, 
75, 0001111100, 0011111100, 0.5994912402799084, 0.9826323830566475, 0.0 0.0 0.0 0.0 0.006421983008752513 0.09136173564261034 0.9022162813486372, 
76, 0011111100, 0011111100, 0.6004960718240429, 0.9840161943630753, 0.0 0.0 0.0 9.056655473118735e-05 0.005431088015604771 0.08476895812614503 0.909709387303519, 
77, 0011111100, 0011111100, 0.6004886643450064, 0.9833374309367215, 0.0 0.0 0.0 0.0 0.007110866364158253 0.0857536816513538 0.9071354519844879, 
78, 0011111100, 0011111000, 0.5975765783235341, 0.9798615964782139, 0.0 0.0 0.0 0.0015496576085333737 0.010363600912980511 0.09545424647915499 0.8926324949993311, 
79, 0011111100, 0011111100, 0.6000544978539085, 0.9834977492471211, 0.0 0.0 0.0 0.0 0.0030814766187738517 0.0928505512797255 0.9040679721015006, 
80, 0011111100, 0011111100, 0.5993938284700742, 0.9816943812050343, 0.0 0.0 0.0 0.0001929449611554259 0.007565418354722474 0.09412404117688355 0.8981175955072386, 
81, 0011111100, 0011111100, 0.6005579847419497, 0.9838134974757595, 0.0 0.0 0.0 0.0005579959536677314 0.007078862046021747 0.08128730319239669 0.9110758388079139, 
82, 0011111100, 0011111100, 0.6010676316378264, 0.9841392735303558, 0.0 0.0 0.0 0.000492178840275208 0.0031383748633150754 0.08741107257040996 0.9089583737259997, 
83, 0011111100, 0011111100, 0.5995269514114447, 0.9820011912600817, 0.0 0.0 0.0 9.116093431095281e-05 0.007043605738753074 0.09363215815907121 0.8992330751678648, 
84, 0011111100, 0011111100, 0.5994257390977583, 0.9818418304822969, 0.0 0.0 0.0 0.000697437132452187 0.006889313640651418 0.0930780784275587 0.8993351707993377, 
85, 0011111100, 0011111100, 0.5998305719478202, 0.9826254821340696, 0.0 0.0 0.0 0.00043538556475724487 0.008258171969092646 0.08642460656312452 0.9048818359030256, 
86, 0011111100, 0011111100, 0.5996472819030434, 0.9829199225607067, 0.0 0.0 0.0 3.737541604984374e-05 0.0059509223580371745 0.09046649367153599 0.903545208554377, 
87, 0011111000, 0011111100, 0.5966774121071888, 0.9782960248416017, 0.0 0.0 0.0 0.0014540368272774275 0.00965823442023722 0.10654527162808276 0.8823424571244025, 
88, 0011111100, 0011111100, 0.5982289279593804, 0.9807428762267019, 0.0 0.0 0.0006951899134713126 0.0007021341993590195 0.007737365682704249 0.09518084902241868 0.8956844611820467, 
89, 0011111110, 0011111100, 0.6003631251611843, 0.983335308240258, 0.0 0.0 0.0 0.0 0.005919528636602663 0.08814909328524641 0.9059313780781508, 
90, 0011111000, 0011111100, 0.5994251555822344, 0.9818148844486535, 0.0 0.0 0.0 0.000571778418040829 0.006757402650186873 0.09388055275358216 0.8987902661781901, 
91, 0011111100, 0011111100, 0.5973941254165128, 0.9790464040478652, 0.0 0.0 0.0 0.0005958929013714051 0.009408560830969342 0.10511677534675512 0.8848787709209042, 
92, 0011111100, 0011111100, 0.5998607691542636, 0.9825561305122577, 0.0 0.0 0.0 4.90847920353072e-05 0.008506040796287214 0.08750388095777378 0.9039409934539037, 
93, 0011111100, 0011111100, 0.599008070264508, 0.9812069732602499, 0.0 0.0 0.0 0.0003178724912940604 0.008927783016646276 0.09394897693132595 0.8968053675607336, 
94, 0011111100, 0011111100, 0.5962442428115075, 0.9769008213858201, 0.0 0.0 0.0 0.0009596144511976127 0.01015485059645295 0.11540652713858028 0.8734790078137691, 
95, 0011111100, 0011111100, 0.6001280461415792, 0.982792132086053, 0.0 0.0 0.0 0.0010076696238052844 0.004197929266260322 0.09182834007974494 0.9029660610301894, 
96, 0011111000, 0011111100, 0.5994029951956148, 0.9814943068995123, 0.0 0.0 0.0 0.0010003975698056958 0.010546364149477516 0.08694023759455388 0.901513000686163, 
97, 0011111100, 0011111100, 0.5992146606537128, 0.9816159159555568, 0.0 0.0 0.0 6.02248883017117e-06 0.0054651634633309356 0.0993561098735066 0.8951727041743323, 
98, 0011111100, 0111111100, 0.5962218132496631, 0.9777622428097344, 0.0 0.0 0.0 0.0021367033317627364 0.011812781031690367 0.10339087108292436 0.8826596445536226, 
99, 0011111100, 0011111100, 0.5996614283436138, 0.9820221796705056, 0.0 0.0 0.0 0.0009721349182045068 0.008927360528188063 0.08709579616597685 0.9030047083876306, 
100, 0011111100, 0011111100, 0.5997507275987684, 0.9822663962634732, 0.0 0.0 0.0 0.0002986564687977021 0.008491087178045425 0.08852347865667652 0.9026867776964804, 
run, initial grid state, final grid state, mean grid cell occupancy, mean binding site occupancy, fraction of time with N TFs bound, warning
1, 0011111100, 0011111000, 0.5992758236196404, 0.9819431069937087, 0.0 0.0 0.0 0.0 0.007981418726392417 0.0923785205849629 0.8996400606886445, 
2, 0011111100, 0011111100, 0.5964757494052223, 0.9778700370870641, 0.0 0.0 4.0456368586431654e-05 0.001982696629396943 0.010223385715563672 0.10622309068395117 0.8815303706025018, 
3, 0011111100, 0011111100, 0.5973819699999037, 0.979472867209949, 0.0 0.0 0.0 0.0007656313865771179 0.010370817185700137 0.10012426820917472 0.8887392832185481, 
4, 0011111100, 0011111110, 0.6002318620121397, 0.9834278196470543, 0.0 0.0 0.0 0.00021345216850961955 0.00685892640668485 0.08507487279877562 0.9078527486260299, 
5, 0011111100, 0011111100, 0.6005280295508687, 0.9840552425341516, 0.0 0.0 0.0 0.0001486035774795498 0.0070990552466486745 0.0810246235693554 0.9117277176065164, 
6, 0011111100, 0011111100, 0.5991103576025274, 0.9818146657535967, 0.0 0.0 0.0 0.0004934986531694729 0.00785977395030981 0.09191196161829203 0.8997347657782286, 
7, 0011111100, 0011111100, 0.6009338298185507, 0.9846286229116589, 0.0 0.0 0.0 0.00015083681156203858 0.004395802236997821 0.08298414762136505 0.9124692133300751, 
8, 0011111100, 0011111100, 0.5996328452530947, 0.9822584057024413, 0.0 0.0 0.0 0.000598188425045354 0.00440658323062664 0.09584183404896264 0.8991533942953653, 
9, 0011111110, 0011111100, 0.5986563324325256, 0.9806861465877365, 0.0 0.0 0.0 0.0003511699735989599 0.009494976219772983 0.09583965811323819 0.8943141956933899, 
10, 0011111100, 0011111100, 0.5991949724985578, 0.9814697215286633, 0.0 0.0 0.0 0.0026293869123994733 0.010468151211989872 0.08235720766684206 0.9045452542087685, 
11, 0111111100, 0011111100, 0.6002597775844746, 0.9834859572345982, 0.0 0.0 0.000382562597164313 0.0005763413647505356 0.006781182306240967 0.08226261749702013 0.9099972962348241, 
12, 0011111100, 0011111110, 0.6011697509499391, 0.9850794852081564, 0.0 0.0 0.0 3.538685674269994e-05 0.004314472332283871 0.08078798351626669 0.9148621572947068, 
13, 0011111100, 0011111100, 0.6013940710755248, 0.9847442946987836, 0.0 0.0 0.0 0.0 0.0056243077234923835 0.08028561636031387 0.9140900759161938, 
14, 0011111100, 0011111100, 0.6008797798206887, 0.9842848086241054, 0.0 0.0 0.0 0.0 0.005140812978426345 0.08400952229851465 0.9108496647230591, 
15, 0011111000, 0011111100, 0.6000828095723609, 0.9827775418848556, 0.0 0.0 0.0 0.0 0.007812253919517482 0.08771024085183189 0.9044775052286506, 
16, 0011111100, 0011111100, 0.5995305720842987, 0.9829805471082126, 0.0 0.0 0.0 0.00010978813525815804 0.0065369724815781795 0.08871340798179471 0.9046398314013689, 
17, 0011111100, 0011111100, 0.5987483982855908, 0.9811632382863322, 0.0 0.0 0.0 0.00042483256438777554 0.008044830589218135 0.09565641141040758 0.8958739254359865, 
18, 0011111100, 0111111100, 0.59979324871037, 0.9823100333796533, 0.0 0.0 0.0 0.00030641322029959585 0.004818273741753679 0.09558401257767343 0.8992913004602733, 
19, 0011111100, 0001111000, 0.5974237171088108, 0.9786602209127071, 0.0 0.0 0.0 0.001492446761089109 0.01110141365210321 0.10135850693628366 0.886047632650524, 
20, 0011111100, 0011111100, 0.597491254420586, 0.9788787345316081, 0.0 0.0 0.000753511690235592 0.0006958824575806089 0.011847476203721796 0.09793094626922391 0.888772183379238, 
21, 0011111100, 0011111100, 0.599484461379908, 0.9823941709754306, 0.0 0.0 0.0 0.0001695500797778297 0.0075062734568624116 0.09011377699435791 0.9022103994690018, 
22, 0011111000, 0011111100, 0.5989561979616982, 0.9814806326927362, 0.0 0.0 0.0 0.0005619042444176333 0.011454257469612728 0.08652197617110459 0.9014618621148651, 
23, 0011111100, 0011111100, 0.5994123640681427, 0.9821075766369087, 0.0 0.0 0.00011079850264533644 0.0011724187165300618 0.008644055103333681 0.08610597981170884 0.9039667478657821, 
24, 0011111100, 0011111100, 0.5999999727045231, 0.9834624703477345, 0.0 0.0 0.0 7.1472749485856e-05 0.006073335905940475 0.08686408785325402 0.9069911034913197, 
25, 0011111100, 0011111100, 0.5977633613237225, 0.9794232730983444, 0.0 0.0 0.0 0.0004853926088316951 0.005644536516473881 0.11071511055049015 0.8831549603242044, 
26, 0011111100, 0111111100, 0.6004850046791632, 0.9836654508272246, 0.0 0.0 0.0001746103832406657 0.0015991174366585695 0.006348836238337144 0.07981382871703985 0.9120636072247237, 
27, 0001111100, 0011111100, 0.5985584856005619, 0.9805724424351875, 0.0 0.0 0.0 0.0001223035171012651 0.01131918105781642 0.09356007272193823 0.8949984427031441, 
28, 0011111100, 0111111100, 0.5988212703396621, 0.9812941858211188, 0.0 0.0 2.34775202131839e-05 0.00035367276282419755 0.008299250318250084 0.09448145606746201 0.8968421433312506, 
29, 0011111100, 0011111110, 0.5978988595602094, 0.9796604078444388, 0.0 0.0 0.00024483091890255607 0.0006247526891314273 0.011866265970058482 0.09545143925024548 0.891812711171662, 
30, 0001111100, 0011111100, 0.5975471961780643, 0.9793352757453626, 0.0 0.0 0.0 0.0007659475044463503 0.012246495696708033 0.09719751162106958 0.889790045177776, 
31, 0011111100, 0011111100, 0.6001831022455736, 0.9835808301264785, 0.0 0.0 0.00038065053627740764 0.0005553991926433926 0.00542488172805559 0.08447645606197873 0.9091626124810449, 
32, 0011111100, 0011111100, 0.6000567327920086, 0.9830169460301187, 0.0 0.0 0.0 0.00014349608086813062 0.007894449039259918 0.08567893749816355 0.9062831173817084, 
33, 0011111100, 0001111100, 0.5975210951924754, 0.9798269954095737, 0.0 0.0 0.0 0.0005373332076459838 0.008067677726217984 0.1032906724671834 0.8881043165989526, 
34, 0011111100, 0011111100, 0.5978744977525035, 0.9794545340240077, 0.0 0.0 0.0 0.0003453528341778119 0.008119239532717686 0.10599825828798523 0.8855371493451193, 
35, 0011111100, 0011111100, 0.5994113837310214, 0.9824205121632728, 0.0 0.0 0.0 0.00035343987164707406 0.006206707822632463 0.09200319176015707 0.9014366605455634, 
36, 0011111100, 0011111100, 0.5992489700308035, 0.9827702534847118, 0.0 0.0 0.0 0.0 0.005670263692327475 0.09203795170707495 0.9022917846005976, 
37, 0011111100, 0001111100, 0.5990428820962682, 0.9813454084590306, 0.0 0.0 0.0 0.0006849076752308525 0.007676870724805719 0.09451908477051268 0.8971191368294507, 
38, 0011111100, 0011111110, 0.5971862312459201, 0.9787656423056075, 0.0 0.0 0.0 0.0022039350792440343 0.010603311972920776 0.09958771698278225 0.8876050359650529, 
39, 0011111100, 0011111100, 0.5982264332181293, 0.9801159962238867, 0.0 0.0 0.0 0.0007218365860481772 0.0074632839826349 0.10221194493326546 0.8896029344980515, 
40, 0011111100, 0011111100, 0.5987226531376576, 0.9807826775147237, 0.0 0.0 0.0 0.00017437528543693678 0.008466876287290336 0.09784705648076615 0.8935116919465066, 
41, 0011111100, 0011111100, 0.5978405298324863, 0.9799846753533445, 0.0 0.0 0.0 0.00034246343682800014 0.010575337740234546 0.09791388208897928 0.8911683167339581, 
42, 0011111100, 0001111100, 0.5991487843487336, 0.9820281628632708, 0.0 0.0 0.0 0.0 0.00676862772183684 0.09429376737670186 0.8989376049014612, 
43, 0011111100, 0011111100, 0.5987950687631941, 0.981523210139076, 0.0 0.0 0.0 0.0008422047976795831 0.005731606025183073 0.0968709127221394 0.896555276454998, 
44, 0011111100, 0011111100, 0.6001816616802862, 0.9835694225287819, 0.0 0.0 0.0 0.0 0.0027760184008637635 0.09303142802558112 0.9041925535735552, 
45, 0011111100, 0011111100, 0.6009429873302176, 0.984836419770045, 0.0 0.0 0.0 0.0010071551108820098 0.007001741378761785 0.07395653328956103 0.9180345702207953, 
46, 0011111100, 0011111100, 0.6001148112264456, 0.9828485954262383, 0.0 0.0 0.0 0.000812488297379258 0.007340216055691561 0.08579053043904956 0.9060567652078796, 
47, 0011111100, 0011111100, 0.6008916161036918, 0.984275289404037, 0.0 0.0 0.0 0.00020354478240149358 0.008140005545041774 0.07745761813849046 0.9141988315340663, 
48, 0011111100, 0001111000, 0.5972046181037837, 0.9782673898583532, 0.0 0.0 0.0 0.0002870462357372329 0.009327468023404166 0.11087958609586136 0.8795058996449973, 
49, 0011111100, 0011111110, 0.5986524574000586, 0.9813375581881041, 0.0 0.0 0.0 0.00044960491484454695 0.007820627659987912 0.0949845808068661 0.8967451866183014, 
50, 0011111100, 0011111100, 0.5994480863257267, 0.9818826774156029, 0.0 0.0 0.0 0.0003299676805532546 0.006723201826521591 0.09426762881167979 0.8986792016812454, 
51, 0111111110, 0011111100, 0.5989357358981913, 0.980562378314737, 0.0 0.0 0.0 0.0002278893321455802 0.00884717561618233 0.0982477108827765 0.8926772241688955, 
52, 0011111100, 0011111100, 0.5980703365291554, 0.980028303375118, 0.0 0.0 0.0 0.00015925413186930473 0.007804608753693373 0.1037431998462978 0.8882929372681395, 
53, 0011111100, 0011111100, 0.5882360900479793, 0.9636236534539787, 0.018351007100403535 8.763511774233408e-05 0.0004038407602966399 0.0005803972407990409 0.006104528361306546 0.09214824959879808 0.8823243418206538, 
54, 0011111000, 0011111100, 0.5997013589856167, 0.9825510786512899, 0.0 0.0 0.0 0.0 0.009062939963783231 0.08656764816469555 0.9043694118715211, 
55, 0011111100, 0011111100, 0.5982793277923472, 0.9800712081876795, 0.0 0.0 0.00035176933268785474 0.0017183671879970174 0.007497204433174388 0.09801616311283226 0.8924164959333085, 
56, 0011111100, 0011111100, 0.5989507035139007, 0.9809895653208788, 0.0 0.0 0.0 0.0012580666845316544 0.00815755687898225 0.09397329426316751 0.8966110821733186, 
57, 0011111100, 0011111100, 0.6003314813006926, 0.9837168422303164, 0.0 0.0 0.0 0.0020219593660775817 0.004037039074346473 0.0835589903711762 0.9103820111883997, 
58, 0011111100, 0011111100, 0.6005010453427346, 0.9838753810556311, 0.0 0.0 0.0 0.0006444814884119941 0.008880304819020152 0.07705365956293726 0.9134215541296307, 
59, 0011111100, 0011111110, 0.5998967022458823, 0.9825354939071397, 0.0 0.0 0.0 0.0 0.0043942796371140855 0.09599847728293422 0.8996072430799518, 
60, 0011111100, 0011111100, 0.5987514477212258, 0.9816611074880878, 0.0 0.0 0.0 0.00018957859979406707 0.009095363889984878 0.09127389149212124 0.8994411660180998, 
61, 0011111100, 0011111100, 0.6001911533257624, 0.9834079840313572, 0.0 0.0 0.0 0.00020623567085669152 0.008066395063492712 0.08280059867230039 0.9089267705933503, 
62, 0011111100, 0011111100, 0.5985464247037757, 0.9805188573949825, 0.0 0.0 0.0 0.0012551582854669434 0.005969330077991939 0.10118272061772156 0.8915927910188196, 
63, 0011111000, 0001111100, 0.5982413086220372, 0.9802146700803276, 0.0 0.0 0.0 0.0004907325974641527 0.007926229546886257 0.1013873226318696 0.89019571522378, 
64, 0011111100, 0011111100, 0.5996105417929126, 0.9828602832423409, 0.0 0.0 0.0 0.0 0.006694010429369487 0.08945027968721683 0.9038557098834137, 
65, 0011111100, 0011111100, 0.599205574462728, 0.9814696450020554, 0.0 0.0 0.0 0.00025192321805284133 0.006560017275045996 0.09730632578341751 0.8958817337234837, 
66, 0011111000, 0011111100, 0.6000513253912765, 0.9834799956222147, 0.0 0.0 0.0 0.0 0.004607896188258643 0.08990423389019506 0.9054878699215463, 
67, 0011111100, 0011111100, 0.6007401362132612, 0.9841772432068245, 0.0 0.0 1.2864613842850638e-05 0.0002539225229073706 0.0040571157057723685 0.0860090833234148 0.9096670138340627, 
68, 0011111100, 0011111100, 0.5991580322948417, 0.9816582948827905, 0.0 0.0 8.657466068597066e-05 0.00017235140455325798 0.011263337957779252 0.08666020193129467 0.9018175340456869, 
69, 0011111100, 0011111100, 0.6003585883491145, 0.9834336325546721, 0.0 0.0 0.0 0.00016829645406041824 0.006461519609317055 0.08597027609115226 0.9073999078454702, 
70, 0011111100, 0011111100, 0.5991332795233021, 0.9817997017630916, 0.0 0.0 0.0 0.00019322834470181236 0.0082060111036959 0.09221008217995316 0.8993906783716491, 
71, 0011111100, 0011111100, 0.5987266200595451, 0.9805764643394163, 0.0 0.0 0.00012980883182173682 0.001087052130448137 0.005267969828805976 0.10222488258725951 0.8912902866216647, 
72, 0011111100, 0011111100, 0.5972918196486405, 0.9788475801408784, 0.0 0.0 0.0 0.00015265800291504176 0.013296170865745006 0.09986420341449481 0.8866869677168451, 
73, 0011111100, 0011111110, 0.5991003711231015, 0.9815559741204584, 0.0 0.0 0.0 0.0002414281761532241 0.005886293832118702 0.09816728308455287 0.8957049949071753, 
74, 0011111100, 0011111100, 0.6000162333924639, 0.9833111897419159, 0.0 0.0 0.0 0.0 0.005136406053213764 0.0898600494420769 0.9050035445047093, 
75, 0011111100, 0011111100, 0.5992233317294393, 0.9819549462026853, 0.0 0.0 0.0 0.0003783678215645608 0.005057322815126269 0.09702057368894218 0.897543735674367, 
76, 0011111100, 0011111100, 0.6000503641782551, 0.9826683822001131, 0.0 0.0 0.0 0.000412584588114307 0.00593327739701078 0.09088539824095601 0.9027687397739189, 
77, 0011111100, 0011111100, 0.5970064544344521, 0.9780239295541687, 0.0 0.0 0.0 0.00016259471708794432 0.010747782426842534 0.10987307367003882 0.8792165491860306, 
78, 0011111100, 0011111000, 0.5995743264439564, 0.9824847610239411, 0.0 0.0 0.00017460975466484114 0.0004841434982901527 0.005323254686562503 0.09229405496969877 0.9017239370907838, 
79, 0001111100, 0011111100, 0.6015855320788589, 0.9856309369627373, 0.0 0.0 0.0 0.0012461861056124312 0.001862798482695165 0.07875022294134969 0.9181407924703426, 
80, 0001111100, 0011111100, 0.5987661414780691, 0.9815717858083536, 0.0 0.0 0.0 0.0002762824654140926 0.008926560883763583 0.09188731598610862 0.8989098406647136, 
81, 0011111100, 0011111100, 0.5980995936653649, 0.9804939129118364, 0.0 0.0 0.0 0.001146901358177236 0.01024946139837968 0.09309689565769037 0.8955067415857527, 
82, 0011111100, 0011111100, 0.6007457435736567, 0.9849770581978565, 0.0 0.0 0.0 0.0 0.006226116403749017 0.07768541800536286 0.9160884655908881, 
83, 0011111100, 0011111110, 0.5994150150677462, 0.9824569549752354, 0.0 0.0 0.0 0.0004978862943730467 0.003551535764310161 0.09666153973684806 0.8992890382044688, 
84, 0011111100, 0011111100, 0.5984182167053707, 0.9803373981807714, 0.0 0.0 0.0 0.00057946310098151 0.009383737863892735 0.09746974588464195 0.8925670531504838, 
85, 0111111100, 0011111100, 0.6002541797724733, 0.9831844451308872, 0.0 0.0 7.18951024146307e-05 0.0015671637630290643 0.005795186354409169 0.08431388480711227 0.9082518699730349, 
86, 0011111100, 0011111100, 0.6002600269772881, 0.9835518553619275, 0.0 0.0 0.0 8.108906435046876e-05 0.006950824769588165 0.08454395109620734 0.9084241350698541, 
87, 0011111100, 0011111100, 0.6002614343248864, 0.9837499033910005, 0.0 0.0 0.0 0.00022395250567206311 0.0048613981339727975 0.08710592586903486 0.9078087234913202, 
88, 0111111100, 0011111100, 0.599399101694151, 0.9822910652927007, 0.0 0.0 0.0 0.0005893286175783475 0.004677841465811658 0.0951299394594381 0.8996028904571719, 
89, 0111111100, 0011111100, 0.600870953146058, 0.9842041639744061, 0.0 0.0 0.0 0.0 0.0057780810072761484 0.0832188541390104 0.9110030648537134, 
90, 0011111100, 0011111100, 0.5974902473772209, 0.9789650873563223, 0.0 0.0 9.009687695673532e-05 0.0008833329472872188 0.009367412385914627 0.10446426474054922 0.8851948930492922, 
91, 0011111100, 0011111110, 0.6008503572384132, 0.9844368748473407, 0.0 0.0 0.0 0.0004486371069828385 0.0054654644869045746 0.0811019106211985 0.9129839877849141, 
92, 0011111100, 0011111100, 0.5972500993772599, 0.9784440521213218, 0.0 0.0 0.0003328589164092143 0.001608253273189607 0.010769116203931717 0.1016412593790002 0.8856485122274693, 
93, 0011111110, 0011111100, 0.6005077591944575, 0.9837987604024973, 0.0 0.0 0.0 0.0 0.004409841387248631 0.08838775481052023 0.907202403802231, 
94, 0011111100, 0011111100, 0.59837993201398, 0.9802610547135724, 0.0 0.0 0.0 0.0003073588664084389 0.012119195655728804 0.0932732038078827 0.89430024166998, 
95, 0011111100, 0001111100, 0.6006096446389538, 0.9836692360216304, 0.0 0.0 0.0 3.846755192099582e-05 0.007067964223323412 0.08373325276780869 0.909160315456947, 
96, 0011111100, 0011111100, 0.5987417107939617, 0.9810324807768817, 0.0 0.0 0.0 0.0 0.006485557459608717 0.10083400041949232 0.8926804421208989, 
97, 0011111100, 0011111100, 0.5996331329288457, 0.982465640723782, 0.0 0.0 0.0 0.0 0.00652232755563346 0.09216150054604076 0.9013161718983259, 
98, 0011111100, 0011111100, 0.5994227113734134, 0.9816431785136858, 0.0 0.0 0.0 0.0009274195586791775 0.006619509134390602 0.09411965197306685 0.8983334193338633, 
99, 0011111100, 0011111100, 0.6003468162203399, 0.9836000907095166, 0.0 0.0 0.0 0.000515286736384914 0.005124026126528126 0.08660554328068895 0.9077551438563979, 
100, 0111111100, 0011111100, 0.6011626658274977, 0.9846329289393739, 0.0 0.0 0.00010237957410151049 0.00041008722990915883 0.005040975568679082 0.08048069524026476 0.9139658623870455, 
run, initial grid state, final grid state, mean grid cell occupancy, mean binding site occupancy, fraction of time with N TFs bound, warning
1, 0011111100, 0011111100, 0.5985311389178676, 0.9809043293799825, 0.0 0.0 0.0 0.0004428667883829559 0.008552789766378459 0.0961398438221995 0.8948644996230392, 
2, 0011111100, 0011111100, 0.5992163350754318, 0.9823090947029228, 0.0 0.0 0.0 4.283310753004891e-05 0.007107172191946562 0.09180258807597964 0.9010474066245437, 
3, 0011111100, 0011111100, 0.5982215631878033, 0.9801679256316295, 0.0 0.0 0.0 0.00016802696704387664 0.010061677320371623 0.09836501066834787 0.8914052850442367, 
4, 0011111000, 0011111100, 0.5992053243901696, 0.9815002367604125, 0.0 0.0 0.0 0.001560589273806803 0.004751202230127989 0.09681440715584749 0.8968738013402178, 
5, 0011111100, 0011111100, 0.5592469290447727, 0.9160716574882335, 0.06587355957997844 0.000360267278353955 0.0006950549041755994 0.001649851051144997 0.008571857845799797 0.08165387273722162 0.8411955366033256, 
6, 0001111100, 0011111100, 0.5985823584129992, 0.980823571197688, 0.0 0.0 0.0 0.00046141709319829933 0.007515512229384016 0.09864329707550896 0.8933797736019087, 
7, 0011111100, 0011111100, 0.5993791753833535, 0.9822521991310165, 0.0 0.0 0.0 0.000697992592306435 0.007772224925077514 0.08884837758682707 0.902681404895789, 
8, 0011111100, 0011111100, 0.5988437183719673, 0.9810370055070602, 0.0 0.0 0.0 0.0012485936639250424 0.006264735807725978 0.0975027143504114 0.8949839561779377, 
9, 0011111100, 0011111100, 0.6002053824888952, 0.9835835337779643, 0.0 0.0 0.0 8.482456932715007e-05 0.0037427518799738086 0.09075881986428622 0.9054136036864129, 
10, 0011111100, 0011111100, 0.600091506005826, 0.983095640759917, 0.0 0.0 0.0 0.0 0.005367495860177496 0.09069116372014333 0.9039413404196791, 
11, 0011111100, 0011111100, 0.5999235829932792, 0.9833864132078403, 0.0 0.0 0.0 0.0 0.007287972005499352 0.08510557674195941 0.9076064512525414, 
12, 0011111000, 0011111100, 0.5996860856273225, 0.982551760337118, 0.0 0.0 0.0 0.0 0.004415381528749912 0.09585867491979239 0.8997259435514577, 
13, 0011111100, 0011111100, 0.6002505630309358, 0.9837064456896113, 0.0 0.0 0.0 0.00011439836125399384 0.007008595932326472 0.08340093891391713 0.9094760667925024, 
14, 0011111100, 0011111100, 0.5979981895539225, 0.979749869538987, 0.0 0.0 0.0 0.0008654763447547809 0.008391323208024033 0.10212170731576573 0.8886214931314554, 
15, 0011111100, 0011111110, 0.5999529557727761, 0.9833902392296753, 0.0 0.0 0.0 0.0 0.00694020705307567 0.0857781505157975 0.9072816424311269, 
16, 0011111100, 0011111100, 0.5967570662726294, 0.9779099740331528, 0.0 0.0 0.0 0.00037587897563832144 0.009628426057182818 0.1121556667598028 0.877840028207376, 
17, 0011111100, 0011111100, 0.6000073960162023, 0.9829620827285928, 0.0 0.0 0.0 0.0 0.005579134882930321 0.09106923386258303 0.9033516312544866, 
18, 0011111100, 0011111100, 0.6005587494222104, 0.9843805581307253, 0.0 0.0 0.00010317042038520176 0.002306076323421796 0.006152886349674959 0.07407996786449152 0.9173578990420266, 
19, 0011111110, 0111111100, 0.598721118891332, 0.980844503357621, 0.0 0.0 0.0 0.000541643456072864 0.00698191541743255 0.09934421865119027 0.8931322224753044, 
20, 0011111100, 0011111100, 0.5987046656797346, 0.9810317624993345, 0.0 0.0 0.0 0.00039483131766864226 0.012634354596528565 0.0873562218579302 0.8996145922278727, 
21, 0011111100, 0011111100, 0.5974255606462139, 0.9788028688804821, 0.0 0.0 0.0 0.00043678261559521156 0.009507039336451688 0.10685836019741875 0.8831978178505344, 
22, 0011111100, 0011111100, 0.5990196881859015, 0.9814199820465922, 0.0 0.0 0.0 0.00039550005770152516 0.008514987723639778 0.09326363210006293 0.8978258801185958, 
23, 0011111100, 0011111100, 0.599473422789756, 0.9820293475089734, 0.0 0.0 0.0 0.00029917299740459235 0.008555776957773112 0.08981484203839935 0.9013302080064228, 
24, 0011111100, 0011111100, 0.5984968641929006, 0.9806260312769639, 0.0 0.0 4.0510272047292615e-05 0.0007618462821211133 0.011000960975150947 0.09179431045336285 0.8964023720173179, 
25, 0011111100, 0001111100, 0.5995783458068894, 0.9825713042042772, 0.0 0.0 0.0002670128225467886 0.0016301757540117558 0.005519924788066563 0.08757374664598137 0.9050091399893935, 
26, 0011111100, 0011111100, 0.5978717710214768, 0.979515328085125, 0.0 0.0 0.0 0.0007532979108762953 0.013551606887322336 0.09354492398197695 0.8921501712198244, 
27, 0011111100, 0011111100, 0.600097846942763, 0.9828912735170993, 0.0 0.0 0.0 0.0007129200037571894 0.005307282824448967 0.08989903323723508 0.9040807639345588, 
28, 0011111100, 0001111100, 0.5987832394751137, 0.9808062225898792, 0.0 0.0 0.0 0.0 0.008599135370054571 0.09796439372061655 0.8934364709093289, 
29, 0011111100, 0011111110, 0.5985006313328474, 0.9815407668164163, 0.0 0.0 0.0 5.733817582539149e-05 0.0077494157846781314 0.09508455300466916 0.8971086930348274, 
30, 0011111100, 0011111100, 0.6000430928723482, 0.9834270648744511, 0.0 0.0 0.0 0.0008771509136893067 0.004615519828979372 0.08757511835426701 0.9069322109030643, 
31, 0011111100, 0011111100, 0.6016457178134823, 0.9853771990816377, 0.0 0.0 0.0 0.0001767279833833137 0.004090050211546113 0.07902652113693213 0.9167067006681384, 
32, 0011111100, 0011111100, 0.5994173516711812, 0.9823063096586648, 0.0 0.0 0.0 6.142982523929504e-05 0.00797512557181684 0.0900276014286599 0.9019358431742839, 
33, 0011111100, 0011111100, 0.5994585218196379, 0.982351571398164, 0.0 0.0 0.0 0.00040002570164365423 0.010833032191729233 0.0830244301226267 0.9057425119840004, 
34, 0011111100, 0011111100, 0.5996351960037162, 0.9825386457009376, 0.0 0.0 0.0 0.0004732437261540265 0.008401650536231377 0.08654509354344889 0.9045800121941657, 
35, 0011111100, 0011111000, 0.5975925871536435, 0.9797789971425868, 0.0 0.0 0.0 0.00046240776321805654 0.006633491599164143 0.10667181065649724 0.8862322899811206, 
36, 0011111000, 0011111100, 0.5987472958807731, 0.9814399897308463, 0.0 0.0 0.0005714417340694154 0.0019207141209014254 0.004942774168586219 0.09342660397876738 0.8991384659976756, 
37, 0111111100, 0011111110, 0.5994365036009757, 0.9817717579807423, 0.0 0.0 0.0 0.0009055365379343713 0.009188197483073713 0.08827644753559569 0.9016298184433962, 
38, 0011111100, 0011111100, 0.5974146332647132, 0.9792851468289442, 0.0 0.0 0.0 0.00031980277744889253 0.010174024293280315 0.10298166210742736 0.8865245108218434, 
39, 0011111110, 0011111100, 0.5963617941631775, 0.9775140449754909, 0.0 0.0 0.0003971359494364829 0.0024153624650295573 0.011287063434529811 0.1035069720851599 0.8823934660658442, 
40, 0011111100, 0011111100, 0.5988130229761378, 0.9813900230041372, 0.0 0.0 0.0 0.0006289023580160311 0.0059398014959044145 0.09789355190932031 0.8955377442367592, 
41, 0011111100, 0011111100, 0.599367544828751, 0.9824020990629828, 0.0 0.0 0.0 0.0 0.006745596990476051 0.09209621164115071 0.9011581913683733, 
42, 0011111100, 0011111100, 0.5974033995204417, 0.979196265349554, 0.0 0.0 0.0 0.00012685103295871189 0.009782279178684636 0.10487729644642958 0.8852135733419271, 
43, 0011111100, 0011111000, 0.6005591927422219, 0.9836169059633095, 0.0 0.0 0.0 0.0015311373513367346 0.004720300078050792 0.08426455201003177 0.9094840105605807, 
44, 0011111100, 0011111110, 0.5998662798122557, 0.982335628742428, 0.0 0.0 0.0 5.807334906260172e-06 0.004139697858598038 0.09768940982351766 0.8981650849829781, 
45, 0011111100, 0011111100, 0.5996659451526472, 0.9821617963879489, 0.0 0.0 0.0 0.0 0.008827717366384725 0.08937378693953758 0.9017984956940777, 
46, 0011111100, 0011111100, 0.5989506809389863, 0.981520397286325, 0.0 0.0 0.0 0.0014884989198652619 0.0055696652454290995 0.09527278903159665 0.897669046803109, 
47, 0011111100, 0011111100, 0.5973032583721384, 0.9785835681321395, 0.0 0.0 0.0 0.0017687283552863624 0.015837925034327318 0.09151655607264884 0.8908767905377376, 
48, 0011111100, 0011111100, 0.5987748214307567, 0.9816385719676852, 0.0 0.0 0.0 0.0004516894828572727 0.007565169327028836 0.0936831610912597 0.8982999800988543, 
49, 0111111100, 0011111100, 0.5992978412780886, 0.9818444067814243, 0.0 0.0 0.0 0.0002726951723361015 0.00964472227596665 0.08882602924251365 0.9012565533091836, 
50, 0011111100, 0011111110, 0.5981369515766666, 0.979849567113446, 0.0 0.0 0.0 0.001222179715931983 0.011977215102560888 0.09328162796640671 0.8935189772151004, 
51, 0011111100, 0011111100, 0.5970199270344652, 0.9785720188282604, 0.0 0.0 0.00016212218394926614 0.00211774707950382 0.0091259415506144 0.10331427395490084 0.8852799152310317, 
52, 0011111100, 0011111100, 0.597915092321337, 0.9795664754707785, 0.0 0.0 0.0 0.0016113363987488405 0.007919966447284271 0.10192720508451401 0.8885414920694529, 
53, 0011111100, 0011111100, 0.5982279450776653, 0.9800683176514096, 0.0 0.0 0.0 0.0006501333481023992 0.008588844689891103 0.10046200466745354 0.8902990172945531, 
54, 0011111100, 0011111100, 0.5976734017691839, 0.9796004445187089, 0.0 0.0 0.0 3.862956354792629e-05 0.008322623413062032 0.10563619737097914 0.8860025496524109, 
55, 0011111100, 0011111100, 0.5997390234062518, 0.9824643390739516, 0.0 0.0 0.0 0.0001265855572284971 0.006960923623035855 0.09091236163853286 0.9020001291812028, 
56, 0011111110, 0011111100, 0.6017674857721986, 0.9851359365465531, 0.0 0.0 0.0 0.00021910007490748447 0.006434058322856121 0.07565896385024717 0.9176878777519891, 
57, 0011111100, 0011111100, 0.5997634643448239, 0.9830307115215979, 0.0 0.0 0.0 0.00014143986538319358 0.007268485078759561 0.08685444111674395 0.9057356339391133, 
58, 0011111100, 0011111110, 0.5997827166648579, 0.9829884576878204, 0.0 0.0 0.0 0.0 0.006949898303004868 0.08816945726706829 0.9048806444299269, 
59, 0011111100, 0011111100, 0.5998110542988188, 0.9832710259723496, 0.0 0.0 0.0 0.00046150391300632835 0.004423891436390521 0.09014154955410157 0.9049730550965015, 
60, 0011111100, 0011111100, 0.5998553236817783, 0.9831877948955147, 0.0 0.0 0.0 0.0005103494168395088 0.004616224284141517 0.09010973380810983 0.9047636924909092, 
61, 0011111100, 0011111100, 0.6004037120799206, 0.983974389466913, 0.0 0.0 0.0 0.0001428154251882008 0.004002968110996356 0.08771928070096496 0.9081349357628504, 
62, 0011111100, 0011111100, 0.6003925515619734, 0.9837089928495376, 0.0 0.0 0.0 0.0 0.003150098485178053 0.09144584593241802 0.9054040555824039, 
63, 0011111000, 0001111100, 0.5990493952160134, 0.9819049520186861, 0.0 0.0 0.0 0.00021757284648994603 0.006597410628206814 0.09472274809199994 0.8984622684333033, 
64, 0011111100, 0011111100, 0.5981452528822742, 0.979956014032991, 0.0 0.0 0.0 0.0005801479665747 0.01029153691619705 0.09794039806993501 0.8911879170472933, 
65, 0011111100, 0011111100, 0.5981200523473372, 0.980139537724936, 0.0 0.0 0.0 0.0006668900870120809 0.006832137934017855 0.10349782752131177 0.8890031444576584, 
66, 0011111100, 0011111100, 0.5991293861663961, 0.9822817701543645, 0.0 0.0 0.0 0.0005830683071509429 0.009986634462790843 0.08458690522677813 0.90484339200328, 
67, 0011111100, 0011111100, 0.6003046064845773, 0.9840483405201029, 0.0 0.0 0.0 0.0 0.009378735267617492 0.07695248634414686 0.9136687783882357, 
68, 0011111100, 0001111100, 0.5999756005285988, 0.9832417120341657, 0.0 0.0 0.0 0.0005709972698194639 0.0042833388917039965 0.09027005820213907 0.9048756056363375, 
69, 0011111100, 0011111100, 0.6003054070578064, 0.9832400547246841, 0.0 0.0 0.0 0.0 0.0054378049524829355 0.08968406174692961 0.9048781333005874, 
70, 0011111100, 0001111100, 0.5982106537751064, 0.980336770746041, 0.0 0.0 0.0 0.0015700565904719487 0.010554612367649329 0.09215998101703944 0.8957153500248393, 
71, 0011111100, 0011111100, 0.5998872520249159, 0.9825395323207389, 0.0 0.0 0.0 9.946264971016417e-05 0.006610118655163887 0.09124418081610829 0.9020462378790176, 
72, 0011111100, 0011111100, 0.5996102568272961, 0.982869528206272, 0.0 0.0 0.0 0.000340583922316063 0.006365228709901542 0.08903062157561667 0.9042635657921657, 
73, 0011111100, 0011111100, 0.5979918179383159, 0.9802645380106783, 0.0 0.0 0.0 0.0007832191432600644 0.009601935230868518 0.09685924404441298 0.8927556015814584, 
74, 0011111100, 0011111100, 0.5983864265702481, 0.9808002826040734, 0.0 0.0 0.0 0.00026475844292708805 0.007109848091048498 0.10018433286468159 0.8924410606013429, 
75, 0011111100, 0011111110, 0.6025161689644815, 0.986682815791398, 0.0 0.0 0.0 0.0 0.0029861950594306484 0.07393071513275029 0.9230830898078191, 
76, 0011111100, 0011111100, 0.6004618066897017, 0.9838557959696688, 0.0 0.0 0.0 0.000576212241863807 0.0053520782974510244 0.08443243086149337 0.9096392785991918, 
77, 0011111100, 0011111000, 0.600270618168249, 0.9833701796954881, 0.0 0.0 0.00034638786794639767 0.0003749311908499399 0.00490562355782477 0.08745732966708608 0.9069157277162928, 
78, 0011111100, 0011111100, 0.59990059504405, 0.9831825674698333, 0.0 0.0 0.0 0.0005037294856887771 0.004385220361848586 0.09062296600023587 0.9044880841522268, 
79, 0011111000, 0011111100, 0.5998853595714082, 0.9825960202918445, 0.0 0.0 0.0 0.00023255559125991092 0.00852267226187142 0.08668086695141085 0.9045639051954577, 
80, 0111111100, 0011111100, 0.5975124521769387, 0.9791049830560011, 0.0 0.0 0.0 0.00016951051004466554 0.007043138295411779 0.11077529354303679 0.8820120576515068, 
81, 0011111100, 0011111100, 0.5990078831731461, 0.9816454277618948, 0.0 0.0 0.0 5.971551334040505e-05 0.006837624994774943 0.09627303689906065 0.8968296225928241, 
82, 0011111100, 0011111110, 0.5992229541031645, 0.9818162597412043, 0.0 0.0 0.0 0.0 0.006845010199006728 0.09541242115476033 0.8977425686462329, 
83, 0001111100, 0011111100, 0.5996588997069239, 0.9831047475430286, 0.0 0.0 0.0 0.0 0.0063316939196531394 0.08870812690252237 0.9049601791778246, 
84, 0011111100, 0011111100, 0.5995887536990151, 0.9827046753000351, 0.0 0.0 0.0 0.0 0.00659986484235248 0.09057221851508436 0.9028279166425631, 
85, 0011111100, 0111111100, 0.6007156918551054, 0.9842593821305206, 0.0 0.0 0.0 7.930390375228154e-05 0.008783670852683965 0.07663845380025242 0.9144985714433114, 
86, 0011111000, 0011111110, 0.6007421049825199, 0.9845298980051072, 0.0 0.0 0.0 0.0007183347551082996 0.008225494264762188 0.07421461917450843 0.9168415518056211, 
87, 0011111100, 0011111100, 0.599134070583553, 0.9812714974361985, 0.0 0.0 0.0 0.0006218839477554957 0.009490803014998633 0.09152375750954511 0.8983635555277009, 
88, 0001111100, 0011111100, 0.6001760061684115, 0.9832042847629108, 0.0 0.0 0.0 0.0006138537954878807 0.0064754222566353525 0.0859818855228001 0.9069288384250765, 
89, 0011111100, 0011111100, 0.600700655293661, 0.9843148929371388, 0.0 0.0 0.0 0.00047857550911029176 0.006129717142631127 0.08041548156457476 0.9129762257836838, 
90, 0011111100, 0011111100, 0.6005843729081629, 0.9839425063187159, 0.0 0.0 0.0 4.6084251933438434e-05 0.0060764407894878724 0.08405382775292826 0.9098236472056503, 
91, 0011111100, 0011111100, 0.6005357717340495, 0.9839592492939372, 0.0 0.0 0.0 0.0007347987564664368 0.005459887534344678 0.08312033289828809 0.9106849808109009, 
92, 0011111100, 0111111000, 0.598068521721525, 0.9797146868512419, 0.0 0.0 0.0 0.0 0.007325603236139125 0.10706067242027074 0.8856137243435902, 
93, 0011111100, 0011111100, 0.5998944053013971, 0.9833667661053703, 0.0 0.0 0.0 0.0006996232302889085 0.007767646928864372 0.082165239819183 0.9093674900216637, 
94, 0011111100, 0011111100, 0.5991848518776358, 0.9818195134903657, 0.0 0.0 0.0 0.00024166432575123647 0.007540404706296189 0.09327711666796012 0.8989408142999925, 
95, 0011111110, 0011111100, 0.599056637131636, 0.9818108134454543, 0.0 0.0 0.0 0.0 0.008443743110520714 0.09224763310623194 0.8993086237832474, 
96, 0011111100, 0011111100, 0.5991479117274688, 0.9816928472660025, 0.0 0.0 0.0 0.0001410498985924323 0.006503805259255715 0.09641215618969581 0.896942988652456, 
97, 0111111100, 0011100000, 0.5994086923544302, 0.9824601265483714, 0.0 0.0 0.0 0.0005303472068090665 0.004436664351356199 0.09477487038663225 0.9002581180552025, 
98, 0011111100, 0011111100, 0.5979561680118454, 0.9802044465134606, 0.0 0.0 0.0 0.00066958161539214 0.006877405829980674 0.10300976441309809 0.8894432481415291, 
99, 0011111100, 0011111100, 0.6004184397398875, 0.9842288966613263, 0.0 0.0 0.0 0.0 0.00340345470714232 0.08781971061775734 0.9087768346751003, 
100, 0011111100, 0011111100, 0.5982031692645444, 0.9804821867355524, 0.0 0.0 0.0 0.0001910877704425085 0.009687600985112522 0.09715841430513264 0.8929628969393124, 
run, initial grid state, final grid state, mean grid cell occupancy, mean binding site occupancy, fraction of time with N TFs bound, warning
1, 0011111100, 0011111100, 0.5998889858235057, 0.9827585005632197, 0.0 0.0 0.0 0.0 0.005566521113184292 0.09231595439431373 0.902117524492502, 
2, 0011111100, 0111111100, 0.5997943715272175, 0.98244591116805, 0.0 0.0 0.0 0.0009643444520283312 0.007519627517085926 0.08739224460144367 0.904123783429442, 
3, 0011111100, 0011111100, 0.6002793530847286, 0.9836275220703325, 0.0 0.0 0.0 0.0 0.0037826893099369477 0.09066948895813122 0.9055478217319318, 
4, 0011111100, 0011111100, 0.5993578703438103, 0.9818894567374579, 0.0 0.0 0.0 0.00013446244388299683 0.0035557498922000642 0.10114837245920338 0.8951614152047135, 
5, 0011111100, 0001111110, 0.5992526280619834, 0.9821242057046435, 0.0 0.0 0.0 9.685177247774033e-05 0.006636261696963579 0.093691687060779 0.8995751994697797, 
6, 0011111000, 0011111100, 0.5988496737971278, 0.9816292709363217, 0.0 0.0 0.0 0.0008261272872203872 0.008444927519454479 0.09085613748149987 0.8998728077118253, 
7, 0011111100, 0011111100, 0.598847141613986, 0.9815121546823037, 0.0 0.0 0.0 0.0003513334162606511 0.007657097737744634 0.0945588761819063 0.8974326926640884, 
8, 0011111100, 0011111100, 0.6017609399794023, 0.9847425333864319, 0.0 0.0 0.0 0.00016335995988408722 0.00439396893220724 0.08226678193734192 0.9131758891705667, 
9, 0011111100, 0011111100, 0.5985582991369516, 0.9808833996770107, 0.0 0.0 0.0 0.00013358262140467051 0.00815194345727771 0.0979949671591665 0.8937195067621512, 
10, 0011111100, 0011111100, 0.5990242679352935, 0.981349934477491, 0.0 0.0 0.0 0.00037825231299922575 0.005796315782994684 0.0991730046300673 0.8946524272739389, 
11, 0011111100, 0011111100, 0.5991402654638106, 0.9816033617650258, 0.0 0.0 0.0 0.0010960754076934712 0.005754763081557381 0.09558207702365054 0.8975670844870987, 
12, 0111111100, 0011111100, 0.598600604624986, 0.9810195496076273, 0.0 0.0 0.0 0.0005043921674588748 0.012144019466738093 0.08808148691838358 0.8992701014474195, 
13, 0011111100, 0011111100, 0.599553687385589, 0.9823447122456829, 0.0 0.0 0.0 0.00011855760976473489 0.008131796495974794 0.08931246070465856 0.9024371851896018, 
14, 0011111000, 0011111100, 0.5985676018977935, 0.9811976585717708, 0.0 0.0 0.0 0.0006907283396828741 0.0062410717479395575 0.09825972005444829 0.8948084798579293, 
15, 0111111100, 0011111100, 0.6014890603615208, 0.9848698972356519, 0.0 0.0 0.0 0.0 0.0044697265292650955 0.08184116352755817 0.9136891099431766, 
16, 0011111100, 0011111100, 0.5974320710073074, 0.9791490843842113, 0.0 0.0 0.0 0.00036355939682847216 0.012001761621681617 0.10001129226088266 0.8876233867206071, 
17, 0011111100, 0011111100, 0.5994362588776465, 0.982867032378475, 0.0 0.0 0.0 0.0 0.006741726301705694 0.08931435312573903 0.9039439205725552, 
18, 0011111100, 0011111000, 0.5988326984712453, 0.9811133807391388, 0.0 0.0 0.0 0.00026159998434112185 0.005588756827260354 0.1013574019576229 0.8927922412307756, 
19, 0011111000, 0011111100, 0.6006875263652256, 0.98380329294837, 0.0 0.0 0.0 0.0006206793313614527 0.00832142138414098 0.07867536154741422 0.9123825377370834, 
20, 0011111100, 0011111100, 0.598962170914041, 0.9811203653275504, 0.0 0.0 0.0 0.00045933585588239486 0.009288954420003798 0.09332189162704221 0.8969298180970715, 
21, 0011111100, 0001111000, 0.5979574717351777, 0.9803945872738122, 0.0 0.0 0.0008025037835102988 0.0011485683654429584 0.008229067228492952 0.09451862166977136 0.8953012389527824, 
22, 0011111100, 0011111110, 0.5977132912437846, 0.9798066898233101, 0.0 0.0 0.0 0.0011047266808757751 0.006263613796563758 0.10531845342438478 0.8873132060981758, 
23, 0011111100, 0011111100, 0.6001436445969914, 0.9834151947627057, 0.0 0.0 0.0 0.0 0.005192500423176387 0.08912383057741335 0.9056836689994102, 
24, 0001111100, 0001111100, 0.5995008548124772, 0.9818928123099733, 0.0 0.0 0.0 0.0006315495245855762 0.006552215020969059 0.09364404752446553 0.8991721879299798, 
25, 0011111100, 0011111100, 0.598436434049977, 0.9810767506013326, 0.0 0.0 0.0 0.00011943461595989407 0.007019331895078477 0.09914252875396819 0.8937187047349935, 
26, 0011111100, 0001111100, 0.6004225578697233, 0.9837744009861231, 0.0 0.0 0.0 0.0006847797687059357 0.00441848469651716 0.08646228538410983 0.908434450150667, 
27, 0011111100, 0011111100, 0.5995279545397677, 0.9824999580286758, 0.0 0.0 0.0 8.345240558272315e-05 0.0063132468032042035 0.0921234010047887 0.9014798997864243, 
28, 0011111100, 0011111100, 0.6000473452902267, 0.9832788417470897, 0.0 0.0 0.0 0.0005208141998063949 0.0061943352951613915 0.08637583632771996 0.9069090141773123, 
29, 0011111100, 0011111100, 0.600473385524213, 0.9839623919322307, 0.0 0.0 0.0 0.00018440271048131442 0.004461544210096768 0.08674935185497822 0.9086047012244437, 
30, 0011111100, 0011111100, 0.6014055022767518, 0.9844919192417885, 0.0 0.0 0.0 0.0009235320647378194 0.0052998981044601115 0.0796780921461357 0.9140984776846663, 
31, 0000111100, 0011111100, 0.5998836006947151, 0.9832565306270614, 0.0 0.0 0.0 7.75237734065737e-05 0.0029333693906254113 0.0943615061361615 0.9026276006998065, 
32, 0011111100, 0111111100, 0.5991747962370345, 0.9811138272150881, 0.0 0.0 0.00018751946607209385 0.0006296015314393951 0.012168600537080104 0.0863409531767045 0.900673325288704, 
33, 0011111100, 0011111100, 0.599124698676795, 0.981402928718123, 0.0 0.0 0.0 0.0013494744151113145 0.008814204804510395 0.08990559483690695 0.8999307259434712, 
34, 0011111100, 0011111100, 0.5988675843119157, 0.9809273459769536, 0.0 0.0 0.0004002950779137157 0.0007614022293153263 0.006837444453810481 0.09687564823105628 0.8951252100079041, 
35, 0011111100, 0011111100, 0.600701118516209, 0.9845267891826512, 0.0 0.0 0.0 0.0007350934186092444 0.005354714622910107 0.07992455540244461 0.913985636556036, 
36, 0011111100, 0011111100, 0.5994687674128795, 0.9821800174094246, 0.0 0.0 0.0 0.00035403009225357145 0.006953407636351627 0.09195098999398744 0.9007415722774075, 
37, 0011111100, 0011111000, 0.6005797290777226, 0.9842079411398884, 0.0 0.0 0.0 0.0 0.0025734691471717753 0.08960541486632605 0.9078211159865022, 
38, 0011111100, 0011111110, 0.5997349704826775, 0.9823293775644596, 0.0 0.0 0.0 0.0003473586462039855 0.007452755872754303 0.09007614692912229 0.9021237385519195, 
39, 0011111100, 0011111100, 0.5994478971531149, 0.98226551488222, 0.0 0.0 0.0 0.00046799048392795375 0.005147847807049808 0.09470724364079713 0.8996769180682251, 
40, 0011111100, 0011111100, 0.6000312364577487, 0.9832645613926518, 0.0 0.0 0.0 0.0005067394446543852 0.006906911026210316 0.08507859125770473 0.9075077582714306, 
41, 0011111100, 0011111100, 0.5975489072536547, 0.9794198026733508, 0.0 0.0 0.0 0.00020094452812387828 0.011083632451134104 0.10071108547325437 0.8880043375474876, 
42, 0011111100, 0111111100, 0.5981378053443623, 0.9807817023839294, 0.0 0.0 0.0 0.0 0.009484041236215058 0.09634170322399392 0.894174255539791, 
43, 0011111100, 0011111100, 0.6004440165333457, 0.9841319216234617, 0.0 0.0 0.0 0.0004299125700239624 0.004953787996159962 0.08401115655683856 0.9106051428769775, 
44, 0011111100, 0011111000, 0.5992341999373514, 0.9818822046911532, 0.0 0.0 0.0 0.0007206984287955647 0.008424729885075545 0.08969521679654353 0.9011593548895854, 
45, 0011111100, 0011111100, 0.5983587195326883, 0.9805892439430581, 0.0 0.0 0.0 7.449427743576822e-05 0.009104910210570472 0.09803123308820275 0.892789362423791, 
46, 0011111100, 0011111110, 0.5997960596598295, 0.9824423965448302, 0.0 0.0 0.0 0.00018147781701462608 0.004395179966816662 0.09601082734634223 0.8994125148698265, 
47, 0011111100, 0011111100, 0.597398529619367, 0.9786781465270155, 0.0 0.0 0.0 0.0008964865531802638 0.00974457942509051 0.10575250232818545 0.8836064316935437, 
48, 0001111100, 0011111100, 0.5990630498622767, 0.981759065199156, 0.0 0.0 0.0 0.0004978368951305037 0.006226520421572072 0.09549905727652798 0.8977765854067693, 
49, 0001111100, 0011111100, 0.5993666565602523, 0.9820117497730189, 0.0 0.0 0.0 0.0001016040479977074 0.008851506380959263 0.08992167645597561 0.9011252131150675, 
50, 0011111110, 0011111100, 0.5997759638673816, 0.9820596938700216, 0.0 0.0 0.0 0.0 0.007894187011267147 0.09185346275733645 0.9002523502313964, 
51, 0001111100, 0011111100, 0.5984938712533163, 0.9808457870698745, 0.0 0.0 0.0003141251385465122 0.0014005250788222039 0.008605471069272883 0.09225625965155411 0.8974236190618042, 
52, 0001111100, 0000111100, 0.5988254686066845, 0.9814703993377016, 0.0 0.0 0.0 0.0 0.0045279642103222 0.10212167555314587 0.8933503602365319, 
53, 0111111000, 0011111100, 0.5995401924178212, 0.982543388656169, 0.0 0.0 0.0 0.000660239159284234 0.006996959751823146 0.0887650310814866 0.903577770007406, 
54, 0011111100, 0011111100, 0.5986634127417241, 0.9805520100949613, 0.0 0.0 0.0 0.0006380073730164481 0.005596108975956418 0.10358169935927013 0.8901841842917569, 
55, 0011111100, 0011111100, 0.600016780207098, 0.9826906276112015, 0.0 0.0 0.0 1.5587987884197915e-05 0.008022313449990954 0.08776484346915597 0.9041972550929689, 
56, 0011111100, 0011111100, 0.5996093764035776, 0.982331118450996, 0.0 0.0 0.0 0.0008066381817700748 0.005935307910953724 0.09172275892680623 0.90153529498047, 
57, 0011111000, 0111111100, 0.6004608699117358, 0.9834590142902937, 0.0 0.0 0.0 0.0 0.00512964318219844 0.08898662789384074 0.9058837289239609, 
58, 0011111100, 0001111100, 0.5988680165974548, 0.981467261290388, 0.0 0.0 0.0 0.0014658065676009086 0.007995829158453278 0.09080735423796306 0.8997310100359827, 
59, 0011111100, 0011111100, 0.5977723274388651, 0.9797067677393739, 0.0 0.0 0.0 0.0015064717004338898 0.007323680410112937 0.10259261764222828 0.8885772302472249, 
60, 0011111100, 0011111100, 0.5998401840765789, 0.9830290607891404, 0.0 0.0 0.0 0.00016010883773270106 0.006728505794504653 0.08788829716294984 0.9052230882048128, 
61, 0111111100, 0011111100, 0.6006907442659659, 0.9843225299157762, 0.0 0.0 0.0 0.0001403533891805013 0.00593803548952501 0.08176768935875199 0.9121539217625425, 
62, 0001111100, 0111111110, 0.5998021687301944, 0.9829131518282304, 0.0 0.0 0.0 0.0003052391304115596 0.006660190736513449 0.08828499016635727 0.9047495799667178, 
63, 0011111100, 0011111100, 0.6010676614535779, 0.9851346601759273, 0.0 0.0 0.0 0.0 0.0044711880259139195 0.0802496628926079 0.9152791490814781, 
64, 0011111110, 0011111100, 0.5985451742911427, 0.9801929016672611, 0.0 0.0 0.0 0.002112517912501607 0.008848342809193261 0.09480835064054177 0.8942307886377633, 
65, 0011111000, 0011111100, 0.5975570278754414, 0.9788734808337574, 0.0 0.0 0.0 0.00030396104160405337 0.012407480912127405 0.10103227004838916 0.8862562879978795, 
66, 0011111100, 0011111000, 0.5987237720115514, 0.9809465054336376, 0.0 0.0 0.0 3.825784475735255e-05 0.008228569615135078 0.09774905463363104 0.8939841179064766, 
67, 0011111100, 0011111100, 0.6007286894633815, 0.984699102057001, 0.0 0.0 0.0 0.0 0.0032590647085485426 0.08528725824089754 0.911453677050554, 
68, 0011111100, 0011111100, 0.6009298871610343, 0.9844781728183094, 0.0 0.0 0.0 0.0003000265259962422 0.004495871915937107 0.08323913968028093 0.9119649618777858, 
69, 0011111000, 0011111100, 0.5979386301348512, 0.9790892871058179, 0.0 0.0 0.0 0.0014793483436009996 0.00766778182053325 0.1056906686932229 0.8851622011426429, 
70, 0111111100, 0011111100, 0.5981929852458242, 0.9802799777202558, 0.0 0.0 0.0 4.404383799825395e-05 0.008131355283552251 0.10192529159736587 0.8898993092810836, 
71, 0001111100, 0001111100, 0.6000493089569287, 0.9833874166791667, 0.0 0.0 0.0 0.0002473527784293038 0.00740277520158637 0.08412789118653892 0.9082219808334454, 
72, 0011111100, 0011111100, 0.5985177467973166, 0.980105433577053, 0.0 0.0 0.0 0.0008622871591654277 0.009567985159037623 0.09764456674210956 0.8919251609396873, 
73, 0011111100, 0011111100, 0.6012722225518983, 0.9848212252960267, 0.0 0.0 0.0 0.001447023766456899 0.004030739764155763 0.07867009739615774 0.9158521390732296, 
74, 0111111100, 0011111100, 0.6001454777470259, 0.9826224505783387, 0.0 0.0 0.0 0.0003591588303359065 0.007417134570312471 0.0883535508983348 0.9038701557010168, 
75, 0011111100, 0011111100, 0.599117511594373, 0.9816565334047309, 0.0 0.0 0.0004886719191522825 0.0010893018127981183 0.007755389661264552 0.08932742713408222 0.9013392094727029, 
76, 0011111100, 0001111100, 0.599039431051264, 0.9814435409835387, 0.0 0.0 0.0 0.0023274099437458457 0.007327120755331468 0.08970228275686731 0.9006431865440554, 
77, 0011111100, 0011111100, 0.5991008428039319, 0.9823626224319729, 0.0 0.0 0.0 0.0002650188672029972 0.0045037458659447065 0.09602171707466388 0.8992095181921884, 
78, 0001111100, 0011111110, 0.5991535257641298, 0.9820594769404594, 0.0 0.0 0.0 0.0007118628634155647 0.007573223416687228 0.09036110293362222 0.901353810786275, 
79, 0011111100, 0011111100, 0.6015708234561624, 0.9860926118582639, 0.0 0.0 0.0 0.00012018660612571806 0.004966968073034346 0.07314983288597027 0.9217630124348697, 
80, 0011111100, 0011111000, 0.5965496490130227, 0.9778781383718215, 0.0 0.0 0.00012929087377786634 0.0020727656720922103 0.010756208805217639 0.10448329164724811 0.8825584430016642, 
81, 0011111110, 0001111110, 0.5989589596671109, 0.9815923533190011, 0.0 0.0 0.0 0.0011051523601380414 0.005123158040496621 0.09688410692458602 0.8968875826747793, 
82, 0011111100, 0011111100, 0.600805039835455, 0.9843015975270174, 0.0 0.0 0.0 0.001126500742492108 0.004928923119902655 0.0809530663706139 0.9129915097669914, 
83, 0011111100, 0011111100, 0.5997663312692222, 0.9823239817774492, 0.0 0.0 0.0 0.0010843075998549234 0.005782901304297886 0.09123738392714385 0.9018954071687033, 
84, 0011111100, 0011111100, 0.5994725084829232, 0.9823036346911924, 0.0 0.0 0.0 0.0006724601589163711 0.006464157267665153 0.09123249684076531 0.9016308857326532, 
85, 0011111110, 0011111100, 0.5989558275962157, 0.9817141916714855, 0.0 0.0 0.0 0.0003060911488811033 0.005026729744184727 0.09874311703607402 0.8959240620708601, 
86, 0011111100, 0011111100, 0.598532136506704, 0.9813359602038396, 0.0 0.0 0.0 0.0007984565381156262 0.009319929756352166 0.09094900964991147 0.8989326040556207, 
87, 0011111100, 0011111100, 0.5994229891555994, 0.9819232682378191, 0.0 0.0 0.0 0.0008294353282628739 0.00589672337566338 0.09417863783697068 0.8990952034591031, 
88, 0011111100, 0011111100, 0.5984327226961524, 0.9804633036057291, 0.0 0.0 0.0 0.00017316192986213024 0.008885407340194457 0.09892987789565084 0.8920115528342925, 
89, 0111111100, 0011111100, 0.5997179299100386, 0.9825047147446788, 0.0 0.0 4.5246558824039635e-05 0.0015233073978164365 0.007213617889220112 0.08579356732474139 0.9054242608293981, 
90, 0111111100, 0011111100, 0.5996218258687158, 0.982281067915283, 0.0 0.0 0.0 0.0008051022573595955 0.008464558598448732 0.0869691685393253 0.9037611706048664, 
91, 0011111100, 0011111100, 0.5976090970554359, 0.9796942650974519, 0.0 0.0 0.0 0.00032436393747307 0.004946609253231201 0.11096809909640672 0.8837609277128889, 
92, 0011111100, 0011111100, 0.5982143256476679, 0.9804968273896859, 0.0 0.0 0.0 0.0002675612883894784 0.010160433775258177 0.09589548424620009 0.8936765206901524, 
93, 0011111100, 0011111100, 0.5995348270809094, 0.9823167327103636, 0.0 0.0 0.0 0.0005955528059323061 0.01075109292343774 0.08281075947314682 0.9058425947974831, 
94, 0011111100, 0011111100, 0.5998907429985244, 0.9825501296502444, 0.0 0.0 0.0 0.0013443888858241692 0.008752260094628095 0.08316153525180557 0.9067418157677423, 
95, 0011111100, 0011111100, 0.5980639333059554, 0.9803902882382977, 0.0 0.0 0.0 0.0 0.0067649473907918705 0.10412837578863049 0.8891066768205776, 
96, 0011111100, 0011111100, 0.6005748837515955, 0.983765072893474, 0.0 0.0 0.0 0.0 0.005674407077522316 0.08606074848411187 0.9082648444383657, 
97, 0011111100, 0011111100, 0.6017246842231566, 0.985273477895075, 0.0 0.0 0.0 0.0 0.003655665869076507 0.08104780089139678 0.9152965332395268, 
98, 0011111100, 0001111100, 0.5972649658953758, 0.9788734927847218, 0.0 0.0 0.0 0.0006336361978772123 0.009037909962775027 0.10678231477248616 0.8835461390668616, 
99, 0011111100, 0011111100, 0.5995884393766382, 0.9823573393244917, 0.0 0.0 0.0 0.0003982619651354494 0.00869480095926172 0.08727157623912066 0.9036353608364822, 
100, 0011111100, 0011111100, 0.5986240306330133, 0.9808156138980542, 0.0 0.0 0.0 0.00032792515193791615 0.007694772041331671 0.098732997073198 0.8932443057335323, 
