run, initial grid state, final grid state, mean grid cell occupancy, mean binding site occupancy, fraction of time with N TFs bound, warning
1, 111111, 111111, 0.9608484072691191, 0.9608484072691191, 0.0 0.0 0.00019670809945303413 0.0025281510945292292 0.02595592571261747 0.1746264192786507 0.7966927958147495, 
2, 111111, 111111, 0.9583081091902003, 0.9583081091902003, 0.0 3.610574305136998e-05 0.0005280737924228182 0.0038607688782807347 0.029464115709796318 0.1773479829194155 0.7887629529570332, 
3, 111111, 111111, 0.9556125833856046, 0.9556125833856046, 0.0 0.0 9.756229077336333e-05 0.0037083638561162062 0.03159346732319556 0.191622224308539 0.7729783822213759, 
4, 011111, 111110, 0.956931721802282, 0.956931721802282, 0.0 0.0 0.00017973413334630782 0.0045598294701091335 0.029768843857836912 0.18447355652692124 0.7810180360117863, 
5, 111111, 111111, 0.9532439762206179, 0.9532439762206179, 0.0 0.0 0.0003107964753062952 0.004982002984157775 0.034874925023478595 0.19459709777563705 0.7652351777414202, 
6, 111111, 111111, 0.960743840029201, 0.960743840029201, 0.0 0.0 0.0006201721259285988 0.003447347507649125 0.024482784876217675 0.1737486590456972 0.7977010364445075, 
7, 001111, 111111, 0.9592208610564621, 0.9592208610564621, 0.0 5.8726836104960664e-05 0.0004363348759537083 0.0037970622035255882 0.027495036639901105 0.17625460008650826 0.7919582393580064, 
8, 111111, 111111, 0.9583380478903811, 0.9583380478903811, 0.0 0.0 0.00012893203307691074 0.0033737432961567383 0.02795678439019011 0.18342118585655512 0.7851193544240211, 
9, 111111, 111111, 0.9602225636562602, 0.9602225636562602, 0.0 0.0 0.0001929385225893202 0.0034045222831530723 0.02703384816401043 0.17361160079460097 0.7957570902356462, 
10, 111111, 111111, 0.9581384090176114, 0.9581384090176114, 0.0002324527391701085 0.0003401347730108528 0.0003501563910114481 0.002256799017814568 0.028097062124846944 0.18370900872707355 0.7850143862270725, 
11, 111111, 111111, 0.9590125140084869, 0.9590125140084869, 0.0 0.0 0.0003295842364138081 0.0032650898545166633 0.02948926506215235 0.1758327793155693 0.7910832815313479, 
12, 111111, 111111, 0.9617585041565446, 0.9617585041565446, 0.0 8.825896912642886e-06 0.00022656864881478336 0.00352358454300673 0.025720730375165236 0.1664863566015586 0.804033933934542, 
13, 011111, 111110, 0.958068443103137, 0.958068443103137, 3.3065385079383847e-06 0.0001424654450992743 0.00030011960141137947 0.0038902457199366846 0.03140462411022921 0.17517671113872013 0.7890825274460954, 
14, 011111, 111111, 0.9577043013636677, 0.9577043013636677, 4.754443039557763e-05 9.827934200211649e-05 0.00043800863654468733 0.00499631370375652 0.030415693480326408 0.17542516590750898 0.7885789944994658, 
15, 111110, 111111, 0.9591506890484638, 0.9591506890484638, 5.897576093582879e-05 0.00017458427488747095 0.0012031251610249137 0.0031281712060900243 0.02691367868806297 0.17584471813066999 0.7926767467783288, 
16, 111110, 111111, 0.9602678928141858, 0.9602678928141858, 0.0 0.0 0.00019009730792529525 0.002202175258301113 0.02523753127258538 0.18055066556311022 0.7918195305980779, 
17, 111111, 111111, 0.9617907191623889, 0.9617907191623889, 0.0 0.0 0.00013823228361163818 0.0033675377408078026 0.027178642553666615 0.16424285756146406 0.8050727298604499, 
18, 111111, 111111, 0.9599683717434749, 0.9599683717434749, 0.0 0.0 0.00032218227174074873 0.002782065739604859 0.026934844513300905 0.17668515420677086 0.7932757532685826, 
19, 111111, 111111, 0.9559817612742573, 0.9559817612742573, 0.0 0.0 0.001183534770036407 0.004462175753178958 0.02985329890978357 0.18628216819520607 0.778218822371795, 
20, 111111, 111111, 0.9567536786533033, 0.9567536786533033, 0.0 0.0 0.00038114658524927635 0.003993987332506731 0.03262236810220069 0.18072664353726123 0.7822758544427821, 
21, 011111, 111111, 0.960788300370109, 0.960788300370109, 0.0 0.0 0.0003100162810293265 0.0030427408765010106 0.0241834679840244 0.17653497405767668 0.7959288008007686, 
22, 111111, 111111, 0.9590513367743638, 0.9590513367743638, 0.0 0.0 0.0005884145228900795 0.00399350712287526 0.03125468143828429 0.16884843701706231 0.7953149598988881, 
23, 111111, 111111, 0.9577288886544085, 0.9577288886544085, 7.9200710874285e-05 0.00032386720429023103 0.0008199887663309914 0.0022723195015253513 0.032296134828683216 0.17684294455958546 0.7873655444287104, 
24, 111110, 111111, 0.9565126116455084, 0.9565126116455084, 4.575927817662557e-05 0.00014095237451967738 0.0008374291118183873 0.006467317432414573 0.029973753267633598 0.1772458373055077 0.7852889512299294, 
25, 111000, 111111, 0.959426205100145, 0.959426205100145, 7.712954439119213e-05 0.00015053887385833828 0.0004930394666330161 0.003393001617716401 0.024766828618189216 0.18054247780743204 0.7905769840717797, 
26, 111111, 111111, 0.9598370297947217, 0.9598370297947217, 6.937192634900411e-05 4.3121152926513124e-05 0.0003799974755077418 0.003429730478961725 0.025512960950978464 0.17751088066806972 0.7930539373472067, 
27, 111111, 111111, 0.9602533902219379, 0.9602533902219379, 0.0 0.0 0.00014773564169929138 0.0035385644041932714 0.027865668236639916 0.17154168641571615 0.7969063453017513, 
28, 111111, 111111, 0.9588909605094372, 0.9588909605094372, 0.0 0.0 5.661843156303678e-05 0.0026474568971139455 0.030337768390476028 0.17780985574483119 0.7891483005360158, 
29, 111111, 111110, 0.9591392406412212, 0.9591392406412212, 0.0 3.315697217254411e-05 0.0003956181851029679 0.0035059837459805922 0.027153478619756782 0.17859139007394284 0.7903203724030443, 
30, 111111, 111100, 0.9583960437668184, 0.9583960437668184, 0.0 0.0 0.0004681233951076155 0.004508962693287602 0.0284688909347745 0.17728657386924718 0.7892674491075831, 
31, 111111, 111111, 0.9557826359013728, 0.9557826359013728, 3.106118359544447e-05 0.00012590999725645496 0.0006388347495325832 0.004541797727232235 0.030997646107535217 0.1863122431090113 0.7773525071258367, 
32, 111111, 111111, 0.9583181724698814, 0.9583181724698814, 0.0 0.0 0.00016999588412091576 0.0045652841736004745 0.030597002506730087 0.17452112410996673 0.7901465933255818, 
33, 111111, 111111, 0.9597754754364646, 0.9597754754364646, 0.0 0.0 0.0006362355358351412 0.0032580425814744685 0.02779884133265569 0.17343039482813705 0.7948764857218976, 
34, 011111, 111111, 0.9600138690712081, 0.9600138690712081, 0.0 0.0 0.00020311072332589397 0.0028244548584451063 0.02783922835097732 0.17495252140215792 0.7941806846650938, 
35, 111111, 111111, 0.9592715844371907, 0.9592715844371907, 0.0 1.1270631463073547e-05 0.0004715043561554522 0.003598734467829806 0.028099988777865233 0.17543194183569813 0.7923865599309883, 
36, 111111, 111111, 0.9569964457534852, 0.9569964457534852, 0.0 1.7546328886804124e-05 0.0002710323953155676 0.004968645825498131 0.031408222226245376 0.17912708232440752 0.7842074708996465, 
37, 011110, 111111, 0.9575311991971386, 0.9575311991971386, 0.0 0.0 8.094211149579002e-05 0.0034926806258733637 0.03047442411182478 0.1830621462699155 0.7828898068808907, 
38, 111111, 111111, 0.9577436533549004, 0.9577436533549004, 0.0 0.0 0.0002156124624959663 0.004445389844470801 0.030141677425885742 0.1790561056354301 0.7861412146317175, 
39, 111111, 111111, 0.9564113440134608, 0.9564113440134608, 2.7115109489077612e-05 0.00034121446298338113 0.0004021528229536116 0.003711596585623217 0.03041945803002767 0.18608085583864398 0.779017607150279, 
40, 111111, 111111, 0.958491354522175, 0.958491354522175, 0.0 0.0 0.00043618124581149643 0.003116722302964543 0.030904671539868006 0.17614763789507448 0.7893947870162815, 
41, 111111, 011111, 0.9578289519110144, 0.9578289519110144, 1.7263089050565445e-05 0.00010169092903250739 0.00011695289962541488 0.0027897406807834936 0.026999506783623225 0.18957820814634876 0.780396637471536, 
42, 111111, 111111, 0.959093031739592, 0.959093031739592, 0.0 0.0 0.00031220062219588525 0.0036716919050695353 0.028688629830915108 0.1758006716966258 0.7915268059451935, 
43, 111111, 111111, 0.9555445306762671, 0.9555445306762671, 0.0 5.0637507295012465e-05 0.000961919392738846 0.0055086652766130695 0.027921935229115305 0.1902620845468965 0.7752947580473413, 
44, 111111, 111111, 0.9572470389053798, 0.9572470389053798, 0.0 0.0 0.00010489832864838696 0.003894635460967848 0.030428806173223757 0.18355665452377756 0.7820150055133824, 
45, 111111, 111111, 0.9569574414420324, 0.9569574414420324, 0.0 4.7662646753901525e-05 0.0011046966793419916 0.004695855377883547 0.029267117766388184 0.1809764497302407 0.7839082177993917, 
46, 011111, 110111, 0.9605811425525785, 0.9605811425525785, 0.0 0.0 0.0006113597604011353 0.0037883639533686665 0.026932711412961736 0.16883719095689437 0.799830373916374, 
47, 111111, 111110, 0.9571617502209975, 0.9571617502209975, 1.5521780444284278e-05 6.118512245558557e-06 0.00018098243295124598 0.004865685055670948 0.030338067104723816 0.18090865632185626 0.7836849687921078, 
48, 111111, 111110, 0.9561611184267927, 0.9561611184267927, 0.0 0.0 0.0003354614962020303 0.004430753783595984 0.031630201816905006 0.18513877846983748 0.7784648044334594, 
49, 111111, 111111, 0.9616385974321251, 0.9616385974321251, 0.0 0.0 9.674702316987372e-05 0.002467400529136913 0.024468337571579613 0.1734425505839994 0.7995249642921143, 
50, 111111, 011110, 0.958754001735236, 0.958754001735236, 0.0 0.0 0.0002607575925046631 0.0036386161760987904 0.02974257596975558 0.17603195875075806 0.790326091510883, 
51, 111111, 111111, 0.9592688634126525, 0.9592688634126525, 0.0 0.0 0.0005133056620484874 0.0034447048732014545 0.025746159409019746 0.1805071634382473 0.7897886666174829, 
52, 111111, 111111, 0.958070178450047, 0.958070178450047, 0.0 0.0 0.0005574409468606256 0.004286539051963451 0.029430305233577498 0.17762893788923018 0.7880967768783682, 
53, 111111, 111111, 0.9557825333849472, 0.9557825333849472, 0.0 0.00014180120509666344 0.0013268838050088285 0.005015833395317904 0.0329067975396906 0.17842716317946383 0.7821815208754221, 
54, 111111, 111111, 0.9597953932352655, 0.9597953932352655, 0.0 0.0 0.00025807115405095473 0.0038721622372783504 0.025819748550880595 0.17693937215860722 0.7931106458991829, 
55, 111111, 111111, 0.957829555474818, 0.957829555474818, 0.0 1.2954917395114897e-05 0.00032516277148926536 0.00464664091675621 0.030393026098219204 0.17693126653145202 0.7876909487646881, 
56, 111111, 111111, 0.9575892732600446, 0.9575892732600446, 0.0 0.0 0.000513703464100744 0.005201074455796427 0.02903257078892282 0.17874118163809402 0.786511469653086, 
57, 111111, 111111, 0.9568034982796716, 0.9568034982796716, 3.617609302418572e-05 0.0002948118355595214 0.0007818842035052037 0.0043785498129397275 0.0320962347306357 0.17703223887191685 0.7853801044524189, 
58, 111111, 111111, 0.9566907557972479, 0.9566907557972479, 0.0 1.3811709387018566e-05 0.0008324940878059466 0.003852877681539454 0.031428203720953084 0.182041389831829 0.7818312229684855, 
59, 111111, 111111, 0.9577477177067806, 0.9577477177067806, 0.0 0.0 0.0003940397012758822 0.003719316435366228 0.030738710873677598 0.1793021639007593 0.785845769088921, 
60, 111111, 011111, 0.9574873325277263, 0.9574873325277263, 0.0 0.0 0.000684896076456734 0.004585582480160625 0.028652225527868863 0.18127522203159502 0.7848020738839188, 
61, 111111, 111111, 0.9557828992948202, 0.9557828992948202, 1.111638130653472e-05 0.00010370333561511265 0.0004655132880437374 0.0038299671295221713 0.030158461811798872 0.19104851110082513 0.7743827269528885, 
62, 111111, 111111, 0.9580644437989594, 0.9580644437989594, 5.70828846050444e-05 8.619455582647096e-05 0.0008549274084918129 0.00546297075623597 0.02946345397819019 0.17210433726042593 0.7919710331562245, 
63, 111111, 111111, 0.9557760728353857, 0.9557760728353857, 0.0002843166838877009 0.0002149771714562745 0.0007410341639595726 0.003972667813803762 0.0343085585787587 0.179063519772311 0.781414925815823, 
64, 111111, 111111, 0.9593656488839062, 0.9593656488839062, 0.0 0.0 0.0011340381924509718 0.004025906363357305 0.028144795075823056 0.17090264468504057 0.7957926156833282, 
65, 111111, 111110, 0.9561709059701224, 0.9561709059701224, 0.0 4.389531407300914e-05 0.0007380373405742644 0.004528746644243824 0.035484763182533706 0.1752471719488044 0.7839573855697708, 
66, 111111, 111111, 0.9591444130479999, 0.9591444130479999, 5.958451841729028e-06 1.9829881819472426e-05 0.0003871280438295006 0.0044985041251012535 0.028636469602711153 0.17268165783580913 0.7937704520588879, 
67, 111111, 111111, 0.9614195914384602, 0.9614195914384602, 0.0 0.00010367637349202518 0.0003818273602032661 0.002833856984169795 0.026267144077455142 0.1684009009535454 0.8020125942511345, 
68, 111111, 011110, 0.9599047193185164, 0.9599047193185164, 0.0 0.0 0.0003250476220294691 0.002368308902014373 0.022791475979876075 0.18658361493498885 0.7879315525610913, 
69, 111111, 111111, 0.9557298308469102, 0.9557298308469102, 5.7891922205856864e-05 8.970714489312397e-05 0.0007412764010651905 0.0033331793381954724 0.029590199777329233 0.19268008448733193 0.7735076609289793, 
70, 111111, 111111, 0.958950517821322, 0.958950517821322, 6.193624170116016e-05 0.00024535719993690647 0.000521103669503615 0.00319021529469231 0.027746991331875727 0.17754944639633308 0.7906849498659573, 
71, 011111, 011111, 0.9552929248438354, 0.9552929248438354, 9.302513225782485e-05 8.60129729806809e-05 0.0013663428551462789 0.005876222249770589 0.029732421468625383 0.18469535417138944 0.7781506211498298, 
72, 111111, 111111, 0.9612724369613583, 0.9612724369613583, 0.0 0.0 0.00021538363952052734 0.0030813075552116667 0.02675507769631825 0.16874976561549657 0.801198465493453, 
73, 111111, 111111, 0.9603831882713725, 0.9603831882713725, 0.0 5.817038245064871e-05 0.0009543222105331079 0.0029471262849069136 0.026043714994771826 0.17266392077311513 0.7973327453542224, 
74, 111110, 111111, 0.9567027866399623, 0.9567027866399623, 5.0182728275458014e-05 0.00021891867973497934 0.0004864339025518865 0.003153088635135321 0.03216596859790166 0.18265065168048147 0.7812747557759193, 
75, 111111, 111111, 0.959379398790444, 0.959379398790444, 0.0 0.0 0.0007168596319342226 0.004067911058016844 0.02937283469991934 0.16990676615571 0.7959356284544197, 
76, 111111, 111111, 0.9559087249015369, 0.9559087249015369, 0.0 0.0 0.00045294344917368314 0.0047571202843536805 0.030312709325568333 0.18783909728988624 0.7766381296510181, 
77, 111111, 111111, 0.9540131448552188, 0.9540131448552188, 1.8651279682545432e-05 8.689864043896042e-05 0.00048722283796235916 0.006301728060294338 0.0338573756114775 0.18680590323270932 0.7724422203374349, 
78, 111111, 111111, 0.9621373409916779, 0.9621373409916779, 4.335443367844535e-06 0.0002306219490335633 0.000499351338720593 0.0038578294866982153 0.024628336927098125 0.16316926397538398 0.8076102608796977, 
79, 111111, 111111, 0.9609397789609285, 0.9609397789609285, 0.0 0.0 5.248128149225598e-05 0.0021148436436519698 0.026250800439037946 0.17530526929942794 0.7962766053363899, 
80, 111111, 111111, 0.9566576834369342, 0.9566576834369342, 0.0 0.0 0.0006296553133841497 0.004528596351094458 0.03210337506792487 0.17974273893572465 0.7829956343318718, 
81, 111111, 111111, 0.9581133963385733, 0.9581133963385733, 0.0 3.7578550361451645e-06 0.0008234142964083524 0.004860816812142665 0.03127321819497464 0.17087828868136937 0.7921605041600688, 
82, 111111, 111111, 0.9566596868033193, 0.9566596868033193, 0.0 0.0 0.00023982766959550832 0.00448317497914861 0.03137904826529382 0.18287494703366858 0.7810230020522936, 
83, 111111, 111111, 0.9598771885236176, 0.9598771885236176, 0.0 1.0130306784567378e-05 0.00020187171070436635 0.0034287418573724013 0.029013042086070872 0.17156642073729536 0.7957797933017725, 
84, 111110, 111111, 0.9616825957432173, 0.9616825957432173, 0.0 5.369443046369013e-06 3.0447076940032696e-05 0.0019046310443685166 0.026724949923482053 0.17059199703763478 0.8007426054745282, 
85, 111111, 011110, 0.9596883853769236, 0.9596883853769236, 5.4901477055890215e-06 5.6462997317314144e-05 0.0003116222472005231 0.003664232545004641 0.02783634698324267 0.17364255127533745 0.7944832938041918, 
86, 111111, 111111, 0.9574195867603712, 0.9574195867603712, 1.7048536974134896e-05 0.0001548137353886309 0.00012683650288655642 0.003011676507073357 0.02978718402281525 0.18548937596058765 0.7814130647342744, 
87, 111111, 111111, 0.9570800504252882, 0.9570800504252882, 0.0 0.0 0.00023522310410945186 0.0023331909823493162 0.03175427419238595 0.18607068370001265 0.7796066280211427, 
88, 011111, 111110, 0.9601809600927937, 0.9601809600927937, 3.485667719421642e-05 5.613406788595375e-05 0.0005905444044844806 0.003886411035963072 0.027861767990988474 0.1686794823328383 0.7988908034906455, 
89, 111110, 111110, 0.9535300605311146, 0.9535300605311146, 0.0 3.13628694496836e-05 0.0010042307330212492 0.005182866139561588 0.035489792637018104 0.1881177158412585 0.7701740317796908, 
90, 011111, 111111, 0.9547829800288818, 0.9547829800288818, 0.0 0.0 0.0006730048066672824 0.005376137186851613 0.0315435280493642 0.18939463294075695 0.7730126970163599, 
91, 111111, 011111, 0.9578814625846301, 0.9578814625846301, 3.759842813143772e-05 0.00033035941177101714 0.0012070970589618667 0.006599015511212698 0.02946133369718729 0.1672857347007152 0.7950788611920205, 
92, 111111, 011111, 0.9584220519407798, 0.9584220519407798, 3.234475622642608e-05 0.00020643335968710124 0.0007276783842118773 0.00465780685739258 0.028573667532809332 0.17420998384488254 0.7915920852647901, 
93, 011111, 111111, 0.9561576086163064, 0.9561576086163064, 4.702014869082541e-05 0.00020440592271640895 0.0005639986041134028 0.004098369823817163 0.03207755919147927 0.1830439755255715 0.7799646707836114, 
94, 111110, 111111, 0.9561114790146578, 0.9561114790146578, 0.0 0.0 0.0004650567513423164 0.005171612436376345 0.034343658551268204 0.17726874449501862 0.7827509277659945, 
95, 111111, 111110, 0.9588853240198075, 0.9588853240198075, 0.0 1.0979674834722562e-06 0.0002300583987367011 0.0033220029387532385 0.026830890812144844 0.18213454200824167 0.78748140787464, 
96, 111111, 111111, 0.9562373490225143, 0.9562373490225143, 0.0 0.0 0.0010572885720643258 0.0051053559421199695 0.030971521588034047 0.1810876405742279 0.7817781933235538, 
97, 111111, 111111, 0.9582333770918736, 0.9582333770918736, 0.0 6.077375818752106e-05 0.0007447403489193319 0.004338714187813621 0.028653127470418642 0.17699450975786463 0.7892081344767963, 
98, 111111, 111111, 0.9584367472826814, 0.9584367472826814, 2.189445270207666e-05 0.00011159713968065522 0.0005489765810666765 0.0031335971738568336 0.025883267537329897 0.1853269309687991 0.7849737361465648, 
99, 111111, 111111, 0.9582259926027368, 0.9582259926027368, 0.0 0.0 0.00038111116766838797 0.004598851458455735 0.03148447798731891 0.1723540893629013 0.7911814700236557, 
100, 111110, 111111, 0.9580926530466681, 0.9580926530466681, 0.0 8.195949746302195e-05 0.000675541655828896 0.004020314511140365 0.030423133596151893 0.17542490688363566 0.7893741438557802, 
run, initial grid state, final grid state, mean grid cell occupancy, mean binding site occupancy, fraction of time with N TFs bound, warning
1, 111111, 111111, 0.957147287633127, 0.957147287633127, 0.0 0.0 8.640796382711047e-06 0.004772808783869036 0.028165846178599734 0.18643159230690073 0.7806211119342479, 
2, 111111, 111111, 0.9556890994355359, 0.9556890994355359, 0.0 0.0 0.0004937336008377302 0.0037017248990727373 0.03289468337889911 0.18699592752841715 0.7759139305927732, 
3, 111111, 111111, 0.9615453334359103, 0.9615453334359103, 0.0 0.0 0.0006389735161095573 0.0037089890633824887 0.02669364571510722 0.16365784669973826 0.8053005450056625, 
4, 111111, 111111, 0.9575859912174481, 0.9575859912174481, 0.00014336021820000237 0.000261167878671622 0.001325513885735165 0.004462289739726433 0.0289922396660493 0.17564464789853432 0.7891707807130831, 
5, 111111, 111111, 0.9573856022736167, 0.9573856022736167, 0.0 0.00014706299500567572 0.0002884648085699762 0.004270030943934687 0.02999955986118564 0.1809879995948163 0.7843068817964878, 
6, 111111, 111111, 0.9595891458350692, 0.9595891458350692, 0.0 0.0 0.00011413713789841957 0.002976580175591682 0.02927593126369173 0.17452697338383302 0.7931063780389851, 
7, 111111, 111111, 0.9561680889318063, 0.9561680889318063, 7.389382588783899e-05 0.0004588150056925841 0.0010355429811601978 0.005346436369855758 0.029263711051623908 0.1815451252879164 0.7822764754778634, 
8, 111111, 111111, 0.9577680864725336, 0.9577680864725336, 5.809394403752826e-05 0.00010217440867038 0.0005789738758012225 0.003823111312604947 0.030546557613005274 0.17765370079019016 0.7872373880556905, 
9, 001111, 011111, 0.9549951052413883, 0.9549951052413883, 0.0001429091485804603 0.00023135234528893513 0.0010418704645731901 0.0056091647147550674 0.03319489003368945 0.18063039586380622 0.7791494174293067, 
10, 111111, 111111, 0.9553800207556694, 0.9553800207556694, 0.0 2.771711450928733e-06 0.0006986834901385647 0.005166446284267299 0.031080553850991295 0.1872508363933902 0.7758007082697617, 
11, 011111, 111110, 0.9557458579619811, 0.9557458579619811, 0.0 0.0 0.0004871538876876802 0.005177116630760714 0.03303456511742622 0.18197575655022824 0.779325407813897, 
12, 111111, 111111, 0.9588970696952571, 0.9588970696952571, 0.0 0.0 0.0007173599130710249 0.0040209358170527855 0.027663828525476376 0.17635767767406155 0.7912401980703383, 
13, 111111, 001111, 0.9575243031022571, 0.9575243031022571, 0.0 0.0 0.00031691097638493487 0.0036271692390532715 0.02821876626843627 0.18626749722688493 0.7815696562892406, 
14, 111111, 111111, 0.9595911373492647, 0.9595911373492647, 3.1531823456003546e-05 0.00022672060168061936 0.0007082896107073695 0.0038804030012284585 0.028095620018848792 0.17046477447105962 0.7965926604730192, 
15, 111111, 111111, 0.9585936378960982, 0.9585936378960982, 1.2432020222800118e-05 5.970644365492321e-06 0.00022334123370409986 0.0042041388576393515 0.025555040375595098 0.18371786502132234 0.7862812118471508, 
16, 111111, 111111, 0.9556886589627867, 0.9556886589627867, 0.0 0.00023998535292614072 0.0009313893428874014 0.0047177343539625115 0.030558789164544457 0.185671780696123 0.7778803210895565, 
17, 111111, 111111, 0.9598451108213978, 0.9598451108213978, 0.0 0.0 0.00033378522156789187 0.003944307554452394 0.028055759354511534 0.17164975281296185 0.7960163950565062, 
18, 111111, 111111, 0.9558161938613842, 0.9558161938613842, 0.0 2.733013353601098e-05 0.0003084118470437895 0.00507851021047597 0.030783301377070284 0.18693040539027167 0.7768720410416023, 
19, 111111, 011111, 0.9581575054161611, 0.9581575054161611, 0.0 7.637693155888999e-05 0.0004396479097340078 0.0029490900299495313 0.02849707946884274 0.18307306217876876 0.7849647434811462, 
20, 111110, 111111, 0.953415597638596, 0.953415597638596, 0.0 3.684812106677464e-05 0.0005995875490147017 0.005993717068537616 0.034413121847634454 0.19011642846615034 0.7688402969475961, 
21, 111111, 111111, 0.957255763776158, 0.957255763776158, 3.6841600044568376e-05 5.575388774497168e-05 0.0004377451896192949 0.0036156282657946073 0.02997689549455903 0.1834139417590812 0.7824631938031563, 
22, 111111, 111101, 0.9593488590954787, 0.9593488590954787, 0.0 8.585422739925837e-06 0.0004612993442147544 0.004061405173218079 0.026705684994607806 0.1764231354276992 0.7923398896375203, 
23, 111111, 111111, 0.9596297475128964, 0.9596297475128964, 0.0 2.5035998499152203e-05 0.0003284089822591362 0.004660312619656562 0.027059204693620498 0.17268335175487867 0.7952436859510859, 
24, 110110, 111111, 0.9580469002970468, 0.9580469002970468, 0.0 0.0 0.0005061203846569288 0.0029035311818094763 0.029486712432937996 0.18201009826778777 0.7850935377328078, 
25, 111111, 111111, 0.9590579671754615, 0.9590579671754615, 0.0 0.0 0.00018538426543252806 0.002205294915373822 0.03172198420698463 0.17485080672541012 0.7910365298867988, 
26, 011111, 011111, 0.9571548769005542, 0.9571548769005542, 9.669213147804849e-05 0.00013688096552008674 0.0005318593439306247 0.004844929006732627 0.03291728327238008 0.17330939003952492 0.7881629652404337, 
27, 111111, 111111, 0.9601294493509109, 0.9601294493509109, 0.0 0.0 0.0001761325404344002 0.002669066020238678 0.02759100439572437 0.17532956688063153 0.794234230162971, 
28, 111111, 111111, 0.9569452966904541, 0.9569452966904541, 0.0 0.0 0.0001482190376069716 0.0029159033815725315 0.0266927662489206 0.19560210106428855 0.7746410102676113, 
29, 111111, 111111, 0.9542844638072779, 0.9542844638072779, 0.0001442191959811392 0.00029895061712458015 0.0009005446904704399 0.004863247093609834 0.03639007894505685 0.18096107096199823 0.776441888495759, 
30, 111111, 111111, 0.9517344686569776, 0.9517344686569776, 5.398436632939747e-05 0.00026504138209791406 0.0006040155354799057 0.006103667695055817 0.03523555614137844 0.19674589743982496 0.7609918374398336, 
31, 111111, 111111, 0.955260066400343, 0.955260066400343, 1.90698171262514e-05 4.1807185724349245e-05 0.0003101606452721073 0.005509027400352749 0.030913345122418296 0.1885217317395797 0.7746848580895265, 
32, 111111, 011111, 0.9588758732228388, 0.9588758732228388, 0.0 0.0 0.00017230863281285477 0.003452410149755857 0.027396911187064138 0.18090447330831985 0.7880738967220473, 
33, 111111, 101111, 0.9565676462107932, 0.9565676462107932, 2.7674241660719823e-05 3.433079923221043e-05 0.0006884142805022497 0.004867760761692852 0.03237845655186644 0.17814257077829557 0.78386079258675, 
34, 111110, 111111, 0.9612947171415752, 0.9612947171415752, 0.0 9.917233605691364e-05 0.0004973675575931867 0.0034978449607625324 0.025002357291776706 0.1692481157740499 0.8016551420797609, 
35, 010110, 011110, 0.9523019777466655, 0.9523019777466655, 1.1774586147353762e-06 0.00015909252550793543 0.000517356450559615 0.006676343917867389 0.0330629637551292 0.19716122107468056 0.7624218448176405, 
36, 111110, 111111, 0.9571166359627834, 0.9571166359627834, 0.0 0.0 0.00015816534215348105 0.003736446903118349 0.03047174412982704 0.1845146938856767 0.7811189497392245, 
37, 111111, 111111, 0.9567068982121062, 0.9567068982121062, 0.0 2.9589337959630144e-05 0.000689547180489401 0.006451756594987967 0.03053333611292428 0.17643053330479455 0.7858652374688441, 
38, 111111, 111111, 0.9594178345033824, 0.9594178345033824, 0.0 8.085964840559731e-05 0.0006945301495689721 0.003641291254291307 0.025577572588286787 0.1782315551999544 0.7917741911594929, 
39, 011111, 111111, 0.9547508932243517, 0.9547508932243517, 0.00010601626829827114 0.00019113874265412487 0.0010526400601279238 0.007755246071472856 0.0320148790601465 0.17839679275560708 0.7804832870416933, 
40, 111111, 111111, 0.9578169620141376, 0.9578169620141376, 0.0 3.2422711306185945e-05 0.0007026784933850311 0.003677535785742579 0.028390588392487606 0.18231161624290124 0.7848851583741773, 
41, 111100, 111111, 0.960356818785794, 0.960356818785794, 0.0 0.0 0.0001914199095196951 0.002112635577706735 0.028165955525919814 0.17442358986219722 0.7951063991246565, 
42, 111111, 111110, 0.9554655977502257, 0.9554655977502257, 1.1636592554932547e-05 0.00016851362455067178 0.0008824687183776142 0.007045534332927372 0.03197102296258546 0.1776855020230999 0.782235321745904, 
43, 111110, 111111, 0.9574956676669758, 0.9574956676669758, 0.0 2.6914857457819436e-05 0.00037043639982273176 0.004312143710149157 0.026721217245619544 0.18703080848987846 0.7815384792970722, 
44, 111111, 011111, 0.9565431904993859, 0.9565431904993859, 2.7775977018276847e-05 6.143480729863756e-05 0.0012479894016526425 0.004273055342300899 0.02940801609527217 0.18363987128102413 0.7813418570954332, 
45, 111111, 111111, 0.9570405553161323, 0.9570405553161323, 0.0 0.0001710139885396049 0.001080080756877689 0.004879684486680884 0.030826439321269147 0.1762893430304164 0.7867534384162163, 
46, 111111, 011111, 0.9547722586520881, 0.9547722586520881, 3.2429670003822867e-05 8.677539160387855e-05 0.0012807664908524477 0.005164874049827815 0.03239974272483637 0.18532081954686247 0.7757145921260132, 
47, 111111, 111111, 0.958579207334006, 0.958579207334006, 0.0 0.0 0.0001986345252845862 0.002373431419485378 0.03210840936134163 0.17639310491368596 0.7889264197802025, 
48, 111111, 111111, 0.9593736672848893, 0.9593736672848893, 0.0 3.6777074283645264e-06 0.0006097659179094655 0.004565989281552815 0.025704999243194457 0.17619257775083766 0.7929229900990773, 
49, 111111, 111111, 0.9584162713284475, 0.9584162713284475, 1.2924913548628488e-05 6.925598285215241e-05 0.0008141006633845397 0.0036076606971428434 0.030526930774640713 0.17394529633951444 0.7910238306289167, 
50, 111111, 111110, 0.9569912503338502, 0.9569912503338502, 0.0 0.0 0.0005441411509204761 0.004408602294859602 0.03386266183906987 0.1749248028304977 0.7862597918846523, 
51, 111111, 111111, 0.9573645411999944, 0.9573645411999944, 0.0 0.0 0.0006166566462721426 0.004206611782303596 0.03168620715016094 0.177353876567713 0.7861366478535504, 
52, 111111, 111111, 0.9592695735196872, 0.9592695735196872, 0.0 0.0 0.0001255770171354498 0.004738346668962449 0.029234319034842905 0.17119657273676178 0.7947051845422973, 
53, 111111, 111111, 0.961170201734035, 0.961170201734035, 0.0 0.0 0.0005808218434143775 0.00391948331214598 0.027432279422350325 0.16403249344099355 0.8040349219810957, 
54, 111111, 111111, 0.9600110965366131, 0.9600110965366131, 0.0 0.0 0.0003426895934079942 0.0034743252088651837 0.026169816001094314 0.17580005477790558 0.794213114418727, 
55, 011111, 111111, 0.9586168666881771, 0.9586168666881771, 5.5050463465281886e-06 0.00018135541300205954 0.0007948843040585517 0.0032631491958739216 0.027255620965608948 0.17987876579277448 0.7886207192823355, 
56, 111111, 111111, 0.9574504173319366, 0.9574504173319366, 0.0 0.0 4.36646974439848e-05 0.003483546446526955 0.02987840352155795 0.18491539083590813 0.7816789944985629, 
57, 111111, 011111, 0.9557821618271538, 0.9557821618271538, 7.65510087106909e-05 0.0001613680201483908 0.0006739376829479421 0.004470261112557614 0.03131217328115735 0.18531000225229174 0.7779957066421862, 
58, 111111, 111111, 0.9574532359403382, 0.9574532359403382, 0.0 0.0 0.00014091190496995335 0.0035628876338082123 0.029918006431098244 0.18419226097446925 0.7821859330556544, 
59, 111111, 111111, 0.9592388713687416, 0.9592388713687416, 0.0 5.103335962834812e-06 0.00046619483370809325 0.00440158661068923 0.02768497057190959 0.1741017747970167 0.7933403698507135, 
60, 111111, 111111, 0.9573741673229881, 0.9573741673229881, 0.0 6.149361436083203e-06 0.0004788146987954207 0.004293941230034665 0.027087055772317115 0.18675305522497135 0.7813809837124454, 
61, 111111, 111111, 0.9575818181011896, 0.9575818181011896, 0.00016511267225651513 0.00014730360055662336 0.0007257796491001049 0.004614965306473026 0.02909381564560609 0.17784625154950812 0.7874067715764995, 
62, 111111, 111111, 0.9616807145905858, 0.9616807145905858, 0.0 7.235618321713947e-05 0.00016943586186391965 0.004219031161492686 0.025576788556914132 0.16506551749463783 0.8048968707418743, 
63, 111111, 111111, 0.9617565474011801, 0.9617565474011801, 0.0 2.532180248794101e-05 0.0005438356930632712 0.0026600675482807163 0.024531178631056857 0.1701162039012705 0.8021233924238407, 
64, 111111, 111111, 0.9596946689303145, 0.9596946689303145, 0.0 0.0 2.287602889106387e-05 0.002856788413551052 0.026701369422576032 0.17976737821674416 0.7906515879182376, 
65, 111111, 111111, 0.9569174451279453, 0.9569174451279453, 0.0 0.0 0.00017048024648741596 0.003369196709644776 0.030251490422044478 0.1872028372733553 0.7790059953484679, 
66, 111111, 111111, 0.9599192753599479, 0.9599192753599479, 0.0 0.0 0.00019362298786271184 0.0029945251621732822 0.025694860375706098 0.17933655965092957 0.7917804318233282, 
67, 011111, 111111, 0.9608653812076863, 0.9608653812076863, 0.0 0.0 0.0005521503726389861 0.003357245407957523 0.025003283939824913 0.17252080715980447 0.7985665131197741, 
68, 111111, 111111, 0.960037456813482, 0.960037456813482, 7.1971059095008025e-06 4.639068916312285e-05 0.0005773399191392603 0.00274527307829275 0.02894271850460404 0.1710695071171916 0.7966115735856998, 
69, 111111, 111111, 0.9571453167166568, 0.9571453167166568, 0.0 0.0 0.00037398205575053177 0.004500715226580866 0.026679882661499708 0.1887702604743154 0.7796751595818534, 
70, 111111, 111111, 0.952085139342431, 0.952085139342431, 6.28893003790719e-05 0.00021856347323763936 0.0008729921899600822 0.004727424118308478 0.03569952835351895 0.19694571295514748 0.7614728896094483, 
71, 111111, 111111, 0.9603476953714258, 0.9603476953714258, 5.252065411930992e-05 9.093644389487447e-05 0.00045168207476868513 0.0034505182067287176 0.023225116326430862 0.17853550605513185 0.7941937202389258, 
72, 111111, 111111, 0.9600487843117207, 0.9600487843117207, 3.660763949314753e-05 8.171000385562578e-05 0.000726662551450928 0.0057765376520037765 0.02499481155624029 0.16885321199914358 0.7995304585978127, 
73, 111111, 011111, 0.9573523603394175, 0.9573523603394175, 6.540104312712237e-06 0.00020182516340457965 0.0012114892564181804 0.003784301854126797 0.02889387631167029 0.18085085630920175 0.7850511110008657, 
74, 111111, 111111, 0.9585332112440001, 0.9585332112440001, 0.0 7.147159263179415e-06 0.000613986487384332 0.004211499652514333 0.0319664915020457 0.16974156882851202 0.7934593063702805, 
75, 111111, 111111, 0.9602963526708679, 0.9602963526708679, 0.0 0.0 0.0001623646394013223 0.0028599702828905203 0.02966595151211067 0.16966061154429435 0.7976511020213032, 
76, 111111, 111111, 0.9564783100264135, 0.9564783100264135, 0.0 0.00012622265477123712 0.000497939128531913 0.004678730504138235 0.033423229815375335 0.1776246189103701 0.7836492589868131, 
77, 111111, 111111, 0.957128838984407, 0.957128838984407, 0.0 0.0 0.0005588061582289422 0.003407641154453988 0.029119437924932778 0.1865299421474147 0.7803841726149696, 
78, 111111, 011111, 0.9586088781079913, 0.9586088781079913, 0.0 8.502371581327347e-05 0.0007716686528419312 0.004392092643547852 0.030071028187590422 0.1715166038557943 0.7931635829444122, 
79, 110111, 111111, 0.9564874803521549, 0.9564874803521549, 0.0 0.0 0.00030346622501608867 0.0032800066727392938 0.031949921525920265 0.18612138991694788 0.7783452156593764, 
80, 111110, 111110, 0.9615917106963253, 0.9615917106963253, 0.0 7.056267545643306e-05 0.0006459243262623037 0.0031883818782509187 0.021836827097087577 0.17427442531078857 0.7999838787121543, 
81, 111111, 111111, 0.9544678462250341, 0.9544678462250341, 0.00017575805159971827 0.00033238189000203493 0.0008597970823026838 0.00500204211012892 0.03161185383804996 0.1888074425544898 0.7732107244734269, 
82, 111111, 111111, 0.9587839372509397, 0.9587839372509397, 8.569090292374292e-05 0.00033793684125338276 0.000505740953223024 0.004971067262768445 0.02770365411652576 0.17274907303630396 0.7936468368870017, 
83, 111111, 111111, 0.9601899854959511, 0.9601899854959511, 1.9290241365489505e-05 8.466280849868342e-05 0.00046363029313824 0.003955327840825592 0.025420775958749347 0.17375897492107778 0.7962973379363449, 
84, 111111, 111110, 0.9584729509489293, 0.9584729509489293, 0.0 0.0 0.00012324811067938803 0.0022027608287040496 0.027440783752959063 0.18717945187167737 0.7830537554359801, 
85, 011111, 111111, 0.9536145344667449, 0.9536145344667449, 0.0 0.0 0.0005377411234799168 0.004553359739814045 0.034310434260102426 0.19388088096596312 0.7667175839106405, 
86, 111101, 111111, 0.9570849017598693, 0.9570849017598693, 0.0 2.434397376378377e-05 0.00043275344494927493 0.0022648166549453915 0.028963415490748344 0.19091657484583563 0.7773980955897576, 
87, 111011, 111111, 0.9564781328110153, 0.9564781328110153, 0.0 0.0 0.0006587832305442718 0.0032186757521135497 0.030141987018060895 0.18855606891926818 0.7774244850800132, 
88, 011111, 110100, 0.9579219186275998, 0.9579219186275998, 0.0 1.754907896813892e-05 0.0006009212243325085 0.003159431157882544 0.027216955475583917 0.18606485351741525 0.7829402895458176, 
89, 111111, 110101, 0.961969821005507, 0.961969821005507, 0.0 2.139183400472005e-06 7.641452605687436e-05 0.0027071128873492915 0.026825112386385207 0.16609315651091003 0.8042960645058981, 
90, 111110, 111110, 0.9572045327214324, 0.9572045327214324, 0.0 0.0 0.0009511565461384078 0.0038493015653337285 0.02987533450228723 0.18166960378627695 0.7836546035999636, 
91, 111111, 111111, 0.956254501894447, 0.956254501894447, 0.0 0.0 0.0005532124577819333 0.00380055799045788 0.030017573509235132 0.1888233178123465 0.7768053382301786, 
92, 111111, 011111, 0.9589980004242042, 0.9589980004242042, 0.0 0.0 0.0002713690659639097 0.004200661115468832 0.030511820499947877 0.1713008968446162 0.7937152524740032, 
93, 111111, 111110, 0.9583115519305129, 0.9583115519305129, 2.539243955861954e-05 8.529612707524071e-06 0.00045651984112952433 0.0035894325912697715 0.027832116061355085 0.18167707645499614 0.7864109329989833, 
94, 111111, 111111, 0.9576844986439116, 0.9576844986439116, 0.0 0.0 0.0003388833480060668 0.003926317344567194 0.030627248340064757 0.17950402603067545 0.7856035249366866, 
95, 111111, 111111, 0.9569707957570722, 0.9569707957570722, 0.0 0.0 0.0005518149753574246 0.004924362156798314 0.02971755797396577 0.18175976313781023 0.7830465017560683, 
96, 111111, 011111, 0.9563140809042449, 0.9563140809042449, 0.0 0.0 0.000426425962401742 0.00467446262602185 0.03266420333577546 0.18105801617530765 0.7811768919004933, 
97, 011111, 111111, 0.9580189648562474, 0.9580189648562474, 0.0 2.7618861947740826e-07 0.0006277543567423735 0.0035814087764142557 0.026927754903266522 0.18477407635667314 0.7840887294182842, 
98, 111111, 111111, 0.9616650694141086, 0.9616650694141086, 9.176521134331112e-05 0.00027354130604267116 0.000253982089248186 0.003667635410605548 0.02512027679653063 0.16583189753520428 0.8047609016510254, 
99, 111111, 111111, 0.9540192713968726, 0.9540192713968726, 0.0 0.0 0.0004044014275194349 0.006112075721029155 0.033477018942582294 0.18897650086043494 0.7710300030484342, 
100, 111111, 111111, 0.9592403377652903, 0.9592403377652903, 0.0 0.0 0.0001429812809562683 0.0036722166583787763 0.028545485079917138 0.1758784281494628 0.7917608888312849, 
run, initial grid state, final grid state, mean grid cell occupancy, mean binding site occupancy, fraction of time with N TFs bound, warning
1, 111110, 111111, 0.9558431304596836, 0.9558431304596836, 0.00019413094110914636 0.000363768491374538 0.0006148982110568455 0.005533348282475443 0.029206676554155653 0.1844845983384058 0.7796025791814225, 
2, 111101, 111111, 0.9565775738025986, 0.9565775738025986, 0.0 6.458463770917483e-06 0.0007434787699311119 0.00549918848798523 0.029882342374683197 0.181266099572508 0.7826024323311216, 
3, 111111, 111111, 0.9599155618702188, 0.9599155618702188, 0.0 0.0 0.0003296474150204516 0.0036753505144526567 0.024609882169786854 0.1789422232356736 0.7924428966650664, 
4, 111111, 111111, 0.9578895452302314, 0.9578895452302314, 0.0 0.0 0.0001613202237804163 0.004124005271404598 0.02965091168107307 0.1803436085471305 0.7857201542766113, 
5, 111111, 111111, 0.9578478834018933, 0.9578478834018933, 8.346504238270577e-05 0.00014530684513233954 0.00037583949800823414 0.004261601527602559 0.02819292055136464 0.1810113714311122 0.7859294951043972, 
6, 111111, 111111, 0.960130429371922, 0.960130429371922, 0.0 0.0 0.00041553397126792437 0.0036938431707659787 0.02687808034405273 0.17271759768299338 0.79629494483092, 
7, 111111, 111111, 0.958440846565213, 0.958440846565213, 0.0 0.0 0.0008989034758416811 0.004744532915153451 0.029630292197393184 0.1722651235651084 0.7924611478465033, 
8, 111101, 111111, 0.9537720558445454, 0.9537720558445454, 0.00017158337167274382 0.0001911550844707943 0.0005099124318552584 0.004440613583896614 0.03138096710583216 0.19725896458956224 0.7660468038327102, 
9, 111111, 111111, 0.9566267089375013, 0.9566267089375013, 0.0001614554252716473 5.283225966033481e-05 0.0005965663733175254 0.0037829139252135045 0.0319170571033995 0.18143773104935162 0.7820514438637859, 
10, 111111, 111110, 0.9575993523064414, 0.9575993523064414, 0.0 0.0 0.00048527369601852297 0.003907542553208756 0.03363669416918032 0.17346677537928984 0.7885037142023026, 
11, 111111, 111111, 0.9537348293143924, 0.9537348293143924, 0.0 0.0 0.00046371463914757677 0.0045490644899305625 0.032092652232254056 0.1979036676227566 0.7649909010159113, 
12, 111111, 111111, 0.9584558905693387, 0.9584558905693387, 0.0 4.152532031919275e-05 0.0005023577890155499 0.0029518321860407784 0.028908264776290594 0.18037557271560667 0.7872204472127272, 
13, 111111, 111100, 0.9585013092520931, 0.9585013092520931, 5.631728056748707e-05 3.062370702834356e-05 0.0008656745728735412 0.003585569057961003 0.027913387363629423 0.17845494207625898 0.7890934859416813, 
14, 111111, 111111, 0.9568676473070882, 0.9568676473070882, 0.0 0.00012620315615627026 0.0012426197516365951 0.005878567392206954 0.031178743756465496 0.17319943168059154 0.7883744342629432, 
15, 111111, 111111, 0.9595355359737895, 0.9595355359737895, 0.0 6.9341048907098305e-06 0.0003326188302145685 0.0037878638969372847 0.030793258318658163 0.1684715299838235 0.7966077948654757, 
16, 111111, 111111, 0.9533652476947193, 0.9533652476947193, 0.0 0.0 0.0005491317625818933 0.004597304976893585 0.035814391803144476 0.19219128824438722 0.7668478832129928, 
17, 111111, 111111, 0.9569675446320521, 0.9569675446320521, 2.205496687003544e-05 3.643263346728824e-05 0.0003982017695352009 0.005424912732271242 0.02867481245284943 0.1826630690584777 0.782780516386529, 
18, 111111, 111111, 0.9586729423157917, 0.9586729423157917, 0.0 0.0001395610723179295 0.0005105437123088041 0.004332693521781251 0.026657161834208486 0.17890996166066503 0.7894500781987185, 
19, 111111, 111111, 0.9590780223457054, 0.9590780223457054, 0.0 0.0 0.00023568992000431885 0.0018594317767513541 0.030595404714776012 0.17782000148594454 0.7894894721025236, 
20, 111111, 111111, 0.9603735295419581, 0.9603735295419581, 0.0 7.910604905287424e-06 0.0006343551523749955 0.00433580238749905 0.023644362553009456 0.17488571684570928 0.7964918524565019, 
21, 001111, 111111, 0.9578913859256706, 0.9578913859256706, 0.0 0.0 0.00035356873280222923 0.003976646739641683 0.03182646974411082 0.175654529807621 0.7881887849758242, 
22, 111111, 111111, 0.9565945353823669, 0.9565945353823669, 0.0 0.0 0.000292830148047733 0.003892597867729869 0.03153635993402077 0.18451095364237574 0.7797672584078259, 
23, 111111, 111110, 0.9593830369611676, 0.9593830369611676, 0.0 0.0 0.0004136122558028073 0.0030926459917796365 0.02732325665015645 0.17812287793413156 0.7910476071681295, 
24, 111111, 111110, 0.9557832697891806, 0.9557832697891806, 5.16673884153366e-06 2.9513267636980327e-05 0.0012486321423423004 0.00420075031879447 0.027419299527941636 0.19268643591204618 0.7744102020923969, 
25, 111111, 111111, 0.9552418362788027, 0.9552418362788027, 0.0 0.0 0.0002334019200709249 0.004962495433628928 0.03317959541415878 0.18636869751769575 0.7752558097144456, 
26, 111111, 111110, 0.9566494332064761, 0.9566494332064761, 0.0 0.00012409467997210366 0.0009468745233634149 0.005001713572551193 0.030231174793805847 0.18022793896256337 0.7834682034677442, 
27, 111111, 111111, 0.9586178586007463, 0.9586178586007463, 1.2304894371486845e-05 5.722945978198732e-05 0.0007095621595411924 0.004767701141216997 0.026768220019192098 0.17725507963018308 0.7904299026957132, 
28, 111111, 111111, 0.9576842338856624, 0.9576842338856624, 7.048481181052912e-05 6.819440694766473e-05 0.0005314760219247966 0.005164302220500214 0.030954016633485595 0.17360387176425426 0.789607654141077, 
29, 111100, 111111, 0.9586337013084538, 0.9586337013084538, 0.0 9.851869393501963e-06 0.00047186153544681407 0.004299932536041051 0.03026585772204893 0.17282957360830226 0.7921229227287675, 
30, 111111, 011111, 0.9586724863304675, 0.9586724863304675, 0.0 0.00010354416977564493 0.0006650492542596338 0.0035078020026759267 0.028472602145851428 0.1773185538515473 0.7899324485758901, 
31, 111111, 111111, 0.957726276125663, 0.957726276125663, 0.0 0.0 0.0007337274415443908 0.004413796069819459 0.02847020082518452 0.1805256436200169 0.7858566320434347, 
32, 111111, 111111, 0.9580206911533413, 0.9580206911533413, 6.006647626990363e-05 7.590186613548369e-05 0.00029300282753371055 0.002463870065313932 0.027890861010090712 0.18679060136539632 0.78242569638926, 
33, 111111, 111111, 0.9611440676358756, 0.9611440676358756, 0.0 0.0 0.00030023451896806554 0.0038666604932755017 0.02450728411904924 0.17132010639094997 0.8000057144777571, 
34, 111111, 111111, 0.9591966078698247, 0.9591966078698247, 3.782236835377557e-05 7.628688056525729e-05 0.00043521646892899556 0.00320796051204602 0.030027048548861242 0.1727931396585259 0.7934225255627189, 
35, 001110, 111111, 0.9556057905312895, 0.9556057905312895, 0.0 6.747221455165317e-05 0.0005271452037731637 0.004024033131688005 0.033480072668889575 0.18488707019156891 0.7770142065895286, 
36, 111110, 111111, 0.9569220677751937, 0.9569220677751937, 0.0 0.0 0.00021832085260226612 0.004253817165283518 0.03365631676133675 0.17752022491990468 0.7843513203008728, 
37, 111111, 111111, 0.9568802627988477, 0.9568802627988477, 2.132609928020409e-05 0.0003640547032381523 0.0005607048251952444 0.004691568148350828 0.030724372602299557 0.17900392414460942 0.7846340494770266, 
38, 111111, 111111, 0.9584365547546733, 0.9584365547546733, 0.0 0.0 0.00032683562190546873 0.0029063966822095995 0.0314543220891537 0.1764454947594027 0.7888669508473285, 
39, 111111, 111111, 0.9594973795114328, 0.9594973795114328, 0.0 0.0 0.00013072531079798936 0.0035543479958704926 0.025828288216176973 0.1801732012682463 0.7903134372089083, 
40, 111111, 111111, 0.9590269610504296, 0.9590269610504296, 0.0 0.0 0.00028347197315130204 0.0049766097066035525 0.028454097819541658 0.17286632104592317 0.7934194994547803, 
41, 111111, 111111, 0.9602922459984018, 0.9602922459984018, 0.0 0.0 0.00037220918509056167 0.003748404890967773 0.0276388765703145 0.17023471945569596 0.7980057898979313, 
42, 111111, 111111, 0.9565247784976986, 0.9565247784976986, 0.0 0.0 0.00035152244703338253 0.004440668966894816 0.03337420223270437 0.17937482785958198 0.7824587784937854, 
43, 111111, 111111, 0.9558240834168467, 0.9558240834168467, 0.0 2.350717963956651e-05 0.00039378041792264293 0.00341171717736146 0.032921164671736614 0.1872853610534736 0.7759644694998661, 
44, 111111, 111111, 0.9587714877304894, 0.9587714877304894, 0.0 0.0 0.00012604345142001197 0.003948149408986985 0.029800982323406635 0.1754204869376092 0.7907043378785772, 
45, 111111, 111111, 0.9579422728087968, 0.9579422728087968, 3.993611074447631e-05 0.00015665364756856643 0.0001570157164626462 0.0032068109431077963 0.02965356508648903 0.18176785237675733 0.7850181661188701, 
46, 011111, 111111, 0.9589907757586834, 0.9589907757586834, 0.0 3.53120393194471e-05 0.0001831561202752306 0.0035997820403331658 0.026752861113557635 0.18084109242208593 0.7885877962644285, 
47, 011111, 011111, 0.9609273743400343, 0.9609273743400343, 0.0 0.0 0.0007514486707810844 0.002334379276724798 0.026170053407173488 0.17208671463214817 0.7986574040131724, 
48, 111111, 111111, 0.9605343298664444, 0.9605343298664444, 1.7346617872970442e-05 8.805797604291212e-05 0.0005225237174047174 0.005531717710783041 0.027408075326432097 0.16274825255904943 0.8036840260924148, 
49, 111111, 011111, 0.9603072555804867, 0.9603072555804867, 4.3321618653081706e-05 0.00012031335295972369 0.0001604300436396258 0.004003765056283197 0.028844937504748584 0.16695207968745748 0.7998751527362582, 
50, 111111, 111111, 0.9577158938813609, 0.9577158938813609, 0.0 0.0 0.0007326619908696554 0.0038544745594912993 0.03170343824461223 0.17580368858065756 0.7879057366243694, 
51, 111111, 111111, 0.9621027340327033, 0.9621027340327033, 0.0 0.0 0.0005558092927721107 0.0024597439969584484 0.02494404393239099 0.1678930387770345 0.804147364000844, 
52, 011111, 111111, 0.9581960066955427, 0.9581960066955427, 0.0 9.97520996521768e-05 0.0004265187565704612 0.004417150568891791 0.029068338635157294 0.17723099532521092 0.7887572446145173, 
53, 111111, 111111, 0.9581231381754913, 0.9581231381754913, 0.0 0.0 0.0005272441826985177 0.003732823468629828 0.027417915158101033 0.1831178934941665 0.7852041236964041, 
54, 111111, 111111, 0.955589014876032, 0.955589014876032, 0.00014671262898093175 0.00011337331848859785 0.00048621124351575965 0.00427501881587242 0.03446340032168825 0.18132206631242265 0.7791932173590314, 
55, 111110, 111111, 0.9584400121113004, 0.9584400121113004, 0.0 0.0 0.000260626445950589 0.0027967931075765385 0.02799423833487469 0.18393856555591653 0.7850097765556816, 
56, 111111, 111111, 0.9615965460523619, 0.9615965460523619, 0.0 1.700935993052664e-05 0.0008317643464953558 0.004119173349635899 0.027527049118975862 0.15959700121333512 0.8079080026116272, 
57, 111111, 001110, 0.956032853470767, 0.956032853470767, 0.0001568192874456587 0.00010971041436978747 0.0007690913471527326 0.0037833666868521765 0.027694919806935964 0.19249710631583541 0.7749889861414082, 
58, 111111, 111111, 0.9621086447828305, 0.9621086447828305, 0.0 0.00016554081308251334 0.0005456052867700088 0.0027178444636180637 0.024479576957021375 0.16722531878562738 0.8048661136938807, 
59, 111111, 111111, 0.9556362623933848, 0.9556362623933848, 0.0 0.0 0.0007574575468193401 0.005820733859427989 0.029209494135133515 0.18727140560386252 0.7769409088547566, 
60, 011111, 111111, 0.9581915325861684, 0.9581915325861684, 0.0 3.2816394524631043e-06 0.0001567209523503837 0.003926275397722215 0.027350210292382826 0.18372826569839382 0.7848352460196982, 
61, 111111, 111111, 0.9576992349596438, 0.9576992349596438, 0.0 0.0 0.0002858532843690826 0.0035209229183434682 0.033396341394207094 0.1753057255612157 0.7874911568418647, 
62, 111111, 111111, 0.9552550120839481, 0.9552550120839481, 0.0 0.0 0.0002964429106456582 0.005601471792130103 0.03144515882719911 0.18758942282294083 0.7750675036470843, 
63, 111111, 111111, 0.9583346053975401, 0.9583346053975401, 0.00020817912172249383 0.0003982783552959703 0.0006042330452034586 0.0038274744575041778 0.027809364847542623 0.17723381585953263 0.7899186543131986, 
64, 111111, 011111, 0.9576781542480738, 0.9576781542480738, 0.0 1.3232784675870622e-05 0.0006703433409433137 0.0030961055981510092 0.0264843474422583 0.18892652554543493 0.7808094452885366, 
65, 111111, 111111, 0.9568222047317796, 0.9568222047317796, 0.0 0.0 0.0003854704039169919 0.0037880084499337147 0.033562647163384 0.17903557031708595 0.7832283036656794, 
66, 111010, 111111, 0.9599872360938132, 0.9599872360938132, 0.0 0.0 0.00025204399561498843 0.00403388671370648 0.029563502895245772 0.1678397415230497 0.798310824872383, 
67, 111111, 111111, 0.9576607929374773, 0.9576607929374773, 0.0 0.0 0.0003111058227380613 0.0040787501977726385 0.030162633849905342 0.18022930079105523 0.7852182093385287, 
68, 111111, 011111, 0.9595460926843228, 0.9595460926843228, 0.0 0.0 2.9205555255640118e-05 0.0031877196747244997 0.026324170994982916 0.1803951206589015 0.7900637831161353, 
69, 111111, 111111, 0.9593516014179896, 0.9593516014179896, 2.6631716449147177e-05 0.00016725268016372407 0.0010639695978576441 0.0035162860050076484 0.02534829618190912 0.17739300902227728 0.7924845547963355, 
70, 111110, 111110, 0.9577557518305175, 0.9577557518305175, 0.0 0.0 0.0002892004292908488 0.004897010442686845 0.03009892073015341 0.17741981451136415 0.7872950538865048, 
71, 111111, 111111, 0.9571032602869478, 0.9571032602869478, 0.0 0.0 0.00014065602393760566 0.003228840120943289 0.03141274760299218 0.18430579861374824 0.7809119576383787, 
72, 111111, 111111, 0.9560902665352219, 0.9560902665352219, 0.0 7.495177317011923e-05 0.0006050339670970326 0.004890381615837414 0.030308342124308836 0.18537567695830032 0.7787456135612862, 
73, 111111, 111111, 0.9592514738738028, 0.9592514738738028, 0.0 2.4273080076149527e-05 0.0009832566431643849 0.004958084396436398 0.02734840237521495 0.1708657068444055 0.7958202766607027, 
74, 111111, 111111, 0.9583462530037089, 0.9583462530037089, 1.187909973439716e-05 0.0004268502004840828 0.0012670007903275034 0.0037845008113842915 0.02625623037829663 0.17878299002486397 0.7894705486949091, 
75, 111111, 111111, 0.9593457076469476, 0.9593457076469476, 0.0 0.0 0.000236204876261467 0.00504127229250706 0.02886835854688527 0.17012040064197687 0.7957337636423694, 
76, 111111, 111111, 0.9561547661926056, 0.9561547661926056, 0.0 0.00016000284302995316 0.0007033249917275404 0.004236071162284616 0.03158812533151159 0.18357362451242956 0.7797388511590168, 
77, 111110, 111111, 0.9559422052641607, 0.9559422052641607, 0.0 0.0 0.00031418134898154507 0.004340080099510444 0.03452040919061685 0.18102898433934453 0.7797963450215466, 
78, 111110, 111111, 0.960264011661363, 0.960264011661363, 0.0 1.0549345992945488e-05 0.0005431716062385979 0.004534721860039095 0.027025685059374027 0.16853496117803762 0.7993509109503177, 
79, 111111, 111111, 0.9562115337295456, 0.9562115337295456, 0.0 0.0 0.00011006026055408375 0.004820398910491553 0.030238935366631872 0.18735148911577204 0.7774791163465504, 
80, 111111, 111111, 0.9593725170047813, 0.9593725170047813, 0.0 0.0 0.0006289961841007641 0.0050078171358049275 0.029006063313007334 0.16821333520147938 0.7971437881656076, 
81, 111111, 111111, 0.9578096293608006, 0.9578096293608006, 0.0 5.245285482917513e-06 0.0005904486349839361 0.0045102520426424375 0.032714756788348294 0.17179393316322203 0.7903853640853205, 
82, 111111, 111111, 0.9561349513305109, 0.9561349513305109, 8.62916548863479e-05 0.00011481775020264443 0.000674872878221802 0.005201818179656146 0.031563847603734124 0.18066581207727986 0.781692539856019, 
83, 111110, 111111, 0.9571478658631446, 0.9571478658631446, 0.0 0.0 0.00028767345708858395 0.0037201847884033397 0.030100577453433683 0.18460040172070002 0.7812911625803745, 
84, 111111, 111111, 0.9603000497649307, 0.9603000497649307, 0.0 1.2116861716679163e-05 0.0004895734375240121 0.0038442213944784014 0.026811972079685057 0.17102421500893167 0.7978179012176643, 
85, 111111, 111111, 0.9589283781098916, 0.9589283781098916, 4.1379347906169434e-05 1.8981903615735826e-05 0.0005825707501025284 0.003272349716336677 0.027041117611874197 0.17985697836196574 0.789186622308199, 
86, 111111, 011111, 0.9566975648138965, 0.9566975648138965, 0.0 2.805884100232805e-05 0.0003699702638734664 0.005321457853747549 0.03084483356531011 0.18054039516425313 0.7828952843118134, 
87, 111111, 111110, 0.9577660087980868, 0.9577660087980868, 8.882120767207372e-06 0.0002999525934750693 0.0005180104842674164 0.004737854513115451 0.028854690736293646 0.17785590457049624 0.7877247049815849, 
88, 111111, 111111, 0.9555613911884184, 0.9555613911884184, 0.0 0.0 0.0006516199232085403 0.005150972188153408 0.03412513687689135 0.18032198285841203 0.7797502881533347, 
89, 111110, 111111, 0.9554742860985341, 0.9554742860985341, 8.073644359168552e-06 0.0001655799357652664 0.0012417293623528593 0.0035423190670137742 0.03290639808005265 0.18487127105325554 0.7772646288572007, 
90, 111111, 111111, 0.9565627635979862, 0.9565627635979862, 0.0 0.0 0.0003166276772685845 0.0038836096987928817 0.031322989180447514 0.18506010024573455 0.7794166731977564, 
91, 111110, 111111, 0.9580831360297475, 0.9580831360297475, 0.0 0.0 0.0005064334812283799 0.00566460928590893 0.02928602066202233 0.1739095807148306 0.7906333558560098, 
92, 111111, 111111, 0.9551970941863543, 0.9551970941863543, 2.890943316573188e-05 0.00012805682717720665 0.0010982669293654885 0.005477827199640366 0.03280719696669731 0.1815627508972159 0.778896991746738, 
93, 111110, 111111, 0.9549414244366818, 0.9549414244366818, 0.0 2.162671954915637e-05 0.000474990190828627 0.003604701511896183 0.03328995246989673 0.19094934954336673 0.7716593795644625, 
94, 111111, 111111, 0.9569191036672594, 0.9569191036672594, 7.2845144438034e-05 4.687366334732089e-05 0.0006273913046559577 0.005786674884859209 0.03126724404252017 0.1754098608548369 0.7867891101053424, 
95, 111111, 111111, 0.9600490473231397, 0.9600490473231397, 0.0 0.0 0.00037034403109971253 0.003796970968610008 0.02549336019236667 0.17584670664619936 0.7944926181617242, 
96, 111111, 111110, 0.9556528072907101, 0.9556528072907101, 0.0 0.0 0.0 0.0028706065034115632 0.030234733167161854 0.19700187041118064 0.769892789918246, 
97, 111111, 111111, 0.9616010669362227, 0.9616010669362227, 0.0001438034164383014 0.00018890575849845294 0.000524949390466128 0.0044285965758934474 0.026615973263428964 0.1599687152751386 0.8081290563201361, 
98, 111111, 111111, 0.9546785151334396, 0.9546785151334396, 0.0 0.0 0.000239177204824388 0.005121689320160221 0.03534125880178282 0.18492461481601846 0.7743732598572141, 
99, 111111, 111111, 0.9595886578104791, 0.9595886578104791, 0.0 0.0 0.0005143710547388735 0.0036884921065318153 0.030722223172865982 0.16790064625284284 0.7971742674130204, 
100, 111111, 011111, 0.9570439595188057, 0.9570439595188057, 4.207223883945317e-05 8.061831952481041e-05 0.0011331486771720505 0.003395772456828506 0.028561382408663946 0.18523804096000362 0.7815489649389676, 
run, initial grid state, final grid state, mean grid cell occupancy, mean binding site occupancy, fraction of time with N TFs bound, warning
1, 111111, 111111, 0.9565216104360936, 0.9565216104360936, 8.081701002518336e-05 0.00017734340044316788 0.0005754137428254456 0.004207131595767069 0.03016447419048382 0.18424672018150143 0.7805480998789539, 
2, 011111, 111111, 0.9561443455455975, 0.9561443455455975, 0.0 0.0 0.00013377648964581034 0.0028171402351691997 0.03257623932021871 0.18899492142188756 0.7754779225330788, 
3, 111111, 111111, 0.9598719285620873, 0.9598719285620873, 0.0 0.0 7.846840039028298e-05 0.002401833064588709 0.02753195536750102 0.1781851450971472 0.7918025980703728, 
4, 111111, 111111, 0.9569537984221531, 0.9569537984221531, 0.00018084421144817556 0.000329910769646409 0.001186978541872714 0.0048979312063886435 0.02766759845746626 0.1807656856485706 0.7849710511646072, 
5, 111111, 111111, 0.9580235273248313, 0.9580235273248313, 0.0 7.76321580038805e-05 0.0010036289729245468 0.004541325909706463 0.02705049123312138 0.1797311991739328 0.787595722552311, 
6, 111111, 111110, 0.9566791148500732, 0.9566791148500732, 0.0 0.0 0.000654420285461403 0.003297868764568321 0.03073715795458046 0.18593970755484943 0.7793708454405405, 
7, 111110, 111111, 0.9596460258152734, 0.9596460258152734, 0.0 0.0 0.0006395686660861117 0.00408329650256154 0.026141824194921854 0.17503203254648672 0.7941032780899437, 
8, 111111, 111111, 0.9592435503821113, 0.9592435503821113, 5.841079944985253e-05 0.00013971489151103154 0.0003947766653483964 0.0031284317639538005 0.02959452372350482 0.17333620905281255 0.7933479331034197, 
9, 111111, 111111, 0.9570207036470433, 0.9570207036470433, 0.0 9.754652342909857e-06 0.0006879597428457172 0.004970289867119576 0.028364290696451137 0.18343571489038255 0.7825319901508581, 
10, 111111, 011111, 0.9589179762925372, 0.9589179762925372, 0.0 0.0 0.00031051883959900764 0.003138629706557602 0.027353096465023038 0.18112798483666231 0.788069770152158, 
11, 111111, 111111, 0.956066559325269, 0.956066559325269, 0.00018040697273237363 0.0002504071725762458 0.0011572683766709196 0.004219047739109613 0.03095251273333619 0.18207492415842588 0.7811654328471487, 
12, 111111, 111111, 0.9612425689287742, 0.9612425689287742, 0.0 4.921372855072929e-05 0.0003740545186715466 0.003745288359353684 0.02489068371736175 0.16978506719713 0.8011556924789324, 
13, 101111, 111111, 0.9544533929817142, 0.9544533929817142, 1.479011527697245e-07 0.0001511888034708159 0.0007042752800550328 0.005568419465612154 0.0348003040211133 0.1833998431261605 0.7753758214024354, 
14, 111111, 111111, 0.9586414898046247, 0.9586414898046247, 4.635418427235313e-05 0.0002850554305930293 0.0012469225917053504 0.004046481987670645 0.027503871711764823 0.1743127791602897 0.7925585349337041, 
15, 111110, 111111, 0.9590036133786741, 0.9590036133786741, 2.7485272879884354e-05 9.772473036754697e-05 0.0005745982562197744 0.003877356539325089 0.029203050094464226 0.17298822160705576 0.7932315634996876, 
16, 111111, 011111, 0.9553693144850357, 0.9553693144850357, 0.0 0.0 0.0007231175919720672 0.004581918093368119 0.03405350249608562 0.1830388834496216 0.7776025783689525, 
17, 111111, 011111, 0.960201824152161, 0.960201824152161, 2.3383388960929142e-05 7.366840637093498e-05 0.00013752187727902616 0.0032665656402577846 0.02848733217877045 0.17095596393398305 0.7970555645743778, 
18, 111111, 011111, 0.9555589433236864, 0.9555589433236864, 1.4693876149540854e-06 4.739659576495488e-05 0.001097943613061376 0.006335886391500823 0.034777717928776014 0.1734456712690669 0.784293914814215, 
19, 111111, 111111, 0.9561653931604954, 0.9561653931604954, 0.0 0.0 0.0004775625847859893 0.005760542759190898 0.031900877865805 0.18001400668870107 0.781847010101517, 
20, 111111, 111110, 0.9565827363335597, 0.9565827363335597, 2.1557366804736e-05 7.133634501286914e-05 0.00047486531074316724 0.004377882093180937 0.03340959158562468 0.1781652653789841 0.7834795019196495, 
21, 111111, 111111, 0.9538020324830758, 0.9538020324830758, 0.0 8.604647417045419e-05 0.0007196053407834966 0.005280293758376063 0.036358292398924075 0.18532168529458282 0.7722340767331631, 
22, 001111, 011110, 0.9604895549415529, 0.9604895549415529, 3.3051462472393395e-05 1.194026416460673e-05 0.00015447820231653394 0.0016697027675319762 0.024386214513936976 0.1824052101152897 0.7913394026742877, 
23, 111111, 011111, 0.9552074842344944, 0.9552074842344944, 0.0 0.0 0.00022557878334702477 0.003950992795298411 0.03165918531635297 0.19268143044104552 0.771482812663956, 
24, 111111, 111110, 0.9565154949856953, 0.9565154949856953, 0.0 0.0 0.000782642186253752 0.005536098351883376 0.02929471386797063 0.18257873854922194 0.7818078070446703, 
25, 111110, 111111, 0.9581789418371283, 0.9581789418371283, 0.0 1.810032851991199e-05 0.0008426119945764612 0.004372164788239768 0.03122950369387189 0.17188989760386209 0.7916477215909299, 
26, 111111, 111111, 0.9543691489156649, 0.9543691489156649, 0.0 2.2134262036936622e-05 0.0007161710309633186 0.004769991990482935 0.030281679442034012 0.1959364162164557 0.7682736070580272, 
27, 011111, 001111, 0.9539712082531369, 0.9539712082531369, 0.00012189440084775288 4.9628824617295034e-05 0.000817991024068452 0.004684805127010028 0.031947795577377536 0.19397126932094658 0.7684066157251325, 
28, 111111, 111111, 0.9565344406358032, 0.9565344406358032, 4.038532575692449e-05 6.149193464801424e-05 0.00024003857108354567 0.004020867660400749 0.031282024842878654 0.18465677760610533 0.7796984140591269, 
29, 111110, 111111, 0.9583598271520448, 0.9583598271520448, 0.0 8.730320022662479e-05 0.00027159664024216786 0.002425933052578845 0.02824502414606877 0.18455028707575546 0.7844198558851282, 
30, 111111, 111111, 0.9594892614684475, 0.9594892614684475, 0.0 0.0 0.0003474612313250416 0.00400716960804415 0.025407483214622502 0.17883811101063732 0.791399774935371, 
31, 111111, 111111, 0.9605544379394757, 0.9605544379394757, 0.0 1.03657658127376e-05 0.0005426432872935135 0.0036230416888481374 0.02582654767318281 0.1719287499719977 0.798068651612865, 
32, 111100, 111111, 0.9597002587156523, 0.9597002587156523, 4.69656607448487e-05 3.3791351810069306e-05 0.000407619631142971 0.0028855329276659372 0.025298466640419143 0.18046368639415852 0.7908639373940585, 
33, 111111, 011111, 0.9585219808438424, 0.9585219808438424, 0.0 0.00015448743314181053 0.00039815462437822703 0.0035999706196023448 0.028647998475244688 0.17840715046442687 0.7887922383832061, 
34, 111111, 011111, 0.9618563996797937, 0.9618563996797937, 0.0 6.005316247151011e-05 0.0005175963879265955 0.004114292065385331 0.023472863590794476 0.1672023471794282 0.8046328476139939, 
35, 111111, 111111, 0.9563336841963753, 0.9563336841963753, 0.0 8.055278870730172e-05 0.0004253845366596607 0.003747243050895464 0.03283499650581052 0.182981870567266 0.779929952550661, 
36, 111111, 111110, 0.9574337543807122, 0.9574337543807122, 0.0 0.00011422707863705497 0.00037901297629044163 0.0029988287553851375 0.02856619647886882 0.1871814071934868 0.7807603275173318, 
37, 111111, 111111, 0.9585412798510785, 0.9585412798510785, 0.0 0.0 1.2340397100675673e-05 0.0032097624873963777 0.027752742935731593 0.18356818597147376 0.7854569682082976, 
38, 111111, 111111, 0.9565541203865291, 0.9565541203865291, 0.0 3.620519213165555e-05 0.0009177135547480411 0.005247800719048739 0.030150082528815268 0.18077983028639774 0.7828683677188586, 
39, 111111, 111111, 0.957959937488953, 0.957959937488953, 0.0 3.846900922735532e-05 0.0009469949607729343 0.003355344933480796 0.026355291909270568 0.18548343155806937 0.783820467629179, 
40, 111111, 111111, 0.9587282041081445, 0.9587282041081445, 0.00015952266159948846 0.00011144756917743455 0.0005686175577865044 0.0037126101929363 0.029111404657820632 0.17448129141005178 0.7918551059506279, 
41, 111111, 111111, 0.9622161014416869, 0.9622161014416869, 0.0 0.0 0.00024872558015059856 0.002762564060270793 0.02686817853879622 0.16368443977087033 0.8064360920499121, 
42, 111110, 111111, 0.9568014237211563, 0.9568014237211563, 0.0 0.0 0.0004207126583122639 0.004712316506378338 0.031295461399198914 0.18078073472228046 0.78279077471383, 
43, 111111, 111111, 0.9564436690877713, 0.9564436690877713, 0.0 0.0 0.000620246217195129 0.004474347591380927 0.03128923377952867 0.18285549027139136 0.780760682140504, 
44, 111111, 111111, 0.9577268197179121, 0.9577268197179121, 0.0 0.0 0.00019956978338093982 0.003332152108560864 0.0320184634968696 0.1788074192395814 0.7856423953716072, 
45, 111111, 111111, 0.9553704745352578, 0.9553704745352578, 0.0 0.0 0.00037588510643377185 0.004144590041702602 0.02986236249758731 0.19411511724243538 0.771502045111841, 
46, 111111, 111111, 0.9585277708832269, 0.9585277708832269, 0.0 0.0 0.0004874285475109233 0.004401745302436869 0.02881898930017688 0.1760404460029296 0.7902513908469458, 
47, 111111, 111111, 0.9567154707546827, 0.9567154707546827, 0.0 0.0 0.0002946929862693378 0.0037755654356249274 0.02833083462242744 0.19054003797509667 0.7770588689805815, 
48, 001111, 011111, 0.9571778983518132, 0.9571778983518132, 0.0 2.1971182738031658e-06 0.0006834971838242666 0.0038544907848102033 0.028535995187579356 0.18555217283286607 0.7813716468926463, 
49, 111111, 111111, 0.9595266696072767, 0.9595266696072767, 0.0 0.0 0.000455182687199655 0.0029731606264172617 0.03290798075115043 0.166283808225989 0.7973798677092436, 
50, 111111, 111111, 0.9584850122277156, 0.9584850122277156, 0.0 5.0413173716735265e-05 0.000375897254919282 0.004112583680214654 0.02821480442407769 0.1785669118566464 0.7886793896104253, 
51, 111111, 111111, 0.9603102638670412, 0.9603102638670412, 0.0 0.0 0.00020733364954159372 0.002574673305100612 0.029212653800479847 0.17115975468332453 0.7968455845615534, 
52, 111111, 111110, 0.9567722056075406, 0.9567722056075406, 0.0 0.0 0.0007154121300294852 0.00446434767781383 0.033031592210321266 0.17704889038055435 0.784739757601281, 
53, 111111, 111111, 0.9562532649906226, 0.9562532649906226, 4.589845938239778e-05 0.00023228496226583207 0.0008117562612266482 0.0054510766058603844 0.029362471362775214 0.18271839690060332 0.7813781154478863, 
54, 111111, 111111, 0.9592691200669305, 0.9592691200669305, 0.0 0.0 0.00021439767907554193 0.003095132958744771 0.029338891285022334 0.17556450743583515 0.7917870706413223, 
55, 111111, 111111, 0.958074024758788, 0.958074024758788, 4.512689677431469e-05 4.599533448156856e-05 0.0004825340048947646 0.0034382768645082624 0.02872006890647977 0.18137000896815536 0.785897989024706, 
56, 011110, 111111, 0.9570691256711948, 0.9570691256711948, 0.0 0.0 0.00040835317915502043 0.00346517766620139 0.03406398579588014 0.17742832866584646 0.784634154692917, 
57, 111111, 111111, 0.9595647435763855, 0.9595647435763855, 0.0 0.0 0.0005105600519587312 0.002827535853644375 0.027767465136487465 0.17655176049994367 0.7923426784579658, 
58, 011111, 111111, 0.9550992792743553, 0.9550992792743553, 0.0 0.0 0.0006012605858587119 0.004957944415937685 0.033331467883674824 0.18546251299527003 0.7756468141192587, 
59, 111111, 011111, 0.956138303876819, 0.956138303876819, 4.784520034100505e-05 6.197485142598016e-05 0.0010194081664748346 0.00549884354090784 0.02979471073852313 0.182409646514241 0.7811675709880862, 
60, 011111, 111111, 0.9595801610503224, 0.9595801610503224, 0.0 6.51932199640501e-05 0.0006612954332730031 0.0051286290312649065 0.02976715379619267 0.16462769117897313 0.7997500373403322, 
61, 111111, 111111, 0.9578756923995201, 0.9578756923995201, 0.0 0.0 0.0003830970280138829 0.004422093652228283 0.029427511545832872 0.17909215344247345 0.7866751443314515, 
62, 111111, 111111, 0.9615136743173346, 0.9615136743173346, 0.0 0.0 0.00018228318406701086 0.001945912148840548 0.0284673920879441 0.16741630073731453 0.8019881118418338, 
63, 111111, 111111, 0.9557998433591222, 0.9557998433591222, 0.0 0.0 0.0003750163831987267 0.005414581113204025 0.032786247084288365 0.18188463680428368 0.7795395186150252, 
64, 111111, 111111, 0.9609078460278471, 0.9609078460278471, 1.0246096888156164e-05 6.263223392883936e-05 0.0005563287898003628 0.003127620271420798 0.028186210747259997 0.166197688613961 0.8018592732467409, 
65, 111111, 111111, 0.9612991713475728, 0.9612991713475728, 0.0 7.384161602315448e-07 0.0003261974606847479 0.003089863936469459 0.023216674869915393 0.17519354844178323 0.798172976874987, 
66, 111111, 111111, 0.9570463181634282, 0.9570463181634282, 0.0 2.6328875920659016e-05 0.0002951186993040357 0.004203114275862382 0.03530620171103028 0.17318822559296362 0.786981010844919, 
67, 111110, 011111, 0.9579197543221318, 0.9579197543221318, 0.0 0.0 0.00035071029472172257 0.0037029579157249167 0.028461035377870824 0.18304768838540622 0.7844376080262763, 
68, 011110, 111111, 0.9546910406975704, 0.9546910406975704, 0.0 2.9763147245815817e-05 0.0008943541092540039 0.004603072639627889 0.033768644293631446 0.18678101713518566 0.7739231486750552, 
69, 111110, 111111, 0.9564919528665196, 0.9564919528665196, 0.0 6.124349902033806e-05 0.0004080213339754655 0.004404034471179305 0.03402679961361035 0.17784427732912067 0.7832556237530939, 
70, 111111, 111110, 0.9585225123103979, 0.9585225123103979, 0.0 0.0 0.0001461378426765615 0.003970703053400215 0.02683885079288788 0.1826905640209309 0.7863537442901044, 
71, 111111, 111111, 0.9589692565226425, 0.9589692565226425, 0.0 8.152851898590722e-05 0.0007601544357412769 0.004474867730574352 0.027174069713206035 0.1749634579081149 0.7925459216933776, 
72, 111111, 111111, 0.9593233680406753, 0.9593233680406753, 0.0 0.0 0.0003358968674080996 0.0035543023160190435 0.02505905299002278 0.18193519135821348 0.7891155564683366, 
73, 111111, 111111, 0.9579985534435139, 0.9579985534435139, 0.00012347726225756463 0.0001363382809831131 0.0003448279747719069 0.004123065521145832 0.027350679754713586 0.18213625638850306 0.7857853548176249, 
74, 111111, 111111, 0.9594658685921089, 0.9594658685921089, 0.0 2.895983802840823e-05 0.0003042735382936398 0.003471360479397092 0.031034771911283666 0.1693592698432715 0.7958013643897257, 
75, 111111, 111111, 0.956374596036644, 0.956374596036644, 0.0 0.0 6.696575342534198e-05 0.004438706336802715 0.028683371295696928 0.19080169916463277 0.7760092574494423, 
76, 111110, 111111, 0.9576827876607081, 0.9576827876607081, 0.0 0.0 0.00033313040532805286 0.003564513079416193 0.0307620415166397 0.18035313014291154 0.7849871848557044, 
77, 111111, 111111, 0.9590864238651363, 0.9590864238651363, 0.0 0.0 0.0003798427400209009 0.004529801219507789 0.02864600850715487 0.17308066517626533 0.7933636823570511, 
78, 111111, 111101, 0.9581833504966074, 0.9581833504966074, 0.0 0.0 1.460432077589489e-06 0.002508588972177282 0.031523866581986776 0.18032055521153945 0.7856455288022189, 
79, 111111, 111111, 0.9636003284845049, 0.9636003284845049, 0.0 2.849192957980292e-05 0.0005864748294860265 0.0032703390829419803 0.022547201107448147 0.16100425066340496 0.8125632423871392, 
80, 111111, 111111, 0.9589241451362304, 0.9589241451362304, 0.0 1.8247141359760645e-05 0.00034294818420725203 0.004836344696260513 0.030397291010392485 0.16968848462942357 0.7947166843383564, 
81, 111111, 111111, 0.9566765290037214, 0.9566765290037214, 0.0 0.00014243746857538108 0.0004691979164304524 0.004440812679208563 0.03435459737746525 0.17532021417651686 0.7852727403818035, 
82, 011111, 111111, 0.9597284490123127, 0.9597284490123127, 0.0 0.0 0.0003056871131351022 0.0034626983308100306 0.025295844219967608 0.1794267740412183 0.7915089962948689, 
83, 111111, 111111, 0.9552963629562459, 0.9552963629562459, 1.818120190268471e-05 0.00018142485606273013 0.000982263586130937 0.005282910007359846 0.03075082899830234 0.18592616840758736 0.776858222942654, 
84, 111111, 111111, 0.9577485294792933, 0.9577485294792933, 0.0 0.0 0.0004108167553641398 0.0041121700463849905 0.02672108432953734 0.18608687730455342 0.7826690515641601, 
85, 111111, 111111, 0.9594963632735278, 0.9594963632735278, 0.0 0.0 0.0004846753678313536 0.0042586155245962305 0.028297254079009793 0.17171276415569978 0.7952466908728628, 
86, 111111, 111111, 0.9567027089050523, 0.9567027089050523, 5.737047665766307e-05 6.559175974857239e-05 0.0004859510353857846 0.0030083135035346036 0.029095791831752902 0.18995123659534469 0.7773357447975758, 
87, 111111, 111111, 0.9573584736234895, 0.9573584736234895, 0.0 4.478982231980278e-05 0.0004845692585012937 0.004742679037215672 0.030916268554478918 0.17762635789285414 0.7861853354346302, 
88, 111111, 111111, 0.9573499091549974, 0.9573499091549974, 0.0 0.0 0.00048698266341192376 0.0036262187012339416 0.026372257339437162 0.19032944363379153 0.7791850976621254, 
89, 111111, 111111, 0.9558542084305249, 0.9558542084305249, 0.0 6.027797721238363e-05 0.0012006970233343895 0.005489855826804687 0.03023106549019896 0.18283887297663826 0.7801792307058113, 
90, 111111, 111100, 0.9574419368357975, 0.9574419368357975, 0.0 3.838212457854123e-05 0.0002304753182646632 0.0036253841126343985 0.03035791592102542 0.18264258290930996 0.7831052596141871, 
91, 111111, 111111, 0.959223709355279, 0.959223709355279, 0.0 7.199503719750258e-05 0.0004206079046825887 0.0035641760654254646 0.029246117420483882 0.17343057402636378 0.7932665295458468, 
92, 111111, 111111, 0.9589482880447877, 0.9589482880447877, 0.00013249111402897606 8.492537255094164e-05 0.00042047203488620967 0.005230918152764287 0.027354762758189655 0.17300653007012834 0.7937699004974517, 
93, 011111, 111111, 0.9562016088172622, 0.9562016088172622, 0.00010508404098584537 5.712601777644384e-05 0.0003507397894770758 0.00465982866949605 0.03179899827049076 0.18289377105425209 0.7801344521575218, 
94, 111111, 111111, 0.9559356069608764, 0.9559356069608764, 0.0 0.0 0.0007139252590654568 0.004332251884650912 0.031159874761949362 0.18621415202062858 0.7775797960737058, 
95, 111111, 111111, 0.9578838351240162, 0.9578838351240162, 0.0 0.0 0.000171979931381657 0.002453813790239447 0.02956000894530029 0.18552761026905779 0.7822865870640209, 
96, 111111, 111111, 0.9573867045860938, 0.9573867045860938, 0.0 0.0 7.586090274702935e-05 0.002503515237974879 0.029027979515072994 0.18980982412837843 0.7785828202158266, 
97, 111110, 111111, 0.956780095906119, 0.956780095906119, 4.7874541420936577e-05 0.00021341844011150653 0.00034740911636659075 0.005187511297145339 0.031164085905192724 0.17868474294691458 0.7843549577528482, 
98, 011111, 111110, 0.958005050783051, 0.958005050783051, 0.0 0.0 0.0003325360793199709 0.0032339755367748863 0.027922891318239218 0.18509184173761162 0.7834187553280544, 
99, 111111, 011111, 0.9606337369125808, 0.9606337369125808, 0.0 0.0 0.0004431266409448214 0.0028695705933916424 0.025212055346311137 0.1753922494879382 0.7960829979314142, 
100, 111111, 111111, 0.9556070489744236, 0.9556070489744236, 0.0 6.522322269223985e-06 0.0005036285470736027 0.0037250648429098462 0.03267063913309454 0.18779410755889883 0.775300037595754, 
run, initial grid state, final grid state, mean grid cell occupancy, mean binding site occupancy, fraction of time with N TFs bound, warning
1, 011111, 111111, 0.9598486657631775, 0.9598486657631775, 0.0 3.939975170425006e-05 0.0004110227182754448 0.003474946235550088 0.02438091775161293 0.17988024157943605 0.7918134719634212, 
2, 111111, 011111, 0.9587269515603113, 0.9587269515603113, 9.963881145386467e-05 3.475853019464583e-05 0.0005150849440471331 0.0026397016135644466 0.028601443724426766 0.1796843330527008 0.7884250393236123, 
3, 011111, 111111, 0.9599310725328505, 0.9599310725328505, 0.0 0.0 0.00031071327383132557 0.0036472390592084624 0.026178909235202368 0.17587117605954194 0.7939919623722159, 
4, 111111, 111111, 0.9610916141789543, 0.9610916141789543, 0.0 0.0 0.00010429056423272404 0.0031368704087261267 0.025993353720365348 0.17163583400243376 0.7991296513042421, 
5, 111111, 011111, 0.9625350763198858, 0.9625350763198858, 0.0 0.0 9.359870008366447e-05 0.0023376007444871035 0.0264331708933089 0.16453600326027124 0.8065996264018491, 
6, 111111, 111111, 0.9565333932590012, 0.9565333932590012, 0.0 9.046800473883037e-05 0.0009150031070499192 0.005012228544625685 0.027855439536440003 0.18593972328734204 0.7801871375198035, 
7, 011111, 111111, 0.9602007039860113, 0.9602007039860113, 0.0 3.077233309598196e-05 0.001262866772108021 0.00319183592757349 0.02509138564403934 0.17383216825922107 0.7965909710639621, 
8, 111111, 011111, 0.9585009716258842, 0.9585009716258842, 0.0 0.0 0.0003457277537025156 0.0045082040070694 0.028672574763930238 0.1767414976808153 0.7897319957944826, 
9, 111111, 111111, 0.9601191568255455, 0.9601191568255455, 0.0 0.0 0.00017497214999869108 0.0030005532523955116 0.025181595024511207 0.17922032064052315 0.7924225589325714, 
10, 111100, 011111, 0.9576698079692494, 0.9576698079692494, 0.0 0.0 0.0003762771369948841 0.00244189624359861 0.0317157220940584 0.1817189107176113 0.7837471938077367, 
11, 111111, 111110, 0.9554713200480929, 0.9554713200480929, 5.002597871258145e-05 0.00011970706003472917 0.0004309038475261415 0.003754562682580961 0.03006540033592839 0.19315528442928945 0.7724241156659277, 
12, 011111, 111100, 0.9607400595084724, 0.9607400595084724, 0.0 0.0 0.00012192145482682045 0.002203974829268959 0.025187520287418348 0.17808499206721473 0.7944015913612711, 
13, 111111, 111111, 0.9586201802451512, 0.9586201802451512, 0.0 6.317802616721107e-05 0.0001742950823030798 0.0039214293056574956 0.030558445101530912 0.17438466994901042 0.7908979825353308, 
14, 111111, 111111, 0.9593664351269604, 0.9593664351269604, 0.0 0.0 0.0004462006514314384 0.0037465510152905183 0.02787948785712198 0.17501795787239616 0.7929098026037599, 
15, 111111, 111110, 0.9600295191996335, 0.9600295191996335, 2.502227574961526e-05 0.00013685157161048478 0.00033228292314530834 0.00318529707504629 0.027461728624158615 0.17318001312361148 0.7956788044066783, 
16, 111110, 111110, 0.9564240403101208, 0.9564240403101208, 0.0 0.0 0.0006353523713658962 0.004137984258784765 0.03257665917262767 0.18134707753220222 0.7813029266650194, 
17, 111111, 111111, 0.9598354592371466, 0.9598354592371466, 9.128846481232415e-05 0.00040800093506665453 0.0006036277676129341 0.004321465582444212 0.027362735099114764 0.16829513109689978 0.7989177510540494, 
18, 111111, 111110, 0.954273824213278, 0.954273824213278, 0.0 1.3902070737452733e-06 0.0015702260627627228 0.006219850990473056 0.03523764595058293 0.17893435456132756 0.7780365322277799, 
19, 111111, 111111, 0.9601796401271132, 0.9601796401271132, 0.0 0.0 0.00022489468042691547 0.0024784805498483985 0.02643138628577933 0.17772436629450905 0.7931408721894363, 
20, 111111, 011111, 0.9543178757608339, 0.9543178757608339, 7.902780259495689e-05 0.00027205020384845274 0.001496561047662837 0.006555807238312306 0.03268665957303631 0.18123134254852388 0.7776785515860212, 
21, 111111, 111111, 0.9572464595055717, 0.9572464595055717, 2.0187088743164423e-05 0.00014196570760511215 0.0004560149071602523 0.004129595613989707 0.028082911958896655 0.18531162150768182 0.7818577032159233, 
22, 111110, 111111, 0.9578785274259655, 0.9578785274259655, 0.0 0.0 0.00017405177540523665 0.004982270235141719 0.03189951236370865 0.17328679290974336 0.789657372716001, 
23, 001111, 111111, 0.9579283207830169, 0.9579283207830169, 0.0 0.0 0.0004238554550730614 0.0032387001295028145 0.030989901255453315 0.17903875058219113 0.7863087925777796, 
24, 111110, 111111, 0.9590808035702447, 0.9590808035702447, 0.0 8.759041882015409e-06 0.0001501355531658161 0.003550050242922249 0.031277186573701675 0.171666317280288 0.7933475513080401, 
25, 111111, 111111, 0.9593604685449408, 0.9593604685449408, 1.1057664093460354e-05 0.00021995902482269773 0.0007444748168392691 0.005072572971864399 0.02986531800442496 0.16474479342987977 0.7993418240880754, 
26, 111111, 111111, 0.9598388930141603, 0.9598388930141603, 8.984367049273989e-05 8.141697418508074e-05 0.0008142563095635955 0.0034876429506445496 0.025775151461633925 0.17475023800770123 0.795001450625779, 
27, 111111, 111111, 0.9558354361858247, 0.9558354361858247, 0.0 6.390261803922199e-06 0.0006973790805932453 0.005389318356662404 0.0276820498330584 0.1906338605175557 0.7755910019503264, 
28, 111111, 111111, 0.960031359813367, 0.960031359813367, 0.0 0.0 0.0006400419368673506 0.004646106488557145 0.023196733795676366 0.17691988631530425 0.794597231463595, 
29, 011111, 011111, 0.9604281262800819, 0.9604281262800819, 9.103737166518256e-05 0.0001863456572311265 0.0006447212272112994 0.0036827459371198356 0.026153144574820524 0.17001987793351625 0.7992221272984359, 
30, 111110, 111111, 0.960579178976346, 0.960579178976346, 0.0 0.0 0.0005293729525913723 0.002914596222274626 0.025130776077099796 0.1754020935105349 0.7960231612374993, 
31, 111111, 111111, 0.9546954379583694, 0.9546954379583694, 0.00010218590934549057 0.00011953657021795 0.0006917591493653683 0.004701715491482785 0.03637270218717382 0.18099898649636414 0.7770131141960505, 
32, 011111, 111111, 0.9563079522738361, 0.9563079522738361, 0.0 3.1739400490465615e-05 0.00039633779090001467 0.0036896888543989327 0.032202499011220846 0.18493417360529207 0.7787455613376977, 
33, 111111, 111111, 0.9597569611714246, 0.9597569611714246, 0.0 0.0 7.64497419862662e-05 0.0019421496929331618 0.029546197348053437 0.17623359022860063 0.7922016129884265, 
34, 111110, 111110, 0.9579003950598333, 0.9579003950598333, 0.0 0.0 0.000590418784596535 0.004460480047544187 0.028826196730521225 0.17920212089893917 0.7869207835383989, 
35, 111111, 111111, 0.9607644345742508, 0.9607644345742508, 0.0 0.0 0.0003823650418635209 0.004002442986939982 0.024381471198385837 0.17311366102945022 0.7981200597433604, 
36, 011111, 111011, 0.9571099603861721, 0.9571099603861721, 2.9143455966994873e-05 9.878196620827629e-05 0.000668247997755096 0.004200469458967014 0.03034305800362762 0.18071095074094753 0.7839493483765274, 
37, 111111, 111111, 0.9573134980265864, 0.9573134980265864, 5.927836541289374e-05 0.00018130306076299575 0.0007548383062880379 0.0036210728763533097 0.02573587651272408 0.18950250146452896 0.7801451294139297, 
38, 111111, 111111, 0.9569004946811522, 0.9569004946811522, 0.0 0.0 0.0005900165213945933 0.003978725715982548 0.028778795300643867 0.18674319807827294 0.779909264383706, 
39, 111111, 111110, 0.955629661571406, 0.955629661571406, 0.0 0.0 0.0002215408411457425 0.0061959459416703715 0.03230984335374348 0.1821283426744828 0.7791443271889577, 
40, 111110, 111011, 0.9556938150895183, 0.9556938150895183, 0.0 5.5186743329181055e-05 0.00022445356545440457 0.004141825864829371 0.03564439255620887 0.18094909877752122 0.778985042492657, 
41, 111111, 011111, 0.9565524895353266, 0.9565524895353266, 0.0 0.0 0.000750009525767398 0.0035867637720050135 0.031918161754685107 0.18308840985958538 0.7806566550879571, 
42, 111111, 111110, 0.9571235070391019, 0.9571235070391019, 0.0 4.955552495263871e-06 0.0008284866313306489 0.00419105287148711 0.03057800734105229 0.1801910601810236 0.7842064374226111, 
43, 111111, 111111, 0.9610727720005496, 0.9610727720005496, 0.0 0.0 3.9829087718895496e-05 0.0028715920811093845 0.02627026456365903 0.1722487462751805 0.7985695679923323, 
44, 111111, 111111, 0.9593638182515531, 0.9593638182515531, 5.757594523009799e-05 0.0001783781674327169 0.000996375369761068 0.0045710666410287 0.02686766487442955 0.17114571283114774 0.79618322617097, 
45, 111111, 111111, 0.9592528575880562, 0.9592528575880562, 0.0 0.0 0.0001645734374579929 0.004351981799412192 0.028614342977871195 0.17353992936785104 0.7933291724174076, 
46, 111111, 111111, 0.9566577819065332, 0.9566577819065332, 0.0 0.0 0.00015493241031408307 0.003117991785743584 0.03156245528100737 0.18695469300029963 0.7782099275226354, 
47, 111111, 111111, 0.9596336984921705, 0.9596336984921705, 5.783076829342614e-06 9.672364048708052e-05 0.0005646318301466533 0.0038859091990442757 0.028190804510481664 0.1713816284448826 0.7958745192981284, 
48, 011111, 011111, 0.9577316452251008, 0.9577316452251008, 0.0 6.116512786802791e-06 0.0006872761809227437 0.0032644653747184943 0.03007645697444635 0.18088413128872233 0.7850815536684033, 
49, 111111, 111111, 0.9579644437473882, 0.9579644437473882, 0.0 0.00011009765715843154 0.0009834403896215415 0.002953661403116257 0.029680146571180153 0.17950781031968366 0.7867648436592399, 
50, 111111, 111111, 0.9558261899324815, 0.9558261899324815, 0.0 1.2328861370540798e-05 0.0003174851360074892 0.005032137979291844 0.03266895418833987 0.18327695323967388 0.7786921405953163, 
51, 111111, 111111, 0.9604806363774798, 0.9604806363774798, 0.0 0.0 0.000626525764250812 0.0035123394460003857 0.0240206166593931 0.1760318270213308 0.795808691109025, 
52, 111111, 111111, 0.9561570827623589, 0.9561570827623589, 0.0 1.719075860557102e-05 0.0006539106515525636 0.004246972292793478 0.03040464853249912 0.18680569308323067 0.7778715846813187, 
53, 011111, 111110, 0.9610221394831409, 0.9610221394831409, 0.0 0.0 0.0005911070715098579 0.0036473936152970504 0.023145067937452385 0.17427041809431904 0.7983460132814216, 
54, 001111, 111111, 0.9562123964249568, 0.9562123964249568, 1.4925394385882784e-05 1.5064436591806865e-05 0.0005453538646102518 0.004133185781785944 0.029758540093879002 0.18846269390942805 0.7770702365193192, 
55, 111111, 111111, 0.9588924227062744, 0.9588924227062744, 7.83115962875457e-05 0.00012502480195579073 0.000762975089066731 0.0051405360486841975 0.028342024425678947 0.17039291282117144 0.7951582152171555, 
56, 111111, 011111, 0.9535475038734817, 0.9535475038734817, 1.5473330527487252e-05 5.696942343893505e-05 0.001637411992898796 0.0067459129170476285 0.033120719485189895 0.1853084639656323 0.7731150488852649, 
57, 111111, 111111, 0.9601636451311483, 0.9601636451311483, 0.0 8.605314593258356e-06 0.00040482184905381427 0.0022795290416160225 0.025799455423181163 0.1789183172727186 0.792589271098837, 
58, 111111, 111111, 0.9556131776769169, 0.9556131776769169, 4.903464696154707e-05 0.0001640684436959312 0.0007912074498730453 0.005768173523120895 0.0319308449478884 0.1808753435736179 0.7804213274148423, 
59, 111111, 111100, 0.9579872499597377, 0.9579872499597377, 2.0300813195478348e-05 0.00033813653478701903 0.0006643285988270668 0.004003372629286462 0.02863050249265171 0.17833557541999523 0.7880077835112571, 
60, 111111, 111111, 0.9563789559517587, 0.9563789559517587, 0.0 0.0 0.0003395176163103467 0.003929122139117655 0.035487203711232464 0.17760641998438903 0.7826377365489505, 
61, 111111, 111111, 0.9568658614103668, 0.9568658614103668, 0.0 0.0 0.0006457779560830763 0.004213521013832179 0.029125498742331758 0.18533015918730672 0.7806850431004462, 
62, 111111, 111011, 0.9564845369308363, 0.9564845369308363, 0.0 0.0 0.00017031373542118639 0.004154872422452599 0.03206457808685375 0.18381775003223136 0.779792485723041, 
63, 111111, 111111, 0.958085340087725, 0.958085340087725, 0.0 5.18476397499584e-05 0.0006602884449918923 0.004718903761601146 0.027159289291716533 0.18011227762669618 0.7872973932352443, 
64, 111111, 111111, 0.9583891677326247, 0.9583891677326247, 0.0 0.0 2.241798000398136e-05 0.0037158304171137154 0.02760612849700747 0.18321557343887956 0.7854400496669952, 
65, 111110, 111111, 0.9586239453881924, 0.9586239453881924, 7.083840547107515e-05 0.00023177104600775807 0.0010629254664791196 0.005090872346334503 0.02748784709924141 0.17217242890457754 0.7938833167318886, 
66, 111111, 111111, 0.9570898685212328, 0.9570898685212328, 0.0 0.0 0.0004007186358929957 0.005670930683865634 0.031060837483018057 0.1767234473113979 0.7861440658858254, 
67, 111111, 111111, 0.955505204212424, 0.955505204212424, 0.0 2.6040094862835745e-05 0.0005221947374761459 0.0034190386596186844 0.030393677898561677 0.19370532352525804 0.7719337250842226, 
68, 111111, 111111, 0.9586207301361493, 0.9586207301361493, 0.0 0.0 0.0002467088132997141 0.0047782987183517854 0.02943844267471225 0.17407700242542512 0.7914595473682112, 
69, 111111, 111111, 0.956510891389108, 0.956510891389108, 0.0 0.0 0.00026558455567372695 0.0037275418209569366 0.025431031484132886 0.19782762501151996 0.7727482171277166, 
70, 111110, 111111, 0.954767977697235, 0.954767977697235, 2.658006073520297e-06 6.328229460338751e-05 0.0003393050125302587 0.00501674923889488 0.0321888773357685 0.19027455186879 0.7721145762433395, 
71, 111111, 111111, 0.9575911318317035, 0.9575911318317035, 2.8422708909284497e-06 8.297461836326689e-05 0.0003745345477299853 0.003560811956751928 0.031052010756259553 0.1797366867189219 0.7851901391310825, 
72, 111111, 111111, 0.9567328580791504, 0.9567328580791504, 0.0 0.0 0.0003762662464826731 0.0036304654676409063 0.03156477944110373 0.18407683125403643 0.7803516575907362, 
73, 111111, 111111, 0.957222752288125, 0.957222752288125, 0.0 0.0 0.0005251681476688668 0.003413646427238445 0.03070246722880305 0.18291693994125238 0.7824417782550372, 
74, 111111, 111111, 0.9594267649739335, 0.9594267649739335, 8.091705802010283e-06 0.000136529866144964 0.0007583292077403107 0.005897647959872845 0.02612511017042516 0.1697317295394316 0.797342561550583, 
75, 111111, 111111, 0.9593052576072529, 0.9593052576072529, 0.0 0.0 0.00032846691458480695 0.004189084488711924 0.0292046662778675 0.17187800067627268 0.7943997816425631, 
76, 111111, 111111, 0.9588935662946099, 0.9588935662946099, 3.0465241214207235e-06 0.00014573251471235637 0.0002724698437194313 0.0034152548204015934 0.026718586457200075 0.18111884376356796 0.7883260660762772, 
77, 111111, 110111, 0.9556510311960964, 0.9556510311960964, 0.0 0.00012109813461325706 0.0006817540191506061 0.005571202336974005 0.031797677524337375 0.18245234401415625 0.7793759239707685, 
78, 111111, 011111, 0.9559058084709814, 0.9559058084709814, 0.0 0.0 0.0010312997278560058 0.004402079330602437 0.0341162896929096 0.17900113288506114 0.7814491983635709, 
79, 111111, 111111, 0.9545590497634413, 0.9545590497634413, 0.0 0.0 0.0001474604806723197 0.00441309025770047 0.02993682788523895 0.1989429329530834 0.7665596884233049, 
80, 111111, 111110, 0.9586732054313836, 0.9586732054313836, 0.0 2.1503883283705936e-05 0.00013189976723656767 0.0032713751501224895 0.02719705420997672 0.18311741505601348 0.7862607519333671, 
81, 111111, 111011, 0.9598892427469806, 0.9598892427469806, 0.0 0.0 0.0007035539398098843 0.0048682507073732634 0.027649800616730773 0.1679459744032957 0.7988324203327904, 
82, 111111, 111111, 0.9607450614468744, 0.9607450614468744, 0.0 0.0 0.00034588170288778485 0.0031795689528614952 0.03030510837176597 0.16399718090508555 0.8021722600673993, 
83, 011111, 001111, 0.9578138073118017, 0.9578138073118017, 0.00010888394331148691 0.00011535248252800532 0.0007940519411400031 0.0034383399821378995 0.030685723630774053 0.17702441508415895 0.7878332329359496, 
84, 111111, 111111, 0.960241528391854, 0.960241528391854, 3.1931713742074506e-05 0.00027689666466281524 0.00041381197362894096 0.004302119906988498 0.0257458988793665 0.17092135066889555 0.7983079901927157, 
85, 011111, 011111, 0.9587800007540314, 0.9587800007540314, 3.6728161167984914e-05 5.343212329433077e-05 0.0005854475608836468 0.004878034041740557 0.02565764297612148 0.1785412875713327 0.7902474275654593, 
86, 011111, 111111, 0.9605670088131502, 0.9605670088131502, 0.0 0.0 0.00022418899560638835 0.003001889106494131 0.02575284292956497 0.1751898379600612 0.7958312410082733, 
87, 111111, 111111, 0.9583508769027048, 0.9583508769027048, 6.99393651846477e-05 8.197391924835385e-05 0.0004822561410676297 0.004357107953223511 0.029682945545439262 0.1746989932816022 0.7906267837942343, 
88, 001111, 111111, 0.962163971906978, 0.962163971906978, 0.0 0.0 0.00014158590352450097 0.003426108123268226 0.026182601999041377 0.16380629657614723 0.8064434073980187, 
89, 111111, 111111, 0.954083434175451, 0.954083434175451, 6.850164756763549e-05 0.0002913938541186707 0.0005646589255686033 0.00379285544456285 0.03283983107409886 0.194314551607134 0.7681282074469494, 
90, 111110, 111111, 0.9587129111371433, 0.9587129111371433, 0.0 0.0 0.00026878323768808723 0.003628700103248627 0.025976171754402685 0.18380895640783693 0.7863173884968236, 
91, 111110, 111111, 0.958511838342005, 0.958511838342005, 0.0 2.572965677590597e-05 9.909164422540436e-05 0.0028480349004629995 0.028636794717775586 0.18258626095024838 0.7858040881305117, 
92, 111111, 101111, 0.9547552755893572, 0.9547552755893572, 0.0 8.72814732562928e-06 0.000759453360940303 0.005185941202841617 0.03216572596783082 0.1884976167392805 0.7733825345817811, 
93, 111111, 111111, 0.9580802252791969, 0.9580802252791969, 0.0 2.2085887553365456e-06 0.0007850256069182284 0.004879754753307011 0.026733190234166534 0.18026185822511548 0.7873379625917375, 
94, 111111, 111111, 0.9560651449246553, 0.9560651449246553, 0.0 0.0 0.00024592220277735164 0.004177991092135167 0.030516177358785777 0.18905911364698147 0.7760007956993202, 
95, 111111, 111111, 0.9591900583567128, 0.9591900583567128, 0.0 0.0 0.00037058851084006327 0.004495638096832523 0.03131477540294324 0.16726083071997858 0.7965581672694055, 
96, 111111, 111111, 0.9574719332756907, 0.9574719332756907, 0.0 0.0 0.00021625168800410766 0.003544108689456319 0.029300243362406164 0.18507058080065852 0.781868815459475, 
97, 011111, 111111, 0.9589263034230174, 0.9589263034230174, 1.7759992276912642e-05 0.00011474352249531517 0.0007518794753734837 0.004361097294812351 0.02564368906093758 0.17838371398795155 0.7907271166661528, 
98, 111111, 011110, 0.9615537215869008, 0.9615537215869008, 0.0 1.1391515294029599e-05 0.0002991375215119975 0.0026162384655731346 0.024813571661292277 0.17194830409677297 0.8003113567395557, 
99, 111111, 111111, 0.9595276055040768, 0.9595276055040768, 0.0 0.0 0.00021806990043540792 0.002912636169851266 0.029789885169003976 0.17364440852623558 0.7934350002344738, 
100, 111111, 111111, 0.959993910838635, 0.959993910838635, 0.0 0.0 9.389623778581618e-05 0.003081703521978855 0.026165192927854332 0.17808545359540226 0.7925737537169787, 
