run, initial grid state, final grid state, mean grid cell occupancy, mean binding site occupancy, fraction of time with N TFs bound, warning
1, 0011111100, 0011111100, 0.5863239220289376, 0.9747742963731827, 0.0 0.0 0.0 0.0006177178795259339 0.015607334151095966 0.11828639982013389 0.8654885481492443, 
2, 0011111100, 0011111100, 0.5850717771220617, 0.9726067022060443, 0.0 0.0 0.0 0.003308434561588508 0.013753962210767703 0.12692655865743352 0.8560110445702103, 
3, 0011111100, 0011111100, 0.5850512609745261, 0.9726556521905778, 0.0 0.0 0.0 0.001098420825479396 0.014458769981162245 0.13185328441777036 0.8525895247755879, 
4, 0011111100, 0011111100, 0.5864403267248692, 0.9748795322610784, 0.0 0.0 0.0 0.00012716264908265497 0.009147572576948442 0.13204617333238527 0.8586790914415836, 
5, 0000111100, 0011111100, 0.5864694434883452, 0.9749724872363197, 0.0 0.0 0.0 0.0009430902270558759 0.014775243111014915 0.11778531967888396 0.8664963469830453, 
6, 0011111100, 0011111100, 0.5843123421631327, 0.971337056491792, 0.0 0.0 0.0 0.0016095994525534073 0.015611080585843902 0.13592670151990055 0.8468526184417022, 
7, 0001111100, 0001111100, 0.5871314242173014, 0.9760153367395186, 0.0 0.0 0.0 0.0008987294436909115 0.011464845501034646 0.11828210022974674 0.8693543248255277, 
8, 0011111100, 0011111100, 0.5849045463323599, 0.972403492223017, 0.0 0.0 0.0 0.0013073006848667843 0.014788067487788865 0.13208100963171987 0.8518236221956246, 
9, 0011111100, 0011111100, 0.5862372418060159, 0.9746031969798247, 0.0 0.0 0.0 0.0008769489063561246 0.010084046804451274 0.1295818777930808 0.8594571264961118, 
10, 0011111100, 0001111100, 0.5860996438117676, 0.974398099993187, 0.0 0.0 0.0 0.00012106426171521344 0.01170474122936795 0.1298387247969956 0.8583354697119212, 
11, 0011111100, 0011111100, 0.5831243964833089, 0.9693724327045741, 0.0 0.0 0.000575293301833726 0.002453698084373403 0.01667534463861835 0.14075244703486395 0.8395432169403105, 
12, 0011111110, 0011111100, 0.5838381171585234, 0.9705481708843142, 0.0 0.0 0.0 0.001446812163640885 0.017636822291357275 0.1370968936204779 0.843819471924524, 
13, 0011111100, 0011111100, 0.5852009213702437, 0.9728853677073722, 0.0 0.0 0.0 0.0007860742086093765 0.01412569139558279 0.13207818833877288 0.853010046057035, 
14, 0011111000, 0011111100, 0.5840102772444341, 0.9708967554320957, 0.0 0.0 0.0 0.0015551589595172517 0.0203398312791768 0.1292743279705207 0.8488306817907852, 
15, 0011111100, 0011111100, 0.586247601455332, 0.9747173841747372, 0.0 0.0 0.0 0.0013619902463177839 0.01411925141665394 0.1193712213793156 0.8651475369577126, 
16, 0001111100, 0011111100, 0.58262409631173, 0.968582084934176, 0.003734970822072426 0.00011668905325889586 0.0007652642943941411 0.003220630973788535 0.012122838900323413 0.1285455922966258 0.8514940136595367, 
17, 0011111100, 0011111000, 0.5848794538813935, 0.9722728928460288, 0.0 0.0 0.0 0.001266179608696862 0.015640402382688007 0.1312832993323601 0.8518101186762551, 
18, 0011111100, 0011111100, 0.5833438299313577, 0.9697823279805491, 0.0 0.0 0.0 0.0014958065975216206 0.021067217736656294 0.13468417685082745 0.8427527988149947, 
19, 0011111000, 0011111100, 0.5850660549445026, 0.9725778821096123, 0.0 0.0 0.0002543415130488929 0.00124414889246319 0.018028102065151628 0.12372669048243784 0.8567467170468984, 
20, 0011111100, 0011111100, 0.5860483651284477, 0.9742956235821881, 0.0 0.0 0.0 0.0009600107619012536 0.012986703857966395 0.1253728185052348 0.8606804668748975, 
21, 0011111100, 0011111100, 0.5853024775195799, 0.9730666284431956, 0.0 0.0 0.0 0.0008752275948700769 0.011438229852046695 0.13609808685212219 0.8515884557009611, 
22, 0011111100, 0011111000, 0.5851932496712171, 0.9728270260675903, 0.0 0.0 0.0003889025617240085 0.0032869756545995422 0.016657813930739274 0.11830567852228528 0.8613606293306519, 
23, 0011111100, 0011111100, 0.5811733775660028, 0.9661336688768906, 0.0 0.0 0.000984959831507291 0.004038389054666927 0.021864991408227417 0.14341299743217167 0.8296986622734266, 
24, 0011111100, 0011111100, 0.5850573282522555, 0.9725561790728059, 0.0 0.0 0.00017992232941521063 0.0013427460107511707 0.01370090709060665 0.13251318403203635 0.8522632405371907, 
25, 0011111000, 0011111100, 0.5854528619115205, 0.9732177391121192, 0.0 0.0 0.00034528433785790486 0.0006382999669384956 0.014400157887579175 0.12859721229987925 0.8560190455077452, 
26, 0011111100, 0011111000, 0.5850782816204934, 0.9727019886304401, 0.0 0.0 0.0 0.0014535564187485013 0.014576540652051662 0.1302743176570106 0.8536955852721893, 
27, 0011111100, 0011111100, 0.5873977655436532, 0.9764326220353371, 0.0 0.0 0.0 0.0006457963553629176 0.010946061036088259 0.1175747566497133 0.8708333859588355, 
28, 0011111100, 0011111100, 0.5843170802709092, 0.9713601891426478, 0.0 0.0 0.0 0.0024049914097681213 0.017633525896281994 0.12935683912224483 0.8506046435717051, 
29, 0011111100, 0011111100, 0.5869938268994027, 0.9759168102298807, 0.0 0.0 0.0 6.110119286778427e-05 0.014570784572336282 0.11517426589744009 0.8701938483373558, 
30, 0011111100, 0001111100, 0.5869648360782544, 0.9757955629743028, 0.0 0.0 0.0 0.00018329912074934867 0.014697399837288891 0.11528192511735864 0.8698373759246031, 
31, 0011111100, 0011111100, 0.5857290599048827, 0.9736550703853304, 0.0 0.0 0.0 0.0008837526824369883 0.01082141793734279 0.13377548376602097 0.8545193456141993, 
32, 0011111100, 0000111100, 0.584918657087569, 0.9723314252890642, 0.0 0.0 8.908525697549183e-05 0.0028598828879010567 0.014533093952857122 0.12800927066829565 0.8545086672339707, 
33, 0011111100, 0001111100, 0.5867296450080022, 0.9753858499706866, 0.0 0.0 0.0 0.0003565031080335094 0.012392098025615632 0.1218311948005488 0.8654202040658021, 
34, 0011111100, 0011111100, 0.587113831702591, 0.9760754497088585, 0.0 0.0 0.00022074653332948682 0.0008362546115719632 0.015907259842586743 0.10834103209364114 0.8746947069188706, 
35, 0011111100, 0011111100, 0.5829977565843544, 0.969163049896702, 0.0 0.0 0.0 0.0013680659402876807 0.021799356506518854 0.13731878978588766 0.8395137877673059, 
36, 0011111100, 0001111100, 0.5716190398536707, 0.9502901348070946, 0.024658883907928975 0.0006703158760851337 0.0004505097405528454 0.0009092662349077065 0.011509855547079475 0.1194047595683402 0.8423964091251057, 
37, 0011111100, 0011111100, 0.5853002532587745, 0.9730891345023971, 0.0 0.0 0.0 0.0015662137657718146 0.017815858792249006 0.12113483410380495 0.8594830933381743, 
38, 0011111100, 0011111100, 0.5849374076203829, 0.9723746571601487, 0.0 0.0 0.0 0.0009165403038136447 0.013993623193058398 0.13501518974154986 0.8500746467615782, 
39, 0011111100, 0011111100, 0.5822026023022302, 0.967883997433406, 0.0 0.0 0.0 0.0038473851079488222 0.023228809053145054 0.13469624196942726 0.8382275638694788, 
40, 0011111100, 0011111100, 0.5852258108590461, 0.9729600378826283, 0.0 0.0 0.0 0.001038607133441106 0.01380556499262522 0.13151282131865583 0.8536430065552779, 
41, 0011111100, 0011111100, 0.5849132154984018, 0.9722990948836474, 0.0 0.0 0.00041316543828328445 0.002153122568494876 0.015357526530097998 0.12737834817930213 0.8546978372838216, 
42, 0011111100, 0011111100, 0.5839154235411493, 0.9707747797449376, 0.00261940388072353 6.684408667022273e-05 6.24639897399573e-05 0.0020529593762945134 0.013317986624327429 0.12625597047618267 0.8556243715660616, 
43, 0011111100, 0011111100, 0.5852557479001095, 0.9729550133918025, 0.0 0.0 0.00021192201110332493 0.001040912305726565 0.012918663618895215 0.13246216744980147 0.8533663346144734, 
44, 0011111100, 0001111100, 0.5873814807168749, 0.9764016971986983, 0.0 0.0 9.621099286820206e-05 0.0006547212722156303 0.01434597139322034 0.11054886623324921 0.8743542301084466, 
45, 0011111100, 0011111100, 0.5853631728201184, 0.9731036813630961, 0.0 0.0 0.0 0.00262781509526307 0.015084612382951114 0.12332524176973192 0.858962330752054, 
46, 0011111100, 0001111100, 0.5859155794114712, 0.9741096344509682, 0.0 0.0 0.0005497564165969973 0.0017946369596726552 0.014700026681772888 0.11835920338523921 0.8645963765567183, 
47, 0011111100, 0011111100, 0.5828736313365988, 0.9689137951166009, 0.005104630511932713 0.00014170181621630984 0.00042027289606718786 0.0012815293257436298 0.01480558177567347 0.12004409403487022 0.8582021896394965, 
48, 0011111100, 0011111100, 0.5873406842651223, 0.976420117089983, 0.0 0.0 0.0 0.0006767679995586757 0.010706086807321049 0.11803681984678455 0.8705803253463358, 
49, 0011111100, 0011111000, 0.5867632742591746, 0.9753934963716602, 0.0 0.0 0.00010999909706093015 0.00020135640540338697 0.013481110918415414 0.11963273432875436 0.866574799250366, 
50, 0011111100, 0011111100, 0.5859520248793372, 0.9740821710270476, 0.0 0.0 0.0 0.0010286164310083076 0.012018431095581416 0.12838426235352704 0.8585686901198832, 
51, 0011111100, 0011111100, 0.5852149628804267, 0.9728840162733664, 0.0 0.0 0.0 0.001726370234755806 0.013885274260030622 0.12974624313547395 0.8546421123697396, 
52, 0011110000, 0011111100, 0.5862429538753983, 0.9746570165284051, 0.0 0.0 0.0 0.0002981770055058456 0.012832788254409672 0.1254977933042328 0.8613712414358518, 
53, 0011111100, 0001111100, 0.5876127405782774, 0.9768863304945632, 0.0 0.0 1.8758173691545212e-05 0.0006669665892519552 0.012640082761202645 0.11132591904769357 0.8753482734281604, 
54, 0011111100, 0011111100, 0.5853883666975745, 0.9731456194117936, 0.0 0.0 0.0 0.001506819651966634 0.017353149553855265 0.12189952546562838 0.8592405053285498, 
55, 0011111100, 0001111100, 0.5819993446615442, 0.9675175002147559, 0.0 0.0 0.00029924663697464125 0.0031959701199814647 0.021557107581275464 0.14099588664107096 0.8339517890206974, 
56, 0011111100, 0011111100, 0.5832779208198461, 0.9696069487370624, 0.0 0.0 0.0005976601162571637 0.003303860905706875 0.01597035516465415 0.1381153740661676 0.8420127497472142, 
57, 0011111100, 0001111100, 0.5867727410376523, 0.9754230467336727, 0.0 0.0 9.314568127087183e-05 0.0016763341941123347 0.012407333185656878 0.11724546791922931 0.8685777190197306, 
58, 0011111100, 0011111100, 0.5858572804148744, 0.9740010261885433, 0.0 0.0 0.0 0.0013885424737676267 0.015353619443740446 0.1211209765599566 0.8621368615225353, 
59, 0001111100, 0011111100, 0.5865224970054113, 0.9750960303934411, 0.0 0.0 0.0 0.0014076614025236593 0.013735475703501853 0.11772988202477848 0.867126980869196, 
60, 0011111100, 0011111100, 0.5843074227812626, 0.9714046285639685, 0.0 0.0 0.0 0.0015158246926362882 0.014956024568124253 0.13711270540203216 0.8464154453372074, 
61, 0011111100, 0011111100, 0.5848064081455173, 0.9721508387560277, 0.0 0.0 0.0005639944914778499 0.0006551658836576058 0.015562980067193123 0.1317475317125637 0.8514703278451077, 
62, 0011111100, 0011111100, 0.5850404704586042, 0.9726022188501697, 0.0 0.0 0.0 0.0011518651019071608 0.018334176716613682 0.12426273816003276 0.8562512200214465, 
63, 0011111100, 0011111100, 0.58567450716102, 0.973604666406003, 0.0 0.0 0.0 0.0015272676641041039 0.01351872534017402 0.1267527478913218 0.8582012591044001, 
64, 0011111100, 0001111100, 0.5863614804999877, 0.9747164258654992, 0.0 0.0 0.0 0.001251391217072833 0.011562585241380544 0.1248221006730252 0.8623639228685215, 
65, 0011111100, 0011111100, 0.5852979927454655, 0.9730200624170321, 0.0 0.0 0.00023401162651541684 0.0015903287967824367 0.01583115993093773 0.12451027273952349 0.8578342269062409, 
66, 0011111100, 0011111100, 0.5874081492903341, 0.9765556898202079, 0.0 0.0 0.0 0.0012932963238716409 0.009278563226917065 0.11822884565330352 0.8711992947959077, 
67, 0011111100, 0011111100, 0.5873303046481212, 0.9764535556419445, 0.0 0.0 0.0 0.0008587084255360421 0.009783208604885192 0.11913612366195493 0.8702219593076238, 
68, 0011111100, 0011111100, 0.5861277769257653, 0.9743434559466083, 0.0 0.0 0.0 0.001392803716263033 0.012518783797538333 0.12472328557648524 0.8613651269097135, 
69, 0011111100, 0011111100, 0.5860267829025426, 0.974207343817851, 0.0 0.0 0.0 0.0002577187055357155 0.012116093031812117 0.12975059491266264 0.8578755933499895, 
70, 0001111100, 0011111000, 0.5827936137048987, 0.9689177063661488, 0.0 0.0 0.0 0.0011636108335779393 0.01813578765862058 0.14673135398513243 0.833969247522669, 
71, 0011111100, 0011111100, 0.5847139244547854, 0.9720176111316194, 0.0 0.0 0.0004436581208923884 0.0011312946538366163 0.01766247226758643 0.12740087223003232 0.8533617027276522, 
72, 0011111100, 0011111000, 0.5865067012040024, 0.9749840873337511, 0.0 0.0 0.0 0.001655878994645164 0.013891854662507643 0.1173441296885429 0.8671081366543042, 
73, 0011111100, 0011111100, 0.5815295564893292, 0.9667311811970272, 0.005683640137147675 0.00013704563451460427 0.00010428024862175895 0.0022529981223919277 0.015151621193259012 0.12734648607419732 0.8493239285898677, 
74, 0011111100, 0011111100, 0.5864547006762585, 0.9748788292806694, 0.0 0.0 5.9405612894977836e-05 0.0013561064270075302 0.011824362116543004 0.12277235835029567 0.8639877674932589, 
75, 0011111100, 0011111100, 0.5866612411065318, 0.9753240277289453, 0.0 0.0 0.0 0.00045627778189491654 0.015042698053291854 0.11660160417405992 0.8678994199907534, 
76, 0001111100, 0011111100, 0.5881214150002043, 0.977719988647147, 0.0 0.0 0.0 0.0005292034697849126 0.009215612356950141 0.11366123299386327 0.8765939511794016, 
77, 0011111100, 0011111100, 0.583542749588749, 0.9700789003182347, 0.0 0.0 0.0003237217038999285 0.0018539642682370682 0.02042272795134878 0.13182436256758254 0.8455752235089317, 
78, 0011111000, 0011111100, 0.5864738611377341, 0.974909406996703, 0.0 0.0 0.0 0.000270624034630713 0.012061610669033624 0.12560846457782215 0.8620593007185134, 
79, 0011111100, 0011111100, 0.5831793784549018, 0.9695829164184521, 0.0 0.0 6.310970357667832e-05 0.001389658586644445 0.016026031163481048 0.14602902458808548 0.8364921759582123, 
80, 0011111100, 0011111100, 0.5857733361424583, 0.9738007946381311, 0.0 0.0 0.0 0.0008479818187148655 0.013903854301349952 0.12684357811236935 0.8584045857675658, 
81, 0011111100, 0011111100, 0.5864816735463575, 0.9750359263139944, 0.0 0.0 0.0 0.00013426573563746043 0.01122779893840411 0.12692604703231283 0.8617118882936455, 
82, 0011111100, 0011111100, 0.5850567470480004, 0.9725356625262794, 0.0 0.0 0.0 0.0009359502831172942 0.014354226918874457 0.13326972015522284 0.8514401026427854, 
83, 0011111100, 0011111100, 0.5849100756238353, 0.9724192030950495, 0.0 0.0 0.0 0.0005959904522971454 0.016906493635778196 0.12988382280125502 0.8526136931106697, 
84, 0011111100, 0011111100, 0.5832883769129918, 0.9696262036339738, 0.0 0.0 0.0 0.0009191104753293025 0.019626285454018164 0.14023287586213382 0.8392217282085186, 
85, 0011111100, 0011111000, 0.5838533159898043, 0.9706348004516394, 0.0 0.0 0.0 0.0026345976741409868 0.02034242719536571 0.12760254987700895 0.8494204252534844, 
86, 0011111000, 0011111100, 0.5832601341209934, 0.9695528385160785, 0.0 0.0 0.0 0.0027404231337877926 0.01982577084849518 0.1348101578051756 0.8426236482125414, 
87, 0011111100, 0001111100, 0.5865075588340412, 0.9749488821562736, 0.0 0.0 0.0 0.0011356823109762689 0.01313122885417232 0.12063720242108554 0.8650958864137659, 
88, 0011111100, 0011111100, 0.5845065044608426, 0.9716658168008935, 0.0 0.0 4.0921466870534986e-05 0.0019092431462125548 0.015794304714961026 0.13252507445859782 0.8497304562133581, 
89, 0011111100, 0011111110, 0.5838261035465161, 0.9706329521699997, 0.0 0.0 0.0005618736405051992 0.002029894868982653 0.019749899587124028 0.12836530863678608 0.849293023266602, 
90, 0011111100, 0011111100, 0.5860286585336689, 0.9742448758773978, 0.0 0.0 0.0 0.0009790877305961506 0.013887933891069454 0.12381761376168518 0.8613153646166493, 
91, 0011111100, 0011111100, 0.5849289569685919, 0.9724493887106731, 0.0 0.0 0.0 0.0023469786757745344 0.013143245139865107 0.13197624142890757 0.8525335347554528, 
92, 0011111100, 0011111100, 0.5862184640338733, 0.9744481326636388, 0.0 0.0 1.1585312454076038e-05 0.0021408640640715754 0.015416403005494033 0.11600946456514755 0.8664216830528327, 
93, 0011111100, 0011111100, 0.584070919062628, 0.9709277370040488, 0.0 0.0 9.635998004067511e-05 0.0026451221367449415 0.020637807215727007 0.12483715721385577 0.8517835534536317, 
94, 0011111100, 0011111100, 0.5856052150067548, 0.9735059485417612, 0.0 0.0 0.0 0.0005251340088183255 0.01297465762649945 0.1314395914699791 0.8550606168947031, 
95, 0011111100, 0011111100, 0.5867807650142463, 0.9754607367281001, 0.0 0.0 0.00036430435746624354 0.001102902176576143 0.012873556850713213 0.11672254197037926 0.8689366946448651, 
96, 0011111100, 0011111100, 0.5850741381331042, 0.9725871071942965, 0.0 0.0 0.0 0.0006896297006706747 0.01703161228031769 0.12834524317157342 0.8539335148474383, 
97, 0011111100, 0011111100, 0.5856295313045435, 0.9736062962241587, 0.0 0.0 0.0 0.0017562921917846938 0.015489424151255838 0.12211449777718189 0.8606397858797776, 
98, 0011111100, 0011111100, 0.5853957390090575, 0.9731289876074226, 0.0 0.0 0.0008562834194965872 0.002248324397343255 0.017629306247393898 0.11579735499066088 0.8634687309451053, 
99, 0011111100, 0011111100, 0.5853863865417964, 0.9731036402212354, 0.0 0.0 0.0 0.0003865096211567946 0.014871102326773538 0.13047642515557026 0.8542659628964995, 
100, 0011111100, 0011111100, 0.5861873141682447, 0.9744391806882302, 0.0 0.0 0.00012674408849384103 0.0012327582014815188 0.011940605308365125 0.12527845429546866 0.8614214381061909, 
run, initial grid state, final grid state, mean grid cell occupancy, mean binding site occupancy, fraction of time with N TFs bound, warning
1, 0011111100, 0011111100, 0.5869773007605072, 0.9757726262078157, 0.0 0.0 0.0 0.0008792634362722294 0.013016924048548536 0.11669260434719182 0.8694112081679874, 
2, 0001111100, 0011111100, 0.5847177359463354, 0.9721007281255627, 0.0 0.0 0.00043136359137001484 0.0003947738558917581 0.016303569110272437 0.13187871709292331 0.8509915763495425, 
3, 0011111100, 0011111100, 0.5853748228442722, 0.9731446007516612, 0.0 0.0 0.0 0.00047147113227458224 0.010857853223886492 0.13800227564543588 0.850668399998403, 
4, 0011111100, 0011111100, 0.5851062037607144, 0.9725910036031632, 0.0 0.0 1.2025560720988681e-05 0.003877864260595753 0.011344795223130482 0.13008269291008864 0.8546826220454642, 
5, 0011111100, 0011111000, 0.5840104778542634, 0.9709223295430542, 0.0 0.0 0.00012733664742571965 0.0022028779589737028 0.015370237950685355 0.1366075663736802 0.845691981069235, 
6, 0011111100, 0011111100, 0.5871992210981455, 0.9762158595113828, 0.0 0.0 0.0006595078128902117 0.0012444632521121557 0.00872362996944212 0.1188861619849219 0.8704862369806337, 
7, 0011111100, 0011111100, 0.5866361508077867, 0.9752126426286395, 0.0 0.0 0.0 0.0006555467261527265 0.012282031954182683 0.12219344014133887 0.8648689811783257, 
8, 0011111100, 0011111100, 0.5871307702224815, 0.9760198814365734, 0.0 0.0 0.0 0.0007250921920228642 0.011884153209869686 0.11793712838475175 0.8694536262133556, 
9, 0011111100, 0011111100, 0.5867376821680649, 0.9753874048253808, 0.0 0.0 0.0 0.00022078833395299454 0.012576188565406706 0.1218608289150432 0.8653421941855971, 
10, 0011111100, 0011111000, 0.5860830447126116, 0.9742814860022478, 0.0 0.0 0.0005583716561647823 0.0015270037371167397 0.015760469442493655 0.11597564726551651 0.8661785078987083, 
11, 0011111100, 0011111100, 0.5852664841083802, 0.9729721006815691, 0.0 0.0 0.0 0.000407479654409488 0.01658701746367412 0.12777092202000873 0.8552345808619077, 
12, 0011111100, 0011111100, 0.5883656455765032, 0.9781229677689749, 0.0 0.0 0.0 0.0001960510795689711 0.009968297285245528 0.11073744557695211 0.8790982060582334, 
13, 0011111100, 0011111100, 0.584411197663992, 0.9714830608240751, 0.0 0.0 0.00019312944448947905 0.0010543311310495789 0.018795033665805032 0.12957605655283347 0.8503814492058225, 
14, 0011111100, 0001111000, 0.5843383610076784, 0.9714599989813808, 0.0 0.0 0.0 0.004920844593734069 0.012343567585256128 0.1317903371600014 0.8509452506610085, 
15, 0011111100, 0011111100, 0.5862524271867234, 0.9745277562897159, 0.0 0.0 0.0 0.0012662068776296007 0.01289839766059303 0.12323804630762925 0.8625973491541481, 
16, 0011111100, 0011111100, 0.5867123405844418, 0.975248983777008, 0.0 0.0 0.00036088710246267767 0.0023412883773759148 0.0101698208094626 0.11969904217704812 0.8674289615336507, 
17, 0011111100, 0011111100, 0.5862679480077757, 0.9746640718809022, 0.0 0.0 0.0006187778886801855 0.0017748497710038222 0.014595916182718424 0.11502407548141802 0.8679863806761795, 
18, 0011111100, 0011111100, 0.5839549410490305, 0.9707644102204644, 0.0 0.0 8.794545293535504e-06 0.0017639084595802567 0.01711137536206252 0.13586388439317396 0.8452520372398896, 
19, 0011111100, 0011111100, 0.5845291776560398, 0.9716706635458802, 0.0 0.0 0.0 0.0016701636796270095 0.018712010460063707 0.12754150676570977 0.8520763190945996, 
20, 0011111100, 0011111100, 0.5844052220256003, 0.9715091552943271, 0.0 0.0 0.0007521330550163132 0.0017127293501604736 0.014106164725439164 0.13458601851261215 0.8488429543567719, 
21, 0111111100, 0001111100, 0.5843954502291244, 0.9715686418551382, 0.0 0.0 0.0004838225968691174 0.0025387446315873552 0.021486157039537497 0.11806431050785629 0.8574269652241499, 
22, 0011111100, 0001111000, 0.583679765436612, 0.9703143374930757, 0.0 0.0 0.0 0.001391718839723262 0.018386004143901572 0.13716681023457233 0.8430554667818028, 
23, 0011111100, 0011111100, 0.5832366681254142, 0.969606883236699, 0.0 0.0 0.0 0.0013951066924785182 0.02015305241666382 0.13786727566904303 0.8405845652218147, 
24, 0011111000, 0011111100, 0.5846490959640239, 0.9718651539593669, 0.0 0.0 0.0003726005556693389 0.0015835699092341888 0.01243104924417907 0.1377058658050603 0.8479069144858572, 
25, 0011111100, 0001111100, 0.5858138628733125, 0.9738638066008326, 0.0 0.0 0.00021073599578917023 0.004080814420954393 0.014901866205526235 0.11392804073793214 0.866878542639798, 
26, 0011111100, 0011111100, 0.5865179291979697, 0.975114418358803, 0.0 0.0 0.0 0.00045042978725785295 0.012042343631417311 0.1238775132225737 0.8636297133587512, 
27, 0011111100, 0011111100, 0.5869237460134588, 0.975626519657858, 0.0 0.0 0.0001298138411503746 0.0026595778657227754 0.011418741814041013 0.11490540946300005 0.8708864570160857, 
28, 0011111100, 0001111100, 0.5841450232112422, 0.9710834545227497, 0.0 0.0 0.000605384681134451 0.002793403550114234 0.014815343931752122 0.13306683562511779 0.8487190322118814, 
29, 0011111100, 0011111100, 0.5858660984325336, 0.9738972348749354, 0.0 0.0 0.0 0.00047060534523424286 0.01336086431518236 0.1284830460843203 0.857685484255263, 
30, 0011111000, 0011111100, 0.5858812763698226, 0.9739201821000032, 0.0 0.0 0.0 0.0024581239613183335 0.00888309897789843 0.13133833756022872 0.8573204395005546, 
31, 0011111100, 0011111100, 0.5831937399487536, 0.9695199387517182, 0.0 0.0 2.970399048271633e-05 0.003876307845669023 0.017346002115715704 0.13644062375932117 0.8423073622888113, 
32, 0001111100, 0011111100, 0.5834677883940013, 0.969966377262133, 0.0 0.0 0.0 0.0016219732798618929 0.01911869921848866 0.13709841815063906 0.8421609093510103, 
33, 0011111100, 0011111100, 0.5849452167544118, 0.9724026047347946, 0.0 0.0 0.0 0.0011018688178403035 0.016678876004465625 0.12892101312878007 0.853298242048914, 
34, 0011111100, 0011111100, 0.5842853613642356, 0.9713575662890749, 0.0 0.0 0.0005427862400338763 0.003160024418179137 0.016840821469110787 0.12652174111265607 0.8529346267600202, 
35, 0011111100, 0011111100, 0.5856774807157837, 0.9735356852864745, 0.0 0.0 0.000101456621929918 0.0020833753601660044 0.012669154187873491 0.1267916273371886 0.858354386492842, 
36, 0011111100, 0011111100, 0.5858497620810937, 0.9738887817548241, 0.0 0.0 0.0003242459197407677 0.0023425839704100436 0.015111689281008452 0.11811919531884532 0.8641022855099955, 
37, 0011111100, 0011111100, 0.5854224359695724, 0.9732528470952965, 0.0 0.0 0.0 0.0013868934115453453 0.01264462416815925 0.1310329888572661 0.8549354935630293, 
38, 0011111100, 0011111100, 0.5842720940502142, 0.9712875188357925, 0.0 0.0 0.0001866918523098599 0.0027980365897544578 0.0174623859267028 0.1282092379533365 0.8513436476778964, 
39, 0011111100, 0011111100, 0.5860147096963283, 0.9741948919455616, 0.0 0.0 0.0 0.00012853651302712304 0.010433452134118242 0.13357813451931172 0.8558598768335429, 
40, 0011111000, 0011111100, 0.5842072324202591, 0.9711436894320054, 0.0 0.0 0.0 0.0014249778649635771 0.017456272810030454 0.13395038419301725 0.8471683651319888, 
41, 0011111100, 0011111100, 0.5845991901218904, 0.9719347736450455, 0.0 0.0 9.05702031921205e-05 0.001847266457734044 0.013970110868574862 0.13454705620660662 0.8495449962638923, 
42, 0011111100, 0011111100, 0.5847319780009712, 0.9719982736683018, 0.0 0.0 0.0 0.0024131472133488313 0.013068128092031946 0.13463466016607836 0.8498840645285409, 
43, 0011111100, 0011111100, 0.5871542196510604, 0.9760740060050452, 0.0 0.0 0.0 0.00031104357128095055 0.00781318385231078 0.12699646555126362 0.8648793070251447, 
44, 0011111100, 0011111100, 0.5876113728048108, 0.9767379166306812, 0.0 0.0 0.0 0.0010480291605105853 0.009830124652563528 0.11676816342925357 0.8723536827576722, 
45, 0011111100, 0011111100, 0.5877432740610236, 0.9770672220866415, 0.0 0.0 0.0 0.0001002236088552929 0.008931023149317551 0.11943395035494968 0.8715348028868776, 
46, 0011111000, 0011111100, 0.5852416325933192, 0.9729279548283118, 0.0 0.0 9.883852347799709e-05 0.0009940370643838814 0.01438531905033556 0.13028416764239428 0.8542376377194082, 
47, 0011111100, 0011111100, 0.5864857861173427, 0.9749227181795043, 0.0 0.0 0.0 0.00046491908988156486 0.014099267624589946 0.12087039840414951 0.8645654148813791, 
48, 0011111100, 0011111100, 0.5861748821143355, 0.9744870134547253, 0.0 0.0 7.060783874863669e-05 0.0010585255293504964 0.014580119223607359 0.12045967288138747 0.8638310745269061, 
49, 0011111100, 0011111100, 0.5861568613413325, 0.974465210340742, 0.0 0.0 0.0 0.000564500667555078 0.013235871772216044 0.12504349240845078 0.8611561351517782, 
50, 0011111100, 0011111100, 0.5846885265271773, 0.9720817849692844, 0.0 0.0 0.0 0.001938046051855896 0.01417617063661314 0.13334281075549964 0.8505429725560312, 
51, 0011111100, 0011111100, 0.5858014347870851, 0.9738456151043065, 0.0 0.0 0.00019610249456507818 0.0017060435652226774 0.009916836621095665 0.1311900954580411 0.8569909218610755, 
52, 0011111100, 0011111100, 0.58250852963513, 0.9683761103529278, 0.0 0.0 0.0007780403255353441 0.004499638899291881 0.021751069044993274 0.12963012179242916 0.8433411299377503, 
53, 0011111100, 0011111100, 0.5867144267209057, 0.975321815337234, 0.0 0.0 0.0 0.0006926075771337179 0.01455658995141324 0.11687810534236846 0.8678726971290847, 
54, 0011111100, 0011111100, 0.5862498534009312, 0.9746700746304449, 0.0 0.0 0.0 0.0004447310677321042 0.013503412724644248 0.12363853356484628 0.8624133226427774, 
55, 0011111100, 0011111100, 0.58520816100184, 0.9728743363161747, 0.0 0.0 0.0 0.0002793960543115153 0.017285659549763063 0.12734447484049166 0.8550904695554339, 
56, 0011111100, 0011111100, 0.5864729323210768, 0.9749921133507365, 0.0 0.0 0.0 0.0018203214379173798 0.01006719168866862 0.12445197220449185 0.8636605146689222, 
57, 0011111100, 0001111100, 0.5873220983762502, 0.9763576948451771, 0.0 0.0 0.0 0.000810937854489826 0.015864517596543965 0.10769198217237998 0.8756325623765863, 
58, 0011111100, 0011111000, 0.5862489486309986, 0.9746259669998395, 0.0 0.0 0.0 0.0019752783405405493 0.011395311033810295 0.12352774091172011 0.8631016697139291, 
59, 0011111100, 0011111000, 0.5873293481342157, 0.9763469755333316, 0.0 0.0 0.0 0.0003311346633890129 0.009937916406414412 0.1210489099970159 0.8686820389331807, 
60, 0011111100, 0011111100, 0.5847576828965358, 0.972199728736417, 0.0 0.0 0.0 0.001058799019598237 0.014681796619446894 0.13426163728380947 0.8499977670771455, 
61, 0011111100, 0011111100, 0.5848086405226406, 0.9721628124300178, 0.0 0.0 0.0 0.0009177096950104689 0.017275006263559847 0.12971998380774166 0.8520873002336881, 
62, 0011111100, 0011111100, 0.5865681352765293, 0.9751810538465151, 0.0 0.0 0.0 0.0005389458130300843 0.013701340628233777 0.11989415822535086 0.8658655553333853, 
63, 0011111100, 0011111100, 0.5852175225483646, 0.9728626021228913, 0.0 0.0 0.0 0.0011147781615470135 0.011923836323946934 0.1356323801301167 0.8513290053843894, 
64, 0011111100, 0011111000, 0.5862672092760047, 0.974515146550405, 0.0 0.0 0.00017697744446095964 0.0006078109236936057 0.011689104452871326 0.12699956924290312 0.860526537936071, 
65, 0011111000, 0011111100, 0.5848425471059268, 0.9722730104543154, 0.0 0.0 4.8731269783065426e-05 0.0009826431195676325 0.016018412303560187 0.1311822582291519 0.8517679550779372, 
66, 0011111100, 0011111100, 0.5819516866062132, 0.9673956733829043, 0.0 0.0 0.0010938827939279874 0.00485196185566834 0.022772762816041996 0.1311490173277732 0.8401323752065885, 
67, 0011111100, 0011111110, 0.5820714118151238, 0.9677208013340637, 0.0 0.0 0.0006422014428649842 0.005086148387569052 0.01924595958009627 0.1373560219012582 0.8376696686882115, 
68, 0011111100, 0011111100, 0.5742075666908457, 0.9546035484023125, 0.014189765268647271 0.0004016757479715347 0.0004536337513190791 0.0029564308695646125 0.024508043460431776 0.12553182469954963 0.8319586262025161, 
69, 0111111100, 0001111110, 0.5853755492863729, 0.9731512866178589, 0.0 0.0 0.000126027559955262 0.0016348494125551266 0.011693882282605891 0.1322958572501481 0.8542493834947356, 
70, 0011111100, 0011111100, 0.5845301620681062, 0.9717700787544745, 0.0 0.0 0.0 0.001139771582239639 0.01601769330527667 0.13392482611587989 0.8489177089966038, 
71, 0011111100, 0011111100, 0.5850083749967513, 0.9724388715490924, 0.0 0.0 0.0 0.0009202691179317803 0.014139704794853098 0.1343265537619439 0.8506134723252712, 
72, 0011111100, 0001111100, 0.5838882890047914, 0.9707122902039275, 0.0 0.0 0.00018962682685193558 0.0017189831449932426 0.020466325815022193 0.12887815040400316 0.8487469138091294, 
73, 0011111100, 0011111100, 0.5872376270695869, 0.9762391102579067, 0.0 0.0 0.0 3.1338822371619087e-06 0.00976575771648733 0.12302442137287349 0.8672066870284021, 
74, 0011111100, 0011111100, 0.5869219991578783, 0.9757169210686303, 0.0 0.0 0.0 0.0006250383202852202 0.00990331626965383 0.12401672608805447 0.8654549193220065, 
75, 0011111100, 0011110000, 0.585671867935842, 0.9736558158348418, 0.0 0.0 0.0 0.0010182726661757627 0.015598642615918073 0.12381300176058609 0.8595700829573201, 
76, 0011111100, 0011111100, 0.5858918779559827, 0.9739933629829808, 0.0 0.0 2.17940791559787e-05 0.0015752958834896484 0.01783340106787186 0.11555995599927855 0.8650095529702039, 
77, 0011111100, 0011111100, 0.5834225245068877, 0.9699154205973969, 0.0 0.0 0.0003670690265721082 0.0042532017154089325 0.01713745967921181 0.13200467580467962 0.8462375937741276, 
78, 0011111100, 0011111100, 0.5840681991969383, 0.971026255011254, 0.0 0.0 0.0 0.0018461742145483833 0.01366308449313028 0.14097777830257108 0.8435129629897502, 
79, 0001111100, 0011111100, 0.5839800513678114, 0.9708179455590494, 0.0 0.0 0.00013359062898982138 0.001974348673576457 0.013786734947860925 0.14106144821329222 0.8430438775362805, 
80, 0011111100, 0011111100, 0.5848754789453334, 0.9723502980851505, 0.0 0.0 0.0 0.0010100021830152896 0.01457807950099109 0.1337120459380693 0.8506998723779243, 
81, 0011111100, 0011111100, 0.5849777607084442, 0.9724001217641002, 0.0 0.0 0.0 0.0014408146822403015 0.015882001768458297 0.12951282183176194 0.8531643617175394, 
82, 0011111100, 0011111100, 0.583447902913902, 0.9699384328969177, 0.0 0.0 0.0001494461807765847 0.0026230546737281905 0.018218697406833358 0.13546505906053583 0.843543742678126, 
83, 0011111100, 0011111100, 0.5839858522525859, 0.9708114990994924, 0.0 0.0 0.000170058190161898 0.001730653546911038 0.01753222647053724 0.13419435906059096 0.8463727027317989, 
84, 0011111100, 0011111100, 0.5862582221030442, 0.9746664269035726, 0.0 0.0 0.0 0.00015483521323243776 0.010552332698074124 0.13043226754271856 0.8588605645459748, 
85, 0011111100, 0011111100, 0.5847720183089706, 0.9721581695108028, 0.0 0.0 0.0 0.0022333252964254788 0.017988107984775664 0.12437479107635621 0.8554037756424426, 
86, 0011111100, 0011111100, 0.5856327840835043, 0.973567666806696, 0.0 0.0 0.0 0.0007261634024249939 0.014399924185138765 0.1276156605822715 0.8572582518301647, 
87, 0011111100, 0011111100, 0.5860388366014778, 0.9742694792660421, 0.0 0.0 0.0 0.0012890189019617864 0.013904883283104647 0.12270630113165287 0.8620997966832807, 
88, 0011111100, 0011111100, 0.5849854117054143, 0.9724714791881596, 0.0 0.0 0.0 0.0009393988877827212 0.010929115376631765 0.14049469745443127 0.8476367882811543, 
89, 0011111100, 0011111100, 0.585502905832608, 0.9733613045877121, 0.0 0.0 0.00012760793293630792 0.001420841251611163 0.010507139376482713 0.13404493823418326 0.8538994732047865, 
90, 0011111100, 0011111100, 0.5834448983214285, 0.969928251740699, 0.0 0.0 0.00041309545784723185 0.0020386025266033976 0.018798940568478806 0.13506441900764915 0.8436849424394215, 
91, 0011111100, 0011111100, 0.5835536970395484, 0.9701157910282597, 0.0 0.0 0.0 0.0017750282539403437 0.017737216167322017 0.13850573673397637 0.8419820188447613, 
92, 0011111100, 0011111100, 0.5846338491787654, 0.9718726014703075, 0.0 0.0 0.0 0.0010843783238166428 0.01617861608067424 0.13315402404535603 0.8495829815501531, 
93, 0011111100, 0001111100, 0.58631410859293, 0.974665056781394, 0.0 0.0 0.0 0.0007315959908849284 0.012119015726326794 0.12557683988632765 0.8615725483964606, 
94, 0011111100, 0011111100, 0.5857598275171956, 0.9738669999556105, 0.0 0.0 2.1336024020512898e-05 0.0008166996388052793 0.014655831397419961 0.12495089445899892 0.8595552384807554, 
95, 0011111100, 0011111100, 0.5867894976196295, 0.9754793690729353, 0.0 0.0 0.0 0.0014148734755268266 0.01475398394967684 0.11337119723645349 0.8704599453383429, 
96, 0011111100, 0011111100, 0.5842505943606233, 0.9713118579952482, 0.0 0.0 0.0 0.0009668425345537917 0.01909882841356143 0.1310306675977264 0.8489036614541583, 
97, 0011111100, 0011111100, 0.5855660143714168, 0.9733604686138749, 0.0 0.0 4.635288607954979e-05 0.003054205984267361 0.01436808991048989 0.12175297899865117 0.860778372220512, 
98, 0011111100, 0011111110, 0.5856258076902807, 0.9735530319599428, 0.0 0.0 0.0 0.0007212340378477742 0.01643615047043437 0.1236458051859322 0.8591968103057857, 
99, 0011111100, 0011111100, 0.5869136807865092, 0.9756623658537207, 0.0 0.0 0.0 0.0010400834065829004 0.012479263717173752 0.11794702722357941 0.8685336256526639, 
100, 0011111100, 0011111100, 0.5859868659434587, 0.9741132911744104, 0.0 0.0 0.0 0.0011810419295649867 0.012785488006542337 0.1262061511517578 0.8598273189121349, 
run, initial grid state, final grid state, mean grid cell occupancy, mean binding site occupancy, fraction of time with N TFs bound, warning
1, 0011111100, 0011111000, 0.582441664236033, 0.9682875968001596, 0.003228631085980903 0.00010564290756969224 0.0005524570411218348 0.0025353784364482795 0.018724957407176536 0.12310853985712358 0.8517443932645791, 
2, 0011111100, 0011111100, 0.584296884400571, 0.9713640452211282, 0.0 0.0 0.0 0.0004147012301173096 0.019666900362112896 0.1312378242586535 0.8486805741491162, 
3, 0011111100, 0011111100, 0.5862921838675001, 0.9746950817498333, 0.0 0.0 0.0 0.0010702683116660798 0.010551652157593029 0.1275154002508154 0.8608626792799255, 
4, 0011111100, 0011111100, 0.5849279984634984, 0.9724074385658057, 0.0 0.0 0.0003287217158566202 0.000973185654597112 0.012848960249771411 0.13562300427840565 0.8502261281013691, 
5, 0011111100, 0011111100, 0.5853709332843378, 0.9731236207106505, 0.0 0.0 0.0002985585385912231 0.0016040245740399188 0.013323842891008247 0.12860428207759586 0.8561692919187648, 
6, 0011111100, 0011111100, 0.5860373776027413, 0.9742127827029431, 0.0 0.0 0.00043118819068284255 0.0034873121455050718 0.01207744129137327 0.11838173200034825 0.8656223263720907, 
7, 0011111100, 0001110000, 0.5864642755784643, 0.9749435810751443, 0.0 0.0 0.0 0.0007489951670518374 0.015471253400010425 0.11714902124795802 0.8666307301849797, 
8, 0011111100, 0011111100, 0.5839116795845068, 0.9706534699290466, 0.0 0.0 0.0 0.0011851433599496383 0.014335993479027236 0.1438517633878173 0.8406270997732058, 
9, 0011111100, 0011111100, 0.5867830007342224, 0.9754512053933247, 0.0 0.0 0.0 0.0016877673417181767 0.013240906348116302 0.11574765291866423 0.8693236733915012, 
10, 0011111100, 0011111100, 0.5837757276471744, 0.9704561129817108, 0.0 0.0 0.0 0.0007781201025479464 0.015422490123658235 0.1440839815547747 0.8397154082190191, 
11, 0011111100, 0011111100, 0.5843792581308634, 0.9713754567645865, 0.0 0.0 0.00044809166039955044 0.0008370697744656052 0.01650581446027508 0.13443205452693602 0.8477769695779237, 
12, 0011111100, 0011111100, 0.5839109749533717, 0.9706769812173014, 0.0 0.0 1.7419835965406325e-05 0.0012284788516805285 0.01667997095385559 0.1388230548895772 0.8432510754689212, 
13, 0011111100, 0011111100, 0.5855076138138938, 0.9733930377903324, 0.0 0.0 0.0005306587131408495 0.0015679942209267544 0.01002708644144198 0.13276098285977742 0.855113277764713, 
14, 0011111100, 0011111100, 0.584733730152585, 0.9720900580146046, 0.0 0.0 0.0005396288296366873 0.0023097157618435504 0.011864315449152722 0.13464335840998945 0.8506429815493776, 
15, 0001111100, 0011111100, 0.5859387030814753, 0.9741640035252556, 0.0 0.0 0.00010099602186606043 0.001003922576738823 0.012639949359098856 0.1263203283125888 0.8599348037297075, 
16, 0011111100, 0011111100, 0.5859741465187684, 0.974190587517941, 0.0 0.0 5.313027417165892e-05 0.0005533009075837192 0.014045028010065111 0.12489399505278585 0.8604545457553936, 
17, 0011111100, 0011111100, 0.5864418731530852, 0.9749135802354149, 0.0 0.0 0.0 0.000367558036209061 0.012618668984595958 0.12417850650969237 0.8628352664695027, 
18, 0011111100, 0011111100, 0.5848233474820956, 0.9722332540679353, 0.0 0.0 0.0 0.0021758691946141616 0.014020881740238399 0.1320311045280694 0.851772144537078, 
19, 0011111100, 0011111100, 0.5853303510189223, 0.9731024226111898, 0.0 0.0 0.0007200556770430859 0.002501850721546965 0.013138534819748925 0.1247226198205498 0.8589169389611113, 
20, 0011111100, 0001111000, 0.5875920267945077, 0.9768708469916041, 0.0 0.0 0.0 0.0015220561459661096 0.011360283237108906 0.11148818313826044 0.8756294774786645, 
21, 0011111100, 0011111100, 0.5847782424210481, 0.9722663016671029, 0.0 0.0 0.0 0.00044516695990242413 0.015117363098650116 0.13483196292037533 0.8496055070210722, 
22, 0011111000, 0011111100, 0.586261613968474, 0.974623475228646, 0.0 0.0 0.0 0.000939995553548336 0.011427177432956752 0.12658480710156572 0.8610480199119293, 
23, 0001111100, 0011111100, 0.5836945869493325, 0.9703700809682405, 0.0 0.0 0.0 0.001587532632120734 0.020451123748113267 0.13211466879796785 0.8458466748217981, 
24, 0011111100, 0011111100, 0.5874113578211207, 0.9764270083888815, 0.0 0.0 0.0 0.000342578598543519 0.012085618795399898 0.11623897628028036 0.8713328263257762, 
25, 0011111100, 0011111100, 0.5852534702957539, 0.9729448237387154, 0.0 0.0 0.0 0.0016765948270421793 0.015612877736760412 0.12607551761305957 0.8566350098231378, 
26, 0001111100, 0011111100, 0.5864329210044457, 0.9747642090118215, 0.0 0.0 0.0 0.0018588445150793732 0.012572430667966298 0.12069335104790062 0.8648753737690538, 
27, 0011111100, 0011111100, 0.5877536789654881, 0.9770783432635538, 0.0 0.0 6.744726491806052e-05 0.0007546540430684387 0.010974090222215084 0.11304800878536986 0.8751557996844286, 
28, 0011111100, 0011111100, 0.5848524869403635, 0.9722065507368142, 0.0 0.0 0.0 0.0011051817085058347 0.016510701080893204 0.13042374829181091 0.85196036891879, 
29, 0011111100, 0011111100, 0.5852878229416341, 0.9730288711210472, 0.0 0.0 0.0 0.0011338018881917 0.01442436437173388 0.12957663886567417 0.8548651948744002, 
30, 0001111100, 0011111000, 0.5843377906528061, 0.9714304281280768, 0.0 0.0 6.648622926479293e-05 0.00016949160090753008 0.012978377745586918 0.14468625602058427 0.8420993884036565, 
31, 0011111000, 0011111100, 0.5858373898527293, 0.973878453304163, 0.0 0.0 0.0002836957832141717 0.001707973981325165 0.012269836602548203 0.12593090189309403 0.8598075917398185, 
32, 0011111100, 0011111100, 0.5837658527760888, 0.9704999079088666, 0.0 0.0 0.0 0.0002703400879666954 0.016045558841068387 0.14409841460076434 0.8395856864702006, 
33, 0011111100, 0011111100, 0.5818308891012823, 0.9672251550158552, 0.0 0.0 0.0011267095533624362 0.004348985035061183 0.0172681924020646 0.1445588917821059 0.8326972212274059, 
34, 0011111100, 0011111000, 0.5855035643876282, 0.9734273686131384, 0.0 0.0 1.196412418524424e-05 0.0030836034797189914 0.013126653707516674 0.123883813970238 0.8598939647183411, 
35, 0011111100, 0011111100, 0.5849133504301046, 0.9724223911290314, 0.0 0.0 4.804369010821694e-05 0.0008152965451060306 0.015436744496768809 0.13195409983652254 0.8517458154314944, 
36, 0011111110, 0011111100, 0.585439197985236, 0.9732672736380577, 0.0 0.0 0.0 0.0009721726524140153 0.013999256306589053 0.1294813276012347 0.8555472434397623, 
37, 0011111100, 0011111100, 0.5852155378002634, 0.9728221353962084, 0.0 0.0 0.0 0.0019485304245387654 0.014200226668886267 0.1288211430113601 0.855030099895215, 
38, 0011111100, 0011111100, 0.5797455837348788, 0.9637374838506206, 0.006665408785717827 0.00015078842687924702 0.0003593645021676431 0.003872541115369546 0.016599505572135676 0.13057460954852323 0.8417777820492068, 
39, 0011111000, 0011111000, 0.5843090981742773, 0.9713846297168905, 0.0 0.0 0.0 0.0031648189114667756 0.01582196467712844 0.13055383560999892 0.8504593808014059, 
40, 0011111100, 0011111100, 0.5820712009856047, 0.9678347848387455, 0.0 0.0 0.0 0.0024847162735837694 0.02029313549210738 0.1449508711625614 0.8322712770717475, 
41, 0011111100, 0011111100, 0.5858873995299495, 0.9740643126192101, 0.0 0.0 0.0 0.0013611413998053186 0.014158556363740646 0.12321358735784273 0.8612667148786114, 
42, 0011111100, 0001111100, 0.5866572076035876, 0.9752658017218517, 0.0 0.0 0.0 0.0007210017109716506 0.01377313906250299 0.11869590641096857 0.8668099528155567, 
43, 0011111000, 0011111100, 0.5862975097452596, 0.9746785559266695, 0.0 0.0 0.0 0.0006147818072044707 0.016238817766576593 0.11760668348521632 0.8655397169410025, 
44, 0011111100, 0011111100, 0.5870297841779089, 0.9759032401134229, 0.0 0.0 0.0 0.0012101793294339608 0.011175799034432157 0.11859842326229622 0.8690155983738377, 
45, 0011111100, 0011111100, 0.5848297096916936, 0.9722497254700748, 0.0 0.0 2.0576720746358233e-05 0.0009905642349881075 0.017560209423088693 0.12832722874542404 0.8531014208757528, 
46, 0011111100, 0011111100, 0.5863438002733876, 0.974709338291235, 0.0 0.0 0.0 0.0005964779774958746 0.011301514057841296 0.12735150820441918 0.8607504997602436, 
47, 0011111100, 0011111100, 0.5846855921195967, 0.9720184880494039, 0.0 0.0 0.0 0.0005499091102254319 0.01622191077431739 0.13379552282426585 0.8494326572911913, 
48, 0011111100, 0011111100, 0.5837005763983333, 0.9704254636362408, 0.0 0.0 0.0 3.2977716274488534e-06 0.016566939232967932 0.14430344640173695 0.8391263165936677, 
49, 0011111100, 0001111100, 0.5854604404323751, 0.9733546721144016, 0.0 0.0 0.0 0.0004658829741901443 0.012315242756894416 0.13384383287723112 0.8533750413916843, 
50, 0011111100, 0011111100, 0.5858015362395037, 0.9738481912174987, 0.0 0.0 0.0004231920696648671 0.002167601093887887 0.014089372518631254 0.12053653609742215 0.8627832982203939, 
51, 0011111100, 0001111100, 0.5865160288153694, 0.9750157213634636, 0.0 0.0 0.0 0.0006147564676526614 0.012568709827408452 0.12292398276144398 0.8638925509434949, 
52, 0011111000, 0011111000, 0.5851930039492291, 0.9728899975355708, 0.0 0.0 9.238685313701628e-05 0.0013058559802317097 0.013303537538944145 0.13176582435544365 0.8535323952722434, 
53, 0011111100, 0011111100, 0.5845512370297518, 0.9717776274257832, 0.0 0.0 0.0 0.0006597744191190458 0.014378187054678025 0.13859853807858816 0.8463635004476148, 
54, 0001111100, 0011111100, 0.585842833007218, 0.973896596919726, 0.0 0.0 0.0 0.0014449188079738331 0.019686458288320885 0.11291274548108127 0.8659558774226241, 
55, 0011111100, 0011111100, 0.5861775147416857, 0.9743788617076203, 0.0 0.0 0.000281640412699126 0.0011859246081808634 0.011384752415193647 0.12627298944855156 0.8608746931153748, 
56, 0011111100, 0011111100, 0.5843733184394536, 0.9715012330535302, 0.0 0.0 0.0007529519368470566 0.0021762151439928793 0.012042295840368554 0.13736755681871465 0.8476609802600769, 
57, 0011111100, 0011111100, 0.5856226562935662, 0.9736214534904013, 0.0 0.0 3.2857418739909216e-05 0.003490254799392677 0.0173913171993227 0.11288645058580846 0.8661991199967363, 
58, 0011111100, 0011111000, 0.5845472883314495, 0.9718473392740262, 0.0 0.0 0.00029012059530155994 0.0010119114581717621 0.011195880773096864 0.1423279860539277 0.8451741011195022, 
59, 0011111100, 0011111100, 0.585501099021608, 0.9733101138593865, 0.0 0.0 0.0 0.0010568258205950543 0.014101161802017056 0.12876651577786227 0.8560754965995256, 
60, 0011111100, 0011111100, 0.586117457772113, 0.9743579687659211, 0.0 0.0 0.0002268269508414609 0.001315121088924578 0.014545635979859913 0.11990824437461538 0.8640041716057587, 
61, 0011111100, 0011111100, 0.5854157526877946, 0.973205970529108, 0.0 0.0 0.0 0.00047664923697403496 0.012656263329567518 0.13402170245529532 0.8528453849781631, 
62, 0011111100, 0011111100, 0.5859882234788706, 0.9741205717856685, 0.0 0.0 0.0 0.0008864283548902613 0.013913742805711421 0.12478979860989531 0.8604100302295031, 
63, 0011111100, 0011111100, 0.5855104860912568, 0.9733580842674443, 0.0 0.0 0.0 0.0011198187173719065 0.014696802492952389 0.1270984332573134 0.8570849455323623, 
64, 0001111100, 0011111100, 0.5829796090458186, 0.9691360527012921, 0.0 0.0 0.00017105562553462527 0.006863322150880296 0.014031233143756419 0.13584702854995545 0.8430873605298732, 
65, 0011111100, 0011111100, 0.5855624723534067, 0.9733635981115684, 0.0 0.0 0.0 0.0008480831805955795 0.011387662294135226 0.13449883720053252 0.8532654173247366, 
66, 0001111100, 0011111100, 0.583916757494497, 0.970667691800236, 0.0 0.0 0.00013032709087428592 0.0026325457926975543 0.019253304972289942 0.12906829351241378 0.8489155286317244, 
67, 0011111100, 0011111000, 0.582756146294506, 0.9687988040317671, 0.0 0.0 0.0 0.0006098215917202404 0.018715292296076307 0.1479471264420847 0.8327277596701187, 
68, 0011111100, 0011111100, 0.5855226324960953, 0.9733632446670336, 0.0 0.0 0.0 0.0010889580877705982 0.016509926089381545 0.12353380555572373 0.8588673102671242, 
69, 0011111100, 0001111000, 0.5844162108576689, 0.9715654925253798, 0.0 0.0 5.661179440191813e-05 0.0013401047675746394 0.01275697177001089 0.14084633982736774 0.8449999718406448, 
70, 0011111100, 0011111100, 0.58530166326508, 0.9730459829889442, 0.0 0.0 0.0 0.003141775318222585 0.014646753649669607 0.12300526881232851 0.8592062022197793, 
71, 0011111100, 0011111100, 0.5832341576109079, 0.9695802381729625, 0.0 0.0 6.094059396459942e-05 0.0031305416855592952 0.01824146525390417 0.13640025302188097 0.842166799444691, 
72, 0011111100, 0011111100, 0.5859401287231917, 0.9740364083277604, 0.0 0.0 0.0002165198969212458 0.0014028068393768156 0.014431482450470361 0.12184408502668252 0.8621051057865491, 
73, 0011111100, 0011111100, 0.5873192569270144, 0.9763791424265109, 0.0 0.0 0.0 0.0013036365924504823 0.014671091908637425 0.10847205184630865 0.8755532196526035, 
74, 0011111100, 0011111100, 0.5841426393995429, 0.9711057864695868, 0.0 0.0 0.0 0.0011879600056200297 0.015757406186132483 0.13828658879335437 0.8447680450148931, 
75, 0011111100, 0011111100, 0.584602162933239, 0.9718256990059545, 0.0 0.0 0.0007334527447692304 0.004853652307831482 0.017159841234324357 0.11723135559305288 0.8600216981200219, 
76, 0011111000, 0011111100, 0.5848124657672787, 0.9721993551749266, 0.0 0.0 0.00018687532135952084 0.0013763616723688513 0.016547770438312265 0.1288317417712712 0.8530572507966881, 
77, 0011111100, 0011111100, 0.5870531101815386, 0.9759468530899564, 0.0 0.0 0.0 0.0008508488908285186 0.012185041196671261 0.11739625239443353 0.8695678575180666, 
78, 0011111100, 0011111100, 0.5859994067097368, 0.9741478223494652, 0.0 0.0 0.0 0.0002159522844010875 0.011037555897315001 0.13239009725537648 0.8563563945629075, 
79, 0011111100, 0011111100, 0.5856160329406341, 0.9735204608389052, 0.0 0.0 0.0 0.0010403755356140363 0.015331140738221474 0.12509382688328394 0.8585346568428806, 
80, 0011111100, 0011111000, 0.587483843165765, 0.9766753551710278, 0.0 0.0 0.0 0.00033256366893348236 0.010012408269946404 0.11892536142714033 0.8707296666339799, 
81, 0011111100, 0011111100, 0.5867789179067538, 0.9754547794817571, 0.0 0.0 0.0 0.0009193782116660049 0.011810007003203619 0.12089317446805282 0.8663774403170776, 
82, 0011111100, 0001111000, 0.5850173860895349, 0.972495883560592, 0.0 0.0 0.0 0.002004214651052838 0.015920278091718268 0.12717149849985288 0.854904008757376, 
83, 0011111100, 0011111100, 0.585531685692481, 0.9734373474803759, 0.0 0.0 0.0 0.0013305211061095622 0.011003345111577311 0.133377661576261 0.8542884722060521, 
84, 0011111100, 0011111100, 0.5854694030954911, 0.9732840879274937, 0.0 0.0 0.0 0.0025252526303587 0.015057800780017765 0.12260411298392658 0.8598128336056969, 
85, 0001111100, 0011111100, 0.5830305777314173, 0.9692324693043346, 0.0 0.0 9.137741278780358e-05 0.002313627091105431 0.015246228065808236 0.14680633711790828 0.8355424303123903, 
86, 0011111100, 0011111000, 0.5844623435153079, 0.9716401268103689, 0.0 0.0 0.0009266863347662062 0.000982367841132936 0.018375384548416696 0.1267546211784895 0.8529609400971947, 
87, 0011111100, 0011111100, 0.5833724712040135, 0.969895410177339, 0.0 0.0 0.0003132813571851594 0.0019250652487969849 0.014961177383362851 0.14367686299410876 0.8391236130165463, 
88, 0011111100, 0011111100, 0.5852637626246243, 0.9729680673639988, 0.0 0.0 0.0 0.0004575232727536133 0.018228120412190615 0.12436278517336502 0.8569515711416907, 
89, 0011111100, 0011111100, 0.5871083220756673, 0.9759357790611732, 0.0 0.0 0.0 0.0007191975141105197 0.009773343802273755 0.12268104548608197 0.8668264131975337, 
90, 0011111100, 0011111100, 0.584221735124853, 0.9711744137555244, 0.0 0.0 0.0008348565028046426 0.003468566523325954 0.010640911509834839 0.13792656886598842 0.8471290965980461, 
91, 0011111100, 0011111100, 0.5857301984390365, 0.973707205009657, 0.0 0.0 0.0 0.00042521986822241823 0.013579786436647775 0.12932153746409478 0.8566734562310351, 
92, 0011111100, 0001111100, 0.5858860798847473, 0.9739792720211136, 0.0 0.0 0.0 0.0024742721013650865 0.014825232021777933 0.11905108752566702 0.8636494083511899, 
93, 0011111000, 0011111100, 0.5848825520638007, 0.972315120584152, 0.0 0.0 0.0 0.0013409817037223987 0.01389829161710336 0.13428974814971398 0.8504709785294602, 
94, 0011111100, 0011111100, 0.5858897782939467, 0.9739211205755358, 0.0 0.0 0.0 0.0012104358029034592 0.010935785927284931 0.13097039728350432 0.8568833809863072, 
95, 0011111100, 0011111100, 0.5839293888575989, 0.9707504752941652, 0.0 0.0 0.0001467998922690891 0.00183378086158707 0.012942788362265043 0.14352302935664035 0.8415536015272385, 
96, 0011111100, 0011111100, 0.5867329169648441, 0.9753737577865238, 0.0 0.0 0.0 0.00029031421396320773 0.012168216340605977 0.12255007795775574 0.8649913914876751, 
97, 0011111100, 0011111100, 0.5837473468822537, 0.9704269400357949, 0.0 0.0 0.0 0.000504974175718228 0.02018169066658154 0.13556005592491252 0.8437532792327878, 
98, 0011111100, 0011111000, 0.5842290917039938, 0.9712281444401113, 0.0 0.0 0.0 0.0008161678662578832 0.01598438542047997 0.1382138589195991 0.8449855877936631, 
99, 0011111100, 0011111000, 0.5853235941398295, 0.973026160558868, 0.0 0.0 0.0 0.0006686998518807689 0.012572005629066128 0.134692925833017 0.852066368686036, 
100, 0011111100, 0011111100, 0.586104745117406, 0.9742598517054781, 0.0 0.0 0.00017128970855392515 0.0021206147555277066 0.014372904512994266 0.11864807764034413 0.86468711338258, 
run, initial grid state, final grid state, mean grid cell occupancy, mean binding site occupancy, fraction of time with N TFs bound, warning
1, 0011111000, 0011111100, 0.5849179533889936, 0.9723935449032839, 0.0 0.0 0.0 0.00109532987607814 0.014519981627507667 0.13331277769704722 0.851071910799367, 
2, 0011111100, 0011111100, 0.5859464122365468, 0.974050863168496, 0.0 0.0 0.00016066790376734164 0.0005397102185923712 0.011575547027894735 0.1302819246623884 0.8574421501873571, 
3, 0011111100, 0011111100, 0.5845521016661293, 0.9718315264401434, 0.0 0.0 0.0 0.0016800667190768604 0.015407934210311617 0.13315477278128632 0.8497572262893253, 
4, 0011111100, 0011111100, 0.5842844072801624, 0.9712741242302716, 0.0 0.0 0.0 0.0008477324066997425 0.01996307579711423 0.12988590580404236 0.8493032859921438, 
5, 0011111100, 0011111100, 0.58562158453052, 0.9735167107689294, 0.0 0.0 6.745099741833549e-05 0.0024081950435211543 0.014099579047128078 0.12320618817193016 0.8602185867400023, 
6, 0011111100, 0011111100, 0.5839104064351216, 0.9706878664324201, 0.0 0.0 0.0004261568873263824 0.0016127622325637226 0.016802953113314596 0.13572398093185456 0.8454341468349407, 
7, 0011111100, 0011111100, 0.5840637113580037, 0.9710021222155273, 0.0 0.0 0.0 0.0010462142469580683 0.015527045753751268 0.13979453245846046 0.8436322075408302, 
8, 0011111100, 0011111100, 0.5867289608006645, 0.9754197713089625, 0.0 0.0 0.0 0.00019287602081009318 0.015059348536441041 0.11678404701091272 0.8679637284318361, 
9, 0011111100, 0011111100, 0.5846888644171123, 0.9719625545512105, 0.0 0.0 0.0 0.0007774009341080131 0.014544513979752918 0.13680344193090738 0.8478746431552316, 
10, 0011111100, 0011111100, 0.5855722284411105, 0.9734433040216031, 0.0 0.0 0.0 0.0014757564203288652 0.01570251836900763 0.12350786987137946 0.8593138553392841, 
11, 0011111100, 0011111100, 0.5859094401767616, 0.9739161920947305, 0.0 0.0 0.0 0.0008079101768571705 0.014758602999846679 0.12456191090135277 0.8598715759219433, 
12, 0011111100, 0011111100, 0.583259657458603, 0.9695809780997209, 0.0 0.0 0.0005671897783349808 0.0028425264846661967 0.01683327668172729 0.13805123947088116 0.8417057675843904, 
13, 0011111100, 0011111100, 0.58626021829137, 0.9745792101033338, 0.0 0.0 0.0 0.00015589014870348429 0.01574291407576057 0.12057124078236572 0.8635299549931702, 
14, 0011111100, 0011111100, 0.5854622882441045, 0.9732601189245963, 0.0 0.0 0.0005116894585103647 0.00364153966984951 0.013982066360756917 0.11950377688731835 0.8623609276235649, 
15, 0011111100, 0011111100, 0.5834564910323243, 0.969860286388528, 0.0 0.0 0.0005326600661794344 0.002469947381478122 0.022021668849261194 0.12725446156115844 0.8477212621419228, 
16, 0011111100, 0011111100, 0.583977667255629, 0.970785718883745, 0.0 0.0 0.0004970439540681952 0.001598014618236096 0.01420424397110023 0.14009497908434831 0.8436057183722472, 
17, 0011111100, 0011111100, 0.5851965644509576, 0.9728453997171712, 0.0 0.0 0.0 0.002499697717210281 0.014510716821057857 0.12640707490322636 0.8565825105585055, 
18, 0011111100, 0011111100, 0.5846451132341122, 0.971997884884688, 0.0 0.0 0.0 0.0037103324300126798 0.01608868853179063 0.12470431633825352 0.8554966626999432, 
19, 0001111100, 0011111100, 0.5850845578977703, 0.9726404985580617, 0.0 0.0 0.0 0.0005960427963762836 0.01798666947148144 0.12639554131953762 0.8550217464126046, 
20, 0011111100, 0011111100, 0.5846808088988182, 0.9719940831719218, 0.0 0.0 0.0 0.000795888092425948 0.014152240316724306 0.13734335605774312 0.8477085155331067, 
21, 0001111100, 0011111100, 0.5831701679621009, 0.9694625514350468, 0.0028065583439168475 9.526955697706767e-05 0.0007682138045356953 0.002026075934581756 0.014362398276251152 0.12803311396694264 0.8519083701167948, 
22, 0000110000, 0001111100, 0.5832463573371989, 0.9695075928387651, 0.0006564031931259518 2.232993435780207e-05 0.0008282677891596307 0.002924155698749188 0.016373527060919723 0.134071781762139 0.8451235345615487, 
23, 0011111100, 0111111100, 0.5867483772762364, 0.975417558921352, 0.0 0.0 0.0 0.0009588785580277158 0.011715937089904368 0.12118613661799597 0.8661390477340719, 
24, 0011111100, 0011111100, 0.5822170865241503, 0.9678997154314922, 0.005268250900236595 0.0001712872818709555 0.0012318763310091125 0.002571998452661392 0.016132055859850454 0.11522815319855084 0.8593963779758206, 
25, 0011111100, 0011111100, 0.5834794321376824, 0.9699742833241778, 0.0 0.0 0.0 0.0028729310564508605 0.01822948048604579 0.13507654591348894 0.8438210425440144, 
26, 0011111100, 0011111100, 0.5674987214534675, 0.9434501978552143, 0.02704336517175129 0.0007026092919987724 0.0010798019852256773 0.004740527778047564 0.0166416800029956 0.12170142409717603 0.8280905916728051, 
27, 0001111100, 0011111100, 0.5760707930883191, 0.9576840138733909, 0.01559685873938627 0.00045052489821434014 0.0002835561741181072 0.0014152894692012665 0.012441071543666889 0.12779990364085556 0.8420127955345575, 
28, 0011111100, 0011111100, 0.5851449940624414, 0.9727967253113137, 0.0 0.0 0.0 0.00013752645491011084 0.015421078007775835 0.131964912751835 0.852476482785479, 
29, 0011111100, 0001111100, 0.5869143566842019, 0.9757339218558578, 0.0 0.0 0.0 0.000489660028608271 0.010575374114237547 0.1229767405505527 0.8659582253066015, 
30, 0011111000, 0011111100, 0.5863718206507536, 0.9747737851810425, 0.0 0.0 0.0 0.0008727171924613203 0.011200893694884074 0.12633734994659254 0.8615890391660621, 
31, 0011111100, 0011111000, 0.5787473309144492, 0.9621429612899797, 0.01014469840135245 0.0002571087245475678 0.0008646016892990611 0.0010504891571909757 0.012389724645139882 0.1335991747102207 0.8416942026722493, 
32, 0011111100, 0011111100, 0.5841440158550434, 0.9711177765500097, 0.0 0.0 2.0989275355225514e-05 0.0006579965065845421 0.012335850379699328 0.14656369331936875 0.8404214705189922, 
33, 0011111100, 0011111100, 0.5780179690381824, 0.9608986258176723, 0.011536785152062915 0.0003075431106650829 0.0005079741915462697 0.0029423740597903794 0.018412493436505604 0.11616581280969575 0.850127017239734, 
34, 0011111100, 0011111100, 0.5845806800778982, 0.9718465332466661, 0.0 0.0 0.0 0.0016836700455802394 0.016223564298566757 0.1314226617861286 0.8506701038697244, 
35, 0011111100, 0011111100, 0.5860387677979527, 0.9743039389029066, 0.0 0.0 2.03192197954087e-05 0.0009643706561419509 0.013883876325015261 0.12343422508492177 0.8616972087141256, 
36, 0011111100, 0011111100, 0.5851293220755223, 0.9726947897472894, 0.0 0.0 6.571659229516982e-05 0.0026975077492216296 0.013128721225430401 0.12921842944855796 0.8548896249844947, 
37, 0011111100, 0011111100, 0.5879559089716895, 0.9774307793109458, 0.0 0.0 0.0005054143095503534 0.0003222460080745106 0.00924253867063088 0.11394185153063786 0.8759879494811064, 
38, 0011111100, 0001111100, 0.5845962281030248, 0.9718704425364323, 0.0 0.0 0.0009726848232557659 0.0012841744369496617 0.015782464588112666 0.12946915300130962 0.8524915231503722, 
39, 0011111100, 0011111100, 0.5851031584539181, 0.9726884829795449, 0.0 0.0 0.0 0.001038576827567248 0.016941138281326117 0.12687109507737682 0.8551491898137298, 
40, 0011110000, 0011111100, 0.5856356239331177, 0.9735295134176333, 0.0 0.0 0.0 0.0004131539724575905 0.01310166647210325 0.13138012463262064 0.8551050549228185, 
41, 0011111100, 0011111100, 0.5876466755598726, 0.9768060450164695, 0.0 0.0 0.0 0.0001091516124518996 0.011904850793789369 0.11502657347624809 0.8729594241175106, 
42, 0011111100, 0011111100, 0.5870939009714585, 0.9760642070993197, 0.0 0.0 0.0 0.0005139502007005753 0.00889028071868863 0.12429234536460268 0.8663034237160081, 
43, 0001111100, 0011111100, 0.5842578447769247, 0.9713522592884837, 0.0 0.0 0.0 0.0012468126616935076 0.015212023286283993 0.1377219597114488 0.8458192043405737, 
44, 0011111100, 0011111100, 0.5848358207714587, 0.9722134518961313, 0.0 0.0 0.0 0.0007477373920106603 0.011045208800442559 0.1423856588462957 0.8458213949612511, 
45, 0011111100, 0011111100, 0.5866079172433979, 0.9750564773557465, 0.0 0.0 7.311728651784714e-05 0.0014560676082262254 0.013458995169205295 0.11808247355636034 0.8669293463796904, 
46, 0011111100, 0011111100, 0.5843747126518931, 0.9714749593014251, 0.0 0.0 0.0 0.000800298896968251 0.01611923486716363 0.13651087776621706 0.8465695884696511, 
47, 0011111100, 0001111100, 0.5858548259669094, 0.9739242095267027, 0.0 0.0 3.046184671129499e-05 0.0019180368534020562 0.014478486930419364 0.12162181103189419 0.8619512033375731, 
48, 0111111100, 0011111100, 0.5848256700702723, 0.9721374188371085, 0.0 0.0 0.0 0.0008703879043409937 0.01330424646380158 0.13795583033672223 0.8478695352951352, 
49, 0011111100, 0011111100, 0.5837600502424548, 0.9705370306500715, 0.0 0.0 0.00032185800893681386 0.0019225440276445802 0.01571240490091804 0.13829794217905383 0.8437452508834468, 
50, 0011111100, 0011111100, 0.5850231245453343, 0.9725404304039559, 0.0 0.0 0.0 0.00013916906087387175 0.011099280634918591 0.14214134912380602 0.8466202011804016, 
51, 0011111100, 0011111100, 0.5839383821970138, 0.9707653330872643, 0.0 0.0 0.0 0.0007808455776026205 0.016868279887664525 0.13932890496827732 0.8430219695664556, 
52, 0011111100, 0011111100, 0.5853585325118096, 0.9731100173019833, 0.0 0.0 0.00015205234919017977 0.0022418079849860707 0.015692242031356413 0.12262177877366832 0.859292118860799, 
53, 0011111100, 0011111100, 0.5823048207001443, 0.9679219177393866, 0.006254993000771998 0.00017106201200224103 0.00018811272719394592 0.002328037404094253 0.016979389717775066 0.11238788294242733 0.861690522195735, 
54, 0111111100, 0001111100, 0.5859484532489683, 0.97419098642917, 0.0 0.0 0.0 0.00082545213003221 0.011641040990004275 0.12909564305487486 0.8584378638250886, 
55, 0011111100, 0011111000, 0.5871309540774976, 0.9759659593002424, 0.0 0.0 0.0 0.000902406811172735 0.010338987128057513 0.12081904950891284 0.867939556551857, 
56, 0011111100, 0011111100, 0.5872762805398622, 0.9763127710650495, 0.0 0.0 0.0 0.00010543473281462987 0.011945105567100756 0.11791685827705688 0.8700326014230277, 
57, 0011111100, 0011111100, 0.5870517530887565, 0.9759730579674372, 0.0 0.0 4.60553568513443e-06 0.001713765822749881 0.012542860600139625 0.11391621138410822 0.8718225566573171, 
58, 0011111100, 0011111100, 0.5875890302650192, 0.9768180271622684, 0.0 0.0 4.2766949646423256e-05 0.002304083036527378 0.00947235197322458 0.11306381617177298 0.8751169818688286, 
59, 0011111000, 0011111100, 0.5842371564467905, 0.971126291657529, 0.006083348890683423 0.0001594044508528709 0.0008802116006226482 0.001202858042598906 0.009558352809172662 0.10969900830782837 0.872416815898241, 
60, 0011111100, 0011111000, 0.5839707736957938, 0.9707096013477445, 0.0 0.0 0.00048800745930353796 0.0020887864549096777 0.018642255944479155 0.13023949082263103 0.8485414593186765, 
61, 0011111100, 0011111100, 0.5876245676341876, 0.9769461240782384, 0.0 0.0 0.0 0.0007190253614212784 0.010373616389453711 0.11541894666739894 0.8734884115817261, 
62, 0011111100, 0011111100, 0.5865803511738984, 0.9750675713728679, 0.0 0.0 0.0 0.0011185822885262469 0.009998981093789659 0.12624086270963472 0.8626415739080494, 
63, 0011111000, 0000111100, 0.5866012137009567, 0.9751104275581799, 0.0 0.0 0.0 0.000934803541500398 0.00603358057473906 0.13446586287694154 0.858565753006819, 
64, 0001111100, 0011111100, 0.5854836539886797, 0.973255980044297, 0.0 0.0 0.0 0.0006297135143691868 0.013539364496236763 0.13149625019863678 0.8543346717907572, 
65, 0011111100, 0011111100, 0.5846259634212038, 0.9719186709073895, 0.0 0.0 0.0 0.00010526273249194734 0.009461498145386568 0.14924919006741505 0.8411840490547065, 
66, 0011111000, 0011111100, 0.5851497839215136, 0.9727504035615654, 0.0 0.0 0.0005444067400351787 0.002997225582928244 0.013381348567026009 0.12556557778763047 0.8575114413223801, 
67, 0001111100, 0011111100, 0.5861901572840081, 0.9743342152362652, 0.0 0.0 0.0 0.0009301475229956493 0.012559974746470486 0.12608431652048013 0.8604255612100536, 
68, 0011111100, 0011111100, 0.5859360437934523, 0.9739995380226352, 0.0 0.0 0.0 0.001020753633833726 0.015794726563954423 0.12135105783477887 0.8618334619674329, 
69, 0011111100, 0011111100, 0.5857115632315193, 0.9737131895624772, 0.0 0.0 0.0 0.0005233084598789328 0.009907880954099205 0.13633517533730197 0.85323363524872, 
70, 0011111100, 0011111100, 0.5858686079253261, 0.9739551760282701, 0.0 0.0 0.0005663241134210427 0.0015449017149473158 0.011465541922541714 0.1264378583867703 0.8599853738623195, 
71, 0001111100, 0001111100, 0.5850980855544395, 0.9727346318783198, 0.0 0.0 3.108174716881343e-05 0.0014260920156796489 0.012725002314812089 0.13373960106474211 0.8520782228575974, 
72, 0011111100, 0011111100, 0.5832760183559476, 0.9696221997440889, 0.0 0.0 0.0 0.0024323640292093084 0.01784645207257261 0.13927680530269376 0.8404443785955243, 
73, 0001111100, 0011111100, 0.5861064864111972, 0.9744014813272768, 0.0 0.0 0.0 0.0009609049348374064 0.01342783382232646 0.12385272958717447 0.8617585316556616, 
74, 0011111100, 0011111100, 0.5868041814171089, 0.9754757540084866, 0.0 0.0 0.0 0.0 0.010537782397228634 0.12606991115462282 0.8633923064481486, 
75, 0011111100, 0011111100, 0.5849894786070814, 0.9725676995023838, 0.0 0.0 0.00015572879536657105 0.0019125110148268652 0.015704248712685807 0.12682485733437868 0.8554026541427421, 
76, 0011111100, 0011111100, 0.585410580277298, 0.9731293140542083, 0.0 0.0 0.0 0.0003428478125980922 0.01294647740791162 0.13430261742113186 0.8524080573583583, 
77, 0011111100, 0011111100, 0.5833944586417076, 0.9698643652877365, 0.0 0.0 0.0 0.0017776517181879565 0.019646143641489762 0.1361885658360378 0.8423876388042846, 
78, 0011111100, 0011111100, 0.5833472500865693, 0.9698015010907834, 0.0 0.0 5.25040147744332e-05 0.0011128079042124464 0.019905477603834175 0.13783159847589604 0.8410976120012829, 
79, 0011111100, 0011111100, 0.5851542200986153, 0.9726642329419072, 0.0 0.0 0.0 0.0021741672905918955 0.013946426356997155 0.1295992477627869 0.8542801585896241, 
80, 0011111100, 0011111100, 0.5824518019923106, 0.9682381013643419, 0.0 0.0 0.0 0.0024995800777265144 0.01960074623457113 0.14387115911162812 0.8340285145760742, 
81, 0011111100, 0011111100, 0.58463616949126, 0.9718910817415489, 0.0 0.0 0.00028637565273477027 0.003480405986880615 0.016284792305219717 0.12449720436868596 0.8554512216864789, 
82, 0011111100, 0011111100, 0.584755481677303, 0.9721429479572746, 0.0 0.0 8.70154863107772e-06 0.003198431060816688 0.0137117737548531 0.13008866536967173 0.8529924282660273, 
83, 0011111100, 0011111100, 0.5862557765070008, 0.974596734787221, 0.0 0.0 0.0 0.0011259411331049883 0.01712660056791259 0.11478856674153431 0.866958891557448, 
84, 0011111100, 0011111100, 0.5845089587031806, 0.9716324354169767, 0.0 0.0 0.0 0.0013704705308411659 0.019413532071967787 0.127266911761681 0.8519490856355101, 
85, 0011111100, 0001111000, 0.5845507302778185, 0.9718145012467891, 0.0 0.0 0.0 0.002818760556152264 0.018993776945668627 0.12266915695947164 0.8555183055387073, 
86, 0011111100, 0011111100, 0.5862979043241638, 0.9746845089359086, 0.0 0.0 0.0 0.0 0.013066674720648638 0.12575959694325117 0.8611737283361002, 
87, 0011111100, 0011111000, 0.5842702742333159, 0.9713427782195461, 0.0 0.0 0.0 0.001746062085522413 0.01579477771245559 0.13511558900124632 0.8473435712007757, 
88, 0011111100, 0011111100, 0.5870973160148736, 0.9759312326165197, 0.0 0.0 0.0 0.0011298257928267547 0.012234581745688174 0.11655396343102525 0.8700816290304597, 
89, 0011111100, 0011111100, 0.5808697224427934, 0.9657210847145206, 0.007195631963003248 0.00017740642679316655 0.0003812973463290078 0.0006428362880364202 0.01509871210299606 0.12796154534547374 0.8485425705273684, 
90, 0011111100, 0011111100, 0.585366277446061, 0.9731756398924979, 0.0 0.0 0.0 0.0006352854445180013 0.01621046216512396 0.12661937998121087 0.8565348724091472, 
91, 0000111100, 0011111100, 0.5870542403656492, 0.9758441444444292, 0.0 0.0 0.0 0.0008767421371638206 0.012768671754988135 0.11676756341195646 0.8695870226958916, 
92, 0011111100, 0011111100, 0.5838913342668826, 0.9707619511606267, 0.0 0.0 9.246772450283878e-05 0.0009793629860775242 0.01477195908805644 0.14257641500388304 0.84157979519748, 
93, 0011111100, 0011111100, 0.58613932933412, 0.9744101174786557, 0.0 0.0 0.0 0.0021681179038434933 0.01149362292547223 0.12404769556559114 0.8622905636050932, 
94, 0011111100, 0011111100, 0.5849579518062055, 0.9724651448522695, 0.0 0.0 0.00018359976407635777 0.0021281706069001412 0.012565483172232298 0.13295925366491268 0.8521634927918785, 
95, 0001111100, 0011111100, 0.5847757140434308, 0.9720937369100434, 0.0 0.0 0.0005952850766910257 0.001022543604599138 0.013079780219012764 0.1358292469811523 0.8494731441185448, 
96, 0011111100, 0011111100, 0.5838489413749821, 0.9706552655834951, 0.0 0.0 0.0013295907195734764 0.0029204343917820846 0.01572986696554213 0.1305290065143051 0.8494911014087972, 
97, 0011111100, 0011111100, 0.584879379820993, 0.9723384597475374, 0.0 0.0 0.0003971567342785426 0.0025959840114767774 0.014731183430417207 0.1271302956823963 0.8551453801414312, 
98, 0011111100, 0011111100, 0.5845009477289617, 0.9717150102445233, 0.0 0.0 0.0 0.002330566612362237 0.012700573584829565 0.1373170915261138 0.8476517682766944, 
99, 0011111000, 0011111100, 0.5836888076725033, 0.9703320910414128, 0.0 0.0 8.82354286061582e-05 0.00201260289812281 0.013864140790444054 0.14388842176184205 0.8401465991209849, 
100, 0011111100, 0011111100, 0.5861033075210644, 0.974329963190144, 0.0 0.0 0.0 0.0006235168918686254 0.014155205918621405 0.12383925834628672 0.8613820188432233, 
run, initial grid state, final grid state, mean grid cell occupancy, mean binding site occupancy, fraction of time with N TFs bound, warning
1, 0011111000, 0011111100, 0.5841596165648759, 0.9710611660579963, 0.0 0.0 0.0 0.0006999052982766855 0.01679673373508657 0.13793982028701918 0.8445635406796175, 
2, 0011111100, 0011111100, 0.5878543613361501, 0.9772107454604653, 0.0 0.0 0.0 0.00020545691279646894 0.009950255035828167 0.11621864642716227 0.8736256416242131, 
3, 0011111000, 0011111100, 0.5873827125236792, 0.9764388219804583, 0.0 0.0 0.0 0.0004948613607909565 0.009435160129261768 0.12101216377635304 0.8690578147335942, 
4, 0011111100, 0011111000, 0.585307013363042, 0.9729084627339816, 0.0 0.0 3.451167207320531e-05 0.0013750745087244395 0.012906893073059035 0.1324721672355262 0.8532113535106172, 
5, 0011111100, 0011111100, 0.5860052643335757, 0.9741380529005256, 0.0 0.0 0.0 0.0008107438671838669 0.010991633436358627 0.1307561841225775 0.85744143857388, 
6, 0011111100, 0011111100, 0.5824623405399363, 0.9682784935894868, 0.0 0.0 2.4991655697992866e-06 0.004917619678032096 0.02025015252765092 0.13506587771140124 0.839763850917346, 
7, 0011111100, 0011111100, 0.5861188840881247, 0.9744051742540122, 0.0 0.0 0.0 0.0016913091318621805 0.011256463785090357 0.1259820995101595 0.861070127572888, 
8, 0011111100, 0011111100, 0.5876437220450087, 0.976875647810628, 0.0 0.0 0.0 0.0004758149071316775 0.011496268236133853 0.11432613194257013 0.8737017849141644, 
9, 0011111100, 0001111100, 0.5847203592674906, 0.9720197194766586, 0.0 0.0 0.0001509098455429077 0.0015475202342665193 0.017225233893622103 0.12818501526783388 0.8528913207587345, 
10, 0011111100, 0011111100, 0.5841576599481046, 0.9711462317367394, 0.0 0.0 0.00024992219378641673 0.0007019159938763507 0.019571361226262168 0.13087445037026518 0.8486023502158099, 
11, 0011111100, 0011111100, 0.5859888189625021, 0.974170112950045, 0.0 0.0 0.0 0.0009642562433274302 0.012350385162785173 0.12738578324417799 0.8592995753497095, 
12, 0011111100, 0001111100, 0.5859224315814521, 0.9740697398316474, 0.0 0.0 0.0 0.0013584904473339942 0.013158675223188143 0.12518873922173773 0.8602940951077401, 
13, 0011111100, 0011111100, 0.5863907414140653, 0.9748048556478675, 0.0 0.0 0.0 0.0010495297268565212 0.013686697720576815 0.12064888149107302 0.8646148910614937, 
14, 0011111100, 0011111100, 0.5841350635886411, 0.9710998605983006, 0.0 0.0 0.0 0.001416752126341228 0.017679706864906993 0.1337911663013592 0.8471123747073925, 
15, 0011111100, 0011111100, 0.5839830051396976, 0.9708644402261852, 0.0 0.0 0.0 0.0008599339367515983 0.018056724311562713 0.13612010820950868 0.8449632335421771, 
16, 0011111100, 0011111100, 0.5858602735277846, 0.9739354688182587, 0.0 0.0 0.0 0.001313445960082057 0.014625582290375546 0.12319568462945032 0.860865287120092, 
17, 0011111100, 0011111100, 0.5836800042722645, 0.9702794710609949, 0.004750155009119283 0.00015388384090789725 0.0010180601118213717 0.002396526281016747 0.01348626391334865 0.11081847725774224 0.8673766335860439, 
18, 0001111100, 0011111100, 0.5848190915545642, 0.9722278822490545, 0.0 0.0 3.0174345165070675e-05 0.0012493480876546476 0.01270086537392955 0.13736223411418957 0.8486573780790612, 
19, 0011111100, 0011111100, 0.5825864372250826, 0.9684525391647218, 0.0 0.0 0.0005553685073896249 0.0019371481588325895 0.021695006224253178 0.13786183405710703 0.8379506430524176, 
20, 0011111100, 0011111100, 0.5847512474683881, 0.972081390840233, 0.0 0.0 0.0 0.003006489194042001 0.01771784316657868 0.12305650104331874 0.8562191665960606, 
21, 0011111100, 0011111100, 0.5844373011340542, 0.9716000392378659, 0.0 0.0 0.0006785720223184426 0.002001314412690596 0.015054321094567287 0.13157289105632394 0.8506929014140997, 
22, 0001111100, 0011111100, 0.5847421912196844, 0.9720808006540127, 0.0 0.0 0.00012998873609565553 0.0016723184100687217 0.014758644407577058 0.13246099708618086 0.8509780513600776, 
23, 0011111100, 0011111100, 0.5862789345510214, 0.9746977992553446, 0.0 0.0 0.0 0.0 0.01032174677329415 0.13116971092134463 0.8585085423053612, 
24, 0011111100, 0011111100, 0.585968755002453, 0.9740811449862252, 0.0 0.0 0.0 0.0006046472599682353 0.012146443295727874 0.12940630171128925 0.8578426077330147, 
25, 0011111000, 0011111100, 0.5854940457268142, 0.9732566512126214, 0.0 0.0 0.0 0.00042499568055808537 0.011753762442474506 0.13567758079764863 0.8521436610793187, 
26, 0011111100, 0011111100, 0.5862525950824544, 0.9747084659165084, 0.0 0.0 4.1076474261851536e-05 0.0011981307689307912 0.013217407271114267 0.12155569175488194 0.8639876937308112, 
27, 0001111100, 0011111100, 0.5831437557626801, 0.9694268049111365, 0.0 0.0 0.0 0.0020087389056564226 0.023076107715604453 0.13126073838500277 0.8436544149937363, 
28, 0011111100, 0011111100, 0.585784020073355, 0.9738425076565104, 0.0 0.0 0.0 0.0009327911256652927 0.01239847548431222 0.12934962971531838 0.8573191036747041, 
29, 0011111100, 0011111100, 0.5847809540928188, 0.972176933187154, 0.0 0.0 8.862581602709633e-05 0.0009292849870096501 0.01522494338466527 0.13334615588260854 0.8504109899296894, 
30, 0011111100, 0001111000, 0.5857874464761852, 0.9737543819938602, 0.0 0.0 8.334152892487389e-06 0.002049619831636562 0.012647706366919689 0.1259960991965195 0.8592982404520317, 
31, 0011111100, 0011111100, 0.5852094590796966, 0.9728395333127758, 0.0 0.0 0.00014554773027329216 0.002140116995804196 0.017032307691907445 0.12189564283102432 0.8587863847509908, 
32, 0001111100, 0011111100, 0.5855015115395409, 0.9734510882072088, 0.0 0.0 0.0 0.0018064364159975483 0.012702922968734761 0.12846831557128582 0.8570223250439819, 
33, 0011111100, 0011111100, 0.5863181856110425, 0.9747025885844757, 0.0 0.0 0.0 0.0011797718921807692 0.0166632175612797 0.11491871769404431 0.8672382928524952, 
34, 0011111100, 0011111100, 0.5867010025844217, 0.9753571029467517, 0.0 0.0 0.0 9.610803603623593e-05 0.00907527581840046 0.12941850657457984 0.8614101095709835, 
35, 0011111100, 0011111100, 0.586572012710356, 0.9750423194905921, 0.0 0.0 0.0 0.0006117695429475534 0.012275771484908209 0.12335923145778896 0.8637532275143552, 
36, 0011111100, 0001111100, 0.5839944752764413, 0.9708375998210137, 0.0 0.0 0.002249913424693573 0.0018800027862572526 0.016498268139622844 0.1273382027371257 0.8520336129123005, 
37, 0011111100, 0011111100, 0.5852151054606741, 0.9728745629129663, 0.0 0.0 0.0 0.0013428780435741515 0.009446060225094822 0.13983186794129007 0.8493791937900409, 
38, 0011111100, 0011111100, 0.5849585727377077, 0.9724140364967686, 0.0006322716214767239 1.9812316290452365e-05 3.788334289576326e-05 0.0013986074261384065 0.02001885155838697 0.11723803094230281 0.8606545427925089, 
39, 0011111100, 0011111100, 0.5844866359301514, 0.9716720776855285, 0.0 0.0 0.0 0.005540487507249127 0.014727216806762792 0.12389163775155551 0.8558406579344325, 
40, 0011110000, 0011111100, 0.5844737804979748, 0.9715854397623496, 0.0 0.0 6.569995618564741e-05 0.0008145602823351465 0.011678694826923285 0.14442349110030842 0.8430175538342475, 
41, 0011111100, 0011111100, 0.585033334552669, 0.9726209085868058, 0.0 0.0 0.0 4.3814225190480545e-05 0.014560951770388382 0.13502120226281739 0.8503740317416038, 
42, 0011111100, 0011111100, 0.5851026574445388, 0.9726346942430254, 0.0 0.0 0.0 0.001218397477333361 0.014084159879090978 0.13236832235166476 0.8523291202919109, 
43, 0011111100, 0001111100, 0.58465696836327, 0.9719583903879043, 0.0 0.0 5.109053964856124e-06 0.0017595339162362756 0.015211535429072491 0.13252754884986048 0.8504962727508659, 
44, 0011111000, 0011111100, 0.5845259915053528, 0.9718562033032955, 0.0 0.0 0.0 0.00245497628900408 0.016753086499387705 0.12799167831443928 0.8528002588971689, 
45, 0000111100, 0011111100, 0.5852962954046375, 0.9728928821465672, 0.0 0.0 0.0 0.002389038752000303 0.01516535376874577 0.1251448833271043 0.8573007241521496, 
46, 0011111100, 0011111100, 0.5852849603488982, 0.972944397925703, 0.0 0.0 0.0 0.001103641463960849 0.015991422437325507 0.12703984317924866 0.8558650929194649, 
47, 0011111100, 0011111100, 0.5875968510012715, 0.9769300462104143, 0.0 0.0 0.0 0.00041675803197838005 0.01064937121701868 0.11587070620754182 0.8730631645434611, 
48, 0011111100, 0011111100, 0.5856797875125187, 0.9735672834035191, 0.0 0.0 0.0 0.0021752021434863406 0.013998061823115467 0.12407456950219502 0.8597521665312031, 
49, 0011111100, 0001111100, 0.5862517053464884, 0.9746342384211606, 0.0 0.0 0.0 0.0008854561904961721 0.012529937453124149 0.1244783259952996 0.8621062803610802, 
50, 0011111100, 0011111000, 0.5858974371370562, 0.9739533120989453, 0.0 0.0 9.516631342569986e-06 0.0017888136858449377 0.012703886572378703 0.1254678466786651 0.8600299364317687, 
51, 0011111100, 0011111100, 0.584768230780321, 0.9721700734298467, 0.0 0.0 0.0 0.0011332131961304531 0.011740839701580014 0.1400982404293681 0.8470277066729213, 
52, 0011111000, 0011111100, 0.5859455093016309, 0.9740597506801401, 0.0 0.0 2.015066531788735e-05 0.0019476313641869452 0.015587148993978294 0.11854370117737058 0.8639013677991463, 
53, 0011111100, 0011111100, 0.58437696047593, 0.9715077079583025, 0.0 0.0 0.0005804126731816927 0.003615393917166221 0.016102238328703455 0.1255814431485529 0.8541205119323958, 
54, 0011111100, 0001111100, 0.5844493153003438, 0.9716187792718414, 0.0 0.0 0.0 0.0005181485158342406 0.01680855565349165 0.13511576751446538 0.8475575283162088, 
55, 0011111100, 0011111100, 0.5847724185999802, 0.9722371135185086, 0.0 0.0 0.00016610340397309688 0.0026948702538775473 0.017992674361044052 0.12184294578933524 0.85730340619177, 
56, 0011111100, 0011111100, 0.5861948027511021, 0.9745359004398044, 0.0 0.0 0.0 0.0011508804854041903 0.012336508080077099 0.12465893974480678 0.8618536716897119, 
57, 0011111100, 0011111100, 0.5833491180116542, 0.9698229954483742, 0.0 0.0 0.0003337755946600721 0.0039044182758815795 0.01959762093129615 0.128818428240877 0.8473457569572852, 
58, 0011111100, 0011111100, 0.5854024035095757, 0.9731043001657491, 0.0 0.0 0.0 0.0025963028299307253 0.011446103806155876 0.13069308290340173 0.8552645104605118, 
59, 0001111100, 0011111100, 0.5861504367625365, 0.9744860272782032, 0.0 0.0 0.0 0.0008224805836338088 0.014527570319146036 0.12156125394158787 0.8630886951556322, 
60, 0011111100, 0011110000, 0.5836687211412259, 0.9702383923176661, 0.0 0.0 0.0002362657098403431 0.0016352955710384886 0.018610981077375473 0.1354967343867757 0.8440207232549699, 
61, 0011111100, 0011111100, 0.5856388863707545, 0.9735649224372608, 0.0 0.0 4.125425952655928e-05 0.0019750199300780464 0.014137220580764184 0.124245947386566 0.8596005578430652, 
62, 0011111100, 0011111100, 0.5860635579084501, 0.9742158179079471, 0.0 0.0 0.0 0.0021501126183116575 0.014029359005510266 0.12019603668636201 0.8636244916898161, 
63, 0011111100, 0011111100, 0.5844312026572892, 0.9716379704618056, 0.0 0.0 0.0 0.003374603212416498 0.017556280334753697 0.12493580692240935 0.8541333095304204, 
64, 0011111100, 0011111100, 0.5844375929109578, 0.9715719525478012, 0.0 0.0 0.0 0.0011135439891654536 0.02000064683754705 0.12722635907060256 0.851659450102685, 
65, 0011111100, 0011111100, 0.5873579585412024, 0.9764138886140156, 0.0 0.0 0.0 0.0011154009199712388 0.012974190043095789 0.11222208546980124 0.8736883235671317, 
66, 0011111100, 0011111100, 0.5862952848513654, 0.9746039006091948, 0.0 0.0 0.0 0.0004671978598055527 0.012767814121926705 0.1254393745215618 0.8613256134967059, 
67, 0011111100, 0011111100, 0.5888644852162777, 0.9788014662272154, 0.0 0.0 0.0 0.0010578021047162273 0.008614197709221737 0.106789400904115 0.8835385992819469, 
68, 0011111100, 0011111110, 0.5842504154649812, 0.971184872262177, 0.0 0.0 0.00023685196056241078 0.004165024352946465 0.01472820619758845 0.12999187313067243 0.8508780443582303, 
69, 0011111100, 0011111000, 0.5870623555133672, 0.9759079703875925, 0.0 0.0 0.0 0.0015431273465459686 0.010117106751709366 0.11968858213138937 0.8686511837703553, 
70, 0011111100, 0011111100, 0.5860160693496893, 0.9741863996576827, 0.0 0.0 0.0 0.0004964241894381387 0.010522456109462498 0.13234741726666518 0.8566337024344343, 
71, 0011111100, 0011111100, 0.5836748336384049, 0.9703985158433932, 0.0 0.0 0.0 0.0015869215209248803 0.01902643660173753 0.13479526717339152 0.8445913747039462, 
72, 0001111100, 0011111100, 0.5876998995013509, 0.9768999597560696, 0.0 0.0 0.00033147952548276806 0.0011534858342711696 0.010965319846207862 0.11188322616642227 0.8756664886276159, 
73, 0011111000, 0011111100, 0.5840432154934876, 0.9709091717263597, 0.0 0.0 8.217209170472053e-05 0.002231267975450704 0.016382682977480086 0.13475711139371097 0.8465467655616535, 
74, 0011111100, 0011111100, 0.5866890685556635, 0.9753304694398611, 0.0 0.0 0.0 0.000935142795250476 0.013285671911276754 0.11864041115252866 0.8671387741409441, 
75, 0011111100, 0011111000, 0.5844190305180931, 0.9716320638849417, 0.0 0.0 0.0001293285432163874 0.0016244843036566177 0.016209424976446087 0.132397999653622 0.8496387625230588, 
76, 0011111100, 0001111100, 0.5841477999086764, 0.9710561143290488, 0.0 0.0 0.0 0.0016604993790696914 0.01623039940893612 0.13622101707062598 0.8458880841413682, 
77, 0011111100, 0011111100, 0.586248918120373, 0.9746031410345439, 0.0 0.0 0.0 0.0006403314614555948 0.012796373832122796 0.1248674117441243 0.8616958829622973, 
78, 0011111100, 0011111100, 0.5851488407670191, 0.9727153450443744, 0.0 0.0 0.0 0.0006551163968138609 0.014747620881629623 0.13224733878005332 0.8523499239415031, 
79, 0011111100, 0011111100, 0.58704190399248, 0.9759756205549464, 0.0 0.0 0.0 0.0006190332038503743 0.011247532327045187 0.11979411240468016 0.8683393220644243, 
80, 0011111100, 0011111100, 0.586727774801039, 0.9753263952333563, 0.0 0.0 0.0 0.0016985128863663615 0.008892147835389603 0.12516179426998444 0.8642475450082596, 
81, 0011111100, 0011111100, 0.5825101690391442, 0.9684548297039108, 0.0 0.0 0.0 0.003904606519950117 0.018437969300393507 0.14068126361589725 0.836976160563759, 
82, 0011111100, 0011111100, 0.5872638905976236, 0.976257211569473, 0.0 0.0 8.802097881328491e-05 0.0010542732663542172 0.011363632821364699 0.11621456122611727 0.8712795117073505, 
83, 0011111100, 0011111100, 0.5843969244333059, 0.9715365297187222, 0.0 0.0 0.00016925359697092144 0.0016655373628934507 0.01576733041213613 0.13357253438683064 0.8488253442411688, 
84, 0011111100, 0011111100, 0.5859527190019114, 0.9741253843511373, 0.0 0.0 0.0 0.0025344895892604755 0.012143684877673528 0.12335685537004759 0.8619649701630185, 
85, 0001111100, 0001111100, 0.582798513101238, 0.9689252030936677, 0.0 0.0 0.0 0.0018288026097678853 0.019757285185998442 0.14144780323669304 0.8369661089675406, 
86, 0001111100, 0011111000, 0.5826980070243638, 0.9686596434336616, 0.0 0.0 0.0 0.00047870030347497685 0.018608476325414288 0.14938908583677737 0.8315237375343333, 
87, 0011111100, 0011111100, 0.5850065182378184, 0.9725000506168625, 0.0 0.0 0.00045756508067136716 0.0013854279017066209 0.017870577784337077 0.12327199670234548 0.8570144325309395, 
88, 0011111100, 0001111100, 0.5862576951878236, 0.9745419119698566, 0.0 0.0 0.0002623557792509453 0.0007040459081991229 0.010370928417650199 0.12884511050395822 0.8598175593909415, 
89, 0011111100, 0011111100, 0.5862212336964692, 0.974453816594358, 0.0 0.0 0.0 0.0027417144146198317 0.012017112086858272 0.12101773301627591 0.864223440482246, 
90, 0011111100, 0011111100, 0.5847232235013516, 0.9720627388006101, 0.0 0.0 0.0 0.0020600034009214912 0.014203308445413145 0.13303694010274844 0.8506997480509169, 
91, 0011111100, 0011111100, 0.5857158367508065, 0.9737014538551436, 0.0 0.0 0.0 0.0011769224432390218 0.016420833479506576 0.12141884258040828 0.8609834014968462, 
92, 0011111100, 0011111100, 0.5847983818386124, 0.9721354093638909, 0.0 0.0 0.0 0.0017977022107427175 0.013415347320930885 0.1349637425425649 0.8498232079257616, 
93, 0011111100, 0001111100, 0.5865013119089005, 0.9749164820897199, 0.0 0.0 2.836925480161394e-05 0.0016449047873718608 0.011431599594399176 0.12258971689155991 0.8643054094718674, 
94, 0011111100, 0011111100, 0.5861906328146703, 0.9744359158596784, 0.0 0.0 0.0 0.0018600833895761819 0.014163968353796916 0.11947631796560769 0.8644996302910193, 
95, 0011111100, 0011111100, 0.5852372857867626, 0.9729551663629641, 0.0 0.0 0.00016682137336254118 0.00036498645619403744 0.013551243826774115 0.1334042693066351 0.8525126790370342, 
96, 0011111100, 0011111100, 0.5843831023980365, 0.9714991579609179, 0.0 0.0 8.363483993899254e-05 0.0018283758696549276 0.016318575040855807 0.13254823518405967 0.8492211790654906, 
97, 0011111100, 0011111100, 0.5858168130488686, 0.9738219541271554, 0.0 0.0 0.0 0.0007267740936103321 0.014225028926544479 0.1264378951031472 0.858610301876698, 
98, 0011111100, 0011111100, 0.584353005791484, 0.9714844691479496, 0.0 0.0 0.0006243953970645722 0.0011837005752520617 0.012829027829282314 0.13938644613972345 0.8459764300586776, 
99, 0001111100, 0011111100, 0.584603836463503, 0.9719441776032678, 0.0 0.0 0.0 0.001382745670406279 0.016928555293731218 0.13032958678171194 0.8513591122541505, 
100, 0011111100, 0011111100, 0.5845747168179255, 0.9716993301455833, 0.0 0.0 9.777630489780788e-05 0.0017902774212936274 0.01598016057418364 0.13208176049466086 0.8500500252049642, 
