run, initial grid state, final grid state, mean grid cell occupancy, mean binding site occupancy, fraction of time with N TFs bound, warning
1, 1111111111, 1111111111, 0.9987069016791023, 0.9999550147601515, 0.0 0.0 0.0 0.0 0.0 0.00026991143909147803 0.9997300885609085, 
2, 1111111111, 1111111111, 1.0, 1.0, 0.0 0.0 0.0 0.0 0.0 0.0 1.0, 
3, 1111111111, 1111111111, 1.0, 1.0, 0.0 0.0 0.0 0.0 0.0 0.0 1.0, 
4, 1111111111, 1111111111, 1.0, 1.0, 0.0 0.0 0.0 0.0 0.0 0.0 1.0, 
5, 1111111111, 1111111111, 1.0, 1.0, 0.0 0.0 0.0 0.0 0.0 0.0 1.0, 
6, 1111111111, 1111111111, 1.0, 1.0, 0.0 0.0 0.0 0.0 0.0 0.0 1.0, 
7, 1111111111, 1111111111, 1.0, 1.0, 0.0 0.0 0.0 0.0 0.0 0.0 1.0, 
8, 1111111111, 1111111111, 1.0, 1.0, 0.0 0.0 0.0 0.0 0.0 0.0 1.0, 
9, 1111111111, 1111111111, 1.0, 1.0, 0.0 0.0 0.0 0.0 0.0 0.0 1.0, 
10, 1111111111, 1111111111, 1.0, 1.0, 0.0 0.0 0.0 0.0 0.0 0.0 1.0, 
11, 1111111111, 1111111111, 1.0, 1.0, 0.0 0.0 0.0 0.0 0.0 0.0 1.0, 
12, 1111111111, 1111111111, 1.0, 1.0, 0.0 0.0 0.0 0.0 0.0 0.0 1.0, 
13, 1111111111, 1111111111, 1.0, 1.0, 0.0 0.0 0.0 0.0 0.0 0.0 1.0, 
14, 1111111111, 1111111111, 1.0, 1.0, 0.0 0.0 0.0 0.0 0.0 0.0 1.0, 
15, 1111111111, 1111111111, 1.0, 1.0, 0.0 0.0 0.0 0.0 0.0 0.0 1.0, 
16, 1111111111, 1111111111, 1.0, 1.0, 0.0 0.0 0.0 0.0 0.0 0.0 1.0, 
17, 1111111111, 1111111111, 1.0, 1.0, 0.0 0.0 0.0 0.0 0.0 0.0 1.0, 
18, 1111111111, 1111111111, 1.0, 1.0, 0.0 0.0 0.0 0.0 0.0 0.0 1.0, 
19, 1111111111, 1111111111, 1.0, 1.0, 0.0 0.0 0.0 0.0 0.0 0.0 1.0, 
20, 1111111111, 1111111111, 0.9999321065167855, 0.9998868441946429, 0.0 0.0 0.0 0.0 0.00016300450458992094 0.00035292582296326045 0.9994840696724469, 
21, 1111111111, 1111111111, 1.0, 1.0, 0.0 0.0 0.0 0.0 0.0 0.0 1.0, 
22, 1111111111, 1111111111, 1.0, 1.0, 0.0 0.0 0.0 0.0 0.0 0.0 1.0, 
23, 1111111111, 1111111111, 1.0, 1.0, 0.0 0.0 0.0 0.0 0.0 0.0 1.0, 
24, 1111111111, 1111111111, 1.0, 1.0, 0.0 0.0 0.0 0.0 0.0 0.0 1.0, 
25, 1111111111, 1111111111, 0.9999632267445403, 1.0, 0.0 0.0 0.0 0.0 0.0 0.0 1.0, 
26, 1111111111, 1111111111, 1.0, 1.0, 0.0 0.0 0.0 0.0 0.0 0.0 1.0, 
27, 1111111111, 1111111111, 1.0, 1.0, 0.0 0.0 0.0 0.0 0.0 0.0 1.0, 
28, 1111111111, 1111111111, 1.0, 1.0, 0.0 0.0 0.0 0.0 0.0 0.0 1.0, 
29, 1111111111, 1111111111, 1.0, 1.0, 0.0 0.0 0.0 0.0 0.0 0.0 1.0, 
30, 1111111111, 1111111111, 1.0, 1.0, 0.0 0.0 0.0 0.0 0.0 0.0 1.0, 
31, 1111111111, 1111111111, 1.0, 1.0, 0.0 0.0 0.0 0.0 0.0 0.0 1.0, 
32, 1111111111, 1111111111, 1.0, 1.0, 0.0 0.0 0.0 0.0 0.0 0.0 1.0, 
33, 1111111111, 1111111111, 1.0, 1.0, 0.0 0.0 0.0 0.0 0.0 0.0 1.0, 
34, 1111111111, 1111111111, 1.0, 1.0, 0.0 0.0 0.0 0.0 0.0 0.0 1.0, 
35, 1111111111, 1111111111, 1.0, 1.0, 0.0 0.0 0.0 0.0 0.0 0.0 1.0, 
36, 1111111111, 1111111111, 1.0, 1.0, 0.0 0.0 0.0 0.0 0.0 0.0 1.0, 
37, 1111111111, 1111111111, 1.0, 1.0, 0.0 0.0 0.0 0.0 0.0 0.0 1.0, 
38, 1111111111, 1111111111, 1.0, 1.0, 0.0 0.0 0.0 0.0 0.0 0.0 1.0, 
39, 1111111111, 1111111111, 1.0, 1.0, 0.0 0.0 0.0 0.0 0.0 0.0 1.0, 
40, 1111111111, 1111111111, 1.0, 1.0, 0.0 0.0 0.0 0.0 0.0 0.0 1.0, 
41, 1111111111, 1111111111, 0.9939357440705123, 0.9993832128325686, 0.0 0.0 0.0 0.0 1.668162306728817e-05 0.0036673597584535957 0.9963159586184791, 
42, 1111111111, 1111111111, 1.0, 1.0, 0.0 0.0 0.0 0.0 0.0 0.0 1.0, 
43, 1111111111, 1111111111, 1.0, 1.0, 0.0 0.0 0.0 0.0 0.0 0.0 1.0, 
44, 1111111111, 1111111111, 1.0, 1.0, 0.0 0.0 0.0 0.0 0.0 0.0 1.0, 
45, 1111111111, 1111111111, 1.0, 1.0, 0.0 0.0 0.0 0.0 0.0 0.0 1.0, 
46, 1111111111, 1111111111, 0.9979257124611879, 0.9997235051199121, 0.0 0.0 0.0 0.0 0.0002698879706003552 0.001119193339326268 0.9986109186900733, 
47, 1111111111, 1111111111, 1.0, 1.0, 0.0 0.0 0.0 0.0 0.0 0.0 1.0, 
48, 1111111111, 1111111111, 1.0, 1.0, 0.0 0.0 0.0 0.0 0.0 0.0 1.0, 
49, 1111111111, 1111111111, 0.9999523923316834, 1.0, 0.0 0.0 0.0 0.0 0.0 0.0 1.0, 
50, 1111111111, 1111111111, 1.0, 1.0, 0.0 0.0 0.0 0.0 0.0 0.0 1.0, 
51, 1111111111, 1111111111, 1.0, 1.0, 0.0 0.0 0.0 0.0 0.0 0.0 1.0, 
52, 1111111111, 1111111111, 1.0, 1.0, 0.0 0.0 0.0 0.0 0.0 0.0 1.0, 
53, 1111111111, 1111111111, 1.0, 1.0, 0.0 0.0 0.0 0.0 0.0 0.0 1.0, 
54, 1111111111, 1111111111, 1.0, 1.0, 0.0 0.0 0.0 0.0 0.0 0.0 1.0, 
55, 1111111111, 1111111111, 1.0, 1.0, 0.0 0.0 0.0 0.0 0.0 0.0 1.0, 
56, 1111111111, 1111111111, 1.0, 1.0, 0.0 0.0 0.0 0.0 0.0 0.0 1.0, 
57, 1111111111, 1111111111, 1.0, 1.0, 0.0 0.0 0.0 0.0 0.0 0.0 1.0, 
58, 1111111111, 1111111111, 1.0, 1.0, 0.0 0.0 0.0 0.0 0.0 0.0 1.0, 
59, 1111111111, 1111111111, 1.0, 1.0, 0.0 0.0 0.0 0.0 0.0 0.0 1.0, 
60, 1111111111, 1111111111, 1.0, 1.0, 0.0 0.0 0.0 0.0 0.0 0.0 1.0, 
61, 1111111111, 1111111111, 0.9999972966743288, 1.0, 0.0 0.0 0.0 0.0 0.0 0.0 1.0, 
62, 1111111111, 1111111111, 0.9956114090498779, 0.9999476105040352, 0.0 0.0 0.0 0.0 0.0 0.0003143369757887863 0.9996856630242112, 
63, 1111111111, 1111111111, 1.0, 1.0, 0.0 0.0 0.0 0.0 0.0 0.0 1.0, 
64, 1111111111, 1111111111, 1.0, 1.0, 0.0 0.0 0.0 0.0 0.0 0.0 1.0, 
65, 1111111111, 1111111111, 1.0, 1.0, 0.0 0.0 0.0 0.0 0.0 0.0 1.0, 
66, 1111111111, 1111111111, 0.9999996795955405, 1.0, 0.0 0.0 0.0 0.0 0.0 0.0 1.0, 
67, 1111111111, 1111111111, 1.0, 1.0, 0.0 0.0 0.0 0.0 0.0 0.0 1.0, 
68, 1111111111, 1111111111, 1.0, 1.0, 0.0 0.0 0.0 0.0 0.0 0.0 1.0, 
69, 1111111111, 1111111111, 1.0, 1.0, 0.0 0.0 0.0 0.0 0.0 0.0 1.0, 
70, 1111111111, 1111111111, 1.0, 1.0, 0.0 0.0 0.0 0.0 0.0 0.0 1.0, 
71, 1111111111, 1111111111, 0.9995346775318628, 0.9999246513767356, 0.0 0.0 0.0 0.0 9.947247498852865e-05 0.00025314678960936405 0.9996473807354022, 
72, 1111111111, 1111111111, 1.0, 1.0, 0.0 0.0 0.0 0.0 0.0 0.0 1.0, 
73, 1111111111, 1111111111, 1.0, 1.0, 0.0 0.0 0.0 0.0 0.0 0.0 1.0, 
74, 1111111111, 1111111111, 1.0, 1.0, 0.0 0.0 0.0 0.0 0.0 0.0 1.0, 
75, 1111111111, 1111111111, 0.9982220127063726, 0.9999923274500554, 0.0 0.0 0.0 0.0 0.0 4.603529966771602e-05 0.9999539647003323, 
76, 1111111111, 1111111111, 1.0, 1.0, 0.0 0.0 0.0 0.0 0.0 0.0 1.0, 
77, 1111111111, 1111111111, 0.9999985237226188, 1.0, 0.0 0.0 0.0 0.0 0.0 0.0 1.0, 
78, 1111111111, 1111111111, 1.0, 1.0, 0.0 0.0 0.0 0.0 0.0 0.0 1.0, 
79, 1111111111, 1111111111, 1.0, 1.0, 0.0 0.0 0.0 0.0 0.0 0.0 1.0, 
80, 1111111111, 1111111111, 0.9959598600265804, 0.9998463108867156, 0.0 0.0 0.0 0.0 0.0 0.000922134679705756 0.9990778653202942, 
81, 1111111111, 1111111111, 1.0, 1.0, 0.0 0.0 0.0 0.0 0.0 0.0 1.0, 
82, 1111111111, 1111111111, 1.0, 1.0, 0.0 0.0 0.0 0.0 0.0 0.0 1.0, 
83, 1111111111, 1111111111, 1.0, 1.0, 0.0 0.0 0.0 0.0 0.0 0.0 1.0, 
84, 1111111111, 1111111111, 1.0, 1.0, 0.0 0.0 0.0 0.0 0.0 0.0 1.0, 
85, 1111111111, 1111111111, 1.0, 1.0, 0.0 0.0 0.0 0.0 0.0 0.0 1.0, 
86, 1111111111, 1111111111, 0.999995741091224, 1.0, 0.0 0.0 0.0 0.0 0.0 0.0 1.0, 
87, 1111111111, 1111111111, 0.9998665754326144, 1.0, 0.0 0.0 0.0 0.0 0.0 0.0 1.0, 
88, 1111111111, 1111111111, 1.0, 1.0, 0.0 0.0 0.0 0.0 0.0 0.0 1.0, 
89, 1111111111, 1111111111, 1.0, 1.0, 0.0 0.0 0.0 0.0 0.0 0.0 1.0, 
90, 1111111111, 1111111111, 1.0, 1.0, 0.0 0.0 0.0 0.0 0.0 0.0 1.0, 
91, 1111111111, 1111111111, 1.0, 1.0, 0.0 0.0 0.0 0.0 0.0 0.0 1.0, 
92, 1111111111, 1111111111, 1.0, 1.0, 0.0 0.0 0.0 0.0 0.0 0.0 1.0, 
93, 1111111111, 1111111111, 1.0, 1.0, 0.0 0.0 0.0 0.0 0.0 0.0 1.0, 
94, 1111111111, 1111111111, 1.0, 1.0, 0.0 0.0 0.0 0.0 0.0 0.0 1.0, 
95, 1111111111, 1111111111, 1.0, 1.0, 0.0 0.0 0.0 0.0 0.0 0.0 1.0, 
96, 1111111111, 1111111111, 1.0, 1.0, 0.0 0.0 0.0 0.0 0.0 0.0 1.0, 
97, 1111111111, 1111111111, 1.0, 1.0, 0.0 0.0 0.0 0.0 0.0 0.0 1.0, 
98, 1111111111, 1111111111, 1.0, 1.0, 0.0 0.0 0.0 0.0 0.0 0.0 1.0, 
99, 1111111111, 1111111111, 0.9999653923750262, 0.9999423206250436, 0.0 0.0 0.0 0.0 0.0 0.0003460762497384562 0.9996539237502616, 
100, 1111111111, 1111111111, 1.0, 1.0, 0.0 0.0 0.0 0.0 0.0 0.0 1.0, 
run, initial grid state, final grid state, mean grid cell occupancy, mean binding site occupancy, fraction of time with N TFs bound, warning
1, 1111111111, 1111111111, 1.0, 1.0, 0.0 0.0 0.0 0.0 0.0 0.0 1.0, 
2, 1111111111, 1111111111, 1.0, 1.0, 0.0 0.0 0.0 0.0 0.0 0.0 1.0, 
3, 1111111111, 1111111111, 1.0, 1.0, 0.0 0.0 0.0 0.0 0.0 0.0 1.0, 
4, 1111111111, 1111111111, 0.9984751893680824, 0.9999935556373264, 0.0 0.0 0.0 0.0 0.0 3.8666176041534966e-05 0.9999613338239585, 
5, 1111111111, 1111111111, 1.0, 1.0, 0.0 0.0 0.0 0.0 0.0 0.0 1.0, 
6, 1111111111, 1111111111, 1.0, 1.0, 0.0 0.0 0.0 0.0 0.0 0.0 1.0, 
7, 1111111111, 1111111111, 1.0, 1.0, 0.0 0.0 0.0 0.0 0.0 0.0 1.0, 
8, 1111111111, 1111111111, 1.0, 1.0, 0.0 0.0 0.0 0.0 0.0 0.0 1.0, 
9, 1111111111, 1111111111, 1.0, 1.0, 0.0 0.0 0.0 0.0 0.0 0.0 1.0, 
10, 1111111111, 1111111111, 1.0, 1.0, 0.0 0.0 0.0 0.0 0.0 0.0 1.0, 
11, 1111111111, 1111111111, 0.9999733864050444, 1.0, 0.0 0.0 0.0 0.0 0.0 0.0 1.0, 
12, 1111111111, 1111111111, 1.0, 1.0, 0.0 0.0 0.0 0.0 0.0 0.0 1.0, 
13, 1111111111, 1111111111, 1.0, 1.0, 0.0 0.0 0.0 0.0 0.0 0.0 1.0, 
14, 1111111111, 1111111111, 1.0, 1.0, 0.0 0.0 0.0 0.0 0.0 0.0 1.0, 
15, 1111111111, 1111111111, 1.0, 1.0, 0.0 0.0 0.0 0.0 0.0 0.0 1.0, 
16, 1111111111, 1111111111, 1.0, 1.0, 0.0 0.0 0.0 0.0 0.0 0.0 1.0, 
17, 1111111111, 1111111111, 1.0, 1.0, 0.0 0.0 0.0 0.0 0.0 0.0 1.0, 
18, 1111111111, 1111111111, 1.0, 1.0, 0.0 0.0 0.0 0.0 0.0 0.0 1.0, 
19, 1111111111, 1111111111, 1.0, 1.0, 0.0 0.0 0.0 0.0 0.0 0.0 1.0, 
20, 1111111111, 1111111111, 1.0, 1.0, 0.0 0.0 0.0 0.0 0.0 0.0 1.0, 
21, 1111111111, 1111111111, 1.0, 1.0, 0.0 0.0 0.0 0.0 0.0 0.0 1.0, 
22, 1111111111, 1111111111, 1.0, 1.0, 0.0 0.0 0.0 0.0 0.0 0.0 1.0, 
23, 1111111111, 1111111111, 0.999475956935305, 0.9997459253094573, 0.0 0.0 0.0 0.0 0.0005131832491889454 0.0004980816448783874 0.9989887351059327, 
24, 1111111111, 1111111111, 1.0, 1.0, 0.0 0.0 0.0 0.0 0.0 0.0 1.0, 
25, 1111111111, 1111111111, 1.0, 1.0, 0.0 0.0 0.0 0.0 0.0 0.0 1.0, 
26, 1111111111, 1111111111, 1.0, 1.0, 0.0 0.0 0.0 0.0 0.0 0.0 1.0, 
27, 1111111111, 1111111111, 1.0, 1.0, 0.0 0.0 0.0 0.0 0.0 0.0 1.0, 
28, 1111111111, 1111111111, 1.0, 1.0, 0.0 0.0 0.0 0.0 0.0 0.0 1.0, 
29, 1111111111, 1111111111, 1.0, 1.0, 0.0 0.0 0.0 0.0 0.0 0.0 1.0, 
30, 1111111111, 1111111111, 0.9996808773279449, 1.0, 0.0 0.0 0.0 0.0 0.0 0.0 1.0, 
31, 1111111111, 1111111111, 1.0, 1.0, 0.0 0.0 0.0 0.0 0.0 0.0 1.0, 
32, 1111111111, 1111111111, 1.0, 1.0, 0.0 0.0 0.0 0.0 0.0 0.0 1.0, 
33, 1111111111, 1111111111, 1.0, 1.0, 0.0 0.0 0.0 0.0 0.0 0.0 1.0, 
34, 1111111111, 1111111111, 1.0, 1.0, 0.0 0.0 0.0 0.0 0.0 0.0 1.0, 
35, 1111111111, 1111111111, 1.0, 1.0, 0.0 0.0 0.0 0.0 0.0 0.0 1.0, 
36, 1111111111, 1111111111, 1.0, 1.0, 0.0 0.0 0.0 0.0 0.0 0.0 1.0, 
37, 1111111111, 1111111111, 1.0, 1.0, 0.0 0.0 0.0 0.0 0.0 0.0 1.0, 
38, 1111111111, 1111111111, 1.0, 1.0, 0.0 0.0 0.0 0.0 0.0 0.0 1.0, 
39, 1111111111, 1111111111, 1.0, 1.0, 0.0 0.0 0.0 0.0 0.0 0.0 1.0, 
40, 1111111111, 1111111111, 1.0, 1.0, 0.0 0.0 0.0 0.0 0.0 0.0 1.0, 
41, 1111111111, 1111111111, 1.0, 1.0, 0.0 0.0 0.0 0.0 0.0 0.0 1.0, 
42, 1111111111, 1111111111, 1.0, 1.0, 0.0 0.0 0.0 0.0 0.0 0.0 1.0, 
43, 1111111111, 1111111111, 0.9999899697391406, 1.0, 0.0 0.0 0.0 0.0 0.0 0.0 1.0, 
44, 1111111111, 1111111111, 1.0, 1.0, 0.0 0.0 0.0 0.0 0.0 0.0 1.0, 
45, 1111111111, 1111111111, 1.0, 1.0, 0.0 0.0 0.0 0.0 0.0 0.0 1.0, 
46, 1111111111, 1111111111, 0.9999985330838198, 0.9999975551396998, 0.0 0.0 0.0 0.0 0.0 1.4669161801111129e-05 0.9999853308381987, 
47, 1111111111, 1111111111, 0.999994960608456, 1.0, 0.0 0.0 0.0 0.0 0.0 0.0 1.0, 
48, 1111111111, 1111111111, 1.0, 1.0, 0.0 0.0 0.0 0.0 0.0 0.0 1.0, 
49, 1111111111, 1111111111, 1.0, 1.0, 0.0 0.0 0.0 0.0 0.0 0.0 1.0, 
50, 1111111111, 1111111111, 1.0, 1.0, 0.0 0.0 0.0 0.0 0.0 0.0 1.0, 
51, 1111111111, 1111111111, 0.9980041514977757, 0.9998991253446552, 0.0 0.0 0.0 0.0 0.0 0.0006052479320687481 0.9993947520679313, 
52, 1111111111, 1111111111, 1.0, 1.0, 0.0 0.0 0.0 0.0 0.0 0.0 1.0, 
53, 1111111111, 1111111111, 1.0, 1.0, 0.0 0.0 0.0 0.0 0.0 0.0 1.0, 
54, 1111111111, 1111111111, 1.0, 1.0, 0.0 0.0 0.0 0.0 0.0 0.0 1.0, 
55, 1111111111, 1111111111, 1.0, 1.0, 0.0 0.0 0.0 0.0 0.0 0.0 1.0, 
56, 1111111111, 1111111111, 1.0, 1.0, 0.0 0.0 0.0 0.0 0.0 0.0 1.0, 
57, 1111111111, 1111111111, 1.0, 1.0, 0.0 0.0 0.0 0.0 0.0 0.0 1.0, 
58, 1111111111, 1111111111, 1.0, 1.0, 0.0 0.0 0.0 0.0 0.0 0.0 1.0, 
59, 1111111111, 1111111111, 0.9995867837925323, 1.0, 0.0 0.0 0.0 0.0 0.0 0.0 1.0, 
60, 1111111111, 1111111111, 1.0, 1.0, 0.0 0.0 0.0 0.0 0.0 0.0 1.0, 
61, 1111111111, 1111111111, 1.0, 1.0, 0.0 0.0 0.0 0.0 0.0 0.0 1.0, 
62, 1111111111, 1111111111, 1.0, 1.0, 0.0 0.0 0.0 0.0 0.0 0.0 1.0, 
63, 1111111111, 1111111111, 1.0, 1.0, 0.0 0.0 0.0 0.0 0.0 0.0 1.0, 
64, 1111111111, 1111111111, 1.0, 1.0, 0.0 0.0 0.0 0.0 0.0 0.0 1.0, 
65, 1111111111, 1111111111, 1.0, 1.0, 0.0 0.0 0.0 0.0 0.0 0.0 1.0, 
66, 1111111111, 1111111111, 1.0, 1.0, 0.0 0.0 0.0 0.0 0.0 0.0 1.0, 
67, 1111111111, 1111111111, 0.9999209646070972, 1.0, 0.0 0.0 0.0 0.0 0.0 0.0 1.0, 
68, 1111111111, 1111111111, 1.0, 1.0, 0.0 0.0 0.0 0.0 0.0 0.0 1.0, 
69, 1111111111, 1111111111, 0.999884791111945, 1.0, 0.0 0.0 0.0 0.0 0.0 0.0 1.0, 
70, 1111111111, 1111111111, 1.0, 1.0, 0.0 0.0 0.0 0.0 0.0 0.0 1.0, 
71, 1111111111, 1111111111, 0.9997794183307849, 1.0, 0.0 0.0 0.0 0.0 0.0 0.0 1.0, 
72, 1111111111, 1111111111, 0.9999890476446776, 1.0, 0.0 0.0 0.0 0.0 0.0 0.0 1.0, 
73, 1111111111, 1111111111, 1.0, 1.0, 0.0 0.0 0.0 0.0 0.0 0.0 1.0, 
74, 1111111111, 1111111111, 1.0, 1.0, 0.0 0.0 0.0 0.0 0.0 0.0 1.0, 
75, 1111111111, 1111111111, 1.0, 1.0, 0.0 0.0 0.0 0.0 0.0 0.0 1.0, 
76, 1111111111, 1111111111, 1.0, 1.0, 0.0 0.0 0.0 0.0 0.0 0.0 1.0, 
77, 1111111111, 1111111111, 1.0, 1.0, 0.0 0.0 0.0 0.0 0.0 0.0 1.0, 
78, 1111111111, 1111111111, 1.0, 1.0, 0.0 0.0 0.0 0.0 0.0 0.0 1.0, 
79, 1111111111, 1111111111, 1.0, 1.0, 0.0 0.0 0.0 0.0 0.0 0.0 1.0, 
80, 1111111111, 1111111111, 1.0, 1.0, 0.0 0.0 0.0 0.0 0.0 0.0 1.0, 
81, 1111111111, 1111111111, 0.9967402383526534, 0.9998403908137887, 0.0 0.0 0.0 0.0 0.0 0.0009576551172682216 0.9990423448827318, 
82, 1111111111, 1111111111, 1.0, 1.0, 0.0 0.0 0.0 0.0 0.0 0.0 1.0, 
83, 1111111111, 1111111111, 1.0, 1.0, 0.0 0.0 0.0 0.0 0.0 0.0 1.0, 
84, 1111111111, 1111111111, 1.0, 1.0, 0.0 0.0 0.0 0.0 0.0 0.0 1.0, 
85, 1111111111, 1111111111, 1.0, 1.0, 0.0 0.0 0.0 0.0 0.0 0.0 1.0, 
86, 1111111111, 1111111111, 1.0, 1.0, 0.0 0.0 0.0 0.0 0.0 0.0 1.0, 
87, 1111111111, 1111111111, 1.0, 1.0, 0.0 0.0 0.0 0.0 0.0 0.0 1.0, 
88, 1111111111, 1111111111, 1.0, 1.0, 0.0 0.0 0.0 0.0 0.0 0.0 1.0, 
89, 1111111111, 1111111111, 1.0, 1.0, 0.0 0.0 0.0 0.0 0.0 0.0 1.0, 
90, 1111111111, 1111111111, 1.0, 1.0, 0.0 0.0 0.0 0.0 0.0 0.0 1.0, 
91, 1111111111, 1111111111, 1.0, 1.0, 0.0 0.0 0.0 0.0 0.0 0.0 1.0, 
92, 1111111111, 1111111111, 1.0, 1.0, 0.0 0.0 0.0 0.0 0.0 0.0 1.0, 
93, 1111111111, 1111111111, 1.0, 1.0, 0.0 0.0 0.0 0.0 0.0 0.0 1.0, 
94, 1111111111, 1111111111, 1.0, 1.0, 0.0 0.0 0.0 0.0 0.0 0.0 1.0, 
95, 1111111111, 1111111111, 1.0, 1.0, 0.0 0.0 0.0 0.0 0.0 0.0 1.0, 
96, 1111111111, 1111111111, 1.0, 1.0, 0.0 0.0 0.0 0.0 0.0 0.0 1.0, 
97, 1111111111, 1111111111, 1.0, 1.0, 0.0 0.0 0.0 0.0 0.0 0.0 1.0, 
98, 1111111111, 1111111111, 1.0, 1.0, 0.0 0.0 0.0 0.0 0.0 0.0 1.0, 
99, 1111111111, 1111111111, 1.0, 1.0, 0.0 0.0 0.0 0.0 0.0 0.0 1.0, 
100, 1111111111, 1111111111, 1.0, 1.0, 0.0 0.0 0.0 0.0 0.0 0.0 1.0, 
run, initial grid state, final grid state, mean grid cell occupancy, mean binding site occupancy, fraction of time with N TFs bound, warning
1, 1111111111, 1111111111, 1.0, 1.0, 0.0 0.0 0.0 0.0 0.0 0.0 1.0, 
2, 1111111111, 1111111111, 1.0, 1.0, 0.0 0.0 0.0 0.0 0.0 0.0 1.0, 
3, 1111111111, 1111111111, 1.0, 1.0, 0.0 0.0 0.0 0.0 0.0 0.0 1.0, 
4, 1111111111, 1111111111, 1.0, 1.0, 0.0 0.0 0.0 0.0 0.0 0.0 1.0, 
5, 1111111111, 1111111111, 1.0, 1.0, 0.0 0.0 0.0 0.0 0.0 0.0 1.0, 
6, 1111111111, 1111111111, 0.9996943743372745, 1.0, 0.0 0.0 0.0 0.0 0.0 0.0 1.0, 
7, 1111111111, 1111111111, 1.0, 1.0, 0.0 0.0 0.0 0.0 0.0 0.0 1.0, 
8, 1111111111, 1111111111, 1.0, 1.0, 0.0 0.0 0.0 0.0 0.0 0.0 1.0, 
9, 1111111111, 1111111111, 1.0, 1.0, 0.0 0.0 0.0 0.0 0.0 0.0 1.0, 
10, 1111111111, 1111111111, 1.0, 1.0, 0.0 0.0 0.0 0.0 0.0 0.0 1.0, 
11, 1111111111, 1111111111, 1.0, 1.0, 0.0 0.0 0.0 0.0 0.0 0.0 1.0, 
12, 1111111111, 1111111111, 1.0, 1.0, 0.0 0.0 0.0 0.0 0.0 0.0 1.0, 
13, 1111111111, 1111111111, 1.0, 1.0, 0.0 0.0 0.0 0.0 0.0 0.0 1.0, 
14, 1111111111, 1111111111, 1.0, 1.0, 0.0 0.0 0.0 0.0 0.0 0.0 1.0, 
15, 1111111111, 1111111111, 0.998065232791499, 0.9999057890376793, 0.0 0.0 0.0 0.0 6.009263319270951e-05 0.000445080507537978 0.9994948268592693, 
16, 1111111111, 1111111111, 1.0, 1.0, 0.0 0.0 0.0 0.0 0.0 0.0 1.0, 
17, 1111111111, 1111111111, 1.0, 1.0, 0.0 0.0 0.0 0.0 0.0 0.0 1.0, 
18, 1111111111, 1111111111, 1.0, 1.0, 0.0 0.0 0.0 0.0 0.0 0.0 1.0, 
19, 1111111111, 1111111111, 1.0, 1.0, 0.0 0.0 0.0 0.0 0.0 0.0 1.0, 
20, 1111111111, 1111111111, 0.9972096515471424, 0.999936775595962, 0.0 0.0 0.0 0.0 0.0 0.0003793464242282975 0.9996206535757718, 
21, 1111111111, 1111111111, 0.9999834691279185, 0.9999724485465308, 0.0 0.0 0.0 0.0 0.0 0.00016530872081620352 0.9998346912791839, 
22, 1111111111, 1111111111, 1.0, 1.0, 0.0 0.0 0.0 0.0 0.0 0.0 1.0, 
23, 1111111111, 1111111111, 1.0, 1.0, 0.0 0.0 0.0 0.0 0.0 0.0 1.0, 
24, 1111111111, 1111111111, 1.0, 1.0, 0.0 0.0 0.0 0.0 0.0 0.0 1.0, 
25, 1111111111, 1111111111, 1.0, 1.0, 0.0 0.0 0.0 0.0 0.0 0.0 1.0, 
26, 1111111111, 1111111111, 1.0, 1.0, 0.0 0.0 0.0 0.0 0.0 0.0 1.0, 
27, 1111111111, 1111111111, 1.0, 1.0, 0.0 0.0 0.0 0.0 0.0 0.0 1.0, 
28, 1111111111, 1111111111, 0.9892115564351569, 0.9993226515916894, 0.0 0.0 0.0 0.0 0.00042829839340947917 0.0032074936630444298 0.9963642079435462, 
29, 1111111111, 1111111111, 1.0, 1.0, 0.0 0.0 0.0 0.0 0.0 0.0 1.0, 
30, 1111111111, 1111111111, 1.0, 1.0, 0.0 0.0 0.0 0.0 0.0 0.0 1.0, 
31, 1111111111, 1111111111, 0.9978652734378703, 0.9998825805731724, 0.0 0.0 0.0 0.0 0.0 0.0007045165609656061 0.9992954834390344, 
32, 1111111111, 1111111111, 1.0, 1.0, 0.0 0.0 0.0 0.0 0.0 0.0 1.0, 
33, 1111111111, 1111111111, 1.0, 1.0, 0.0 0.0 0.0 0.0 0.0 0.0 1.0, 
34, 1111111111, 1111111111, 1.0, 1.0, 0.0 0.0 0.0 0.0 0.0 0.0 1.0, 
35, 1111111111, 1111111111, 1.0, 1.0, 0.0 0.0 0.0 0.0 0.0 0.0 1.0, 
36, 1111111111, 1111111111, 1.0, 1.0, 0.0 0.0 0.0 0.0 0.0 0.0 1.0, 
37, 1111111111, 1111111111, 1.0, 1.0, 0.0 0.0 0.0 0.0 0.0 0.0 1.0, 
38, 1111111111, 1111111111, 0.996361471592137, 0.9998584704870088, 0.0 0.0 0.0 0.0 0.0 0.0008491770779460951 0.9991508229220539, 
39, 1111111111, 1111111111, 1.0, 1.0, 0.0 0.0 0.0 0.0 0.0 0.0 1.0, 
40, 1111111111, 1111111111, 0.9999852337391918, 1.0, 0.0 0.0 0.0 0.0 0.0 0.0 1.0, 
41, 1111111111, 1111111111, 1.0, 1.0, 0.0 0.0 0.0 0.0 0.0 0.0 1.0, 
42, 1111111111, 1111111111, 1.0, 1.0, 0.0 0.0 0.0 0.0 0.0 0.0 1.0, 
43, 1111111111, 1111111111, 1.0, 1.0, 0.0 0.0 0.0 0.0 0.0 0.0 1.0, 
44, 1111111111, 1111111111, 1.0, 1.0, 0.0 0.0 0.0 0.0 0.0 0.0 1.0, 
45, 1111111111, 1111111111, 1.0, 1.0, 0.0 0.0 0.0 0.0 0.0 0.0 1.0, 
46, 1111111111, 1111111111, 1.0, 1.0, 0.0 0.0 0.0 0.0 0.0 0.0 1.0, 
47, 1111111111, 1111111111, 0.9977694086242048, 1.0, 0.0 0.0 0.0 0.0 0.0 0.0 1.0, 
48, 1111111111, 1111111111, 1.0, 1.0, 0.0 0.0 0.0 0.0 0.0 0.0 1.0, 
49, 1111111111, 1111111111, 1.0, 1.0, 0.0 0.0 0.0 0.0 0.0 0.0 1.0, 
50, 1111111111, 1111111111, 1.0, 1.0, 0.0 0.0 0.0 0.0 0.0 0.0 1.0, 
51, 1111111111, 1111111111, 1.0, 1.0, 0.0 0.0 0.0 0.0 0.0 0.0 1.0, 
52, 1111111111, 1111111111, 1.0, 1.0, 0.0 0.0 0.0 0.0 0.0 0.0 1.0, 
53, 1111111111, 1111111111, 1.0, 1.0, 0.0 0.0 0.0 0.0 0.0 0.0 1.0, 
54, 1111111111, 1111111111, 1.0, 1.0, 0.0 0.0 0.0 0.0 0.0 0.0 1.0, 
55, 1111111111, 1111111111, 1.0, 1.0, 0.0 0.0 0.0 0.0 0.0 0.0 1.0, 
56, 1111111111, 1111111111, 1.0, 1.0, 0.0 0.0 0.0 0.0 0.0 0.0 1.0, 
57, 1111111111, 1111111111, 1.0, 1.0, 0.0 0.0 0.0 0.0 0.0 0.0 1.0, 
58, 1111111111, 1111111111, 1.0, 1.0, 0.0 0.0 0.0 0.0 0.0 0.0 1.0, 
59, 1111111111, 1111111111, 1.0, 1.0, 0.0 0.0 0.0 0.0 0.0 0.0 1.0, 
60, 1111111111, 1111111111, 1.0, 1.0, 0.0 0.0 0.0 0.0 0.0 0.0 1.0, 
61, 1111111111, 1111111111, 1.0, 1.0, 0.0 0.0 0.0 0.0 0.0 0.0 1.0, 
62, 1111111111, 1111111111, 1.0, 1.0, 0.0 0.0 0.0 0.0 0.0 0.0 1.0, 
63, 1111111111, 1111111111, 1.0, 1.0, 0.0 0.0 0.0 0.0 0.0 0.0 1.0, 
64, 1111111111, 1111111111, 0.9979558599082854, 0.9999779654144116, 0.0 0.0 0.0 0.0 0.0 0.00013220751352980022 0.9998677924864702, 
65, 1111111111, 1111111111, 1.0, 1.0, 0.0 0.0 0.0 0.0 0.0 0.0 1.0, 
66, 1111111111, 1111111111, 1.0, 1.0, 0.0 0.0 0.0 0.0 0.0 0.0 1.0, 
67, 1111111111, 1111111111, 1.0, 1.0, 0.0 0.0 0.0 0.0 0.0 0.0 1.0, 
68, 1111111111, 1111111111, 1.0, 1.0, 0.0 0.0 0.0 0.0 0.0 0.0 1.0, 
69, 1111111111, 1111111111, 1.0, 1.0, 0.0 0.0 0.0 0.0 0.0 0.0 1.0, 
70, 1111111111, 1111111111, 1.0, 1.0, 0.0 0.0 0.0 0.0 0.0 0.0 1.0, 
71, 1111111111, 1111111111, 0.9999927229577422, 1.0, 0.0 0.0 0.0 0.0 0.0 0.0 1.0, 
72, 1111111111, 1111111111, 0.9995001767072325, 0.9999999999999999, 0.0 0.0 0.0 0.0 0.0 0.0 0.9999999999999999, 
73, 1111111111, 1111111111, 1.0, 1.0, 0.0 0.0 0.0 0.0 0.0 0.0 1.0, 
74, 1111111111, 1111111111, 1.0, 1.0, 0.0 0.0 0.0 0.0 0.0 0.0 1.0, 
75, 1111111111, 1111111111, 1.0, 1.0, 0.0 0.0 0.0 0.0 0.0 0.0 1.0, 
76, 1111111111, 1111111111, 1.0, 1.0, 0.0 0.0 0.0 0.0 0.0 0.0 1.0, 
77, 1111111111, 1111111111, 1.0, 1.0, 0.0 0.0 0.0 0.0 0.0 0.0 1.0, 
78, 1111111111, 1111111111, 1.0, 1.0, 0.0 0.0 0.0 0.0 0.0 0.0 1.0, 
79, 1111111111, 1111111111, 1.0, 1.0, 0.0 0.0 0.0 0.0 0.0 0.0 1.0, 
80, 1111111111, 1111111111, 1.0, 1.0, 0.0 0.0 0.0 0.0 0.0 0.0 1.0, 
81, 1111111111, 1111111111, 1.0, 1.0, 0.0 0.0 0.0 0.0 0.0 0.0 1.0, 
82, 1111111111, 1111111111, 1.0, 1.0, 0.0 0.0 0.0 0.0 0.0 0.0 1.0, 
83, 1111111111, 1111111111, 1.0, 1.0, 0.0 0.0 0.0 0.0 0.0 0.0 1.0, 
84, 1111111111, 1111111111, 1.0, 1.0, 0.0 0.0 0.0 0.0 0.0 0.0 1.0, 
85, 1111111111, 1111111111, 1.0, 1.0, 0.0 0.0 0.0 0.0 0.0 0.0 1.0, 
86, 1111111111, 1111111111, 0.9990168923110188, 0.9999586762445174, 0.0 0.0 0.0 0.0 0.0 0.00024794253289554797 0.9997520574671044, 
87, 1111111111, 1111111111, 0.9955985192410717, 0.9997207225743229, 0.0 0.0 0.0 0.0 0.00023541154245092753 0.0012048414691619644 0.9985597469883872, 
88, 1111111111, 1111111111, 1.0, 1.0, 0.0 0.0 0.0 0.0 0.0 0.0 1.0, 
89, 1111111111, 1111111111, 0.9995414426098259, 0.9999238171696649, 0.0 0.0 0.0 0.0 0.0 0.00045709698201082996 0.9995429030179892, 
90, 1111111111, 1111111111, 1.0, 1.0, 0.0 0.0 0.0 0.0 0.0 0.0 1.0, 
91, 1111111111, 1111111111, 0.9999258094879688, 1.0, 0.0 0.0 0.0 0.0 0.0 0.0 1.0, 
92, 1111111111, 1111111111, 1.0, 1.0, 0.0 0.0 0.0 0.0 0.0 0.0 1.0, 
93, 1111111111, 1111111111, 1.0, 1.0, 0.0 0.0 0.0 0.0 0.0 0.0 1.0, 
94, 1111111111, 1111111111, 1.0, 1.0, 0.0 0.0 0.0 0.0 0.0 0.0 1.0, 
95, 1111111111, 1111111111, 1.0, 1.0, 0.0 0.0 0.0 0.0 0.0 0.0 1.0, 
96, 1111111111, 1111111111, 0.9956482576860504, 0.9999315238241179, 0.0 0.0 0.0 0.0 0.0 0.0004108570552923565 0.9995891429447077, 
97, 1111111111, 1111111111, 1.0, 1.0, 0.0 0.0 0.0 0.0 0.0 0.0 1.0, 
98, 1111111111, 1111111111, 1.0, 1.0, 0.0 0.0 0.0 0.0 0.0 0.0 1.0, 
99, 1111111111, 1111111111, 1.0, 1.0, 0.0 0.0 0.0 0.0 0.0 0.0 1.0, 
100, 1111111111, 1111111111, 1.0, 1.0, 0.0 0.0 0.0 0.0 0.0 0.0 1.0, 
run, initial grid state, final grid state, mean grid cell occupancy, mean binding site occupancy, fraction of time with N TFs bound, warning
1, 1111111111, 1111111111, 1.0, 1.0, 0.0 0.0 0.0 0.0 0.0 0.0 1.0, 
2, 1111111111, 1111111111, 0.9999745055813977, 1.0, 0.0 0.0 0.0 0.0 0.0 0.0 1.0, 
3, 1111111111, 1111111111, 1.0, 1.0, 0.0 0.0 0.0 0.0 0.0 0.0 1.0, 
4, 1111111111, 1111111111, 1.0, 1.0, 0.0 0.0 0.0 0.0 0.0 0.0 1.0, 
5, 1111111111, 1111111111, 1.0, 1.0, 0.0 0.0 0.0 0.0 0.0 0.0 1.0, 
6, 1111111111, 1111111111, 1.0, 1.0, 0.0 0.0 0.0 0.0 0.0 0.0 1.0, 
7, 1111111111, 1111111111, 1.0, 1.0, 0.0 0.0 0.0 0.0 0.0 0.0 1.0, 
8, 1111111111, 1111111111, 1.0, 1.0, 0.0 0.0 0.0 0.0 0.0 0.0 1.0, 
9, 1111111111, 1111111111, 1.0, 1.0, 0.0 0.0 0.0 0.0 0.0 0.0 1.0, 
10, 1111111111, 1111111111, 0.9984032583309405, 0.9998027775405842, 0.0 0.0 0.0 0.0 0.0 0.0011833347564949024 0.9988166652435052, 
11, 1111111111, 1111111111, 1.0, 1.0, 0.0 0.0 0.0 0.0 0.0 0.0 1.0, 
12, 1111111111, 1111111111, 1.0, 1.0, 0.0 0.0 0.0 0.0 0.0 0.0 1.0, 
13, 1111111111, 1111111111, 1.0, 1.0, 0.0 0.0 0.0 0.0 0.0 0.0 1.0, 
14, 1111111111, 1111111111, 0.999993169441485, 1.0, 0.0 0.0 0.0 0.0 0.0 0.0 1.0, 
15, 1111111111, 1111111111, 1.0, 1.0, 0.0 0.0 0.0 0.0 0.0 0.0 1.0, 
16, 1111111111, 1111111111, 1.0, 1.0, 0.0 0.0 0.0 0.0 0.0 0.0 1.0, 
17, 1111111111, 1111111111, 1.0, 1.0, 0.0 0.0 0.0 0.0 0.0 0.0 1.0, 
18, 1111111111, 1111111111, 0.9990581518553865, 0.9998354840419286, 0.0 0.0 0.0 0.0 0.0 0.0009870957484282765 0.9990129042515717, 
19, 1111111111, 1111111111, 1.0, 1.0, 0.0 0.0 0.0 0.0 0.0 0.0 1.0, 
20, 1111111111, 1111111111, 0.9969763549677648, 0.9999724968303111, 0.0 0.0 0.0 0.0 0.0 0.00016501901813426186 0.9998349809818657, 
21, 1111111111, 1111111111, 1.0, 1.0, 0.0 0.0 0.0 0.0 0.0 0.0 1.0, 
22, 1111111111, 1111111111, 0.9969249900316345, 0.9997910550870475, 0.0 0.0 0.0 0.0 0.0 0.0012536694777150947 0.9987463305222849, 
23, 1111111111, 1111111111, 1.0, 1.0, 0.0 0.0 0.0 0.0 0.0 0.0 1.0, 
24, 1111111111, 1111111111, 1.0, 1.0, 0.0 0.0 0.0 0.0 0.0 0.0 1.0, 
25, 1111111111, 1111111111, 0.9995295011786457, 0.9999876332968257, 0.0 0.0 0.0 0.0 0.0 7.4200219045363e-05 0.9999257997809546, 
26, 1111111111, 1111111111, 0.9999359303626566, 0.9999534474823868, 0.0 0.0 0.0 0.0 0.0 0.0002793151056797731 0.9997206848943203, 
27, 1111111111, 1111111111, 1.0, 1.0, 0.0 0.0 0.0 0.0 0.0 0.0 1.0, 
28, 1111111111, 1111111111, 1.0, 1.0, 0.0 0.0 0.0 0.0 0.0 0.0 1.0, 
29, 1111111111, 1111111111, 1.0, 1.0, 0.0 0.0 0.0 0.0 0.0 0.0 1.0, 
30, 1111111111, 1111111111, 1.0, 1.0, 0.0 0.0 0.0 0.0 0.0 0.0 1.0, 
31, 1111111111, 1111111111, 1.0, 1.0, 0.0 0.0 0.0 0.0 0.0 0.0 1.0, 
32, 1111111111, 1111111111, 1.0, 1.0, 0.0 0.0 0.0 0.0 0.0 0.0 1.0, 
33, 1111111111, 1111111111, 1.0, 1.0, 0.0 0.0 0.0 0.0 0.0 0.0 1.0, 
34, 1111111111, 1111111111, 1.0, 1.0, 0.0 0.0 0.0 0.0 0.0 0.0 1.0, 
35, 1111111111, 1111111111, 1.0, 1.0, 0.0 0.0 0.0 0.0 0.0 0.0 1.0, 
36, 1111111111, 1111111111, 1.0, 1.0, 0.0 0.0 0.0 0.0 0.0 0.0 1.0, 
37, 1111111111, 1111111111, 1.0, 1.0, 0.0 0.0 0.0 0.0 0.0 0.0 1.0, 
38, 1111111111, 1111111111, 1.0, 1.0, 0.0 0.0 0.0 0.0 0.0 0.0 1.0, 
39, 1111111111, 1111111111, 1.0, 1.0, 0.0 0.0 0.0 0.0 0.0 0.0 1.0, 
40, 1111111111, 1111111111, 1.0, 1.0, 0.0 0.0 0.0 0.0 0.0 0.0 1.0, 
41, 1111111111, 1111111111, 1.0, 1.0, 0.0 0.0 0.0 0.0 0.0 0.0 1.0, 
42, 1111111111, 1111111111, 1.0, 1.0, 0.0 0.0 0.0 0.0 0.0 0.0 1.0, 
43, 1111111111, 1111111111, 1.0, 1.0, 0.0 0.0 0.0 0.0 0.0 0.0 1.0, 
44, 1111111111, 1111111111, 0.9949517899661282, 0.9993738595042826, 0.0 0.0 0.0 0.0002394371587323007 0.0004999271163240926 0.002038677265458618 0.9972219584594849, 
45, 1111111111, 1111111111, 0.9990949249308029, 0.9998850986787112, 0.0 0.0 0.0 0.0 0.0002445526176957857 0.00020030269234055562 0.9995551446899636, 
46, 1111111111, 1111111111, 1.0, 1.0, 0.0 0.0 0.0 0.0 0.0 0.0 1.0, 
47, 1111111111, 1111111111, 1.0, 1.0, 0.0 0.0 0.0 0.0 0.0 0.0 1.0, 
48, 1111111111, 1111111111, 1.0, 1.0, 0.0 0.0 0.0 0.0 0.0 0.0 1.0, 
49, 1111111111, 1111111111, 1.0, 1.0, 0.0 0.0 0.0 0.0 0.0 0.0 1.0, 
50, 1111111111, 1111111111, 1.0, 1.0, 0.0 0.0 0.0 0.0 0.0 0.0 1.0, 
51, 1111111111, 1111111111, 1.0, 1.0, 0.0 0.0 0.0 0.0 0.0 0.0 1.0, 
52, 1111111111, 1111111111, 1.0, 1.0, 0.0 0.0 0.0 0.0 0.0 0.0 1.0, 
53, 1111111111, 1111111111, 1.0, 1.0, 0.0 0.0 0.0 0.0 0.0 0.0 1.0, 
54, 1111111111, 1111111111, 1.0, 1.0, 0.0 0.0 0.0 0.0 0.0 0.0 1.0, 
55, 1111111111, 1111111111, 1.0, 1.0, 0.0 0.0 0.0 0.0 0.0 0.0 1.0, 
56, 1111111111, 1111111111, 1.0, 1.0, 0.0 0.0 0.0 0.0 0.0 0.0 1.0, 
57, 1111111111, 1111111111, 1.0, 1.0, 0.0 0.0 0.0 0.0 0.0 0.0 1.0, 
58, 1111111111, 1111111111, 0.9980154648110806, 1.0, 0.0 0.0 0.0 0.0 0.0 0.0 1.0, 
59, 1111111111, 1111111111, 1.0, 1.0, 0.0 0.0 0.0 0.0 0.0 0.0 1.0, 
60, 1111111111, 1111111111, 1.0, 1.0, 0.0 0.0 0.0 0.0 0.0 0.0 1.0, 
61, 1111111111, 1111111111, 0.9963284230751034, 0.9997067203566529, 0.0 0.0 0.0 0.0 0.00014462294904379617 0.0014704319619950792 0.9983849450889611, 
62, 1111111111, 1111111111, 1.0, 1.0, 0.0 0.0 0.0 0.0 0.0 0.0 1.0, 
63, 1111111111, 1111111111, 1.0, 1.0, 0.0 0.0 0.0 0.0 0.0 0.0 1.0, 
64, 1111111111, 1111111111, 1.0, 1.0, 0.0 0.0 0.0 0.0 0.0 0.0 1.0, 
65, 1111111111, 1111111111, 0.9999976456744191, 1.0, 0.0 0.0 0.0 0.0 0.0 0.0 1.0, 
66, 1111111111, 1111111111, 1.0, 1.0, 0.0 0.0 0.0 0.0 0.0 0.0 1.0, 
67, 1111111111, 1111111111, 0.9999992045599289, 1.0, 0.0 0.0 0.0 0.0 0.0 0.0 1.0, 
68, 1111111111, 1111111111, 1.0, 1.0, 0.0 0.0 0.0 0.0 0.0 0.0 1.0, 
69, 1111111111, 1111111111, 1.0, 1.0, 0.0 0.0 0.0 0.0 0.0 0.0 1.0, 
70, 1111111111, 1111111111, 1.0, 1.0, 0.0 0.0 0.0 0.0 0.0 0.0 1.0, 
71, 1111111111, 1111111111, 1.0, 1.0, 0.0 0.0 0.0 0.0 0.0 0.0 1.0, 
72, 1111111111, 1111111111, 1.0, 1.0, 0.0 0.0 0.0 0.0 0.0 0.0 1.0, 
73, 1111111111, 1111111111, 1.0, 1.0, 0.0 0.0 0.0 0.0 0.0 0.0 1.0, 
74, 1111111111, 1111111111, 0.9992638327116354, 1.0, 0.0 0.0 0.0 0.0 0.0 0.0 1.0, 
75, 1111111111, 1111111111, 1.0, 1.0, 0.0 0.0 0.0 0.0 0.0 0.0 1.0, 
76, 1111111111, 1111111111, 0.999934688581055, 1.0, 0.0 0.0 0.0 0.0 0.0 0.0 1.0, 
77, 1111111111, 1111111111, 1.0, 1.0, 0.0 0.0 0.0 0.0 0.0 0.0 1.0, 
78, 1111111111, 1111111111, 1.0, 1.0, 0.0 0.0 0.0 0.0 0.0 0.0 1.0, 
79, 1111111111, 1111111111, 1.0, 1.0, 0.0 0.0 0.0 0.0 0.0 0.0 1.0, 
80, 1111111111, 1111111111, 1.0, 1.0, 0.0 0.0 0.0 0.0 0.0 0.0 1.0, 
81, 1111111111, 1111111111, 0.9999170944316803, 0.9998618240528004, 0.0 0.0 0.0 0.0 9.677621156154642e-05 0.0006355032600736902 0.9992677205283648, 
82, 1111111111, 1111111111, 1.0, 1.0, 0.0 0.0 0.0 0.0 0.0 0.0 1.0, 
83, 1111111111, 1111111111, 1.0, 1.0, 0.0 0.0 0.0 0.0 0.0 0.0 1.0, 
84, 1111111111, 1111111111, 0.9999905843266534, 1.0, 0.0 0.0 0.0 0.0 0.0 0.0 1.0, 
85, 1111111111, 1111111111, 1.0, 1.0, 0.0 0.0 0.0 0.0 0.0 0.0 1.0, 
86, 1111111111, 1111111111, 1.0, 1.0, 0.0 0.0 0.0 0.0 0.0 0.0 1.0, 
87, 1111111111, 1111111111, 0.99880319739012, 0.9997258728201486, 0.0 0.0 0.0 0.00023338218481391666 0.0003610006407918674 0.00022261524308267092 0.9991830019313115, 
88, 1111111111, 1111111111, 1.0, 1.0, 0.0 0.0 0.0 0.0 0.0 0.0 1.0, 
89, 1111111111, 1111111111, 0.9999846402948993, 1.0, 0.0 0.0 0.0 0.0 0.0 0.0 1.0, 
90, 1111111111, 1111111111, 1.0, 1.0, 0.0 0.0 0.0 0.0 0.0 0.0 1.0, 
91, 1111111111, 1111111111, 1.0, 1.0, 0.0 0.0 0.0 0.0 0.0 0.0 1.0, 
92, 1111111111, 1111111111, 1.0, 1.0, 0.0 0.0 0.0 0.0 0.0 0.0 1.0, 
93, 1111111111, 1111111111, 1.0, 1.0, 0.0 0.0 0.0 0.0 0.0 0.0 1.0, 
94, 1111111111, 1111111111, 1.0, 1.0, 0.0 0.0 0.0 0.0 0.0 0.0 1.0, 
95, 1111111111, 1111111111, 1.0, 1.0, 0.0 0.0 0.0 0.0 0.0 0.0 1.0, 
96, 1111111111, 1111111111, 0.9999256488231775, 0.9998760813719624, 0.0 0.0 0.0 0.0 0.0 0.0007435117682256017 0.9992564882317744, 
97, 1111111111, 1111111111, 1.0, 1.0, 0.0 0.0 0.0 0.0 0.0 0.0 1.0, 
98, 1111111111, 1111111111, 1.0, 1.0, 0.0 0.0 0.0 0.0 0.0 0.0 1.0, 
99, 1111111111, 1111111111, 1.0, 1.0, 0.0 0.0 0.0 0.0 0.0 0.0 1.0, 
100, 1111111111, 1111111111, 1.0, 1.0, 0.0 0.0 0.0 0.0 0.0 0.0 1.0, 
run, initial grid state, final grid state, mean grid cell occupancy, mean binding site occupancy, fraction of time with N TFs bound, warning
1, 1111111111, 1111111111, 1.0, 1.0, 0.0 0.0 0.0 0.0 0.0 0.0 1.0, 
2, 1111111111, 1111111111, 1.0, 1.0, 0.0 0.0 0.0 0.0 0.0 0.0 1.0, 
3, 1111111111, 1111111111, 1.0, 1.0, 0.0 0.0 0.0 0.0 0.0 0.0 1.0, 
4, 1111111111, 1111111111, 1.0, 1.0, 0.0 0.0 0.0 0.0 0.0 0.0 1.0, 
5, 1111111111, 1111111111, 1.0, 1.0, 0.0 0.0 0.0 0.0 0.0 0.0 1.0, 
6, 1111111111, 1111111111, 1.0, 1.0, 0.0 0.0 0.0 0.0 0.0 0.0 1.0, 
7, 1111111111, 1111111111, 0.9999316168400434, 1.0000000000000002, 0.0 0.0 0.0 0.0 0.0 0.0 1.0000000000000002, 
8, 1111111111, 1111111111, 1.0, 1.0, 0.0 0.0 0.0 0.0 0.0 0.0 1.0, 
9, 1111111111, 1111111111, 1.0, 1.0, 0.0 0.0 0.0 0.0 0.0 0.0 1.0, 
10, 1111111111, 1111111111, 0.9990306458670272, 0.9999979906795045, 0.0 0.0 0.0 0.0 0.0 1.205592297383717e-05 0.9999879440770262, 
11, 1111111111, 1111111111, 0.9999963793578052, 1.0, 0.0 0.0 0.0 0.0 0.0 0.0 1.0, 
12, 1111111111, 1111111111, 0.9994874160446424, 1.0, 0.0 0.0 0.0 0.0 0.0 0.0 1.0, 
13, 1111111111, 1111111111, 1.0, 1.0, 0.0 0.0 0.0 0.0 0.0 0.0 1.0, 
14, 1111111111, 1111111111, 0.9999325492184682, 1.0000000000000002, 0.0 0.0 0.0 0.0 0.0 0.0 1.0000000000000002, 
15, 1111111111, 1111111111, 0.9976960736767102, 0.9995805642268418, 0.0 0.0 0.0 0.0 0.0009320707405941259 0.0006524731577602454 0.9984154561016456, 
16, 1111111111, 1111111111, 1.0, 1.0, 0.0 0.0 0.0 0.0 0.0 0.0 1.0, 
17, 1111111111, 1111111111, 0.9999972483194606, 1.0, 0.0 0.0 0.0 0.0 0.0 0.0 1.0, 
18, 1111111111, 1111111111, 1.0, 1.0, 0.0 0.0 0.0 0.0 0.0 0.0 1.0, 
19, 1111111111, 1111111111, 1.0, 1.0, 0.0 0.0 0.0 0.0 0.0 0.0 1.0, 
20, 1111111111, 1111111111, 1.0, 1.0, 0.0 0.0 0.0 0.0 0.0 0.0 1.0, 
21, 1111111111, 1111111111, 0.9992427836118847, 0.9999408391611848, 0.0 0.0 0.0 0.0 0.0 0.0003549650328907512 0.9996450349671092, 
22, 1111111111, 1111111111, 1.0, 1.0, 0.0 0.0 0.0 0.0 0.0 0.0 1.0, 
23, 1111111111, 1111111111, 1.0, 1.0, 0.0 0.0 0.0 0.0 0.0 0.0 1.0, 
24, 1111111111, 1111111111, 1.0, 1.0, 0.0 0.0 0.0 0.0 0.0 0.0 1.0, 
25, 1111111111, 1111111111, 1.0, 1.0, 0.0 0.0 0.0 0.0 0.0 0.0 1.0, 
26, 1111111111, 1111111111, 1.0, 1.0, 0.0 0.0 0.0 0.0 0.0 0.0 1.0, 
27, 1111111111, 1111111111, 1.0, 1.0, 0.0 0.0 0.0 0.0 0.0 0.0 1.0, 
28, 1111111111, 1111111111, 1.0, 1.0, 0.0 0.0 0.0 0.0 0.0 0.0 1.0, 
29, 1111111111, 1111111111, 1.0, 1.0, 0.0 0.0 0.0 0.0 0.0 0.0 1.0, 
30, 1111111111, 1111111111, 1.0, 1.0, 0.0 0.0 0.0 0.0 0.0 0.0 1.0, 
31, 1111111111, 1111111111, 0.9975975316900852, 0.9999796977918533, 0.0 0.0 0.0 0.0 0.0 0.00012181324888064746 0.9998781867511194, 
32, 1111111111, 1111111111, 1.0, 1.0, 0.0 0.0 0.0 0.0 0.0 0.0 1.0, 
33, 1111111111, 1111111111, 1.0, 1.0, 0.0 0.0 0.0 0.0 0.0 0.0 1.0, 
34, 1111111111, 1111111111, 1.0, 1.0, 0.0 0.0 0.0 0.0 0.0 0.0 1.0, 
35, 1111111111, 1111111111, 1.0, 1.0, 0.0 0.0 0.0 0.0 0.0 0.0 1.0, 
36, 1111111111, 1111111111, 0.9992272278228155, 0.9998655860107966, 0.0 0.0 0.0 0.0 0.0 0.0008064839352208091 0.9991935160647792, 
37, 1111111111, 1111111111, 0.9998910528220719, 1.0, 0.0 0.0 0.0 0.0 0.0 0.0 1.0, 
38, 1111111111, 1111111111, 1.0, 1.0, 0.0 0.0 0.0 0.0 0.0 0.0 1.0, 
39, 1111111111, 1111111111, 1.0, 1.0, 0.0 0.0 0.0 0.0 0.0 0.0 1.0, 
40, 1111111111, 1111111111, 1.0, 1.0, 0.0 0.0 0.0 0.0 0.0 0.0 1.0, 
41, 1111111111, 1111111111, 1.0, 1.0, 0.0 0.0 0.0 0.0 0.0 0.0 1.0, 
42, 1111111111, 1111111111, 1.0, 1.0, 0.0 0.0 0.0 0.0 0.0 0.0 1.0, 
43, 1111111111, 1111111111, 1.0, 1.0, 0.0 0.0 0.0 0.0 0.0 0.0 1.0, 
44, 1111111111, 1111111111, 1.0, 1.0, 0.0 0.0 0.0 0.0 0.0 0.0 1.0, 
45, 1111111111, 1111111111, 1.0, 1.0, 0.0 0.0 0.0 0.0 0.0 0.0 1.0, 
46, 1111111111, 1111111111, 1.0, 1.0, 0.0 0.0 0.0 0.0 0.0 0.0 1.0, 
47, 1111111111, 1111111111, 1.0, 1.0, 0.0 0.0 0.0 0.0 0.0 0.0 1.0, 
48, 1111111111, 1111111111, 0.9982310029226727, 1.0, 0.0 0.0 0.0 0.0 0.0 0.0 1.0, 
49, 1111111111, 1111111111, 1.0, 1.0, 0.0 0.0 0.0 0.0 0.0 0.0 1.0, 
50, 1111111111, 1111111111, 1.0, 1.0, 0.0 0.0 0.0 0.0 0.0 0.0 1.0, 
51, 1111111111, 1111111111, 0.9986653953909439, 0.9999294456103092, 0.0 0.0 0.0 0.0 0.00018114949080535341 6.102735653423127e-05 0.9997578231526604, 
52, 1111111111, 1111111111, 1.0, 1.0, 0.0 0.0 0.0 0.0 0.0 0.0 1.0, 
53, 1111111111, 1111111111, 1.0, 1.0, 0.0 0.0 0.0 0.0 0.0 0.0 1.0, 
54, 1111111111, 1111111111, 1.0, 1.0, 0.0 0.0 0.0 0.0 0.0 0.0 1.0, 
55, 1111111111, 1111111111, 1.0, 1.0, 0.0 0.0 0.0 0.0 0.0 0.0 1.0, 
56, 1111111111, 1111111111, 1.0, 1.0, 0.0 0.0 0.0 0.0 0.0 0.0 1.0, 
57, 1111111111, 1111111111, 1.0, 1.0, 0.0 0.0 0.0 0.0 0.0 0.0 1.0, 
58, 1111111111, 1111111111, 1.0, 1.0, 0.0 0.0 0.0 0.0 0.0 0.0 1.0, 
59, 1111111111, 1111111111, 1.0, 1.0, 0.0 0.0 0.0 0.0 0.0 0.0 1.0, 
60, 1111111111, 1111111111, 1.0, 1.0, 0.0 0.0 0.0 0.0 0.0 0.0 1.0, 
61, 1111111111, 1111111111, 1.0, 1.0, 0.0 0.0 0.0 0.0 0.0 0.0 1.0, 
62, 1111111111, 1111111111, 1.0, 1.0, 0.0 0.0 0.0 0.0 0.0 0.0 1.0, 
63, 1111111111, 1111111111, 0.9982231209634894, 1.0, 0.0 0.0 0.0 0.0 0.0 0.0 1.0, 
64, 1111111111, 1111111111, 1.0, 1.0, 0.0 0.0 0.0 0.0 0.0 0.0 1.0, 
65, 1111111111, 1111111111, 1.0, 1.0, 0.0 0.0 0.0 0.0 0.0 0.0 1.0, 
66, 1111111111, 1111111111, 0.9966547439192152, 0.9996381885702741, 0.0 0.0 0.0 0.0 0.0003420422451714674 0.001486784088012661 0.9981711736668157, 
67, 1111111111, 1111111111, 1.0, 1.0, 0.0 0.0 0.0 0.0 0.0 0.0 1.0, 
68, 1111111111, 1111111111, 1.0, 1.0, 0.0 0.0 0.0 0.0 0.0 0.0 1.0, 
69, 1111111111, 1111111111, 1.0, 1.0, 0.0 0.0 0.0 0.0 0.0 0.0 1.0, 
70, 1111111111, 1111111111, 0.9941834801481788, 0.9996146781034856, 0.0 0.0 0.0 0.0 0.0 0.0023119313790870843 0.9976880686209131, 
71, 1111111111, 1111111111, 1.0, 1.0, 0.0 0.0 0.0 0.0 0.0 0.0 1.0, 
72, 1111111111, 1111111111, 1.0, 1.0, 0.0 0.0 0.0 0.0 0.0 0.0 1.0, 
73, 1111111111, 1111111111, 1.0, 1.0, 0.0 0.0 0.0 0.0 0.0 0.0 1.0, 
74, 1111111111, 1111111111, 0.9943381800090929, 0.9994867988275251, 0.0 0.0 0.0 0.0 0.00034320114795219326 0.0023928047389445983 0.9972639941131032, 
75, 1111111111, 1111111111, 1.0, 1.0, 0.0 0.0 0.0 0.0 0.0 0.0 1.0, 
76, 1111111111, 1111111111, 1.0, 1.0, 0.0 0.0 0.0 0.0 0.0 0.0 1.0, 
77, 1111111111, 1111111111, 1.0, 1.0, 0.0 0.0 0.0 0.0 0.0 0.0 1.0, 
78, 1111111111, 1111111111, 1.0, 1.0, 0.0 0.0 0.0 0.0 0.0 0.0 1.0, 
79, 1111111111, 1111111111, 1.0, 1.0, 0.0 0.0 0.0 0.0 0.0 0.0 1.0, 
80, 1111111111, 1111111111, 1.0, 1.0, 0.0 0.0 0.0 0.0 0.0 0.0 1.0, 
81, 1111111111, 1111111111, 1.0, 1.0, 0.0 0.0 0.0 0.0 0.0 0.0 1.0, 
82, 1111111111, 1111111111, 1.0, 1.0, 0.0 0.0 0.0 0.0 0.0 0.0 1.0, 
83, 1111111111, 1111111111, 1.0, 1.0, 0.0 0.0 0.0 0.0 0.0 0.0 1.0, 
84, 1111111111, 1111111111, 1.0, 1.0, 0.0 0.0 0.0 0.0 0.0 0.0 1.0, 
85, 1111111111, 1111111111, 0.9999482176104898, 1.0, 0.0 0.0 0.0 0.0 0.0 0.0 1.0, 
86, 1111111111, 1111111111, 1.0, 1.0, 0.0 0.0 0.0 0.0 0.0 0.0 1.0, 
87, 1111111111, 1111111111, 1.0, 1.0, 0.0 0.0 0.0 0.0 0.0 0.0 1.0, 
88, 1111111111, 1111111111, 1.0, 1.0, 0.0 0.0 0.0 0.0 0.0 0.0 1.0, 
89, 1111111111, 1111111111, 1.0, 1.0, 0.0 0.0 0.0 0.0 0.0 0.0 1.0, 
90, 1111111111, 1111111111, 1.0, 1.0, 0.0 0.0 0.0 0.0 0.0 0.0 1.0, 
91, 1111111111, 1111111111, 1.0, 1.0, 0.0 0.0 0.0 0.0 0.0 0.0 1.0, 
92, 1111111111, 1111111111, 1.0, 1.0, 0.0 0.0 0.0 0.0 0.0 0.0 1.0, 
93, 1111111111, 1111111111, 1.0, 1.0, 0.0 0.0 0.0 0.0 0.0 0.0 1.0, 
94, 1111111111, 1111111111, 1.0, 1.0, 0.0 0.0 0.0 0.0 0.0 0.0 1.0, 
95, 1111111111, 1111111111, 1.0, 1.0, 0.0 0.0 0.0 0.0 0.0 0.0 1.0, 
96, 1111111111, 1111111111, 1.0, 1.0, 0.0 0.0 0.0 0.0 0.0 0.0 1.0, 
97, 1111111111, 1111111111, 1.0, 1.0, 0.0 0.0 0.0 0.0 0.0 0.0 1.0, 
98, 1111111111, 1111111111, 1.0, 1.0, 0.0 0.0 0.0 0.0 0.0 0.0 1.0, 
99, 1111111111, 1111111111, 0.9988936505386848, 0.9998194679600828, 0.0 0.0 0.0 0.0 0.0 0.0010831922395030656 0.998916807760497, 
100, 1111111111, 1111111111, 1.0, 1.0, 0.0 0.0 0.0 0.0 0.0 0.0 1.0, 
