run, initial grid state, final grid state, mean grid cell occupancy, mean binding site occupancy, fraction of time with N TFs bound, warning
1, 111111, 111111, 0.9852435659429645, 0.9852435659429645, 0.0 0.0 0.0 0.00012042446343771047 0.005124102965636181 0.07792912502062743 0.9168263475502987, 
2, 111111, 011110, 0.9852112867568376, 0.9852112867568376, 0.0 0.0 0.0 0.0002867217799804324 0.00574343963721838 0.07638523484459676 0.9175846037382044, 
3, 111111, 111111, 0.985386023729137, 0.985386023729137, 0.0 0.0 3.520233875791231e-05 0.0003382789594187339 0.004209868084443405 0.07810847522300333 0.9173081753943766, 
4, 111111, 111111, 0.9852660326268239, 0.9852660326268239, 0.0 0.0 0.0 6.147082349196785e-05 0.004524450137789614 0.07917049149300155 0.9162435875457169, 
5, 111111, 111111, 0.9860874195181349, 0.9860874195181349, 0.0 0.0 0.0 0.00020893420005264733 0.004241788472586827 0.07436510334585819 0.9211841739815023, 
6, 111111, 111111, 0.9836525340191075, 0.9836525340191075, 0.0 0.0 0.0 0.00043140461562440506 0.006022428480278373 0.08474572507792512 0.9088004418261721, 
7, 111111, 111111, 0.9865441214395928, 0.9865441214395928, 0.0 0.0 0.0 9.243382749239603e-05 0.003694851421319828 0.07306826703732568 0.9231444477138621, 
8, 111111, 111111, 0.9847990636333878, 0.9847990636333878, 0.0 0.0 0.0 0.00021617501151976128 0.003882244831558941 0.08279260350199609 0.9131089766549253, 
9, 111111, 111111, 0.9869107795332851, 0.9869107795332851, 0.0 0.0 0.0 0.00016997429420327856 0.003851720873078957 0.0703219581715219 0.9256563466611959, 
10, 111111, 111111, 0.9849143433751587, 0.9849143433751587, 0.0 0.0 1.542292006640207e-05 0.0007285301550611427 0.0051703134697161915 0.07792603066416721 0.9161597027909891, 
11, 111111, 111111, 0.9856787647141906, 0.9856787647141906, 0.0 0.0 0.0 0.0002594144833968083 0.004732648542667747 0.07568387117933048 0.919324065794605, 
12, 111111, 111111, 0.9856588627850104, 0.9856588627850104, 0.0 0.0 0.0 0.0004463339015171357 0.003333536427260843 0.07804074873086468 0.9181793809403573, 
13, 111111, 111110, 0.9845281239635235, 0.9845281239635235, 0.0 0.0 9.884192101501282e-06 0.0002571098307314373 0.0044614966438525595 0.08309739667055323 0.9121741126627613, 
14, 111111, 111111, 0.9849197074961278, 0.9849197074961278, 0.0 0.0 0.0 0.00012868214700227691 0.004122709868998628 0.08185028884422871 0.9138983191397705, 
15, 111111, 111111, 0.9855469653691824, 0.9855469653691824, 0.0 0.0 0.0 0.0 0.003377582573098987 0.0799630426387073 0.9166593747881937, 
16, 111111, 111111, 0.9865719063022379, 0.9865719063022379, 0.0 0.0 0.0 2.3614013405981516e-05 0.003340334157293545 0.07381705183176795 0.9228189999975325, 
17, 111111, 111111, 0.984659730290121, 0.984659730290121, 0.0 0.0 0.0 0.00011599872994377498 0.004850253501656282 0.08199311506613066 0.9130406327022692, 
18, 111111, 111111, 0.9843758784087208, 0.9843758784087208, 0.0 0.0 0.0 0.0003367139637586048 0.006426224378447589 0.07988213889950455 0.9133549227582892, 
19, 111111, 111111, 0.9851166608505498, 0.9851166608505498, 0.0 0.0 0.0 0.00025426026728073755 0.004694587188582432 0.07914807971769335 0.9159030728264436, 
20, 111111, 111111, 0.98695988194043, 0.98695988194043, 0.0 0.0 0.0 0.0003069429686789285 0.0040517419825800965 0.06921639548622333 0.9264249195625177, 
21, 111111, 111111, 0.9865269986081288, 0.9865269986081288, 0.0 0.0 0.0 8.305379496756054e-05 0.003863222348575084 0.07286240226917388 0.9231913215872833, 
22, 111111, 111111, 0.985383941238158, 0.985383941238158, 0.0 0.0 0.0 2.1104737001033054e-05 0.0034883012793404285 0.08065643580136715 0.9158341581822914, 
23, 111111, 111111, 0.985513811473964, 0.985513811473964, 0.0 0.0 0.0 0.00036714150878906245 0.004201249909079586 0.07741320681168971 0.9180184017704417, 
24, 111111, 111111, 0.9861891240678154, 0.9861891240678154, 0.0 0.0 0.0 0.00017453860211837858 0.003829428108984991 0.07468278356878223 0.9213132497201144, 
25, 111111, 111111, 0.9862716092042931, 0.9862716092042931, 0.0 0.0 0.0 0.00032603615978757535 0.004899587992476104 0.07159306030992603 0.9231813155378102, 
26, 111111, 111111, 0.9857019553732208, 0.9857019553732208, 0.0 0.0 0.0 0.0003131566059352954 0.004636106555402612 0.07557658483206424 0.9194741520065979, 
27, 111111, 111111, 0.9853459304499407, 0.9853459304499407, 0.0 0.0 0.00011845438625518764 0.00031737496095105293 0.004416573410302517 0.077665328051877 0.9174822691906143, 
28, 111111, 111111, 0.9850422172324599, 0.9850422172324599, 0.0 0.0 0.0 0.00033925580566800774 0.004649711042542911 0.07942950710315125 0.915581526048638, 
29, 111111, 111111, 0.9858827689990409, 0.9858827689990409, 0.0 0.0 0.0 7.1497821182296385e-06 0.004112115684466603 0.07645770529046646 0.9194230292429487, 
30, 111111, 111111, 0.98564645976819, 0.98564645976819, 0.0 0.0 0.0 0.00013030756566686288 0.003421051618972236 0.07888821545591557 0.9175604253594453, 
31, 111111, 111111, 0.9838783730122724, 0.9838783730122724, 0.0 0.0 0.0 0.00014323053159055255 0.004280752964558311 0.08773856440247689 0.9078374521013742, 
32, 111111, 111111, 0.9851775580188044, 0.9851775580188044, 0.0 0.0 0.0 5.1936648096697666e-05 0.004470395927847441 0.07983805008718836 0.9156396173368675, 
33, 111111, 111110, 0.9866620994406825, 0.9866620994406825, 0.0 0.0 0.0 6.690622077101752e-06 0.004813261069241288 0.07038080935119106 0.9247992389574906, 
34, 111111, 111111, 0.9859689140966496, 0.9859689140966496, 0.0 0.0 0.0 0.00014404120363076527 0.005106814631225587 0.07354076254675887 0.9212083816183848, 
35, 111111, 111111, 0.9868974820158962, 0.9868974820158962, 0.0 0.0 0.0 9.93284073606843e-05 0.003607448704172901 0.0711022252741946 0.9251909976142718, 
36, 111111, 111111, 0.9855235914076989, 0.9855235914076989, 0.0 0.0 0.0 1.685682700066339e-05 0.004177392870674722 0.07845309533145524 0.9173526549708695, 
37, 011111, 111111, 0.9860694115319816, 0.9860694115319816, 0.0 0.0 0.0 0.00011928407195863269 0.0030730158053987994 0.07707964698143747 0.9197280531412051, 
38, 111111, 111111, 0.9864661762636504, 0.9864661762636504, 0.0 0.0 0.0 0.00015061602102853 0.004195697141968498 0.07235970007107591 0.923293986765927, 
39, 111111, 111111, 0.9870594898604933, 0.9870594898604933, 0.0 0.0 0.0 0.0003176915316763804 0.0032979138831761034 0.0700941584756592 0.9262902361094882, 
40, 111111, 111011, 0.9850076718020317, 0.9850076718020317, 0.0 0.0 0.0 0.0002783244101073025 0.006015157807117159 0.07708868034325324 0.9166178374395223, 
41, 111111, 111111, 0.9857103498693758, 0.9857103498693758, 0.0 0.0 0.0 0.0 0.004248313824225774 0.07724127313529362 0.9185104130404805, 
42, 111111, 111111, 0.984127707469408, 0.984127707469408, 0.0 0.0 0.0 0.0002097703893944195 0.006493592584086755 0.0816172588471947 0.9116793781793241, 
43, 111111, 111111, 0.9866287710660728, 0.9866287710660728, 0.0 0.0 2.44297212148848e-05 0.0003466345489550204 0.003467947923929657 0.07215385522397975 0.9240071325819208, 
44, 111111, 111111, 0.9853154682629192, 0.9853154682629192, 0.0 0.0 0.000170895465514745 0.00023184728158585015 0.003803332251149496 0.07912140221337012 0.9166725227883797, 
45, 111111, 111111, 0.9850970691009429, 0.9850970691009429, 0.0 0.0 0.0 0.00022316469354305947 0.005733257960877262 0.0772815753919597 0.9167620019536199, 
46, 111111, 111111, 0.9848779155338949, 0.9848779155338949, 0.0 0.0 0.0 0.0002840953803340594 0.00458611391059081 0.0807079928344458 0.9144217978746293, 
47, 111111, 111111, 0.9860948808879871, 0.9860948808879871, 0.0 0.0 0.0 0.00012953621684403646 0.005467588320774572 0.07210692937999534 0.922295946082386, 
48, 101111, 111110, 0.9866438924134477, 0.9866438924134477, 0.0 0.0 0.0 0.00020848522053349406 0.003178030764156203 0.07315512832940141 0.923458355685909, 
49, 111111, 111111, 0.9859537194412913, 0.9859537194412913, 0.0 0.0 0.0 0.0003924789979260592 0.004184165328186058 0.07473191570210244 0.9206914399717855, 
50, 111111, 111111, 0.9851289667168841, 0.9851289667168841, 0.0 0.0 0.0 1.0447255256630125e-05 0.004260056909955446 0.08067474411301397 0.915054751721774, 
51, 111111, 111110, 0.9854861486264651, 0.9854861486264651, 0.0 0.0 0.0 9.566795499063672e-05 0.004633656036537482 0.07752879230316236 0.9177418837053096, 
52, 111111, 111111, 0.986058463293365, 0.986058463293365, 0.0 0.0 0.0 0.00011329652702104476 0.00427283396498436 0.07476366272877877 0.9208502067792158, 
53, 111111, 111111, 0.9835707531357069, 0.9835707531357069, 0.0 0.0 0.0 0.0005338172786978312 0.004996917579920928 0.08698019418982385 0.9074890709515574, 
54, 111111, 111111, 0.9854855879667949, 0.9854855879667949, 0.0 0.0 0.0 9.832118920287915e-05 0.003784456545169964 0.07922259554128215 0.916894626724345, 
55, 111111, 111111, 0.9858070774917087, 0.9858070774917087, 0.0 0.0 0.0 0.00031660889944008417 0.004301906564313935 0.07560389522280014 0.9197775893134459, 
56, 111111, 111111, 0.9858302358915149, 0.9858302358915149, 0.0 0.0 0.0 4.4479416909728724e-05 0.0034834563542583473 0.07791823369166533 0.9185538305371667, 
57, 111111, 111111, 0.9843207742930808, 0.9843207742930808, 0.0 0.0 0.0 0.00017594156247439837 0.004481310912193137 0.08458490772970502 0.9107578397956275, 
58, 111111, 111111, 0.9850397165369272, 0.9850397165369272, 0.0 0.0 2.6909594544683182e-05 0.00021580437079282033 0.005046805016664741 0.07891303925455063 0.9157974417634471, 
59, 111110, 111111, 0.9873420901579518, 0.9873420901579518, 0.0 0.0 0.0 6.809965937214238e-05 0.004025684345120503 0.06769179138393129 0.9282144246115761, 
60, 111111, 111111, 0.9861030868143669, 0.9861030868143669, 0.0 0.0 0.0 7.285921604045799e-05 0.004682153234785532 0.07379859499610611 0.921446392553068, 
61, 111111, 111111, 0.9853356360143869, 0.9853356360143869, 0.0 0.0 3.646214009807223e-06 0.000201400864578599 0.005103900928400476 0.07715959460710278 0.9175314573859084, 
62, 111111, 111111, 0.9869403690972356, 0.9869403690972356, 0.0 0.0 0.0 5.168652031955264e-05 0.003316802641509675 0.07156912057260827 0.9250623902655626, 
63, 111111, 111111, 0.9839385441493558, 0.9839385441493558, 0.0 0.0 0.0 0.0001884464574898992 0.004238491228784678 0.08732641327382583 0.9082466490398996, 
64, 111111, 111111, 0.9845420829778988, 0.9845420829778988, 0.0 0.0 2.9118056863773433e-05 0.000160844338621412 0.004814366157213243 0.08251976457486106 0.9124759068724404, 
65, 111111, 111111, 0.9851473732150077, 0.9851473732150077, 0.0 0.0 0.0 5.779245855717431e-05 0.005813335237611462 0.07731571285905882 0.9168131594447725, 
66, 111111, 111111, 0.9869856593518325, 0.9869856593518325, 0.0 0.0 0.0 0.0004535632846864632 0.002453560232682689 0.07181823356958122 0.9252746429130496, 
67, 111111, 011111, 0.9870799428512913, 0.9870799428512913, 0.0 0.0 0.0 7.884942114648364e-05 0.0031767787959942006 0.0709302370368241 0.9258141347460352, 
68, 111111, 111111, 0.9854066653417326, 0.9854066653417326, 0.0 0.0 0.0 0.0 0.0037508594833060597 0.08005828898299185 0.916190851533702, 
69, 111111, 111111, 0.9850423307916376, 0.9850423307916376, 0.0 0.0 0.0 0.00022583982640563907 0.0031996744499922453 0.08266914687097295 0.9139053388526291, 
70, 111111, 111110, 0.9851014996321648, 0.9851014996321648, 0.0 0.0 8.246146050166516e-05 0.0002053232853859379 0.005271826319141987 0.07790153387056213 0.9165388550644084, 
71, 111111, 111111, 0.9850624260165325, 0.9850624260165325, 0.0 0.0 0.0 0.0002861996188787051 0.004977539627588036 0.07881176578899286 0.9159244949645403, 
72, 111111, 111111, 0.9853478533782178, 0.9853478533782178, 0.0 0.0 0.0 1.6289284259691123e-05 0.003086428566987835 0.08169115474393865 0.9152061274048139, 
73, 111111, 111111, 0.9859482674549757, 0.9859482674549757, 0.0 0.0 0.0 0.0005520707489496185 0.0042074900137176185 0.07423920299586168 0.9210012362414711, 
74, 111111, 111111, 0.9856668484348385, 0.9856668484348385, 0.0 0.0 0.0 0.00017756362937924405 0.004343629293286039 0.07677895991625854 0.9186998471610762, 
75, 111111, 111111, 0.9862027252645114, 0.9862027252645114, 0.0 0.0 0.0 7.193937832021996e-05 0.004116189591993291 0.07433545109398428 0.9214764199357022, 
76, 111111, 111111, 0.9849281745350534, 0.9849281745350534, 0.0 0.0 0.00010865696942840303 0.0006967708063176984 0.00423176446879863 0.07944248355541526 0.9155203242000399, 
77, 111111, 111111, 0.9847523050695034, 0.9847523050695034, 0.0 0.0 0.0 4.3444191719180055e-05 0.00456808139979392 0.08221967420823403 0.9131688002002529, 
78, 111110, 111111, 0.981955606218862, 0.981955606218862, 0.0 0.0 0.0 0.0001220219947990633 0.005162104131227444 0.09757608843997621 0.8971397854339973, 
79, 110111, 111111, 0.9880215223842292, 0.9880215223842292, 0.0 0.0 0.0 1.9252069400719232e-05 0.0023283301648360064 0.06715644915675023 0.930495968609013, 
80, 111111, 111111, 0.9868748643380097, 0.9868748643380097, 0.0 0.0 0.0 0.0004905314338088035 0.0021613182756909763 0.07295658311913379 0.9243915671713665, 
81, 111111, 111111, 0.9844894286508937, 0.9844894286508937, 0.0 0.0 0.0 0.0002712326260664349 0.0046990852132215806 0.08285155978999521 0.9121781223707167, 
82, 111111, 111111, 0.9853410219425054, 0.9853410219425054, 0.0 0.0 0.00016107466834091002 0.0003770623682171957 0.005287328318511503 0.07560372592992927 0.9185708087150012, 
83, 111111, 111111, 0.9867736167081546, 0.9867736167081546, 0.0 0.0 0.0 0.00017961765291492143 0.003112147893842966 0.07259515100464135 0.9241130834486007, 
84, 011111, 111111, 0.9857798937721645, 0.9857798937721645, 0.0 0.0 0.0 0.00012783375817242121 0.003233623203520663 0.0784698896854547 0.9181686533528522, 
85, 111111, 111111, 0.9872096078270344, 0.9872096078270344, 0.0 0.0 0.0 9.95997540610248e-05 0.0031610991549139147 0.07012135546578287 0.9266179456252421, 
86, 111111, 111111, 0.9859759060429332, 0.9859759060429332, 0.0 0.0 0.0 0.00013777573010050114 0.004147704484536988 0.07543582758302593 0.9202786922023366, 
87, 111111, 111111, 0.9865544227809037, 0.9865544227809037, 0.0 0.0 0.0 0.00011605843656233377 0.00257131199578943 0.07518266401331214 0.922129965554336, 
88, 111111, 111111, 0.9868321405664563, 0.9868321405664563, 0.0 0.0 0.0 2.9869221139294757e-05 0.0023046465704545023 0.07430825579693572 0.9233572284114705, 
89, 111111, 111111, 0.9851600610037642, 0.9851600610037642, 0.0 0.0 0.0 0.0 0.0024497913648851596 0.08414005124764518 0.9134101573874698, 
90, 111111, 111111, 0.9870072964985103, 0.9870072964985103, 0.0 0.0 0.0 0.00046700247772869606 0.0025901106924969774 0.07137499219075827 0.925567894639016, 
91, 111111, 111111, 0.9869962261405215, 0.9869962261405215, 0.0 0.0 0.0 0.0 0.0030646125261178324 0.07189341810463493 0.9250419693692472, 
92, 111111, 111111, 0.9856959079117233, 0.9856959079117233, 0.0 0.0 0.0 0.00019488063246562366 0.0036438075558695407 0.07795229552052406 0.9182090162911407, 
93, 111111, 111011, 0.9858357421347681, 0.9858357421347681, 0.0 0.0 0.0001229585899248577 0.00010882800352088041 0.004301337704556426 0.07556455341201616 0.9199023222899817, 
94, 111111, 111111, 0.986384621879851, 0.986384621879851, 0.0 0.0 0.0 1.8297051942689077e-05 0.0036769625276793817 0.07428345250970747 0.9220212879106704, 
95, 111111, 111111, 0.9869037856575874, 0.9869037856575874, 0.0 0.0 0.0 1.9138579523336317e-05 0.002874280257418851 0.07277130980106787 0.9243352713619899, 
96, 111111, 011111, 0.9864324544638443, 0.9864324544638443, 0.0 0.0 0.0 0.0001656974112594837 0.004457524008544873 0.0719931329660654 0.9233836456141303, 
97, 111110, 111111, 0.9847752813923254, 0.9847752813923254, 0.0 0.0 0.0 0.00011283944030165672 0.0057679908351387236 0.07947381165486489 0.9146453580696947, 
98, 111111, 111111, 0.9860205801435729, 0.9860205801435729, 0.0 0.0 0.0 9.534659883561588e-05 0.0049788163186485455 0.0736328467047587 0.9212929903777571, 
99, 111111, 111111, 0.9846722247354915, 0.9846722247354915, 0.0 0.0 0.0 0.00035896535117881367 0.004278300976673251 0.08233315358016768 0.9130295800919803, 
100, 111111, 111111, 0.9843169371577116, 0.9843169371577116, 0.0 0.0 0.00018719688174037704 0.0003815731484523841 0.004807603558214657 0.08258966296498214 0.9120339634466105, 
run, initial grid state, final grid state, mean grid cell occupancy, mean binding site occupancy, fraction of time with N TFs bound, warning
1, 111111, 111111, 0.9852656387524131, 0.9852656387524131, 0.0 0.0 0.0 0.00025082707435108363 0.004091696549081609 0.07947029316430475 0.9161871832122626, 
2, 111111, 111111, 0.9863473373441227, 0.9863473373441227, 0.0 0.0 0.0 4.5257101125944225e-05 0.0036577567010274738 0.07446469122983117 0.9218322949680154, 
3, 111110, 111111, 0.9869048120275733, 0.9869048120275733, 0.0 0.0 0.0 0.00038195319084022723 0.0027907818175671247 0.0718437046269052 0.9249835603646874, 
4, 111111, 111110, 0.9868003983649085, 0.9868003983649085, 0.0 0.0 0.0 8.974105371395746e-05 0.0036132525801859817 0.07170188148903568 0.9245951248770644, 
5, 111111, 111111, 0.9851729917182828, 0.9851729917182828, 0.0 0.0 0.0 0.00010135967466323148 0.004515245940606952 0.07962747878509994 0.9157559155996299, 
6, 111111, 111111, 0.9834861140267636, 0.9834861140267636, 0.0 0.0 7.835021681717463e-05 0.00010870785560172227 0.0052434534011764665 0.08795688460299199 0.9066126039234126, 
7, 111111, 111111, 0.9856970146016578, 0.9856970146016578, 0.0 0.0 4.7674998735998354e-05 0.00040638436387628314 0.004753970609251766 0.07490011808497589 0.9198918519431601, 
8, 111111, 111111, 0.9859455576661581, 0.9859455576661581, 0.0 0.0 0.0 0.0002660653820472388 0.002877922563534882 0.07777261272984044 0.9190833993245774, 
9, 111111, 111111, 0.9854489780600096, 0.9854489780600096, 0.0 0.0 0.0 1.2209405478125525e-05 0.004298462353128096 0.07867257871725211 0.9170167495241416, 
10, 111111, 111111, 0.984011699936887, 0.984011699936887, 0.0 0.0 0.0 1.3927210196540468e-05 0.0033594016304757195 0.08916921548713709 0.9074574556721906, 
11, 111111, 111111, 0.9864251719796233, 0.9864251719796233, 0.0 0.0 0.0 9.458712711674826e-05 0.0041434709504633155 0.07287826483998343 0.9228836770824366, 
12, 111111, 111111, 0.9869896554814508, 0.9869896554814508, 0.0 0.0 0.0 0.00041713402978383354 0.004212137275074865 0.06838639047179397 0.9269843382233474, 
13, 111111, 111111, 0.9849027451931561, 0.9849027451931561, 0.0 0.0 3.4851024232478365e-05 0.0002564060015958263 0.00434653117420095 0.080981844390944 0.9143803674090267, 
14, 111111, 111111, 0.9865340836137154, 0.9865340836137154, 0.0 0.0 6.283752078442346e-05 1.9263119721902265e-05 0.003761396208681648 0.0729635664580408 0.9231929366927712, 
15, 111111, 111111, 0.9848236599883343, 0.9848236599883343, 0.0 0.0 0.0 0.0006950401209735586 0.005978973918549894 0.07701497186997418 0.9163110140905024, 
16, 111111, 111111, 0.9854618050286473, 0.9854618050286473, 0.0 0.0 0.0 8.455143798689046e-05 0.0054106933199710265 0.07615412887421315 0.9183506263678288, 
17, 111111, 111111, 0.9840297174567678, 0.9840297174567678, 0.0 0.0 0.0 6.842421821091855e-05 0.004533309704777495 0.08654980319520568 0.9088484628818059, 
18, 111111, 111111, 0.9840954764615312, 0.9840954764615312, 0.0 0.0 0.0 6.712838404462451e-06 0.005508262542629064 0.08439047763034149 0.910094546988625, 
19, 111111, 111111, 0.9870131635162356, 0.9870131635162356, 0.0 0.0 2.9727098128909155e-05 0.0003785882019658883 0.0029563196391918295 0.07075370662578927 0.9258816584349241, 
20, 111110, 111111, 0.9844615507208296, 0.9844615507208296, 0.0 0.0 0.0 0.00014683006672835773 0.004530822348927642 0.08372856077698146 0.9115937868073626, 
21, 111111, 111111, 0.9845358260460764, 0.9845358260460764, 0.0 0.0 0.0 0.00020439156789387974 0.005127855834940799 0.08191615734997912 0.9127515952471862, 
22, 111111, 111111, 0.9868646231379701, 0.9868646231379701, 0.0 0.0 0.0 8.13879008183025e-05 0.004273752324424882 0.07002059282087501 0.9256242669538818, 
23, 111111, 111111, 0.9867306990481233, 0.9867306990481233, 0.0 0.0 0.0 6.364885772994585e-05 0.00318579537024251 0.07305326839758529 0.9236972873744422, 
24, 111111, 111111, 0.9848575639997917, 0.9848575639997917, 0.0 0.0 0.0 0.00015297820252577462 0.0044365498050552244 0.08152258178356218 0.9138878902088569, 
25, 111111, 111111, 0.9854287713580279, 0.9854287713580279, 0.0 0.0 0.0 0.00019095853124856946 0.004721953923918421 0.07741058841024999 0.9176764991345829, 
26, 111111, 111111, 0.9862389346985353, 0.9862389346985353, 0.0 0.0 0.0 7.495576892228353e-05 0.003536277403239572 0.07526896969554264 0.9211197971322955, 
27, 111111, 111111, 0.9867246886689837, 0.9867246886689837, 0.0 0.0 0.0 0.000401580375614741 0.004143815922953465 0.07015949501334662 0.9252951086880852, 
28, 111111, 111111, 0.9851696950653825, 0.9851696950653825, 0.0 0.0 0.0 1.305771183150155e-05 0.0055686610022073054 0.07780533446779553 0.9166129468181656, 
29, 111111, 111111, 0.9852653387800672, 0.9852653387800672, 0.0 0.0 0.0 0.00019536951742889623 0.004777345723823074 0.07826716731966392 0.9167601174390841, 
30, 111111, 111111, 0.9845709442910447, 0.9845709442910447, 0.0 0.0 0.0 2.839883222591309e-05 0.003849402380789255 0.0847903329954752 0.9113318657915096, 
31, 111111, 111111, 0.986638926947624, 0.986638926947624, 0.0 0.0 0.0 0.0 0.002857716191781234 0.07445100593069343 0.9226912778775253, 
32, 111111, 111111, 0.9860618871138488, 0.9860618871138488, 0.0 0.0 0.0 0.00037926224657705847 0.004069798069198238 0.07435129443878 0.9211996452454446, 
33, 111111, 111111, 0.9843709058544203, 0.9843709058544203, 0.0 0.0 0.0 0.0001480400476901304 0.005550900307309577 0.08222864411578838 0.9120724155292119, 
34, 111111, 111111, 0.9840134423734805, 0.9840134423734805, 0.0 0.0 0.0 3.264610819527081e-05 0.005991009547473546 0.08383938833958392 0.9101369560047473, 
35, 111111, 111111, 0.9855285708100916, 0.9855285708100916, 0.0 0.0 0.0 0.0004657774190264656 0.005304603504849338 0.07482203587267255 0.9194075832034516, 
36, 111111, 111111, 0.9848450596347653, 0.9848450596347653, 0.0 0.0 0.0 3.9072665988150094e-05 0.004318860298844462 0.08217470359575417 0.9134673634394131, 
37, 111111, 111111, 0.9866419694993367, 0.9866419694993367, 0.0 0.0 0.0 0.00010070657202118917 0.004251502579407706 0.07134305812910037 0.9243047327194708, 
38, 111111, 111111, 0.9850433405386217, 0.9850433405386217, 0.0 0.0 0.0 0.0006038512241215471 0.005044685140649949 0.07783903281460502 0.9165124308206235, 
39, 111111, 111111, 0.9852682382778093, 0.9852682382778093, 0.0 0.0 0.0 0.0002710480798715211 0.005290433702632579 0.0769965586882647 0.9174419595292312, 
40, 111111, 111111, 0.9855222190885322, 0.9855222190885322, 0.0 0.0 3.949602885660671e-05 0.0004312452762413592 0.006719194360033035 0.07197657680458983 0.9208334875302792, 
41, 111111, 111111, 0.9857430509402676, 0.9857430509402676, 0.0 0.0 0.0 0.0 0.0035531560439824336 0.07843538227043018 0.9180114616855874, 
42, 111111, 111111, 0.9856414447516286, 0.9856414447516286, 0.0 0.0 0.0 2.1818905857404072e-05 0.004013718292217304 0.07805843818822158 0.9179060246137036, 
43, 111111, 111111, 0.9852888544838435, 0.9852888544838435, 0.0 0.0 0.0 0.0003512326649834428 0.0036086004851643206 0.07999597413165974 0.9160441927181924, 
44, 111111, 111111, 0.9855976184724334, 0.9855976184724334, 0.0 0.0 0.0 0.0001916700255176141 0.004051730707461252 0.0777358176739238 0.9180207815930974, 
45, 111111, 111111, 0.9863014942035024, 0.9863014942035024, 0.0 0.0 0.0 0.0 0.0034923175853250085 0.0752063996083352 0.9213012828063398, 
46, 111111, 111111, 0.9854234191323711, 0.9854234191323711, 0.0 0.0 0.0 0.0 0.004311696319349586 0.07883609256707406 0.9168522111135763, 
47, 111111, 111111, 0.9855102871164826, 0.9855102871164826, 0.0 0.0 0.0 0.00026639812102949333 0.004449669501210987 0.07723974393559352 0.9180441884421661, 
48, 111111, 111111, 0.985932017053457, 0.985932017053457, 0.0 0.0 0.0 0.0 0.0029882767281512275 0.078431344222956 0.9185803790488928, 
49, 111111, 111011, 0.9859899285188736, 0.9859899285188736, 0.0 3.532461756524585e-06 0.00021265793589694156 0.00012360925272930236 0.004008255404980197 0.07480479626623922 0.9208471486783978, 
50, 111111, 111111, 0.983519364199873, 0.983519364199873, 0.0 0.0 0.0 0.00023057661421625384 0.005172563708282119 0.08784695754154946 0.9067499021359522, 
51, 111111, 111111, 0.9853266094169725, 0.9853266094169725, 0.0 0.0 4.952831914311363e-05 0.0002860662968985239 0.005547201882636266 0.07588962756562422 0.9182275759356979, 
52, 111110, 111111, 0.9849493721286173, 0.9849493721286173, 0.0 0.0 0.0 0.00015682056439115887 0.004776591615958224 0.08028012230320583 0.9147864655164447, 
53, 111111, 111111, 0.985003507774268, 0.985003507774268, 0.0 0.0 0.0 0.000580616083185985 0.0045487281496482635 0.07913964880553818 0.9157310069616276, 
54, 111111, 111111, 0.9851969639178103, 0.9851969639178103, 0.0 0.0 0.0 0.00034389260352781837 0.00467377408496151 0.07843899051263124 0.9165433427988794, 
55, 111111, 111111, 0.9862620607807486, 0.9862620607807486, 0.0 0.0 0.0 0.00013239842811950614 0.002722328263003052 0.07658578350514345 0.9205594898037339, 
56, 111111, 111111, 0.9865328610178686, 0.9865328610178686, 0.0 0.0 0.0 0.00031488961195091404 0.004490185806937201 0.07087779344306142 0.9243171311380506, 
57, 111111, 111111, 0.9847795657531762, 0.9847795657531762, 0.0 0.0 2.1397463281722293e-05 0.0005749464659771464 0.005330989409833461 0.078850197410218 0.9152224692506897, 
58, 111111, 111111, 0.9850009175894795, 0.9850009175894795, 0.0 0.0 0.0 0.00024607931579073266 0.0053287346521021 0.07859878721154649 0.9158263988205607, 
59, 111111, 111111, 0.9856581022531467, 0.9856581022531467, 0.0 0.0 0.0 0.00020660669735383418 0.005020196186835773 0.07539117401538722 0.9193820231004232, 
60, 111111, 111111, 0.9852069268701854, 0.9852069268701854, 0.0 0.0 0.0 4.4532073194895464e-05 0.004619592215902861 0.07938565812749676 0.9159502175834056, 
61, 111111, 111111, 0.986697225806449, 0.986697225806449, 0.0 0.0 9.697559129624138e-06 0.00034455945581905896 0.00554716795959965 0.06764984063813105 0.9264487343873207, 
62, 011111, 111111, 0.986816016069156, 0.986816016069156, 0.0 0.0 0.0 0.00020029880190287316 0.0027018892520373266 0.0730992286752808 0.923998583270779, 
63, 111110, 111110, 0.9860940377886783, 0.9860940377886783, 0.0 0.0 0.0 0.00011282666951576868 0.003169062108431905 0.07675916904251856 0.9199589421795338, 
64, 111111, 111111, 0.9864657593583251, 0.9864657593583251, 0.0 0.0 0.0 3.3362628307365585e-05 0.0028855214850282878 0.075334312995071 0.9217468028915933, 
65, 111111, 111111, 0.9863140507340074, 0.9863140507340074, 0.0 0.0 0.0 0.0001438240378483704 0.004688502182385773 0.07230721911763827 0.9228604546621276, 
66, 111111, 111111, 0.9860572572643781, 0.9860572572643781, 0.0 0.0 0.0 7.947680014939534e-06 0.005285742045411108 0.07306112928286439 0.9216451809917096, 
67, 111111, 111111, 0.9866118072221146, 0.9866118072221146, 0.0 0.0 3.7290777423211504e-05 0.0001249748249709606 0.004756767745207253 0.07029153359229208 0.9247894330601064, 
68, 111110, 111111, 0.9853681425980455, 0.9853681425980455, 0.0 0.0 0.0 0.0006039356531997237 0.0054353174512587485 0.07510870254961019 0.9188520443459314, 
69, 111111, 111111, 0.9864459975102142, 0.9864459975102142, 0.0 0.0 2.518514205092475e-05 0.00041949455510590045 0.003461979267920823 0.07304083216935105 0.9230525088655713, 
70, 111111, 111111, 0.9863628952602771, 0.9863628952602771, 0.0 0.0 0.0 0.0003162061250453903 0.00356192130457238 0.07375016745405542 0.9223717051163268, 
71, 111111, 111111, 0.9870434066295419, 0.9870434066295419, 0.0 0.0 0.0 2.0186375744115736e-05 0.0032895948895921663 0.07109981131633139 0.9255904074183323, 
72, 111111, 111111, 0.9868484948809854, 0.9868484948809854, 0.0 0.0 0.0 0.00043884059872664863 0.0036691948165747377 0.07025411928475839 0.9256378452999402, 
73, 111111, 111111, 0.9857215006583451, 0.9857215006583451, 0.0 0.0 0.0 4.190305531912616e-05 0.0031411998383345558 0.07926288720730318 0.9175540098990431, 
74, 111111, 111111, 0.9860268576633425, 0.9860268576633425, 0.0 0.0 0.0 0.00014740123403583254 0.004274727310922135 0.07484719569599273 0.9207306757590492, 
75, 111111, 111111, 0.9846364994175917, 0.9846364994175917, 0.0 0.0 0.0 0.00018697098696132498 0.004473368748143116 0.0826733530372802 0.9126663072276153, 
76, 111111, 111111, 0.9847425134039122, 0.9847425134039122, 0.0 0.0 0.0 6.764694780457587e-05 0.0059345199357538625 0.07947293886160565 0.914524894254836, 
77, 111111, 111111, 0.984584264633813, 0.984584264633813, 0.0 0.0 0.0 0.0 0.004337126853318677 0.08382015849048452 0.9118427146561968, 
78, 111111, 111111, 0.9844627004085149, 0.9844627004085149, 0.0 0.0 0.0 2.943659716671421e-05 0.006121863182340949 0.08089176139272888 0.9129569388277634, 
79, 111111, 111111, 0.9864710351047902, 0.9864710351047902, 0.0 0.0 0.0 0.0006366895397814327 0.0031858584191607666 0.07289200391359288 0.9232854481274649, 
80, 111111, 111111, 0.9849794811282158, 0.9849794811282158, 0.0 0.0 6.066018277338572e-05 0.00012532397512282642 0.002772999695995379 0.08395850118225226 0.9130825149638561, 
81, 111111, 111111, 0.9834586652426465, 0.9834586652426465, 0.0 0.0 0.0 0.0004131494507048811 0.004976530405722754 0.0880554993805613 0.9065548207630111, 
82, 111111, 111111, 0.9853169772564174, 0.9853169772564174, 0.0 0.0 0.0 0.00020824076245686837 0.004934953712001981 0.07760350675012107 0.9172532987754201, 
83, 111111, 111111, 0.9856460763997508, 0.9856460763997508, 0.0 0.0 0.0 0.0003475601245033173 0.003686255711391227 0.07770834980520296 0.9182578343589025, 
84, 111111, 111111, 0.9852764775867447, 0.9852764775867447, 0.0 0.0 0.0 0.00022029561251594903 0.00322471529516318 0.08123081705165816 0.9153241720406626, 
85, 111111, 111111, 0.98617956449831, 0.98617956449831, 0.0 0.0 0.0 5.315485487654095e-05 0.005484829578136836 0.07179348928923691 0.9226685262777498, 
86, 111111, 111111, 0.9862802219404415, 0.9862802219404415, 0.0 0.0 0.0 5.2136314705553504e-05 0.004658631185048988 0.07284499704313645 0.922444235457109, 
87, 011111, 111111, 0.9853816415259389, 0.9853816415259389, 0.0 0.0 0.0 0.0 0.005091974482381487 0.07752620187960417 0.9173818236380143, 
88, 111111, 111111, 0.9866675249690477, 0.9866675249690477, 0.0 0.0 0.0 8.805695074370928e-05 0.004542273070333656 0.07064613319281547 0.9247235367861072, 
89, 111111, 111111, 0.986167378620259, 0.986167378620259, 0.0 0.0 0.0 0.0 0.003288346903129156 0.07641903447218777 0.920292618624683, 
90, 111111, 111111, 0.9853934962649217, 0.9853934962649217, 0.0 0.0 0.0 0.00022040802495962094 0.004838567761642876 0.07730066281230512 0.9176403614010923, 
91, 111111, 111111, 0.9849445935790632, 0.9849445935790632, 0.0 0.0 4.821491853271211e-05 0.00037552545866151646 0.004470176198869205 0.08007265007776734 0.9150334333461693, 
92, 111111, 111111, 0.985234156784134, 0.985234156784134, 0.0 0.0 0.0 0.000113468058269478 0.0047403633503332945 0.07877392841972183 0.9163722401716754, 
93, 111111, 111111, 0.983621453760311, 0.983621453760311, 0.0 0.0 0.0 0.00021394727098307436 0.005809572065279503 0.08601029149462562 0.9079661891691119, 
94, 111111, 111111, 0.983790845390074, 0.983790845390074, 0.0 0.0 0.0 4.97201707075891e-05 0.006279976858402909 0.08454581343062792 0.9091244895402616, 
95, 111111, 111111, 0.9866042917846475, 0.9866042917846475, 0.0 0.0 0.0 0.0005286186884333405 0.0034248248222779583 0.07193874358225918 0.9241078129070295, 
96, 111111, 011111, 0.9859473929187703, 0.9859473929187703, 0.0 0.0 0.0 9.077686582851976e-05 0.004711373184179075 0.07462056552153398 0.9205772844284584, 
97, 111111, 111111, 0.9852272131604194, 0.9852272131604194, 0.0 0.0 0.0 0.0005946259290565762 0.0038249971577924806 0.07920284893472873 0.9163775279784222, 
98, 111111, 111111, 0.9862557650521478, 0.9862557650521478, 0.0 0.0 0.0 0.0002800150603079795 0.005013240119870326 0.07159888426644823 0.9231078605533735, 
99, 111111, 111111, 0.985012764570321, 0.985012764570321, 0.0 0.0 1.5330744584827196e-05 0.0001327910373731596 0.0038385141682849466 0.08178668815104526 0.9142266758987118, 
100, 111111, 111111, 0.98565596240893, 0.98565596240893, 0.0 0.0 1.9309841437765528e-05 0.00011847619663066806 0.003958782585830063 0.07771399241911696 0.9181894389569846, 
run, initial grid state, final grid state, mean grid cell occupancy, mean binding site occupancy, fraction of time with N TFs bound, warning
1, 111111, 111111, 0.9875661149808315, 0.9875661149808315, 0.0 0.0 0.0 0.00014125877199256702 0.0028964542190859587 0.06838662536086113 0.9285756616480604, 
2, 111111, 111111, 0.9857496470846046, 0.9857496470846046, 0.0 0.0 0.0 0.00033303083813763086 0.004265887776366596 0.07597124942522684 0.9194298319602688, 
3, 111111, 111111, 0.9847143255802796, 0.9847143255802796, 0.0 0.0 0.0 4.352328470093863e-06 0.006034245378190851 0.0796324987765305 0.9143289035168086, 
4, 111111, 111111, 0.9864762160340984, 0.9864762160340984, 0.0 0.0 0.0 0.00011686004455418813 0.0028515136053354254 0.07508909645107592 0.9219425298990345, 
5, 111111, 111111, 0.9867686497386994, 0.9867686497386994, 0.0 0.0 8.091330148833137e-06 9.440143101916425e-05 0.003260847859329418 0.0725508362354922 0.9240858231440103, 
6, 111111, 111111, 0.9855079240569584, 0.9855079240569584, 0.0 0.0 1.8783598753157115e-05 0.00024254060623634427 0.003309918298903462 0.07952986284672045 0.9168988946493866, 
7, 111111, 111111, 0.9855676632295978, 0.9855676632295978, 0.0 0.0 0.0 0.00048248330515441435 0.004482672940505678 0.07618122482593877 0.9188536189284012, 
8, 111111, 111111, 0.9863619164052344, 0.9863619164052344, 0.0 0.0 0.0 4.261198036068961e-05 0.003137549623528708 0.07542556638045378 0.9213942720156568, 
9, 111111, 111111, 0.9840416836290554, 0.9840416836290554, 0.0 0.0 0.0 0.0004124102430124509 0.005572966120781455 0.08336673525506766 0.9106478883811384, 
10, 011111, 111111, 0.9844224383431375, 0.9844224383431375, 0.0 0.0 0.0 0.00011531391261786221 0.0056089923024958506 0.08190144359832988 0.9123742501865564, 
11, 111111, 111111, 0.9849459057054019, 0.9849459057054019, 0.0 0.0 0.0 0.0006138795941811374 0.004686831842553097 0.07910926329993864 0.9155900252633271, 
12, 111111, 111111, 0.9853253004359973, 0.9853253004359973, 0.0 0.0 0.0 0.000175165756460116 0.005432843743938748 0.07665701262675852 0.9177349778728426, 
13, 111111, 111111, 0.9864838663490012, 0.9864838663490012, 0.0 0.0 0.0 9.438419614275296e-05 0.00413654010758154 0.072540569102402 0.9232285065938738, 
14, 111111, 111111, 0.9848935098199217, 0.9848935098199217, 0.0 0.0 0.0 0.00027743653429059754 0.005268606709673923 0.07926941805824964 0.9151845386977858, 
15, 111111, 111111, 0.9868072249122496, 0.9868072249122496, 0.0 0.0 0.0 0.000214174946177914 0.003091452999743849 0.07233121968848116 0.924363152365597, 
16, 111111, 111111, 0.9860887993324724, 0.9860887993324724, 0.0 0.0 0.0 9.897382709264755e-05 0.004390311816446399 0.07438965889099558 0.9211210554654654, 
17, 111111, 111111, 0.9854807188189904, 0.9854807188189904, 0.0 0.0 0.0 0.0001768596265374195 0.004322527605676951 0.0779400529950918 0.9175605597726939, 
18, 111111, 111111, 0.985093115059081, 0.985093115059081, 0.0 0.0 0.0 0.00013122822763271273 0.005284409398667895 0.07847880616527918 0.9161055562084202, 
19, 111111, 111111, 0.9850607684602005, 0.9850607684602005, 0.0 0.0 0.0 0.0004854918162557908 0.004792735157103694 0.07859344347582238 0.9161283295508181, 
20, 111111, 111111, 0.9854472291930374, 0.9854472291930374, 0.0 0.0 0.0 0.00017216594486594197 0.004235165308966065 0.07832979638924649 0.9172628723569215, 
21, 111111, 011111, 0.9864223174800831, 0.9864223174800831, 0.0 0.0 0.0 6.657955344512348e-05 0.004865877946068062 0.07153460056702993 0.9235329419334568, 
22, 111111, 111110, 0.9855937815126732, 0.9855937815126732, 0.0 0.0 0.0 0.00032638133622887584 0.0042426470248838315 0.07697287286550802 0.9184580987733793, 
23, 111111, 111111, 0.9868047230736536, 0.9868047230736536, 0.0 0.0 4.423403478804088e-06 0.00020381465154596735 0.003975534134951308 0.07059145571962233 0.9252247720904015, 
24, 111111, 111111, 0.9850123066285305, 0.9850123066285305, 0.0 0.0 0.0 0.00011965056079803477 0.004406143010379437 0.08075492252566456 0.9147192839031579, 
25, 111111, 111111, 0.9858580064298319, 0.9858580064298319, 0.0 0.0 0.0 7.879389338084629e-05 0.005626590050259238 0.07336239964034787 0.9209322164160121, 
26, 111111, 111111, 0.9862002559629867, 0.9862002559629867, 0.0 0.0 0.0 0.00025644773332204136 0.0038169088603935654 0.07439530330132696 0.9215313401049574, 
27, 111111, 111111, 0.9871001503491353, 0.9871001503491353, 0.0 0.0 7.549439035744893e-05 0.00013811640975776171 0.004349519352854007 0.06798373240877727 0.9274531374382534, 
28, 111111, 111111, 0.9868783913626756, 0.9868783913626756, 0.0 0.0 0.0 0.000258196843804482 0.0036199306061932305 0.07071520008014714 0.9254066724698552, 
29, 111111, 111111, 0.9852138888249823, 0.9852138888249823, 0.0 0.0 0.0 7.733901333967844e-05 0.004151376120834911 0.08018189776841742 0.915589387097408, 
30, 111110, 111111, 0.9871316920129848, 0.9871316920129848, 0.0 0.0 0.0 9.471950800753774e-05 0.004553884775614688 0.067817919846839 0.9275334758695388, 
31, 111111, 111111, 0.9848539355945453, 0.9848539355945453, 0.0 0.0 0.0 0.00019198999185976527 0.0071034864231268625 0.07609344361089557 0.9166110799741178, 
32, 111111, 111111, 0.9835529054443815, 0.9835529054443815, 0.0 0.0 0.0 0.0004412078089129924 0.006254675296002921 0.08484959331496655 0.9084545235801176, 
33, 111111, 111111, 0.9864674797146862, 0.9864674797146862, 0.0 0.0 0.0 0.00024625657905317486 0.004274567809298203 0.07190721635612697 0.9235719592555216, 
34, 011111, 111111, 0.9861101528100649, 0.9861101528100649, 0.0 0.0 0.0 5.749166371095747e-05 0.0040070614856076 0.07515248517726329 0.9207829616734181, 
35, 111111, 111111, 0.9858134315731687, 0.9858134315731687, 0.0 0.0 0.0 0.0001349787977550498 0.004792750503879977 0.0751289731599627 0.9199432975384023, 
36, 111111, 111111, 0.9868869909326623, 0.9868869909326623, 0.0 0.0 0.0 0.00013257705132869026 0.003515750674699989 0.07124882190064045 0.925102850373331, 
37, 111111, 111111, 0.9862644471890698, 0.9862644471890698, 0.0 0.0 0.0 0.000530326139298571 0.004398042430867659 0.07202625358595019 0.9230453778438836, 
38, 111111, 111111, 0.9856509923532359, 0.9856509923532359, 0.0 0.0 0.0 0.0001601673160108498 0.003614843959514129 0.07838385601352352 0.9178411327109515, 
39, 111111, 111111, 0.9853213760828609, 0.9853213760828609, 0.0 0.0 0.0 0.0002698668136420704 0.005145192590634266 0.07697175788064013 0.9176131827150835, 
40, 111111, 111111, 0.9848261081978344, 0.9848261081978344, 0.0 0.0 0.0 0.0001377511081770488 0.0041976869052422665 0.08223472367797681 0.9134298383086039, 
41, 011111, 111111, 0.9853352063761616, 0.9853352063761616, 0.0 0.0 0.0 0.00014124780119504246 0.004402942418920277 0.078759133501605 0.9166966762782798, 
42, 111111, 111110, 0.9860873202373764, 0.9860873202373764, 0.0 0.0 0.0 7.429820117524691e-05 0.003985628500351148 0.07528192697151351 0.9206581463269601, 
43, 111111, 111111, 0.987565795039679, 0.987565795039679, 0.0 0.0 0.0 0.0005350803424239726 0.003423637205879607 0.06615271432289482 0.9298885681288016, 
44, 111111, 111111, 0.9863443303565969, 0.9863443303565969, 0.0 0.0 0.0 0.00011720159404465128 0.004242008155300354 0.0730983967676845 0.9225423934829705, 
45, 111111, 111111, 0.9843824678238914, 0.9843824678238914, 0.0 0.0 0.0 0.0005626635752568925 0.00601051712594756 0.07999616807898544 0.91343065121981, 
46, 111111, 111111, 0.9874473229130902, 0.9874473229130902, 0.0 0.0 0.0 0.00015709155124823252 0.00382409711487929 0.06719659363795509 0.9288222176959174, 
47, 111111, 111111, 0.9844474541074969, 0.9844474541074969, 0.0 0.0 0.0 0.00014363922291971387 0.004614230787243527 0.08365589611177264 0.911586233878064, 
48, 111111, 111111, 0.9857937577535448, 0.9857937577535448, 0.0 0.0 0.0 0.00021936498556288932 0.0035781673411503768 0.07742302383974181 0.9187794438335449, 
49, 111111, 111111, 0.9864627200665224, 0.9864627200665224, 0.0 0.0 0.0 0.0 0.0032782166152932057 0.0746672463702794 0.9220545370144274, 
50, 111111, 111111, 0.9871841190978919, 0.9871841190978919, 0.0 0.0 0.0 4.798684731787514e-06 0.003096465264749704 0.07068795882895318 0.9262107772215654, 
51, 011111, 111111, 0.987546412346547, 0.987546412346547, 0.0 0.0 0.0 0.00014890321834022088 0.0036349772531480053 0.06700486175940078 0.929211257769111, 
52, 111011, 111111, 0.9842453373167627, 0.9842453373167627, 0.0 0.0 2.375812692528679e-05 0.00014442558316094534 0.006327812861126685 0.0813440411199863 0.9121599623088008, 
53, 111111, 111110, 0.9861671865058276, 0.9861671865058276, 0.0 0.0 0.0 0.00030769763162072746 0.005247401744511049 0.07157898458115047 0.9228659160427177, 
54, 111111, 111111, 0.9842906632200996, 0.9842906632200996, 0.0 0.0 0.0 9.127990299860635e-06 0.005238232762704072 0.0837521711830946 0.9110004680639013, 
55, 111111, 111111, 0.9866751776243827, 0.9866751776243827, 0.0 0.0 0.0 0.00015309738271355628 0.0031359187497175447 0.07321780460612748 0.9234931792614415, 
56, 111111, 111111, 0.9854356591861758, 0.9854356591861758, 0.0 0.0 0.0 0.00030109997585183097 0.004031621804250856 0.07841950134688783 0.9172477768730094, 
57, 111111, 111111, 0.9850364991895078, 0.9850364991895078, 0.0 0.0 0.0 0.000313880289952613 0.005193406131157676 0.07845255173077988 0.9160401618481098, 
58, 111111, 111111, 0.9854393163853953, 0.9854393163853953, 0.0 0.0 0.0 7.232759820688338e-05 0.005176746024509416 0.07679362684398885 0.9179572995332949, 
59, 111111, 111111, 0.9849971503567284, 0.9849971503567284, 0.0 0.0 8.746599126282191e-05 0.000612008896190893 0.004539803496410314 0.07875160021318492 0.9160091214029511, 
60, 111111, 111111, 0.9858196654338962, 0.9858196654338962, 0.0 0.0 0.0 6.976304258658771e-05 0.003935513210527816 0.07700169184780765 0.9189930318990779, 
61, 111111, 111111, 0.9845060356819463, 0.9845060356819463, 0.0 0.0 0.0 0.00031237603595858524 0.004958357940221109 0.08210994192000413 0.9126193241038162, 
62, 111111, 111111, 0.9855058017036403, 0.9855058017036403, 0.0 0.0 0.0 0.00018840931289894238 0.0031419529680661923 0.08011605590332903 0.9165535818157059, 
63, 111111, 111111, 0.9865444262989457, 0.9865444262989457, 0.0 0.0 0.00017133480781685736 0.0002834118888442857 0.0048584975810472 0.0694808721464316 0.92520588357586, 
64, 111111, 111111, 0.9865926512303956, 0.9865926512303956, 0.0 0.0 0.0 0.00020169594298470586 0.0038531333362787318 0.0721327381161147 0.9238124326046219, 
65, 111111, 111111, 0.985340597767165, 0.985340597767165, 0.0 0.0 0.0 9.869622514852454e-05 0.0050762153980331475 0.0775078939254982 0.9173171944513202, 
66, 111111, 111111, 0.9857470767469021, 0.9857470767469021, 0.0 0.0 0.0 0.00010710288769846869 0.0051253795457512795 0.07494547176398918 0.9198220458025611, 
67, 111111, 111111, 0.985309327103303, 0.985309327103303, 0.0 0.0 0.0 3.452378384693747e-05 0.005001846264088012 0.07803677350046523 0.9169268564515999, 
68, 111111, 111111, 0.9836843419311257, 0.9836843419311257, 0.0 0.0 0.0 5.8612978512673145e-05 0.005432086967523067 0.08685393554266106 0.9076553645113031, 
69, 111111, 111111, 0.9863654543100815, 0.9863654543100815, 0.0 0.0 0.0 2.8956779227937967e-06 0.0032902086987132255 0.075218169708317 0.921488725915047, 
70, 111111, 111111, 0.9849673112198238, 0.9849673112198238, 0.0 0.0 2.560462433724176e-05 0.0003969512877165135 0.00491322500192898 0.07907641031670139 0.9155878087693159, 
71, 111111, 101111, 0.9848185355073349, 0.9848185355073349, 0.0 0.0 0.0 0.00019441312072822022 0.004692310456291408 0.08112092668122307 0.9139923497417574, 
72, 111111, 111111, 0.9865504857185281, 0.9865504857185281, 0.0 0.0 0.0 0.00010459779390323729 0.002801340517926514 0.07478061127126898 0.9223134504169013, 
73, 111111, 111111, 0.9838062961626047, 0.9838062961626047, 0.0 0.0 0.0 7.548174188897722e-05 0.004162462859053104 0.08861085208059905 0.9071512033184589, 
74, 111111, 111111, 0.984985450093155, 0.984985450093155, 0.0 0.0 0.0 3.524176464864185e-05 0.004383527471823273 0.0812145192034772 0.9143667115600509, 
75, 111111, 111111, 0.985469385559228, 0.985469385559228, 0.0 0.0 0.0 0.000238325331734504 0.003764388697996124 0.07893993325343598 0.9170573527168334, 
76, 111111, 011111, 0.984160560504284, 0.984160560504284, 0.0 0.0 0.0 0.00048230152752135475 0.004445391501180253 0.08469894938937113 0.9103733575819273, 
77, 111111, 111111, 0.9866354513143538, 0.9866354513143538, 0.0 0.0 0.0 8.233132784253074e-06 0.0023739846901721755 0.07541462333517966 0.922203158841864, 
78, 111111, 111111, 0.9843465784832045, 0.9843465784832045, 0.0 0.0 0.0 0.0002746753604278678 0.005293109206731248 0.08251028460602705 0.9119219308268138, 
79, 111111, 111111, 0.9847646242551095, 0.9847646242551095, 0.0 0.0 0.0 0.0001265831427456935 0.004571373908883537 0.08188975722333892 0.9134122857250319, 
80, 111111, 111111, 0.986335946733523, 0.986335946733523, 0.0 0.0 0.0 0.00020155201608838778 0.002924092358413161 0.07553147883377101 0.9213428767917274, 
81, 111111, 111111, 0.9867404413165991, 0.9867404413165991, 0.0 0.0 0.0 3.1084691053646655e-05 0.0024646259527102998 0.07453484612182398 0.9229694432344121, 
82, 111111, 111111, 0.9849718635834317, 0.9849718635834317, 0.0 0.0 0.0 9.013770434628284e-05 0.005048029410428637 0.07980234656551374 0.9150594863197113, 
83, 111111, 111111, 0.9849729951588438, 0.9849729951588438, 0.0 0.0 0.0 0.00012460859796206155 0.005961390700052447 0.07786542185294608 0.9160485788490395, 
84, 111111, 111111, 0.9855310151803229, 0.9855310151803229, 0.0 0.0 0.0 3.105975702490125e-05 0.005271520236947155 0.07617768917309345 0.9185197308329345, 
85, 011111, 111111, 0.9861005591641214, 0.9861005591641214, 0.0 0.0 0.00010313061152401423 0.00021095870116852577 0.0037120996213276004 0.07492704722301431 0.9210467638429656, 
86, 111111, 111111, 0.9852926058510222, 0.9852926058510222, 0.0 0.0 0.000155001142902431 0.0005124497849804446 0.004098260128265211 0.07789049071078555 0.9173437982330664, 
87, 111111, 111111, 0.9859877894828286, 0.9859877894828286, 0.0 0.0 0.0 1.676569752170926e-05 0.005336902434401569 0.07334916114165967 0.921297170726417, 
88, 111111, 111111, 0.9853312849401747, 0.9853312849401747, 0.0 0.0 0.0 0.0006040531207515511 0.004695590939760718 0.07680894911717512 0.9178914068223125, 
89, 111111, 111111, 0.98625931493109, 0.98625931493109, 0.0 0.0 0.0 9.442412058625902e-06 0.0025213648202764985 0.07737305353673106 0.9200961392309338, 
90, 111111, 111111, 0.9854289848082902, 0.9854289848082902, 0.0 0.0 0.0 0.00012548148149720258 0.0058551440543023895 0.07533935859716173 0.9186800158670387, 
91, 111111, 111111, 0.9845311631170528, 0.9845311631170528, 0.0 0.0 0.0 2.3285738387902574e-05 0.005000521127328425 0.08274212182786231 0.9122340713064213, 
92, 111111, 111111, 0.9851017587605579, 0.9851017587605579, 0.0 0.0 0.0 0.0001384953653082961 0.005399035681121047 0.07817588997848507 0.9162865789750857, 
93, 111111, 111111, 0.9863808670953857, 0.9863808670953857, 0.0 0.0 0.0 7.427229112102872e-05 0.0039028453001656855 0.07368628995399132 0.9223365924547219, 
94, 111111, 111111, 0.9852495579876519, 0.9852495579876519, 0.0 0.0 0.0 0.0007912991373588072 0.0032017709116334715 0.07972521283874485 0.9162817171122629, 
95, 111111, 111111, 0.9870971021957844, 0.9870971021957844, 0.0 0.0 0.0 3.688805653617495e-05 0.0025690356136386467 0.07216865142840816 0.925225424901417, 
96, 111111, 011111, 0.9865076320250775, 0.9865076320250775, 0.0 0.0 0.0 0.0 0.0028399114146010433 0.07527438502033212 0.9218857035650668, 
97, 111111, 111111, 0.9861078433223736, 0.9861078433223736, 0.0 0.0 0.0 2.443112405881995e-05 0.0036683166804986054 0.07594301333258507 0.9203642388628575, 
98, 111111, 111111, 0.9854829194447653, 0.9854829194447653, 0.0 0.0 0.0 0.0002494068452645199 0.0055586804966478295 0.0752369018023187 0.9189550108557689, 
99, 111111, 111111, 0.9861392250521556, 0.9861392250521556, 0.0 0.0 0.0 4.240602952654872e-05 0.004186669343814714 0.07466409291085742 0.9211068317158013, 
100, 111111, 111010, 0.987250515137845, 0.987250515137845, 0.0 0.0 0.0 0.0 0.003916309247248535 0.0686642906784337 0.9274194000743178, 
run, initial grid state, final grid state, mean grid cell occupancy, mean binding site occupancy, fraction of time with N TFs bound, warning
1, 111111, 111111, 0.9862362220460009, 0.9862362220460009, 0.0 0.0 0.0 0.00014297467055495296 0.005197999732761407 0.07175774424680724 0.9229012813498764, 
2, 111111, 111111, 0.9866329055696739, 0.9866329055696739, 0.0 0.0 0.0 5.2000486044656656e-06 0.0026411161467680935 0.07490473414260707 0.9224489496620204, 
3, 111111, 111111, 0.9845658703829941, 0.9845658703829941, 0.0 0.0 0.0 7.125380978368576e-05 0.005609659248573304 0.08117169777553739 0.9131473891661056, 
4, 111111, 111111, 0.9854375344956509, 0.9854375344956509, 0.0 0.0 0.0 3.961414550928842e-05 0.003786448897416813 0.07968305279473406 0.9164908841623398, 
5, 111111, 111111, 0.9864262697037188, 0.9864262697037188, 0.0 0.0 3.446287134908494e-05 0.0002022136055261748 0.00384573393284032 0.073006421610032 0.9229111679802524, 
6, 111111, 111111, 0.9865259507997374, 0.9865259507997374, 0.0 0.0 0.0 0.0004083262074330023 0.0027463410997594926 0.07412663437975762 0.92271869831305, 
7, 111111, 111111, 0.9845930306784865, 0.9845930306784865, 0.0 0.0 0.0 0.0004000119924873539 0.004839437644699052 0.08156290466222137 0.9131976457005923, 
8, 111110, 111111, 0.9841453378800659, 0.9841453378800659, 0.0 0.0 0.0 0.0005358417504495665 0.004797781362853206 0.08392488474254993 0.9107414921441472, 
9, 111111, 111111, 0.9863055774084091, 0.9863055774084091, 0.0 0.0 0.0 3.8748113944768194e-05 0.003478555268883108 0.07509318066994529 0.921389515947227, 
10, 111111, 111111, 0.9848236656800317, 0.9848236656800317, 0.0 0.0 0.0 0.00011281308768368901 0.00428578445539331 0.0821479977459729 0.91345340471095, 
11, 111111, 011111, 0.985713293900084, 0.985713293900084, 0.0 0.0 0.0 0.00035488772644549606 0.004692638853300972 0.07527029571355726 0.9196821777066964, 
12, 111111, 111111, 0.9863380356568272, 0.9863380356568272, 0.0 0.0 0.0 5.464574136506943e-05 0.0033686161315773355 0.0750706165717869 0.9215061215552707, 
13, 111111, 111111, 0.9850535757334671, 0.9850535757334671, 0.0 0.0 9.152334381012689e-05 0.0003757032274545942 0.0035565781321744553 0.08107218627724488 0.9149040090193159, 
14, 111111, 111111, 0.9854989574162718, 0.9854989574162718, 0.0 0.0 0.0 1.733646706217811e-05 0.0026069066368234442 0.08174043282753529 0.9156353240685792, 
15, 111111, 111111, 0.985081847928503, 0.985081847928503, 0.0 0.0 0.0 0.00015057677749889237 0.004178892837560985 0.08069939642136402 0.9149711339635762, 
16, 111111, 111111, 0.986870739018387, 0.986870739018387, 0.0 0.0 0.0 0.0 0.003580162915530052 0.07161524005861748 0.9248045970258525, 
17, 111111, 111111, 0.9842868359631944, 0.9842868359631944, 0.0 0.0 0.0 0.0002417615344233456 0.00568647828845442 0.08218074304065452 0.9118910171364677, 
18, 111111, 111111, 0.9866420805407844, 0.9866420805407844, 0.0 0.0 0.0 0.00029150730554980886 0.0031296640233011647 0.07301366679204106 0.923565161879108, 
19, 111111, 111111, 0.9857641019459153, 0.9857641019459153, 0.0 0.0 0.0 7.409229880718957e-05 0.004632949309573145 0.07592721280894037 0.9193657455826793, 
20, 111111, 111111, 0.9844603433714216, 0.9844603433714216, 0.0 0.0 0.0 4.729940517312004e-05 0.004782418808458085 0.08353120393903382 0.9116390778473349, 
21, 111111, 111111, 0.9843906817967218, 0.9843906817967218, 0.0 0.0 0.0 0.0006630874257026541 0.004910048729816143 0.0818465494829289 0.9125803143615523, 
22, 111111, 111111, 0.9867988123780164, 0.9867988123780164, 0.0 0.0 0.0 0.0001333037673323495 0.0029038863805740714 0.07299944166875696 0.9239633681833366, 
23, 111111, 111111, 0.9845685319771812, 0.9845685319771812, 0.0 0.0 0.0 0.00015866977051944958 0.0044095921429841076 0.08329361453938645 0.91213812354711, 
24, 111111, 111111, 0.985026634869657, 0.985026634869657, 0.0 0.0 0.0 7.694233990980046e-05 0.003460702511110725 0.08268795874010701 0.9137743964088725, 
25, 111111, 111111, 0.9853874200708791, 0.9853874200708791, 0.0 0.0 0.0 5.175931659403301e-05 0.00414467187699337 0.07923085787095605 0.9165727109354566, 
26, 111111, 111111, 0.9838246527297614, 0.9838246527297614, 0.0 0.0 0.0 0.0005208389587072672 0.004401407411448579 0.08668675192241228 0.9083910017074318, 
27, 011111, 011111, 0.9856943656442707, 0.9856943656442707, 0.0 0.0 0.0 5.902303399429434e-05 0.004130541032988883 0.0773956549664146 0.9184147809666022, 
28, 111111, 111111, 0.9840009311563872, 0.9840009311563872, 0.0 0.0 0.0 0.00023307454938556465 0.004255665463980031 0.08678385848556007 0.9087274015010743, 
29, 111111, 111111, 0.9857254698233989, 0.9857254698233989, 0.0 0.0 0.0 0.00012052526845085123 0.003734407090284698 0.07781679107368387 0.9183282765675805, 
30, 111111, 111110, 0.9854019821442017, 0.9854019821442017, 0.0 0.0 0.0 0.0005245357163957435 0.005099564307675249 0.07581537137025196 0.9185605286056769, 
31, 111111, 111111, 0.9870118459633451, 0.9870118459633451, 0.0 0.0 0.0 0.00020525096042048362 0.0029741106243136523 0.07136495009004071 0.9254556883252252, 
32, 111111, 111111, 0.9859834690521502, 0.9859834690521502, 0.0 0.0 0.0 8.554509718787101e-05 0.003728523126589943 0.07638550414235554 0.9198004276338667, 
33, 111111, 111111, 0.9874759693079317, 0.9874759693079317, 0.0 0.0 5.226872024849766e-05 0.00021272844647567894 0.0030559013730117003 0.06818512118596506 0.9284939802742991, 
34, 111101, 111111, 0.9851564381368489, 0.9851564381368489, 0.0 0.0 0.0 0.00010919165791409354 0.004189748396077727 0.08035429941300853 0.9153467605329996, 
35, 111111, 111111, 0.9860027254079793, 0.9860027254079793, 0.0 0.0 0.0 0.0003306413987509161 0.0037945472176149765 0.07540262892064195 0.9204721824629921, 
36, 111111, 111111, 0.9866825820954122, 0.9866825820954122, 0.0 0.0 0.0 0.00012316482071263448 0.0031437858304009334 0.07324744130458768 0.9234856080442988, 
37, 111111, 111111, 0.9857993200473026, 0.9857993200473026, 0.0 0.0 0.0 7.590531024163677e-05 0.0035533269248157026 0.07786970993582784 0.9185010578291148, 
38, 111111, 111111, 0.9861663459642864, 0.9861663459642864, 0.0 0.0 0.0 4.165187524664969e-05 0.0037852695027349404 0.07530642958307175 0.9208666490389467, 
39, 111111, 111101, 0.9856931636236306, 0.9856931636236306, 0.0 0.0 0.0 3.0834053612876505e-05 0.004357486095140214 0.0770335439070978 0.918578135944149, 
40, 111111, 111111, 0.9865112362751364, 0.9865112362751364, 0.0 0.0 0.0 0.00016621960534765604 0.0038596804896126524 0.07271456255391366 0.923259537351126, 
41, 111111, 111111, 0.9852712589287366, 0.9852712589287366, 0.0 0.0 0.0 0.0001740325934215954 0.005244179667204918 0.07736198931290592 0.9172197984264676, 
42, 111111, 111111, 0.9841312742294887, 0.9841312742294887, 0.0 0.0 0.0 0.00019621189890532264 0.005862261805751593 0.08289919531484907 0.911042330980494, 
43, 111111, 111111, 0.9858308956844161, 0.9858308956844161, 0.0 0.0 0.0 0.0004528024022497449 0.0030403709319593037 0.07757547682283561 0.9189313498429554, 
44, 111111, 111111, 0.9839151320612977, 0.9839151320612977, 0.0 0.0 0.0 0.0006100462325634843 0.005416832943192888 0.08384540304813823 0.9101277177761055, 
45, 111111, 111111, 0.9863902915922098, 0.9863902915922098, 0.0 0.0 0.0 0.00022604425848217236 0.004925688360659838 0.07112874094997498 0.9237195264308831, 
46, 111111, 111111, 0.9848930455291479, 0.9848930455291479, 0.0 0.0 9.318349750723157e-06 0.00022364127407985073 0.00614740843209916 0.07763871273967214 0.9159809192043982, 
47, 111111, 111111, 0.9844120177143627, 0.9844120177143627, 0.0 0.0 0.0 9.15845425234522e-05 0.004155331201004052 0.08494247768424566 0.9108106065722268, 
48, 111111, 111111, 0.9858386104064899, 0.9858386104064899, 0.0 0.0 0.0 8.218214640770639e-05 0.004443814090967625 0.07583416293990168 0.9196398408227229, 
49, 111111, 111111, 0.9853851994363236, 0.9853851994363236, 0.0 0.0 0.0 0.00026251152534848167 0.0032228125299283593 0.0804556437461566 0.9160590321985667, 
50, 111111, 111111, 0.9854735470690825, 0.9854735470690825, 0.0 0.0 0.0 0.00021105390914935438 0.0037953117797081596 0.07893493229864113 0.9170587020125014, 
51, 111111, 111111, 0.9840342344282181, 0.9840342344282181, 0.0 0.0 0.0 0.0002380484401273869 0.0062194879035386156 0.08264147230323216 0.9109009913531019, 
52, 111111, 111111, 0.9850087508718721, 0.9850087508718721, 0.0 0.0 0.0 0.0002573486027230535 0.005038700907295023 0.07909804714600885 0.9156059033439731, 
53, 111111, 111111, 0.9855120528746354, 0.9855120528746354, 0.0 0.0 0.0 0.00019383331594126563 0.0045877345197275505 0.07717071376490861 0.9180477183994226, 
54, 111111, 111111, 0.984859617467304, 0.984859617467304, 0.0 0.0 0.0 0.00019220123125328903 0.0036868552721223834 0.08289198095817145 0.9132289625384529, 
55, 111111, 111111, 0.9853432708119948, 0.9853432708119948, 0.0 0.0 0.0 0.0001336081658483119 0.003709704922650387 0.08012014078518614 0.9160365461263151, 
56, 111111, 111111, 0.985186824582433, 0.985186824582433, 0.0 0.0 0.0 2.984513568219684e-05 0.0032833786479701593 0.08222275980241499 0.9144640164139326, 
57, 111111, 111111, 0.9866079226493092, 0.9866079226493092, 0.0 0.0 0.0 0.000163797008160523 0.003684360189752855 0.07249235270015782 0.9236594901019288, 
58, 111111, 111111, 0.9853602077750832, 0.9853602077750832, 0.0 0.0 0.00011584458785823412 0.00010971720389729454 0.003337185603766148 0.08037185217884375 0.9160654004256346, 
59, 111111, 111111, 0.984015743960125, 0.984015743960125, 0.0 0.0 0.00019935767293878962 0.0002035197024289483 0.005468798721671274 0.08355994899686567 0.9105683749060952, 
60, 111111, 111111, 0.9849663272110236, 0.9849663272110236, 0.0 0.0 0.0 8.312950030782392e-05 0.004090339695193804 0.08177196884254699 0.9140545619619513, 
61, 111111, 111111, 0.9861591904309152, 0.9861591904309152, 0.0 0.0 0.0 0.00030168626069676307 0.005249113761947506 0.0716415711085235 0.9228076288688323, 
62, 111111, 111111, 0.9853292637904173, 0.9853292637904173, 0.0 0.0 0.0 2.1053421472197485e-05 0.004846321889796801 0.07826861321348612 0.9168640114752449, 
63, 111111, 111111, 0.9855670936867992, 0.9855670936867992, 0.0 0.0 7.945751551503226e-07 0.00014570814835684637 0.0031634489301582617 0.07983023727319677 0.9168598110731331, 
64, 111111, 111111, 0.9862228817371551, 0.9862228817371551, 0.0 0.0 0.0 0.0 0.004071542300821432 0.07451962497542619 0.9214088327237523, 
65, 111111, 111111, 0.9848940495926692, 0.9848940495926692, 0.0 0.0 0.0 0.00035712955786342595 0.005961838130506227 0.07764063750938208 0.9160403948022483, 
66, 111111, 111111, 0.9852240062317617, 0.9852240062317617, 0.0 0.0 3.729521465131214e-05 0.0003178179053607973 0.004637502617174532 0.07827832280039328 0.9167290614624201, 
67, 111111, 111111, 0.9862900205902653, 0.9862900205902653, 0.0 0.0 0.0 1.004229497937929e-05 0.004147594665683252 0.07393456024210326 0.921907802797234, 
68, 111111, 111111, 0.9862244812056131, 0.9862244812056131, 0.0 0.0 0.0 0.00016905809783549533 0.0041916231383909795 0.07376269219603268 0.9218766265677408, 
69, 111111, 111111, 0.9850226325080511, 0.9850226325080511, 0.0 0.0 0.0 0.0002195587559050889 0.003962054890499853 0.08128141890297891 0.9145369674506162, 
70, 111111, 111111, 0.9847897109513682, 0.9847897109513682, 0.0 0.0 0.0 0.0006269857828520309 0.005290071978856774 0.07880063298552095 0.9152823092527702, 
71, 111111, 111111, 0.9858885660647745, 0.9858885660647745, 0.0 0.0 0.0 0.0 0.0028238429166058056 0.07902091777814155 0.9181552393052527, 
72, 111111, 111111, 0.9848282275901369, 0.9848282275901369, 0.0 0.0 0.0 0.00031605774716611415 0.004414849952985385 0.08125276131170993 0.9140163309881386, 
73, 111111, 111111, 0.9859640546620002, 0.9859640546620002, 0.0 0.0 0.0 4.035682097889128e-05 0.003995942527835816 0.07610271650938973 0.9198609841417956, 
74, 111111, 111110, 0.9851548831292206, 0.9851548831292206, 0.0 0.0 0.0 0.00020571967838639303 0.004613167979033461 0.07922720623145041 0.9159539061111298, 
75, 111110, 111111, 0.9865049433718626, 0.9865049433718626, 0.0 0.0 0.0 0.00022122603735764818 0.00274978037518475 0.0748071009063822 0.9222218926810754, 
76, 111111, 111110, 0.9835769835087145, 0.9835769835087145, 0.0 0.0 8.45563747521809e-05 0.0003879125144012201 0.006064220284362096 0.08490769533677694 0.9085556154897075, 
77, 111111, 111111, 0.986958852062594, 0.986958852062594, 0.0 0.0 0.0 7.875171190182367e-05 0.003404492260647533 0.0712016479674357 0.9253151080600149, 
78, 111111, 111111, 0.9855554608432403, 0.9855554608432403, 0.0 0.0 0.0 7.165748305701073e-05 0.005347734240738195 0.0757567940099105 0.9188238142662943, 
79, 111111, 111111, 0.9854666405757255, 0.9854666405757255, 0.0 0.0 0.0 0.00011157098653140521 0.004535648732309552 0.07779414612143329 0.9175586341597257, 
80, 111111, 111111, 0.9833478361605146, 0.9833478361605146, 0.0 0.0 0.0 0.00025305684698952803 0.005862741771783078 0.08742832895237691 0.9064558724288505, 
81, 111111, 111111, 0.98627204420238, 0.98627204420238, 0.0 0.0 0.0 3.210060696772166e-05 0.002944249370156596 0.07638293422450323 0.9206407157983725, 
82, 111111, 111111, 0.9868675640593049, 0.9868675640593049, 0.0 0.0 0.0 0.0 0.0016880213463562584 0.07541857295145803 0.9228934057021857, 
83, 111111, 111111, 0.9854063368935119, 0.9854063368935119, 0.0 0.0 0.0 0.0 0.004408126456799194 0.07874572572533045 0.9168461478178703, 
84, 111111, 111111, 0.9856871628495458, 0.9856871628495458, 0.0 0.0 0.0 6.186531596975667e-05 0.004693804121720423 0.07630381871137555 0.9189405118509343, 
85, 111110, 111111, 0.9847146935606855, 0.9847146935606855, 0.0 0.0 4.631709684735252e-05 0.00023383307864524068 0.0035070109114825297 0.0838110491895968 0.9124017897234281, 
86, 111111, 111111, 0.9871495207801418, 0.9871495207801418, 0.0 0.0 0.0 0.0001637652721462363 0.002764861970228354 0.07108185556225351 0.9259895171953719, 
87, 111111, 111111, 0.9855665007898198, 0.9855665007898198, 0.0 0.0 0.0 0.00012054352110698108 0.002996524255455448 0.08024631618684988 0.9166366160365876, 
88, 100111, 111111, 0.98531072793494, 0.98531072793494, 0.0 0.0 9.27062856359141e-06 0.0004916994358011157 0.005928808664687103 0.074765834239328 0.9188043870316203, 
89, 111110, 111111, 0.9864016550119283, 0.9864016550119283, 0.0 0.0 0.0 0.00018292965064477352 0.0031786441419950693 0.07468399269250521 0.921954433514855, 
90, 111111, 111111, 0.9849165264176583, 0.9849165264176583, 0.0 0.0 0.0 0.00029630072940470915 0.005378217080242715 0.07885550514535114 0.9154699770450014, 
91, 111111, 111111, 0.9846427529125946, 0.9846427529125946, 0.0 0.0 0.0 0.0005361477827017647 0.00451319443430697 0.08150865030771344 0.9134420074752778, 
92, 111111, 111111, 0.9860233433474404, 0.9860233433474404, 0.0 0.0 0.0 0.0002235501840634431 0.0038183624852425424 0.0755525643926826 0.9204055229380114, 
93, 111111, 111111, 0.9857884241264027, 0.9857884241264027, 0.0 0.0 0.0 9.304046868775571e-05 0.0035829140329828686 0.07782450576955506 0.9184995397287744, 
94, 111111, 111111, 0.9855545953791088, 0.9855545953791088, 0.0 0.0 0.0 0.0005397369718813115 0.004524034024949915 0.07600514875980324 0.9189310802433656, 
95, 111111, 111111, 0.9851600940001073, 0.9851600940001073, 0.0 0.0 0.0 0.00030785555849228584 0.0046475250285996205 0.07882081926667957 0.9162238001462285, 
96, 111111, 111111, 0.9853060484618335, 0.9853060484618335, 0.0 0.0 0.0 7.589882587177412e-05 0.004972192267947984 0.07799162821548825 0.9169602806906919, 
97, 111111, 111111, 0.985870458691828, 0.985870458691828, 0.0 0.0 0.0 2.875434101956231e-05 0.0031135683326312578 0.07846384816071038 0.9183938291656387, 
98, 111111, 111111, 0.9865906562788023, 0.9865906562788023, 0.0 0.0 0.0 0.00016063261687264554 0.0032161397744548885 0.07354188492765877 0.9230813426810136, 
99, 111111, 111111, 0.9853733497585697, 0.9853733497585697, 0.0 0.0 0.0 0.00017450633260851812 0.003578797474713776 0.0800787875013284 0.9161679086913493, 
100, 111111, 111111, 0.9859986699306516, 0.9859986699306516, 0.0 0.0 0.0 0.0001169332637191812 0.0035726951026261245 0.07651179041968141 0.9197985812139733, 
run, initial grid state, final grid state, mean grid cell occupancy, mean binding site occupancy, fraction of time with N TFs bound, warning
1, 111111, 111111, 0.9847046030213285, 0.9847046030213285, 0.0 0.0 0.0 0.00020267319057385124 0.0060227967709181075 0.07911876875847179 0.9146557612800363, 
2, 111111, 111111, 0.9857992431564716, 0.9857992431564716, 0.0 0.0 0.0 0.0001844566263141199 0.00556111710771605 0.07352893696679594 0.920725489299174, 
3, 111111, 111111, 0.9860330720646119, 0.9860330720646119, 0.0 0.0 0.0 0.00023994944703467543 0.00431740460910576 0.07444691005301313 0.9209957358908464, 
4, 111111, 111111, 0.9843117109342413, 0.9843117109342413, 0.0 0.0 0.0 0.0005570785732748394 0.00461166080974935 0.08323517705522882 0.911596083561747, 
5, 111111, 111111, 0.9870747765269164, 0.9870747765269164, 0.0 0.0 0.0 0.0002593885969533239 0.0036408808596853125 0.06949141332827005 0.9266083172150913, 
6, 111111, 111111, 0.9854698709562657, 0.9854698709562657, 0.0 0.0 6.15491631968816e-05 0.00015175053884375662 0.003597142064212688 0.07928504186466191 0.9169045163690848, 
7, 011111, 111111, 0.984586367630088, 0.984586367630088, 0.0 0.0 0.0 0.0006490927551904072 0.004596961177377576 0.08134059359914506 0.913413352468287, 
8, 111111, 111111, 0.9856925603072708, 0.9856925603072708, 0.0 0.0 0.0 1.58545575429712e-05 0.0038740633526696934 0.07804894777840715 0.9180611343113803, 
9, 111111, 111111, 0.9866016466262968, 0.9866016466262968, 0.0 0.0 0.0 4.451259706162271e-05 0.00410311376373154 0.07205035492357108 0.9238020187156357, 
10, 111111, 111111, 0.9836946708686726, 0.9836946708686726, 0.0 0.0 0.0 2.362533251285553e-05 0.004213748799773408 0.08933360119087959 0.9064290246768342, 
11, 110111, 111111, 0.9869217900904346, 0.9869217900904346, 0.0 0.0 0.0 4.2216243800698593e-05 0.003273477062729655 0.0717956566005316 0.924888650092938, 
12, 111111, 111111, 0.9838979532305264, 0.9838979532305264, 0.0 0.0 0.0 0.0001637757819885867 0.005534151105379604 0.08505265106011668 0.9092494220525151, 
13, 111111, 111110, 0.985945829733807, 0.985945829733807, 0.0 0.0 0.0 0.00029921170952389636 0.004277424957660277 0.07487253655326613 0.9205508267795497, 
14, 111111, 111111, 0.985798055004595, 0.985798055004595, 0.0 0.0 0.0 0.0001368946132698513 0.0033397253551466456 0.07812153542232649 0.918401844609257, 
15, 111111, 111111, 0.9851741023987508, 0.9851741023987508, 0.0 0.0 7.623713820094153e-06 0.0004898549243236332 0.00527162473003532 0.07691207651917391 0.9173188201126471, 
16, 111111, 111111, 0.9856098844745188, 0.9856098844745188, 0.0 0.0 0.0 0.00025079978369900154 0.004599669764450992 0.07638895427288898 0.918760576178961, 
17, 111111, 111111, 0.9867848806192027, 0.9867848806192027, 0.0 0.0 0.0 0.00019289783704641317 0.00318695464213003 0.0723381134893851 0.9242820340314385, 
18, 111111, 111111, 0.9847395949130455, 0.9847395949130455, 0.0 0.0 0.0 0.00020027804670001776 0.004147415540019458 0.08266676530158738 0.9129855411116932, 
19, 111111, 111111, 0.9850674645591301, 0.9850674645591301, 0.0 0.0 0.0 6.314461076123373e-05 0.006304276105979636 0.07679722660097595 0.9168353526822831, 
20, 111111, 111111, 0.9848036173160392, 0.9848036173160392, 0.0 9.356521578187033e-05 4.429098158711478e-05 1.946936698365779e-05 0.0037147363027485066 0.08304542539205927 0.9130825127408395, 
21, 111111, 111111, 0.9855415175858148, 0.9855415175858148, 0.0 0.0 0.0 0.0 0.0027605754556992365 0.08122974357371313 0.9160096809705877, 
22, 111111, 111111, 0.9865408299271747, 0.9865408299271747, 0.0 0.0 0.0 0.00013204855131548074 0.0033692732893483854 0.07362032820430818 0.9228783499550279, 
23, 111111, 111111, 0.9846438648778971, 0.9846438648778971, 0.0 0.0 9.72222230831782e-06 0.00015435981271306673 0.0042778596763775305 0.0830791230524894 0.9124789352361117, 
24, 111111, 111111, 0.9848133164381057, 0.9848133164381057, 0.0 0.0 0.0 3.703795544476736e-06 0.004551201906422085 0.08200658617188807 0.9134385081261455, 
25, 111111, 110111, 0.9870984340161195, 0.9870984340161195, 0.0 0.0 0.0 0.00013040656109370645 0.0048610002513255314 0.06729617571735028 0.9277124174702305, 
26, 111111, 111111, 0.985507749342679, 0.985507749342679, 0.0 0.0 0.0 4.3292709016799925e-06 0.00378314199157707 0.07937423214806656 0.9168382965894547, 
27, 111111, 111111, 0.9860685852288177, 0.9860685852288177, 0.0 0.0 0.0 5.796107935945192e-05 0.00509436216558648 0.07322588105784268 0.9216217956972115, 
28, 111111, 111111, 0.9858611005016369, 0.9858611005016369, 0.0 0.0 0.0 1.744409252285957e-05 0.003488650530053233 0.07780376365250348 0.9186901417249204, 
29, 111111, 111111, 0.9856771435998012, 0.9856771435998012, 0.0 0.0 0.0 0.0 0.005304856882437467 0.0753274246363179 0.9193677184812445, 
30, 111111, 111111, 0.9867185221617303, 0.9867185221617303, 0.0 0.0 2.127077545475392e-05 7.68451466246162e-05 0.003551851222399478 0.07226954604312709 0.9240804868123941, 
31, 111111, 111111, 0.9857510031305932, 0.9857510031305932, 0.0 0.0 0.0 0.00032266175533524576 0.004154536456332748 0.07621692303776975 0.9193058787505622, 
32, 111111, 111111, 0.9873942265235021, 0.9873942265235021, 0.0 0.0 0.0 0.0002360946401464371 0.00277683972179785 0.06937267749495285 0.9276143881431029, 
33, 111111, 111110, 0.9863459297775996, 0.9863459297775996, 0.0 0.0 0.0 0.00017893881422267072 0.003985204610767687 0.07341719567019872 0.9224186609048108, 
34, 111111, 111111, 0.9861749259291834, 0.9861749259291834, 0.0 0.0 0.0 0.00014243672433643113 0.004675279130976288 0.07317257598993715 0.9220097081547501, 
35, 111111, 111111, 0.9839885252763171, 0.9839885252763171, 0.0 0.0 0.0 4.029420268308548e-05 0.004021543672861755 0.08790487838832477 0.9080332837361303, 
36, 111111, 111111, 0.9854816949626917, 0.9854816949626917, 0.0 0.0 0.0 0.00010249553802473204 0.0039428739476198025 0.0789165957145353 0.9170380347998203, 
37, 111111, 111111, 0.9868103569395553, 0.9868103569395553, 0.0 0.0 0.0 0.00010589497690557014 0.0035171109708072665 0.07178595149033669 0.9245910425619505, 
38, 111111, 111111, 0.9832405177335942, 0.9832405177335942, 0.0 0.0 1.7534789505004882e-05 0.0003369364733021032 0.004935628079658611 0.08960468886119137 0.9051052117963428, 
39, 111111, 111111, 0.9852616054258543, 0.9852616054258543, 0.0 0.0 0.0 0.0001963276066249467 0.00465051989835522 0.07854034482828905 0.9166128076667308, 
40, 111111, 111111, 0.9875040976918812, 0.9875040976918812, 0.0 0.0 0.0 1.4456885962372734e-05 0.0031971856199382474 0.0685376719509491 0.9282506855431504, 
41, 111111, 111111, 0.9855422837492341, 0.9855422837492341, 0.0 0.0 0.0 0.0002586657703395117 0.005231536893489129 0.07550722640659839 0.9190025709295729, 
42, 111111, 111111, 0.9860384103437697, 0.9860384103437697, 0.0 0.0 0.0 4.564702642843836e-05 0.004899158070574432 0.07383428071694757 0.9212209141860496, 
43, 111111, 111111, 0.9851967791344481, 0.9851967791344481, 0.0 0.0 0.0 3.883245069586095e-05 0.003942420842422344 0.08081798615637838 0.9152007605505034, 
44, 111111, 111111, 0.986226025866946, 0.986226025866946, 0.0 0.0 0.0 0.0002432877539474623 0.0035645372546355015 0.07478490702721106 0.921407267964206, 
45, 111111, 111111, 0.9847401219320205, 0.9847401219320205, 0.0 0.0 0.0 0.0001305430414346286 0.004186946419330338 0.08279374644491241 0.9128887640943226, 
46, 111111, 111111, 0.9852352382601061, 0.9852352382601061, 0.0 0.0 3.3851340456633336e-05 0.0005835587026706196 0.004371781560703854 0.07795892584811845 0.9170518825480505, 
47, 111111, 111111, 0.9865926416781362, 0.9865926416781362, 0.0 0.0 0.0 0.0 0.002774957739489091 0.07489423445220476 0.9223308078083061, 
48, 011111, 111111, 0.9850169986910634, 0.9850169986910634, 0.0 0.0 0.0 0.00023122558894348995 0.005532030481408738 0.07814027012397207 0.9160964738056757, 
49, 111111, 111111, 0.9845309325386941, 0.9845309325386941, 0.0 0.0 0.0 0.00012794399989684421 0.0036307046352394914 0.08516916349766594 0.9110721878671978, 
50, 111111, 111111, 0.984093176267509, 0.984093176267509, 0.0 0.0 0.0 0.00017262281857731795 0.005642901692657845 0.08363727055389786 0.910547204934867, 
51, 111111, 111111, 0.9855159654651302, 0.9855159654651302, 0.0 0.0 0.0 5.2977952127343125e-05 0.004821518613881615 0.0771022361250728 0.9180232673089183, 
52, 111111, 111111, 0.9844143154349092, 0.9844143154349092, 0.0 0.0 0.0 0.0001716591962662197 0.0038123391244866234 0.08537445155277372 0.9106415501264734, 
53, 111111, 111111, 0.9852959328486411, 0.9852959328486411, 0.0 0.0 0.0 0.00023629587808001606 0.005048712824122412 0.0774180896256684 0.9172969016721292, 
54, 111111, 111111, 0.9847647116201053, 0.9847647116201053, 0.0 0.0 0.0 1.744020368769055e-06 0.003154399064587656 0.08509770008908706 0.9117461568259565, 
55, 111111, 111111, 0.9862228318592173, 0.9862228318592173, 0.0 0.0 6.90039454949186e-05 0.0008730181823683476 0.004247707006271802 0.0712725245030671 0.9235377463627977, 
56, 111111, 111111, 0.9862726865277494, 0.9862726865277494, 0.0 0.0 0.0 4.843031044846489e-05 0.004933223653515712 0.07235214259512654 0.9226662034409093, 
57, 111111, 111111, 0.9846981412171754, 0.9846981412171754, 0.0 0.0 0.0 9.763625800399553e-05 0.006451720851389552 0.07861480222015756 0.9148358406704489, 
58, 111111, 111111, 0.9848656304548158, 0.9848656304548158, 0.0 0.0 0.0 0.0003865359331120018 0.004710264311070738 0.08022608084962775 0.9146771189061895, 
59, 111111, 111111, 0.9868570634783039, 0.9868570634783039, 0.0 0.0 0.0 9.146862641516184e-06 0.0026609770047419123 0.07350822453276716 0.9238216515998494, 
60, 111111, 111111, 0.9860178780072036, 0.9860178780072036, 0.0 0.0 9.24319928623381e-06 0.00020983619329011154 0.004687385393133616 0.07385147979349586 0.9212420554207942, 
61, 111111, 111111, 0.9835013786317199, 0.9835013786317199, 0.0 0.0 0.0 0.0003985280667636082 0.005525694370193565 0.08674475526900208 0.9073310222940407, 
62, 111111, 111111, 0.98698411824223, 0.98698411824223, 0.0 0.0 0.0 0.00025548066895416803 0.0032743614851959294 0.07078012556936528 0.9256900322764846, 
63, 111111, 111110, 0.9857602369481883, 0.9857602369481883, 0.0 0.0 0.0 0.0 0.0024544629665198743 0.08052965237783127 0.9170158846556489, 
64, 011111, 111111, 0.9838039686962669, 0.9838039686962669, 0.0 0.0 6.684873302459717e-05 0.0005533357214842523 0.005495347509111375 0.08425809070762579 0.9096263773287541, 
65, 111111, 111111, 0.9849159569083941, 0.9849159569083941, 0.0 0.0 0.0 4.2530793302541685e-06 0.004418358169605553 0.08165478297243421 0.91392260577863, 
66, 111111, 011111, 0.9855332929523309, 0.9855332929523309, 0.0 0.0 0.0 0.00043832463798876314 0.004154487473360896 0.07717629342532664 0.9182308944633237, 
67, 111111, 111111, 0.983638563506745, 0.983638563506745, 0.0 0.0 0.0 0.00018650408599728627 0.004269536543550122 0.08907003361443805 0.9064739257560145, 
68, 111111, 111111, 0.9850805794696722, 0.9850805794696722, 0.0 0.0 0.0 0.00018903758911899154 0.0036947623914557405 0.08155988563169854 0.9145563143877267, 
69, 111111, 111111, 0.9849207600332459, 0.9849207600332459, 0.0 0.0 0.0 3.9273587320815945e-05 0.0044986681903040355 0.08136028265795406 0.9141017755644212, 
70, 111111, 111111, 0.986327126675569, 0.986327126675569, 0.0 0.0 0.0 0.00039187180916690396 0.005163435260383451 0.07053475399831902 0.9239099389321306, 
71, 111111, 111111, 0.9850656351690855, 0.9850656351690855, 0.0 0.0 2.8069673560914534e-06 0.0001984971176226366 0.005862379278913557 0.07727471120536743 0.9166616054307403, 
72, 111111, 111111, 0.9846489560311152, 0.9846489560311152, 0.0 0.0 0.0 0.00021411336197568544 0.004621012017591474 0.08222189969219815 0.9129429749282347, 
73, 111111, 111111, 0.9864807343897046, 0.9864807343897046, 0.0 0.0 0.0 0.00016716075783587635 0.003889289333992543 0.07283553272027975 0.9231080171878918, 
74, 111111, 111111, 0.9843714225883535, 0.9843714225883535, 0.0 0.0 0.0 0.00016165313850851284 0.003894457194718888 0.08549759066491552 0.9104462990018571, 
75, 111111, 111111, 0.9852556871630529, 0.9852556871630529, 0.0 0.0 2.6275031719321294e-05 0.0002702489592565241 0.0036993847332733158 0.08015126055048978 0.915852830725261, 
76, 111111, 111111, 0.9853840263229225, 0.9853840263229225, 0.0 0.0 0.0 0.0003962100879123097 0.0030729786839845063 0.08036125443075863 0.9161695567973446, 
77, 111111, 111111, 0.9860952680208042, 0.9860952680208042, 0.0 0.0 0.0 2.1090157580262135e-05 0.004320173467692058 0.07472477446705043 0.9209339619076772, 
78, 111111, 111111, 0.9870988249594251, 0.9870988249594251, 0.0 0.0 0.0 0.0002895717631733417 0.004120723881390967 0.06829688719114695 0.9272928171642888, 
79, 111111, 111111, 0.9844344949962419, 0.9844344949962419, 0.0 0.0 0.0 4.5143196636722196e-05 0.005219477207812808 0.0828186460170131 0.9119167335785374, 
80, 111111, 111111, 0.9855746457793959, 0.9855746457793959, 0.0 0.0 0.0 9.517486722338766e-05 0.005146757110234768 0.0759730865014851 0.9187849815210568, 
81, 111111, 111111, 0.9857387987964992, 0.9857387987964992, 0.0 0.0 0.0 8.940080413364227e-05 0.004325957653928526 0.07664708950074743 0.9189375520411903, 
82, 111111, 111111, 0.985579161976308, 0.985579161976308, 0.0 0.0 0.0 0.00042436929342687125 0.003692109221954072 0.07786770181796314 0.918015819666656, 
83, 111111, 111111, 0.9859758990848894, 0.9859758990848894, 0.0 0.0 0.0 0.0001899569474472886 0.0037928911053894386 0.07598895243754367 0.9200281995096197, 
84, 111111, 111111, 0.9854217173670137, 0.9854217173670137, 0.0 0.0 0.0 0.00019300759717935605 0.005535394444518663 0.07581988411734253 0.9184517138409596, 
85, 111111, 111111, 0.9850832186740898, 0.9850832186740898, 0.0 0.0 0.0 0.0001817603244786603 0.005328149880325229 0.0782991072213747 0.9161909825738214, 
86, 111111, 111111, 0.9850251486439213, 0.9850251486439213, 0.0 0.0 0.0 0.00017522076412220794 0.003781818130157639 0.08175980958378994 0.9142831515219302, 
87, 111111, 111111, 0.9848244243513878, 0.9848244243513878, 0.0 0.0 0.0 0.0001377886650589534 0.003986662540466888 0.0826667628155627 0.9132087859789114, 
88, 111111, 111111, 0.9869760502780259, 0.9869760502780259, 0.0 0.0 0.0 3.062039538323879e-05 0.004035997147339997 0.06997984285101473 0.925953539606262, 
89, 111110, 111111, 0.984702022641463, 0.984702022641463, 0.0 0.0 6.34706118769305e-05 0.00048615490004674306 0.005053294314005528 0.07996892837556281 0.914428151798508, 
90, 011111, 111111, 0.9857152401782511, 0.9857152401782511, 0.0 0.0 0.0 0.00018109318391865207 0.0031094225708141066 0.07894643423710956 0.9177630500081577, 
91, 111111, 111111, 0.9864514203699934, 0.9864514203699934, 0.0 0.0 0.0 0.00021641921145486688 0.004446689222521921 0.07174884170063109 0.9235880498653922, 
92, 011111, 111111, 0.9852574666691091, 0.9852574666691091, 0.0 0.0 0.0 0.000792683324500819 0.004429865322978737 0.07721741936588482 0.9175600319866356, 
93, 111111, 111111, 0.9860708452759994, 0.9860708452759994, 0.0 0.0 0.0 5.7711827773281496e-05 0.00364434614270526 0.07611310057527404 0.9201848414542474, 
94, 111111, 111111, 0.9840273868007265, 0.9840273868007265, 0.0 0.0 0.0 0.0001899753176164485 0.004857613094705414 0.0855505270533802 0.9094018845342979, 
95, 111111, 111111, 0.9847885730428511, 0.9847885730428511, 0.0 0.0 0.0 4.771718869538534e-05 0.0052878243610697834 0.08054976145466747 0.9141146969955672, 
96, 111111, 111111, 0.9864977467421524, 0.9864977467421524, 0.0 0.0 0.0 0.00018632524803972669 0.0032101370959602363 0.07403426961104556 0.9225692680449544, 
97, 111111, 111111, 0.9850858300714415, 0.9850858300714415, 0.0 0.0 0.0 0.00017232020344258773 0.0050231926311237 0.07892167369877624 0.9158828134666575, 
98, 111111, 111111, 0.987245504002264, 0.987245504002264, 0.0 0.0 0.0 8.038335632903234e-05 0.0019605115308518935 0.0723648028557248 0.9255943022570943, 
99, 111111, 111111, 0.984798697762341, 0.984798697762341, 0.0 0.0 1.9153310574988966e-05 0.0002454914615725721 0.00512747873591976 0.08013976832709724 0.9144681081648355, 
100, 111111, 111111, 0.9848083458347194, 0.9848083458347194, 0.0 0.0 0.0 2.961703617232186e-06 0.0036525561432326553 0.08383592759436585 0.9125085545587843, 
