run, initial grid state, final grid state, mean grid cell occupancy, mean binding site occupancy, fraction of time with N TFs bound, warning
1, 0011111100, 0001111100, 0.6041715848690613, 0.9772990072226255, 0.0 0.0 0.0 0.00017423568883237383 0.01097889970496929 0.11372545018781212 0.8751214144183862, 
2, 0011111100, 0011111100, 0.6041500899419445, 0.9761509204026096, 0.0 0.0 0.0009982455700658047 0.002307680215606959 0.013278938302144886 0.10562057805296816 0.8777945578592141, 
3, 0001111100, 0011111100, 0.6013948850493052, 0.9724516992358602, 0.0 0.0 0.0 0.0012095563593134424 0.018974321346002136 0.12371249281489385 0.8561036294797907, 
4, 0011111100, 0111111100, 0.5989095014526836, 0.967188923276568, 0.0 0.0 0.0008597983547088644 0.0063164787910827275 0.01745995708139429 0.13955791638572007 0.8358058493870941, 
5, 0011111100, 0011111100, 0.6056993559815095, 0.9785944170325056, 0.0 0.0 0.0 4.5119376933432756e-05 0.011930094533656338 0.10443795060685415 0.8835868354825561, 
6, 0000111100, 0011111100, 0.6003810340004877, 0.9718299807544429, 0.0 0.0 0.0 0.0005818661177338304 0.01715221241478384 0.13297009229057397 0.8492958291769084, 
7, 0011111100, 0011111110, 0.6026134892200099, 0.9723850287174836, 0.0 0.0 0.0 0.0006351224913993619 0.0181198671835324 0.12754472585383542 0.8537002844712329, 
8, 1111111100, 0011111100, 0.6017753273488855, 0.9720925800549479, 0.0 0.0 0.0 0.0007251406393891856 0.01991339451681997 0.1254423087185055 0.8539191561252855, 
9, 0111111100, 0011111100, 0.602143224998428, 0.9727649046836568, 0.0 0.0 0.0 0.00025334092751273086 0.010269496038333836 0.1421115570388531 0.8473656059953004, 
10, 0011111100, 0011111100, 0.6019092930645361, 0.9723185539252199, 0.0 0.0 0.0001646971757690963 0.004834437641348867 0.014178991218282522 0.1225685923849924 0.8582532815796071, 
11, 0011111100, 0011111000, 0.6030486772503483, 0.9740681366917647, 0.0 0.0 0.0 0.0008831320831929927 0.010145656188170057 0.13265047122349277 0.8563207405051442, 
12, 0011111111, 0011111110, 0.6035218841411256, 0.9752931181458536, 0.0 0.0 0.0 0.00036980243705093854 0.01335704482202843 0.12041779416966943 0.8658553585712512, 
13, 0011111100, 0011111100, 0.6051495701849806, 0.9775143996773856, 0.0 0.0 0.0 0.0008931787175400483 0.013567868223861532 0.10509832933534285 0.8804406237232556, 
14, 0011111100, 0011111100, 0.6023535913454547, 0.9734844823273687, 0.0 0.0 0.0 0.0009651906426046291 0.016879996329284896 0.12243754144940458 0.8597172715787059, 
15, 0011111110, 0011111100, 0.606123077947928, 0.9776673389596463, 0.0 0.0 0.0 0.000886503295766626 0.009389081622116319 0.11255829311058953 0.8771661219715275, 
16, 0011111100, 0011111100, 0.6029790760019601, 0.9749881902340434, 0.0 0.0 0.0 0.0005270576472978365 0.014733617529291509 0.11902245059526308 0.8657168742281476, 
17, 0001111100, 0011111000, 0.6040549249798572, 0.9749765707117777, 0.0 0.0 0.0 0.0007631083367347433 0.013630250920551638 0.12059074887802627 0.8650158918646874, 
18, 0011111100, 0011111100, 0.6045964308864661, 0.9759106576597789, 0.0 0.0 0.0 0.00047386038599218634 0.015316479261717801 0.11248151435991478 0.8717281459923752, 
19, 0011111100, 0011111100, 0.6069542013680981, 0.9793782543541786, 0.0 0.0 0.0 0.0 0.009087688587109814 0.1055550967007093 0.8853572147121809, 
20, 0011111100, 0011111100, 0.6027708767415413, 0.9735699762607867, 0.0 0.0 0.0004824504380392602 0.0005284092412290402 0.01667211883125577 0.12172087529692467 0.8605961461925512, 
21, 0111111100, 0011111100, 0.5996276636347427, 0.969357161515331, 0.0 0.0 0.0005027240652789388 0.0017320093062597795 0.014942961288512774 0.1467641841510928 0.8360581211888558, 
22, 0011111111, 0000000000, 0.3484936700499334, 0.5628160944131995, 0.4220463199238795 0.0005474008192480177 0.0011767049723001887 0.0017514802427579957 0.008694838777366187 0.060737571709078515 0.5050456835553696, 
23, 0011111100, 0001111100, 0.6031001789445749, 0.9730889111028477, 0.0 0.0 0.0 0.0032102247785072095 0.016901514792867563 0.11803282946165648 0.8618554309669688, 
24, 0011111100, 0011111100, 0.6042519077736812, 0.9753941889983266, 0.0 0.0 6.282488674220583e-05 0.002134084791193526 0.011095611117023214 0.11879008985544354 0.8679173893495975, 
25, 0011111110, 0011111100, 0.6020410752811003, 0.9737369487577022, 0.0 0.0 0.0 0.0 0.010459392839801048 0.1366595217741851 0.8528810853860138, 
26, 0011111100, 0011111100, 0.6037409926434639, 0.9731291355293923, 0.0 0.0 6.149620375269935e-05 0.001483874839485401 0.014984012033070785 0.12655955342403746 0.8569110634996537, 
27, 0011111100, 0011111100, 0.6038458779628566, 0.9742101066976878, 0.0 0.0 0.0 0.0036120654323099338 0.016503936345415825 0.11089529082611199 0.8689887073961623, 
28, 0011111100, 0111111100, 0.6060143096235333, 0.9779436822784968, 0.0 0.0 0.0005085983740137871 0.0013087137134753521 0.00829622647762648 0.10978491873728499 0.8801015426975993, 
29, 0111111100, 0011111100, 0.6023249747857521, 0.9730352435422069, 0.0 0.0 0.0 0.0011413076871352535 0.016970000686507093 0.12442461431233866 0.857464077314019, 
30, 0011111100, 0011111100, 0.5988610438564106, 0.9681489066527379, 0.0 0.0 0.0 0.0018825811523969966 0.02060369929896363 0.14425141802845454 0.8332623015201848, 
31, 0011111100, 0000000000, 0.5345922325579346, 0.8631585140505117, 0.1140912888870406 0.00014356990668228691 0.0002230418724527813 0.0013362091071665854 0.012740644045714462 0.10540124993853517 0.7660639962424081, 
32, 0011111100, 0011111100, 0.603875201884926, 0.9753999746483963, 0.0 0.0 0.0 0.0012612609928350788 0.014929451809065141 0.1139574655129873 0.8698518216851124, 
33, 0011111100, 0011111111, 0.6061603767613073, 0.9785089385802955, 0.0 0.0 0.0 0.00016394202061809242 0.011682958460042348 0.10508862553628827 0.8830644739830513, 
34, 0011111100, 0011111100, 0.6039170541461443, 0.9741233966726495, 0.0 0.0 0.0 0.0006979990233770438 0.01421156468500279 0.12474249352396663 0.8603479427676535, 
35, 0011111100, 0011111100, 0.5990291288116697, 0.9674222918835074, 0.0 0.0 0.0 0.0014015793917259147 0.018283991918798485 0.1546935266861816 0.825620902003294, 
36, 0011111100, 0011111100, 0.6056462116465904, 0.9769611706994806, 0.0 0.0 0.0 0.002069244932575793 0.008463180254914552 0.11509888049555941 0.8743686943169503, 
37, 0011111100, 0011111100, 0.6056904511932983, 0.9794337465175846, 0.0 0.0 0.0 0.0005657213610229038 0.008759371276844171 0.10418161425773494 0.8864932931043981, 
38, 0011111111, 0011111100, 0.6013446993162043, 0.9706242526748267, 0.0 0.0 0.0003822475599796147 0.001249219235567933 0.01881971363595365 0.1333384087325101 0.8462104108359887, 
39, 0011111100, 0011111100, 0.6044120644700534, 0.9763701369341365, 0.0 0.0 0.0 0.000677983426238866 0.007756526237207402 0.12423217564204825 0.8673333146945055, 
40, 0011111110, 0011111100, 0.6008813198018187, 0.971103883280556, 0.0 0.0 0.0 0.004423473163593553 0.019695623821087367 0.12071503318370895 0.8551658698316101, 
41, 0000111110, 0011111100, 0.60095416979675, 0.9705592615708141, 0.0 0.0 0.0005391482824888116 0.0011177423548464262 0.017351237257122256 0.1364321358663763 0.8445597362391661, 
42, 0011111100, 0011111100, 0.5850342783947374, 0.9438945176675408, 0.02629275660901387 3.594397946459906e-05 0.001998439968944958 0.0033996678745327673 0.01646841430921734 0.1275670423255363 0.8242377349332901, 
43, 0011111100, 0011111000, 0.6045417130924841, 0.9765814801858654, 0.0 0.0 0.0 0.0 0.006537514415508337 0.1274360900537901 0.8660263955307015, 
44, 0011111000, 0011111100, 0.6047252687765373, 0.9767865413621311, 0.0 0.0 0.0 0.0009764020211827186 0.009004704486726493 0.11834213679021255 0.8716767567018782, 
45, 0011111100, 0011111100, 0.6013209759133963, 0.9720714790610729, 0.0 0.0 0.00024175490359317685 0.005007458571750265 0.017819975477107005 0.11594177934972437 0.8609890316978251, 
46, 0011110000, 0011111100, 0.6038319346223606, 0.9755706291143652, 0.0 0.0 0.0 0.0006020034550155911 0.013555462931774726 0.11765928908521223 0.8681832445279974, 
47, 0111111000, 0011111100, 0.6036124062071271, 0.9744570194622068, 0.0 0.0 0.00013991433931079646 0.0010632240365318457 0.013378085832226048 0.1227523820954692 0.8626663936964621, 
48, 0011111100, 0000111100, 0.6027497745876428, 0.9728123910901555, 0.0 0.0 0.0009390471872979685 0.005910094506032736 0.014426383219738204 0.11278641475230108 0.8659380603346299, 
49, 0111111100, 0011111100, 0.6052431833614916, 0.9779573028375987, 0.0 0.0 0.0 0.0004488742920587389 0.012229381615230617 0.10645079686777041 0.8808709472249402, 
50, 0011111100, 0000000000, 0.017434524888672007, 0.02813019929015002, 0.9696980768705319 0.0012699988670912207 9.964539828092213e-05 4.963721032668082e-05 0.0017321477827144589 0.002668559910919663 0.02448193396013514, 
51, 0011111100, 0011111100, 0.6005704216012774, 0.9702043534565157, 0.0 0.0 0.0 0.00408139514210708 0.017238614980086935 0.13205246387441089 0.8466275260033952, 
52, 0011111100, 0011111100, 0.6020651880971658, 0.9716312605570002, 0.0 0.0 0.0 0.0013534000322840325 0.01857262365630994 0.1290069892485271 0.8510669870628789, 
53, 0011111100, 0011111100, 0.6008930780356175, 0.9701746288001721, 0.0 0.0 0.0 0.0029633254089167283 0.016898188396002396 0.1362658741802121 0.8438726120148689, 
54, 0011111110, 0011111100, 0.6025971536659543, 0.9743341636684751, 0.0 0.0 2.5014006324594926e-05 0.0003584954302102327 0.018188495826280696 0.1164424840206587 0.8649855107165259, 
55, 0011111100, 0001111100, 0.603482192001263, 0.975132963150586, 0.0 0.0 0.0 0.0010678127738670223 0.01747442409928104 0.11104993457632191 0.8704078285505301, 
56, 0011111100, 0011111100, 0.6011037456852522, 0.9699714634260711, 0.0 0.0 0.0004037292265921547 0.0019367791758647984 0.017636586156888928 0.13747279269583293 0.8425501127448212, 
57, 0011111000, 0011111100, 0.6048912788113605, 0.9762419009228668, 0.0 0.0 0.00042038657826031953 0.0019767610431100356 0.010395145086547581 0.1141464748473331 0.873061232444749, 
58, 0011111100, 0011111100, 0.6010682210172021, 0.9726632734493813, 0.0 0.0 0.0 0.001267618466370212 0.013580430285797565 0.1330566433330063 0.852095307914826, 
59, 0011111100, 0001111100, 0.6028883849836154, 0.9732085983323591, 0.0 0.0 6.453149941784994e-05 0.0037131181379328024 0.014358728382527828 0.12063347282932016 0.8612301491508013, 
60, 0001111100, 0011111100, 0.6057684905850628, 0.9777359330332916, 0.0 0.0 0.0 0.00010481740843670707 0.008100722134300438 0.11706850530633903 0.8747259551509239, 
61, 0011111100, 0111111100, 0.6014934446217025, 0.9718775940497277, 0.0 0.0 0.0003995481942571344 0.0006190700098828191 0.01619898541054965 0.13288106207385736 0.8499013343114531, 
62, 0011111100, 0011111100, 0.6026241713872257, 0.9726569193718547, 0.0 0.0 0.0004879557291041314 0.0022631783122485662 0.016279029335439756 0.12275906724482978 0.8582107693783777, 
63, 0011111100, 0011111100, 0.6024827360436346, 0.9745320854725649, 0.0 0.0 0.0 0.0006910463140564304 0.009952672271005446 0.13082900368043132 0.8585272777345069, 
64, 0011111100, 0011111100, 0.6001581864388333, 0.9712787735578284, 0.0 0.0 0.0003527522013924235 0.002128009735275677 0.01558809836711337 0.13335612390740595 0.8485750157888126, 
65, 0111111110, 0011111000, 0.6036740185595626, 0.9748448682367176, 0.0 0.0 0.0 0.0020969424311941716 0.013505611031732317 0.11762874122264722 0.8667687053144263, 
66, 0011111100, 0011111100, 0.6030045487732661, 0.9737393673772679, 0.0 0.0 1.1671449984595887e-05 0.0014132254576336059 0.017003021608895368 0.11927139034576364 0.8623006911377228, 
67, 0011111100, 0011111100, 0.6026505781424203, 0.9745259499181216, 0.0 0.0 0.0 0.0008422075565645381 0.010987384176574112 0.1283429094684286 0.8598274987984327, 
68, 0011111000, 0001111100, 0.6045388190825832, 0.976219446272855, 0.0 0.0 0.00022009618802547453 0.001046974572320836 0.012270047204178717 0.11412191948544927 0.8723409625500258, 
69, 0011111100, 0011111100, 0.6024785241929399, 0.9721320973518736, 0.0 0.0 0.0 4.8049594390619366e-05 0.012516317189677946 0.1420306327262312 0.8454050004897004, 
70, 0011111100, 0011111100, 0.6021926714964654, 0.973147108828759, 0.0 0.0 0.0 0.0025973400834109666 0.01582077704115575 0.12168377269490206 0.8598981101805311, 
71, 0011111100, 0011111100, 0.6035180002034747, 0.9760659954728015, 0.0 0.0 0.0 0.0003241821725617562 0.010114800919250483 0.12240187880700422 0.8671591381011836, 
72, 0011111110, 0001111100, 0.6053373733083162, 0.977636034478435, 0.0 0.0 0.0 0.001690197760861828 0.00956894045880379 0.10997531892919668 0.8787655428511378, 
73, 0011111100, 0011111100, 0.6042074408768889, 0.975953613146672, 0.0 0.0 0.0 0.0015425534367840062 0.016116714285677926 0.10741723223826068 0.8749235000392773, 
74, 0011111100, 0011111100, 0.3557118839216985, 0.574150335175411, 0.4097279515566208 0.0008418635219185293 0.0016998606992463057 0.0026612297043010686 0.004259760948693218 0.06921830819094095 0.5115910253782792, 
75, 0011111100, 0011111100, 0.6024991975648003, 0.974089186878073, 0.0 0.0 0.0 0.0006391580176205861 0.010211169020598715 0.13312506663750215 0.8560246063242786, 
76, 0011111110, 0011111100, 0.6057997390203347, 0.9779411179416183, 0.0 0.0 0.0 0.0003533118600058555 0.012480171996368594 0.10633301277753544 0.8808335033660901, 
77, 0011111100, 0011111100, 0.6055113046182827, 0.977597993433389, 0.0 0.0 0.0 0.000251692941507839 0.00693871641640871 0.11977952774232549 0.8730300628997579, 
78, 0011111100, 0011111100, 0.605860173584539, 0.9777642524973653, 0.0 0.0 0.0 0.0010078171225560845 0.012412562909647356 0.10556590782884395 0.8810137121389526, 
79, 0011111100, 0011111100, 0.6046687084166222, 0.9756204757725684, 0.0 0.0 0.00030016474695160274 0.003334566181733267 0.012628975654192793 0.10981483652319743 0.8739214568939249, 
80, 0001111100, 0011111100, 0.6047186893159122, 0.9766437175196455, 0.0 0.0 0.0 0.0008346020718170063 0.010133420004959265 0.11736704865675814 0.8716649292664655, 
81, 0011111100, 0011111100, 0.6007175808981965, 0.9706128489232133, 0.0 0.0 0.00031982169684875575 0.003406724087229683 0.018422171781065456 0.12797910384950567 0.8498721785853505, 
82, 0001111100, 0011111100, 0.6038855487374318, 0.9765855797378986, 0.0 0.0 0.0 0.00043631551138945986 0.006285687877919311 0.1266061992826016 0.8666717973280896, 
83, 0001111100, 0111111100, 0.6023334432995753, 0.9729506024062236, 0.0 0.0 0.0 0.002228263701851815 0.016322551895553566 0.12296649066599696 0.8584826937365976, 
84, 0011111110, 0011111100, 0.42544376206277507, 0.6879800768880788, 0.29073195907002425 0.0004245869627976417 0.0005645508265923034 0.003631906385662896 0.01517482456121294 0.08210127785160898 0.607370894342101, 
85, 0011111100, 0011111100, 0.6034333501800374, 0.9750602337386746, 0.0 0.0 0.0 0.0009762601963564327 0.0112673759746068 0.12417506502967046 0.8635812987993663, 
86, 0011111100, 0011111000, 0.6017939625554408, 0.9718948156697933, 0.0 0.0 0.0 0.0005432989325701339 0.0172470126189377 0.13250718394565475 0.8497025045028375, 
87, 0011111110, 0011111100, 0.6025707656331826, 0.9732441077477785, 0.0 0.0 0.0 0.002743273352456717 0.01824068100651025 0.11582417144293823 0.8631918741980948, 
88, 0011111100, 0111111100, 0.6045896706359143, 0.9761265974180936, 0.0 0.0 0.0 0.0009563003751056533 0.00964858145275316 0.12107435146061575 0.8683207667115254, 
89, 0001111100, 0111111100, 0.6027135683161465, 0.9731821751498627, 0.0 0.0 0.0 0.0 0.008920152816436943 0.14306664346794914 0.8480132037156138, 
90, 0011111100, 0011111100, 0.6048866667399584, 0.9769548648812967, 0.0 0.0 0.0 0.0005315843332129432 0.01282556802408606 0.11102492166440807 0.8756179259782929, 
91, 0011111100, 0011111110, 0.6023172519694112, 0.9737009256726463, 0.0 0.0 0.0 0.0003746073805616015 0.008199493579015681 0.1402716366644058 0.8511542623760169, 
92, 0011111100, 0011111000, 0.6017984137535034, 0.9730832681147379, 0.0 0.0 5.307506010759444e-06 0.0005563904512077285 0.0120550778759741 0.1356998341819583 0.851683389984849, 
93, 0011111100, 0011111100, 0.6050634389503935, 0.9770341235947723, 0.0 0.0 0.0 0.00027630006357420053 0.0130926059249931 0.11078114639065832 0.8758499476207744, 
94, 0011111100, 0011111100, 0.6035073929988231, 0.9740969293404266, 0.0 0.0 0.0 0.0013574953926001276 0.01299097301827272 0.12536399174309507 0.8602875398460321, 
95, 0011111100, 0011111100, 0.6035477449870894, 0.9747270783156309, 0.0 0.0 0.0 0.0011320420655423118 0.011908340819047007 0.12442472227149372 0.862534894843917, 
96, 0011111100, 0011111100, 0.6018079043150457, 0.9718104060526942, 0.0 0.0 0.0 0.0031611216861770265 0.01630087190763213 0.1270524548100396 0.8534855515961512, 
97, 0001111100, 0111111100, 0.6033783757961088, 0.97381809821002, 0.0 0.0 0.0 0.00034734371660016827 0.014532958026786542 0.12698346353650763 0.8581362347201056, 
98, 0011111100, 0011111100, 0.6037090413258873, 0.9755753673995788, 0.0 0.0 0.0 3.619948604416279e-05 0.013053940649059917 0.12033131584627499 0.8665785440186209, 
99, 0111111100, 0011111100, 0.6049299533668956, 0.9755658555220608, 0.0 0.0 4.627327684721776e-05 0.0018160724193897132 0.01603762963529425 0.1088962972314887 0.87320372743698, 
100, 0011111110, 0011111100, 0.6030748055819696, 0.9754118437460538, 0.0 0.0 0.0 0.0 0.01212991384350806 0.12326910983666083 0.8646009763198311, 
run, initial grid state, final grid state, mean grid cell occupancy, mean binding site occupancy, fraction of time with N TFs bound, warning
1, 0011111100, 0011111100, 0.6030708360542728, 0.9739184231976694, 0.0 0.0 0.0 0.0019288124894020953 0.013363649211664184 0.12397572492244906 0.8607318133764846, 
2, 0011111100, 0011111100, 0.6012941579132236, 0.9726058594366759, 0.0 0.0 0.0 0.0031285980936677396 0.008858109197386303 0.13726283070417006 0.850750462004776, 
3, 0011111100, 0011111100, 0.6012477879542193, 0.9702493238037082, 0.0 0.0 0.0 0.0023908274856086426 0.012769970745445601 0.1457916332300338 0.8390475685389119, 
4, 0011111100, 0011111100, 0.5985257435951039, 0.9686679354034159, 0.0 0.0 0.00038529780146238343 0.0026385986648018015 0.01946015925808186 0.13961508186308602 0.8379008624125679, 
5, 0111111100, 0111111100, 0.6043047552118312, 0.9769397440880146, 0.0 0.0 0.00019029115405463034 0.0006275341695717402 0.008176630654671446 0.11936450703763582 0.8716410369840664, 
6, 0011111110, 0111111100, 0.6048451432133156, 0.9767315732132376, 0.0 0.0 0.0 0.0008435910575848249 0.011029040138840348 0.1150217072701399 0.8731056615334348, 
7, 0011111100, 0011111100, 0.6025074683791616, 0.9725549390126115, 0.0 0.0 0.0 0.004289018408525955 0.015239468748343388 0.12132437320206665 0.8591471396410639, 
8, 0011111100, 0011111100, 0.604005385775933, 0.9756249972535666, 0.0 0.0 0.0 0.0001778056017670177 0.011899642470241847 0.1219173147328163 0.8660052371951749, 
9, 0011111100, 0011111100, 0.6019167488009232, 0.9723862213410145, 0.0 0.0 0.0 0.0017102858801301035 0.014579965097198914 0.13139188411912442 0.8523178649035466, 
10, 0011111100, 0011111100, 0.6039749664052043, 0.9763388112774685, 0.0 0.0 0.0 3.3547840533547456e-05 0.015851073334891618 0.1101643421438053 0.8739510366807696, 
11, 0011111100, 0000000000, 0.29273248774364696, 0.4723106597843833, 0.5110654806573309 0.0006585482300132796 0.00036686427302099405 0.0029260471499796136 0.010128616107485212 0.06594758544265458 0.40890685813951533, 
12, 0011111100, 0111111000, 0.6035217409283778, 0.9741904767270789, 0.0 0.0 0.0008287895294693112 0.003823340102194079 0.012553026757190538 0.11496590769868675 0.8678289359124592, 
13, 0011111100, 0011111100, 0.6015418307144124, 0.972989096739121, 0.0 0.0 0.0 0.001055182008447803 0.012663009045420344 0.1335738554490898 0.8527079534970421, 
14, 0011111100, 0011111100, 0.6032937253796977, 0.975355213905194, 0.0 0.0 0.0 0.0009159903894126414 0.01057567940343426 0.12396938659373023 0.8645389436134229, 
15, 0011111000, 0011111100, 0.6022308901730253, 0.9715219037039772, 0.0 0.0 0.0 0.00037932320793265383 0.014835873563731432 0.14005886102487602 0.84472594220346, 
16, 0011111100, 0011111100, 0.6028926432203574, 0.9739071776467889, 0.0 0.0 0.0 0.00048258333157698307 0.013765520776398591 0.12757814257173813 0.8581737533202863, 
17, 0011111100, 0011111100, 0.6029964344294212, 0.9742303247490448, 0.0 0.0 0.00014753593186991553 0.0022158749522304673 0.010152916493419767 0.12707444993472022 0.8604092226877595, 
18, 0011111110, 0011111110, 0.6024400363373477, 0.9733402718929781, 0.0 0.0 0.0 0.0009745587147124607 0.02174386135011321 0.11354696979776777 0.8637346101374066, 
19, 0011111100, 0011111000, 0.5997334626492443, 0.9689161406809385, 0.0 0.0 0.0014030897049977665 0.003432273553599346 0.013729990072266465 0.14313399628904716 0.8383006503800893, 
20, 0011111100, 0011111100, 0.6058969122585735, 0.9780655770466118, 0.0 0.0 0.00019093254569814316 0.0019406186576390832 0.0090328693252074 0.10695521291420478 0.8818803665572506, 
21, 0111111100, 0011111100, 0.6020465675596017, 0.9717523019411106, 0.0 0.0 7.164708854232515e-05 0.0009406421503163518 0.017537802546676473 0.13130206845486503 0.8501478397595998, 
22, 0011111100, 0011111100, 0.6011327746597457, 0.9713319808913659, 0.0 0.0 0.0 0.001027486356376239 0.016501833260967907 0.13592198906073913 0.8465486913219167, 
23, 0011111100, 0011111100, 0.6004721567645137, 0.9702449371092478, 0.0 0.0 0.0 0.001898150237692055 0.021493758423100216 0.12984840978523626 0.8467596815539714, 
24, 0011111100, 0011111100, 0.6073918569328925, 0.979823345034053, 0.0 0.0 0.0 0.0005950946024063655 0.013152001924778802 0.09297064213890575 0.8932822613339091, 
25, 0011111100, 0011111100, 0.6026739360989541, 0.9725890780485903, 0.0 0.0 0.0 0.0023983859028205413 0.012277493109827555 0.13271538778034123 0.8526087332070107, 
26, 0001111100, 0011111100, 0.6041975144160695, 0.9754995186098843, 0.0 0.0 0.0 0.0028118076904910375 0.016462970256977478 0.10564152475526717 0.8750836972972643, 
27, 0111111100, 0011111100, 0.6041670477206511, 0.9745913837756065, 0.0 0.0 0.0 0.003246270130494804 0.01146581405256128 0.11978125884975405 0.8655066569671899, 
28, 0011111100, 0001111100, 0.6042643135445545, 0.9761688292562157, 0.0 0.0 0.0 0.00021104201524393897 0.009943469571127954 0.1224669592747182 0.86737852913891, 
29, 0011111100, 0011111100, 0.5992985891244449, 0.9670342983289796, 0.0 0.0 0.0013914502549801269 0.00357843422254981 0.01772193442455319 0.1460492374894468 0.8312589436084701, 
30, 0011111100, 0011111100, 0.6048110079556731, 0.9762584898487241, 0.0 0.0 0.0 0.000553614136240539 0.011088763095964798 0.11861069230700394 0.8697469304607907, 
31, 0011111100, 0011111100, 0.6047557200965924, 0.9754297466107438, 0.0 0.0 0.0 0.0009509249365202505 0.013900121319519865 0.11676850288693683 0.8683804508570231, 
32, 0011111100, 0011111100, 0.601888420024005, 0.969975060751144, 0.0 0.0 9.537899185044423e-05 0.002827605325443971 0.02057196979250052 0.13014136396440146 0.8463636819258036, 
33, 0011111100, 0011111000, 0.6022521446338551, 0.9737354955318257, 0.0 0.0 5.64340064723151e-05 0.001819044692344722 0.016533985420883048 0.1188361858643562 0.8627543500159437, 
34, 0011111100, 0000111100, 0.599556383333541, 0.9709942574230409, 0.0 0.0 0.0 0.0013547556491592951 0.010565274503654557 0.14883963950696807 0.8392403303402179, 
35, 0011111100, 0011111100, 0.6035677348018141, 0.9753427735899535, 0.0 0.0 0.0 0.0007492691692105644 0.012829742442927415 0.12003606606679271 0.8663849223210693, 
36, 0011111100, 0011111100, 0.6015381571007208, 0.9719053185639355, 0.0 0.0 6.006478758607591e-05 0.0024105111991721104 0.009893658404207533 0.1413089790601113 0.846326786548923, 
37, 0011111100, 0011111100, 0.6012104756473747, 0.9698358237852645, 0.0 0.0 0.0 0.002591307179613198 0.022342083628820293 0.12852696849193213 0.8465396406996344, 
38, 0001111110, 0011111100, 0.6032318561232081, 0.9754215711814893, 0.0 0.0 0.0 0.0012620449516600653 0.012193364300283773 0.11929770945551613 0.86724688129254, 
39, 0001111100, 0011111100, 0.602271934486242, 0.9722132837361089, 0.0 0.0 0.0 6.131072209866273e-05 0.02011947462009317 0.12629741617686405 0.8535217984809441, 
40, 0011111000, 0011111100, 0.6038067310761019, 0.9741779379899993, 0.0 0.0 0.0 0.0002567027298831088 0.010150245852622645 0.13386177216510906 0.8557312792523852, 
41, 0011111100, 0011111100, 0.6047158939769176, 0.9767653815079322, 0.0 0.0 0.0 0.00029431257104953125 0.014357618343170397 0.10980953655291706 0.8755385325328631, 
42, 0011111110, 0011111100, 0.6045971756750679, 0.9760193053487752, 0.0 0.0 0.0 0.0009816940904385702 0.010218269903447869 0.1205025458291375 0.8682974901769761, 
43, 0011111100, 0011111110, 0.606152598155415, 0.9771901486040051, 0.0 0.0 0.0 0.0022576640050444145 0.009206548974695833 0.11167301841144468 0.8768627686088151, 
44, 0111111100, 0011111000, 0.604172514173016, 0.9752998198366231, 0.0 0.0 0.0 0.0023181557415950156 0.017833333221541393 0.10557994731239408 0.8742685637244695, 
45, 0011111100, 0011111100, 0.604726841386377, 0.9751700812669033, 0.0 0.0 0.0 0.0005073838655503591 0.007525780732573999 0.13240579933678076 0.8595610360650949, 
46, 0011111100, 0011111100, 0.6011110897348404, 0.9708718165165773, 0.0 0.0 0.0 0.0016421395778704823 0.02494653639047577 0.11994960938597364 0.8534617146456801, 
47, 0011111100, 0011111100, 0.6048352365813493, 0.9764622978654679, 0.0 0.0 0.0 0.0005048572486650943 0.012402756929680328 0.11490612720183689 0.8721862586198178, 
48, 0011111100, 0011111100, 0.6067260058866824, 0.9785376714137175, 0.0 0.0 0.0002171145250138782 0.00034009675068719043 0.010555805439948485 0.10577361228568127 0.8831133709986693, 
49, 0011111100, 0011111100, 0.6031806372653844, 0.9748442530218762, 0.0 0.0 0.0 0.00044464712327048887 0.008714351782436689 0.13217183693405837 0.8586691641602345, 
50, 0011111100, 0011111100, 0.6031654618561544, 0.9746113953156262, 0.0 0.0 0.0 0.0027790649449956984 0.009441856342292573 0.12511072058667075 0.862668358126041, 
51, 0111111100, 0011111110, 0.6016925943809782, 0.9722102384313537, 0.0 0.0 0.0 0.0016603722988253547 0.01718104906258576 0.12739535439023 0.8537632242483589, 
52, 0011111100, 0111111100, 0.6042163854109287, 0.9762853418542216, 0.0 0.0 0.00039810150097890977 0.0010512941897711228 0.009144631924220763 0.11925239645300006 0.8701535759320291, 
53, 0011111100, 0011111110, 0.6044833410378342, 0.9755719864547605, 0.0 0.0 0.0 0.0 0.00825206895773855 0.13006394335596025 0.8616839876863012, 
54, 0011111100, 0011111100, 0.6049027097611135, 0.9760687160867914, 0.0 0.0 5.983826150343531e-05 0.0007010999859180336 0.011404466302428314 0.11843611787062773 0.8693984775795225, 
55, 0011111100, 0011111100, 0.4526754626287595, 0.7312809965487856, 0.24656619012448205 0.0003174504760157494 0.0011497594629036243 0.0023701018697928813 0.010923613479670856 0.09777305715998061 0.6408998274271542, 
56, 0011111100, 0011111100, 0.6054453963857054, 0.9780559113293513, 0.0 0.0 0.0 0.0006595424599208717 0.010672928053827193 0.10834004853647594 0.8803274809497761, 
57, 0011111100, 0011111100, 0.6037946012979278, 0.9755840894878178, 0.0 0.0 0.0 0.0 0.012395058836214086 0.12170534540066476 0.8658995957631211, 
58, 0011111100, 0001111000, 0.6038841332427839, 0.9752876547172693, 0.0 0.0 0.0 0.0007543708310879979 0.011923401118591562 0.12216415696593791 0.8651580710843826, 
59, 0011111100, 0011111100, 0.6052464580912634, 0.9770719415936338, 0.0 0.0 0.0 0.0 0.012672992771119343 0.11222236489595933 0.8751046423329214, 
60, 0011111100, 0011111100, 0.6043774870808303, 0.975617892060185, 0.0 0.0 0.0 0.0008141034761572451 0.01598767089395357 0.11187499542251064 0.8713232302073786, 
61, 0111111100, 0011111100, 0.599989296835469, 0.9688926839042721, 0.0 0.0 0.00022790271644527712 0.000969713025927877 0.017462439786499973 0.14789826705780362 0.8334416774133233, 
62, 0011111100, 0011111100, 0.6036934769357886, 0.9747397545454227, 0.0 0.0 0.0 0.0022129715383614242 0.015539984133343353 0.11384258984569234 0.8684044544826028, 
63, 0000111100, 0011111110, 0.6040348212442468, 0.9742276924693286, 0.0 0.0 0.0 0.000208015672846919 0.010522654457727855 0.1329644892500321 0.8563048406193932, 
64, 0011111100, 0011111100, 0.6017094414446807, 0.9707750803720705, 0.0 0.0 0.00012854271396932145 0.0026357736215983116 0.015813941149682563 0.1353001437475396 0.8461215987672102, 
65, 0011111100, 0011111100, 0.6011207598644208, 0.9726470570719724, 0.0 0.0 0.0 0.00032321361771833323 0.018556513914412414 0.1260349888861856 0.8550852835816837, 
66, 0011111000, 0011111100, 0.6032998080771045, 0.9742848851054356, 0.0 0.0 0.0 0.003706501586687959 0.015232695516121737 0.11270579357507837 0.8683550093221118, 
67, 0111111100, 0011111100, 0.602355745395019, 0.9742340845321272, 0.0 0.0 0.0 0.0011153120366714114 0.012919169700934572 0.12541121729535287 0.8605543009670411, 
68, 0011111100, 0001111100, 0.6017223501963754, 0.9724477051909347, 0.0 0.0 0.00011628005183969224 0.0015953670489909817 0.016267851961712956 0.12752684357663416 0.8544936573608223, 
69, 0011111100, 0011111100, 0.6024413502373939, 0.9730702348143594, 0.0 0.0 0.0 0.0005802795903338137 0.01925789385073806 0.1213219646413663 0.8588398619175618, 
70, 0011111100, 0011111100, 0.6041534049397508, 0.9750203585114169, 0.0 0.0 0.0 0.0002124077589255855 0.019108351485635836 0.11102392268345064 0.8696553180719879, 
71, 0001111100, 0011111110, 0.6032673617100902, 0.9742327394044118, 0.0 0.0 0.0 0.0002703035143366314 0.010477310054317622 0.13283803292188362 0.8564143535094622, 
72, 0011111100, 0011111110, 0.6052192922673654, 0.975804522659342, 0.0 0.0 0.0007163454156433967 0.0015038771869022504 0.01337889460566948 0.11103806160932869 0.8733628211824561, 
73, 0011111100, 0011111100, 0.6042944983532441, 0.9767670478453685, 0.0 0.0 0.0 0.0001549791870131769 0.009751666141497556 0.11942944308375457 0.8706639115877347, 
74, 0011111100, 0011111100, 0.6002316461976955, 0.9701154272025111, 0.0 0.0 0.0 0.0012061464432777675 0.02140486616839985 0.1328792651183011 0.8445097222700213, 
75, 0001111100, 0011111100, 0.601151825987614, 0.9709957364172069, 0.0 0.0 0.0 0.0011131098436770552 0.012105128669346361 0.14647599462703403 0.8403057668599425, 
76, 0011111000, 0011111100, 0.6030428158376693, 0.9740149620242724, 0.0 0.0 0.0 0.0016689417095954572 0.014855792799183788 0.12119181712721187 0.8622834483640088, 
77, 0011111110, 0001111100, 0.6036576906787183, 0.9747340161723436, 0.0 0.0 0.0 0.0005221941678854397 0.009889969718894866 0.13024938102449302 0.8593384550887265, 
78, 0011111100, 0000000000, 0.5683820944903029, 0.9183229151372243, 0.059291951955490335 8.385220598788488e-05 0.0007689178711460885 0.0012180876666485977 0.01023759018605377 0.10668642155713509 0.8217131785575383, 
79, 0011111100, 0001111100, 0.6035958803085083, 0.9749634781929802, 0.0 0.0 0.0 0.0005692418754228027 0.011476231849242926 0.12555894151736405 0.8623955847579703, 
80, 0011111100, 0011111100, 0.6038973578127368, 0.975646944748006, 0.0 0.0 0.0004990838604586465 0.001678997117386957 0.009471432381938595 0.1201421399540919 0.8682083466861239, 
81, 0011111100, 0011111100, 0.6042715193263116, 0.9752788001503728, 0.0 0.0 0.0 0.0007875077926815264 0.009312017488007219 0.12734064074370466 0.8625598339756065, 
82, 0011111100, 0011111100, 0.6013795018131793, 0.9732510696182443, 0.0 0.0 9.378063336463201e-05 0.0038675340065348427 0.01609220419533559 0.11633144934680013 0.8636150318179647, 
83, 0011111110, 0011111100, 0.6021083106704825, 0.972174262048477, 0.0 0.0 0.0 0.0004941638613844059 0.014891587533355807 0.13568876105827263 0.8489254875469872, 
84, 0011111100, 0011111100, 0.6046467912253153, 0.9770758193841367, 0.0 0.0 0.0 0.0027213616907202625 0.00868821115906693 0.11200457630488536 0.8765858508453275, 
85, 0011111100, 0011111100, 0.6033706658245322, 0.9752747392666539, 0.0 0.0 0.0 0.0020637920421983937 0.013514278876603947 0.1151316305202735 0.8692902985609241, 
86, 0011111100, 0011111100, 0.6026188261899126, 0.9727936731953309, 0.0 0.0 0.00023545908141408645 0.0021999339362433977 0.023670148733556863 0.10835602522651387 0.8655384330222718, 
87, 0011111100, 0011111100, 0.6040269266154137, 0.97681672121754, 0.0 0.0 0.000144906501517977 0.0007030049128286895 0.009057315766775287 0.11829640041665142 0.8717983724022267, 
88, 0011111100, 0111110000, 0.6048560212131858, 0.9755600742023232, 0.0 0.0 0.00015545678904510678 0.0006718804468139295 0.008678176999145143 0.12664573229114814 0.8638487534738476, 
89, 0111111100, 0000000000, 0.5582711762568208, 0.9018648385517253, 0.07253209500211714 9.351376868372871e-05 0.0017305580999481109 0.0005898365394295964 0.01179183317710142 0.1208754214612422 0.7923867419514777, 
90, 0011111100, 0001111100, 0.6012316492090293, 0.9714383437955855, 0.0 0.0 0.0 0.003541185745882732 0.01750592491777373 0.12573453015329125 0.8532183591830523, 
91, 0001111110, 0011111100, 0.6042024798829408, 0.9736271235868438, 0.0 0.0 0.0003010842117298217 0.00017106090103671663 0.015610274328253824 0.1252991902724001 0.8586183902865795, 
92, 0011111100, 0011111100, 0.6034264020193437, 0.9728737467192052, 0.0 0.0 0.0 0.0009716083157930628 0.014577926658941247 0.13068684141950646 0.8537636236057593, 
93, 0011111100, 0011111110, 0.6029847183831777, 0.9749132614555964, 0.0 0.0 0.0 0.0007530394050845645 0.011277354728950062 0.12570660359326766 0.8622630022726977, 
94, 0011111100, 0111111100, 0.6018545999661484, 0.9720475947944963, 0.0 0.0 0.0 0.0027300030765252167 0.017082031947275377 0.12536035810889523 0.8548276068673042, 
95, 0011111100, 0011111100, 0.6035327642874935, 0.9771794005456451, 0.0 0.0 0.0 0.0004808229194119714 0.011596256509895863 0.11228861494810194 0.8756343056225901, 
96, 0000000000, 0011111110, 0.35857628630360305, 0.5792850062880723, 0.39767449813033723 0.0006030051297691189 0.00015375982837353432 0.002632602810307968 0.01781063895668989 0.09109382218289953 0.4900316729616227, 
97, 0011111100, 0011111100, 0.6025181197630932, 0.973673556954074, 0.0 0.0 0.0 0.0009081946041111435 0.016261979543572582 0.1227101153760776 0.8601197104762386, 
98, 0011111100, 0011111100, 0.6056012124030308, 0.9768386800557524, 0.0 0.0 0.0 5.8450063943635845e-05 0.010002706035950219 0.11878715740175384 0.8711516864983523, 
99, 0001111000, 0011111100, 0.6026642733248341, 0.9745331194909143, 0.0 0.0 0.00010019076624054283 0.0011432253802169574 0.014840291640066356 0.11929026056876933 0.8646260316447069, 
100, 0000111100, 0011111100, 0.6008514874878483, 0.9719206707473633, 0.0 0.0 0.000129638879164287 0.0027063018430065395 0.01626249890296855 0.1273135166642066 0.853588043710654, 
run, initial grid state, final grid state, mean grid cell occupancy, mean binding site occupancy, fraction of time with N TFs bound, warning
1, 0011111100, 0011111100, 0.6035993552760481, 0.9751965725216373, 0.0 0.0 0.0 0.0022246772059840813 0.013489816022778175 0.11516690120666806 0.8691186055645697, 
2, 0011111110, 0011111100, 0.600240331150044, 0.9695270764541218, 0.0 0.0 0.0 0.0020962645875678173 0.022577278662689753 0.13139419018718523 0.8439322665625573, 
3, 0011111100, 0011111100, 0.6021137735844388, 0.973011958209937, 0.0 0.0 0.0001479273601201602 0.000953873118817203 0.010542595825125768 0.1373897302931944 0.8509658734027424, 
4, 0011111100, 1111111100, 0.6042337625503473, 0.9744590866768116, 0.0 0.0 0.0 0.0002303316242882538 0.01312977855999173 0.1262949279462826 0.8603449618694374, 
5, 0011111100, 0011111100, 0.6021356744165827, 0.9726481785457969, 0.0 0.0 0.0007373827351221299 0.00224623819272643 0.00995316433796556 0.1345163545306197 0.8525468602035662, 
6, 0011111100, 0011111100, 0.6036409785997033, 0.9738015789597915, 0.0 0.0 0.0 0.0013853719211421693 0.013546653565653351 0.12594110334651795 0.8591268711666865, 
7, 0111111100, 0011111100, 0.6039956000034463, 0.9763565053758682, 0.0 0.0 0.0 0.0005636852232350621 0.01145747389004957 0.11725496429498745 0.870723876591728, 
8, 0011111111, 0011111100, 0.6047824116521224, 0.9767824779071989, 0.0 0.0 0.0 0.0009415641931924081 0.009698292971528789 0.11708385403417194 0.8722762888011069, 
9, 0011111100, 0011111100, 0.6021918516599216, 0.9720425505387894, 0.0 0.0 0.0004098064093266782 0.001282310875386766 0.014827235939847664 0.13260406662410137 0.8508765801513375, 
10, 0111111100, 0011111100, 0.605003800685124, 0.9778818032833365, 0.0 0.0 0.0 0.0018820878545076363 0.014321111904946794 0.09842069292656436 0.8853761073139812, 
11, 0011111100, 0011111100, 0.6035701739837859, 0.9750237624600514, 0.0 0.0 0.0 0.0 0.01292458819827082 0.12400824884314987 0.8630671629585793, 
12, 0001111100, 0011111100, 0.6019949240413578, 0.9728364429847391, 0.0 0.0 0.0 0.000512770149258148 0.015739891230725226 0.1299632491823409 0.8537840894376758, 
13, 0011111100, 0011111100, 0.6043647253396398, 0.9750895346564988, 0.0 0.0 0.0 0.0006333350967135386 0.012262876339348198 0.12303703409216944 0.8640667544717687, 
14, 0011111100, 0011111100, 0.6059782656393738, 0.9781910547559092, 0.0 0.0 0.0 6.029175521203449e-05 0.008373997800727333 0.11392480059745472 0.8776409098466059, 
15, 0011111100, 0011111100, 0.6001586940277399, 0.9691126998125811, 0.0 0.0 6.006465676767485e-05 0.0015199389800616104 0.01942078633141276 0.14168215289443242 0.8373170571373255, 
16, 0011111100, 0011111110, 0.6032998292221058, 0.9738387506907473, 0.0 0.0 0.00016583589467294158 0.0011246012605878285 0.015655821085719328 0.12161870632362295 0.861435035435397, 
17, 0011111100, 0011111100, 0.6015315338978006, 0.9723072658224434, 0.0 0.0 0.0 0.002257625134712628 0.015752593590618754 0.1278783424799636 0.854111438794705, 
18, 0011111100, 0111111100, 0.603198528958747, 0.975161330002007, 0.0 0.0 0.0 1.3337489947818572e-05 0.012950375181466972 0.12309125715518071 0.8639450301734044, 
19, 0011111100, 0011111100, 0.60248346132098, 0.9753452665356733, 0.0 0.0 0.0 0.0 0.01187131443719709 0.1241857719115658 0.8639429136512372, 
20, 0011111100, 0011111100, 0.6062728072205691, 0.9780147051929493, 0.0 0.0 0.00017616465028149738 0.00023441952248028344 0.01269269054383702 0.10511847058606313 0.8817782546973381, 
21, 0011111100, 0011111100, 0.6011511670195742, 0.9709891620270347, 0.0 0.0 0.0003438934519681476 0.0021618621819937795 0.014707585253711195 0.1367886969765161 0.8459979621358108, 
22, 0011111110, 0011111100, 0.6068021683106746, 0.9786468491040083, 0.0 0.0 0.0 0.0010391612237801438 0.008942298063201478 0.10711682557820723 0.8829017151348112, 
23, 0111111100, 0011111100, 0.6058857825157699, 0.9767817517483456, 0.0 0.0 0.0 0.0003842498087572767 0.013603667318576502 0.11094940544650218 0.8750626774261641, 
24, 0011111100, 0011111100, 0.6042928160336098, 0.9771675379046852, 0.0 0.0 0.0 0.0005676812826033149 0.011625854766746577 0.11204001919058507 0.875766444760065, 
25, 1111111110, 0011111100, 0.6030084118163171, 0.9732729657258764, 0.0 0.0 0.0 0.00105570709618286 0.01694230948664994 0.12331046538289375 0.8586915180342733, 
26, 0011111100, 0011111110, 0.6038531953645231, 0.9747865352186336, 0.0 0.0 0.0 0.0009007731679643335 0.012485393474305658 0.12360768223569377 0.8630061511220363, 
27, 0011111100, 0011111100, 0.6053393168563763, 0.9774200180604411, 0.0 0.0 0.0 7.165255802018301e-07 0.014567959603362528 0.10634182285388669 0.8790895010171705, 
28, 0011111100, 0011111100, 0.6035246156983322, 0.9747259020693351, 0.0 0.0 0.0 0.0007949369255336125 0.011775376715229224 0.12570902337693038 0.8617206629823069, 
29, 0011111100, 0111111100, 0.6047636161203982, 0.9774636597276934, 0.0 0.0 0.0 0.00030777130351929437 0.00931449915483554 0.11566572941361077 0.8747120001280344, 
30, 0011111100, 0011111100, 0.6030260798428296, 0.9737629562247759, 0.0 0.0 0.0002914899528260458 0.0034138712947930747 0.011937551766697122 0.12213958542226737 0.8622175015634164, 
31, 0011110000, 0011111100, 0.5390650688630131, 0.8703258122109659, 0.10610181575674203 0.00013267898391076496 0.0006096675750466755 0.0027516285689342585 0.013112239798995107 0.10385280166921859 0.7734391676471526, 
32, 0011111100, 0011111100, 0.6053442176144447, 0.9778089998369683, 0.0 0.0 0.0 0.0003439909853517441 0.011238666145487044 0.10963669573115994 0.8787806471380014, 
33, 0011111100, 0011111100, 0.6019891636788567, 0.9722490796277835, 0.0 0.0 0.0 0.0003094947813695953 0.017274060668134618 0.13102891655292118 0.8513875279975746, 
34, 0011111100, 0111111100, 0.6056356600252198, 0.9776072013792582, 0.0 0.0 0.0004997442037439346 0.00032595818917910256 0.009855987098092179 0.11166796614575354 0.8776503443632312, 
35, 0011111100, 0011111100, 0.6041031594809799, 0.9756581383624616, 0.0 0.0 0.0 9.771666705846785e-05 0.013556065764519967 0.11864588829501536 0.8677003292734061, 
36, 0011111100, 0011111100, 0.6037707420852093, 0.9752314217985817, 0.0 0.0 0.0003765272047193277 0.0004452232781541347 0.013699373128237035 0.11837094429869596 0.8671079320901935, 
37, 0011111100, 0011111100, 0.6064531830562784, 0.9778580333858753, 0.0 0.0 0.0 0.0016311438172555252 0.013861755983932413 0.10023485626511704 0.884272243933695, 
38, 0011111100, 0011111100, 0.6002850461335404, 0.9700205866908145, 0.0 0.0 0.0 0.0033747257037680663 0.022828311723435406 0.12409567929693875 0.8497012832758578, 
39, 0011111100, 0011111100, 0.6018394252544732, 0.9718077279231876, 0.0 0.0 0.0 0.001046785266277123 0.01134091291432919 0.14333145083338442 0.8442808509860092, 
40, 0011111100, 0011111100, 0.6010013462807424, 0.9699130237963391, 0.0 0.0 0.0 0.0032536329903577192 0.019486905763733173 0.13178714672342565 0.8454723145224835, 
41, 0001111100, 0011111100, 0.6030967409605957, 0.9741511450045993, 0.0 0.0 0.0 0.0019772356064367293 0.011661978137801473 0.12583746687749073 0.8605233193782711, 
42, 0011111100, 0011111100, 0.6007207280463214, 0.9711115613481569, 0.0 0.0 0.0 0.0031988651269979915 0.013344887449433507 0.13704426163119746 0.846411985792371, 
43, 0011111100, 0011111100, 0.6084077761722053, 0.9808200753984121, 0.0 0.0 0.0 0.001300531946102182 0.010435834260561841 0.09030628325009743 0.8979573505432384, 
44, 0111111100, 0111111000, 0.5985551172153026, 0.9667276877293406, 0.0 0.0 0.00034878087151788523 0.005559872759678611 0.0264381741161011 0.1286827836266466 0.8389703886260559, 
45, 0011111100, 0011111110, 0.6047973602557899, 0.9758058041289511, 0.0 0.0 0.0 0.000766337799162751 0.011862014807953772 0.11914213221289754 0.8682295151799859, 
46, 0011111100, 0011111100, 0.6048007770672952, 0.9765956292347155, 0.0 0.0 0.0 0.00042600325806088385 0.007868848933179611 0.12341051695116557 0.868294630857594, 
47, 0011111100, 0011111100, 0.6028296343529975, 0.9734143995377266, 0.0 0.0 0.0 9.599739870207649e-05 0.019875877809064062 0.11947385495940654 0.8605542698328272, 
48, 0011111100, 0011111100, 0.6035944949463538, 0.9749076862271464, 0.0 0.0 7.02881236672969e-05 0.0010286181623989626 0.01404144201218781 0.11910399163088 0.865755660070866, 
49, 0011111100, 0111111100, 0.6045011332909705, 0.9767290963465941, 0.0 0.0 0.0001518041376209259 0.0020038991180935926 0.007830668874889167 0.11734517026589286 0.8726684576035034, 
50, 0011111100, 0011111100, 0.6003858554691619, 0.9700236461921155, 0.0 0.0 0.0 0.0017555948948593152 0.01475870170136751 0.14507393475999375 0.8384117686437794, 
51, 0111111100, 0011111100, 0.6041240133277295, 0.9752788696550964, 0.0 0.0 0.0 0.001025919058515653 0.01489796690570717 0.11545309108246132 0.8686230229533158, 
52, 0011111100, 0011111100, 0.6012394456851398, 0.9703005823519523, 0.0 0.0 0.0004557400940662338 0.003495323030528937 0.017193999214119512 0.1314995779921956 0.8473553596690897, 
53, 0011111100, 0011111110, 0.6055964667739393, 0.9767797668875718, 0.0 0.0 0.00039244217716955 0.001034169170883383 0.010207102127552868 0.11423491819813415 0.87413136832626, 
54, 0011111100, 0001111111, 0.600223200167973, 0.9700572794176836, 0.0 0.0 0.0003060329483464218 0.0012843260136147906 0.01773857846142985 0.1391020567368085 0.8415690058398004, 
55, 0011111100, 0111111100, 0.602408093258397, 0.9731222787798395, 0.0 0.0 0.0 0.0010227553205700147 0.02137021571787758 0.1154576299234986 0.8621493990380539, 
56, 0011111100, 0001111100, 0.6014886049470602, 0.9724461944424928, 0.0 0.0 0.0 0.004047231345278564 0.013431665214584809 0.12631780888003827 0.8562032945600984, 
57, 0001111100, 0011111110, 0.600354883978937, 0.9703170033406224, 0.0 0.0 0.00012147474156016394 0.006323605479600287 0.017999166036618136 0.12264293247798734 0.8529128212642341, 
58, 0011111100, 0011111000, 0.6039937028950204, 0.9748644390595337, 0.0 0.0 0.0 0.0012833286891874812 0.011895825781533547 0.1231717280121682 0.8636491175171107, 
59, 0011111100, 0011111100, 0.601985642960269, 0.9733666999649742, 0.0 0.0 0.0 0.000551060565521717 0.014718383175808595 0.12870985216197278 0.8560207040966968, 
60, 0111111100, 0011111100, 0.6020936081534841, 0.9727927320068324, 0.0 0.0 3.3676585192453286e-05 0.0004951435058014166 0.014600397278142283 0.13242267654454765 0.8524481060863163, 
61, 0011111110, 0011111100, 0.6070592745491069, 0.9786919342182755, 0.0 0.0 0.0 0.001684732139437532 0.010613584494767616 0.10156702928249876 0.8861346540832962, 
62, 0011111100, 0011111100, 0.6032093205904085, 0.9746655767297994, 0.0 0.0 0.0 0.0016865298175001283 0.015881961975054006 0.11518302621859618 0.8672484819888496, 
63, 0011111100, 0011111100, 0.6042821842840718, 0.9761130387103497, 0.0 0.0 0.0 0.0009091394609296818 0.012609011680738606 0.11537632599363527 0.8711055228646964, 
64, 0011111110, 0011111100, 0.6006249129170748, 0.9715672285621104, 0.0 0.0 0.0 0.0008744499911716438 0.013657692003901975 0.14065789464601883 0.8448099633589075, 
65, 0011111100, 0011111100, 0.5988306734681175, 0.9684033504319149, 0.0 0.0 0.0 0.005253459105466604 0.01828133246370614 0.13725685516469896 0.8392083532661283, 
66, 0011111100, 0000000000, 0.21527935334703996, 0.3484650957762376, 0.6397098931420615 0.0008155939957118601 2.9627059850579214e-05 0.0005576026343934308 0.00905594229214864 0.04696889578476607 0.3028624450910679, 
67, 0011111100, 0011111100, 0.598087741031458, 0.968510350441208, 0.0 0.0 0.00105330597173055 0.004197370675984933 0.024673138779913107 0.12278628387804848 0.847289900694323, 
68, 0011111100, 0011111100, 0.603579719745056, 0.974454250180169, 0.0 0.0 0.0001770602548081676 0.0016730816237949472 0.013279492154189207 0.12098802871999095 0.8638823372472169, 
69, 0011111000, 0011111100, 0.6058932515256704, 0.9777130577093359, 0.0 0.0 0.0 0.0007705160522504646 0.009079085613178694 0.11325193436087556 0.8768984639736953, 
70, 0011111100, 0001111100, 0.6001701901800696, 0.969889084460507, 0.0 0.0 0.0 0.003438349007374119 0.017245709108461862 0.1358590279979112 0.8434569138862529, 
71, 0011111100, 0011111100, 0.6021705260141579, 0.9726346509304084, 0.0 0.0 0.0006562845040413311 0.0024562756461324244 0.01840992118429308 0.11737828709440191 0.8610992315711312, 
72, 0011111100, 0011111100, 0.6039623319753764, 0.9744214958296586, 0.0 0.0 0.0 5.681981741882505e-05 0.01799772052197053 0.11730512452585046 0.8646403351347602, 
73, 0011111100, 0011111100, 0.6071563980390198, 0.9789741598647344, 0.0 0.0 0.0 0.00010250342654148737 0.009870955656962664 0.10610561921804473 0.883920921698451, 
74, 0000000000, 0111111100, 0.4716546258255511, 0.7615205806314007, 0.21445828573261935 0.00028397071508079485 0.000177221997145668 0.0009746324723579486 0.022237405844944658 0.09459935114493083 0.6672691320929207, 
75, 0011111100, 0011111110, 0.604594622521649, 0.9754850666153665, 0.0 0.0 0.00014493171866521948 0.004164553974647351 0.015889102462841247 0.1022380065835161 0.87756340526033, 
76, 0011111100, 0011111100, 0.6057308817716106, 0.976584563575438, 0.0 0.0 0.0015297772090841473 0.0012379133081134727 0.011285101523584432 0.10808956673952685 0.8778576412196911, 
77, 0001111100, 0011111100, 0.6041312973022678, 0.9746595776057708, 0.0 0.0 0.00032509243696017987 0.0017449151430488944 0.015979081580130516 0.11354925602812746 0.8684016548117329, 
78, 0011111110, 0011111100, 0.605183904053046, 0.9769955662509577, 0.0 0.0 0.0 8.419829874935603e-05 0.010027158886804506 0.11771968982439655 0.8721689529900495, 
79, 0011111100, 0011111100, 0.6047671725886077, 0.9766495473833855, 0.0 0.0 0.0 0.0014183318003390798 0.008422115717628575 0.11900348886341248 0.8711560636186199, 
80, 0011111100, 0111111110, 0.5996497610227496, 0.9694861027911028, 0.0 0.0 0.00023858853282871697 0.003447482316646732 0.02657936237386742 0.1186278574243927 0.8511067093522644, 
81, 0011111100, 0011111100, 0.5996641191141064, 0.9700095672996608, 0.0 0.0 6.580727956121165e-05 0.002580302001916766 0.01367992982710211 0.1445786014238349 0.839095359467585, 
82, 0011111000, 0011111100, 0.604046092936617, 0.9754606280260393, 0.0 0.0 0.0 0.0015313409558107738 0.015476203235085332 0.11168980250616138 0.8713026533029425, 
83, 0011111100, 0011111100, 0.602944528482822, 0.9746060727238088, 0.0 0.0 3.254101252924828e-05 0.0013736536002467358 0.01044081152967467 0.12723081574694065 0.8609221781106088, 
84, 0011111100, 0000000000, 0.5016426708139475, 0.8107355807375219, 0.1660576672336861 0.0002110118144514447 0.00031454148679528913 0.004739080367370361 0.011369355349813563 0.09997133535157564 0.7173370083963075, 
85, 0111111100, 0011111110, 0.6051196026974898, 0.9778511893670622, 0.0 0.0 0.0 0.0003770369654793966 0.012783043220030068 0.10619566646112932 0.8806442533533613, 
86, 0011111100, 0011111100, 0.6055016830742617, 0.9776088881666022, 0.0 0.0 0.00033507688108909693 0.0006471157083719117 0.010085028292687644 0.1108949597655391 0.8780378193523122, 
87, 1111111100, 0011111100, 0.6019374084896653, 0.9727633650119867, 0.0 0.0 0.0 0.0019264617941724116 0.013340515265387395 0.1309593940147883 0.853773628925652, 
88, 0011111100, 0011111100, 0.6060355682513027, 0.9787337501022388, 0.0 0.0 0.0 0.0004944934789821363 0.009294461492223988 0.10752509596517232 0.8826859490636215, 
89, 0001111100, 0011111110, 0.6011597437682374, 0.9720379297986856, 0.0 0.0 0.0 0.0012936265338129088 0.01607082758443276 0.13174988643758215 0.8508856594441722, 
90, 0011111110, 0011111100, 0.6048697712855483, 0.9757274758628988, 0.0 0.0 0.0 0.0006223626295193604 0.011428795979284473 0.12091046497548036 0.8670383764157159, 
91, 0011111100, 0011111100, 0.6013701507750846, 0.9725372982988085, 0.0 0.0 0.00034260317789009634 0.0029417213277302466 0.014863187558950865 0.12485425839449614 0.8569982295409326, 
92, 0011111100, 0011111100, 0.6017418502467942, 0.9728786485431222, 0.0 0.0 0.0008038855166962032 0.0022904479182061692 0.015394478376026921 0.12185226616780913 0.8596589220212615, 
93, 0011111100, 0011111100, 0.5982796491020885, 0.9660241904445749, 0.0 0.0 0.0 0.0017537684019671448 0.022837598227020972 0.15291835567260745 0.8224902776984044, 
94, 0011111100, 0011111100, 0.602712973466387, 0.9731558511317041, 0.0 0.0 0.0 0.00030806803795144666 0.014555071877509715 0.13103054534090217 0.8541063147436367, 
95, 0011111100, 0011111100, 0.6056260989159722, 0.9768904933799452, 0.0 0.0 0.0 0.0013446374804266434 0.011555649683791178 0.11151182791146583 0.8755878849243164, 
96, 0011111100, 0011111000, 0.605452689446105, 0.9779375890982832, 0.0 0.0 0.0 0.00045190876715145645 0.012816343238749034 0.10538605263134844 0.8813456953627511, 
97, 0011111100, 0011111100, 0.6065210503405405, 0.9809924511465552, 0.0 0.0 0.0 0.0 0.009452390384143165 0.09514051235238348 0.8954070972634733, 
98, 0011111100, 0011111100, 0.6019732511561865, 0.9736957264713026, 0.0 0.0 0.0 0.0 0.019427318399784677 0.11897100437261486 0.8616016772276004, 
99, 0111111100, 0001111100, 0.6064853741741082, 0.9793613617753099, 0.0 0.0 0.0 0.0 0.00412095104276464 0.11558992726261119 0.8802891216946243, 
100, 0011111100, 0001111100, 0.602820932372338, 0.974902074902856, 0.0 0.0 0.0 0.002437390276099997 0.013963098378797232 0.11534918299696932 0.8682503283481334, 
run, initial grid state, final grid state, mean grid cell occupancy, mean binding site occupancy, fraction of time with N TFs bound, warning
1, 0011111100, 0011111100, 0.6036610020470786, 0.9736356355929541, 0.0 0.0 0.0 0.0025743749333829538 0.012215662478559385 0.12603173668500797 0.8591782259030497, 
2, 0011111100, 0011111100, 0.6051236478588587, 0.975825711277263, 0.0 0.0 0.0 0.0007663830776483672 0.011578048258880614 0.1195904865857159 0.8680650820777551, 
3, 0011111100, 0011111100, 0.6044276188492911, 0.9758296578917323, 0.0 0.0 0.0 0.0019552004396875128 0.009589503193162083 0.11997744494421904 0.8684778514229314, 
4, 0011111100, 0000111100, 0.60394812409114, 0.9753661326122569, 0.0 0.0 0.00041506000219658723 0.001958257302948974 0.020471964067963134 0.09932426427289928 0.8778304543539921, 
5, 0011111100, 0011111100, 0.6034706659597612, 0.975550472992386, 0.0 0.0 0.0004917497445677859 0.0036068305534833096 0.006520119852940624 0.12086943170108211 0.8685118681479262, 
6, 0011111100, 0011111100, 0.6046133001542099, 0.9760437119802245, 0.0 0.0 0.0 0.0 0.012344556411568163 0.11904861529551647 0.8686068282929154, 
7, 0011111110, 0011111100, 0.6026865796258717, 0.9730455495130278, 0.0 0.0 0.0 0.0011449462937597433 0.014487230996577291 0.12931740204739883 0.8550504206622641, 
8, 0011111100, 0111111100, 0.602770161399671, 0.973105922949114, 0.0 0.0 7.773979862213134e-05 0.0026193315283673823 0.015980574564843787 0.12123435939603806 0.8600879947121286, 
9, 0011110000, 0011111000, 0.6039602220509814, 0.9745096490132471, 0.0 0.0 0.0 0.0007348500134329 0.012661650874973864 0.12541425413027074 0.8611892449813224, 
10, 0011111100, 0011111100, 0.6020652606902521, 0.9733367358885807, 0.0 0.0 0.0 0.000589476627818942 0.012473785795173402 0.13326358319471213 0.8536731543822955, 
11, 0011111100, 0011111100, 0.6004363023769745, 0.9716968133894113, 0.0 0.0 0.00115645435531128 0.002128427574119681 0.019214062482607732 0.12037989455471203 0.8571211610332494, 
12, 0011111100, 0011111100, 0.6057250411893039, 0.9787870810085778, 0.0 0.0 0.0 0.0007586260927141279 0.012347745140649935 0.10030614538909126 0.8865874833775447, 
13, 0011111000, 0001111100, 0.6045416647364615, 0.9763351569950858, 0.0 0.0 0.0 0.0009787606542053108 0.013670137180213811 0.11171250170644217 0.8736386004591388, 
14, 0011111110, 0011111100, 0.6031903611531014, 0.9744467089264908, 0.0 0.0 0.0013439494568874863 0.0002781987989961533 0.011183984424541101 0.12474138336743576 0.8624524839521395, 
15, 0111111100, 0011111100, 0.6002450453727604, 0.9702871018424442, 0.0 0.0 9.087319450139998e-05 0.004995722061959022 0.01666018840235037 0.12960635317675184 0.8486468631644373, 
16, 0011111100, 0011111100, 0.6027819295426536, 0.9733917730308002, 0.0 0.0 0.0 0.0003882275684113303 0.013830310035996768 0.1308240590379718 0.85495740335762, 
17, 0001111100, 0111111110, 0.6038946379121657, 0.9744422687202011, 0.0 0.0 0.0 0.0006757259032249308 0.00920956794572803 0.13290007407766308 0.8572146320733839, 
18, 0011111000, 0111111110, 0.6041809300679506, 0.9744702302927648, 0.0 0.0 0.0 0.0007317473263807523 0.011352354437832675 0.12827866738860425 0.8596372308471822, 
19, 0011111100, 0011111110, 0.6047086160701806, 0.976417002740759, 0.0 0.0 0.0 0.0 0.005059380052699709 0.13137922345004607 0.8635613964972542, 
20, 0011111100, 0011111100, 0.6030409898522021, 0.9732233362698753, 0.0 0.0 0.0 0.0030058802162857136 0.019023212132378068 0.11359591746713424 0.8643749901842019, 
21, 0011111100, 0111111000, 0.600840677517451, 0.9725112517914655, 0.0 0.0 3.7833087235916226e-05 0.002190476741773287 0.014071415106200687 0.13006689646454267 0.8536333786002474, 
22, 0011111100, 0011111110, 0.6057990976355848, 0.9787811968584841, 0.0 0.0 0.0 0.00040755758714675896 0.008310331728585418 0.10946948263048435 0.8818126280537835, 
23, 0011111110, 0001111100, 0.6022695031605603, 0.9733179755614993, 0.0 0.0 0.00048708429511053214 0.0005206548181366352 0.013826175396786274 0.12892949420257868 0.8562365912873878, 
24, 0011111100, 0011111100, 0.6034869057809382, 0.9745973653377957, 0.0 0.0 0.00038201898920763104 0.001656800569609361 0.006004460190378242 0.1339084099268106 0.8580483103239942, 
25, 0011111100, 0111111100, 0.6033617118977742, 0.9733142413106317, 0.0 0.0 0.0 0.0024430901280480923 0.016374400871700126 0.12003648000866585 0.8611460289915859, 
26, 0001111100, 0011111100, 0.6003870748572749, 0.9691097043113404, 0.0 0.0 0.0 0.0012671703584320204 0.024514091278549487 0.13251208049956262 0.8417066578634559, 
27, 0011111100, 0011111100, 0.6052921712958578, 0.9770570502323948, 0.0 0.0 0.0 0.00039916018703267686 0.014305257275719411 0.10784970349309446 0.8774458790441535, 
28, 0011111100, 0011111100, 0.6029683145612901, 0.9748728759356539, 0.0 0.0 0.0 0.0010170610477779024 0.016249380626755898 0.11521279998923145 0.8675207583362347, 
29, 0011111100, 0011111100, 0.6006044371900126, 0.9703825602889258, 0.0 0.0 0.0 0.0004173977020522242 0.015724789592010617 0.14500286597626705 0.8388549467296701, 
30, 0011111000, 0011111100, 0.6016512563481282, 0.9732351521957912, 0.0 0.0 0.0 0.0017099348536914018 0.013096081568357702 0.12926711912746433 0.8559268644504865, 
31, 0011111110, 0011111100, 0.6038311192580785, 0.9749951472191284, 0.0 0.0 0.0 0.002079607316967589 0.015055963254106247 0.11367836822611464 0.8691860612028115, 
32, 0011111100, 0111111110, 0.6038934326401634, 0.9759566688790938, 0.0 0.0 0.0 0.002245677538794683 0.012343873753029398 0.11283520660299454 0.8725752421051814, 
33, 0011111100, 0001111110, 0.6023968320093236, 0.9725310457821456, 0.0 0.0 0.00026382774490873014 0.0036530936248010677 0.015585884317677923 0.12162736481773348 0.8588698294948788, 
34, 0011111100, 0111111100, 0.6046908563789608, 0.9759328783510285, 0.0 0.0 0.0 0.0005336247727654377 0.014975277111048825 0.11285130135343478 0.8716397967627509, 
35, 0011111100, 0011111110, 0.6035351058697755, 0.9752428168647908, 0.0 0.0 0.00037913901974201197 0.0008740799381580239 0.010720938618578812 0.12296242568065574 0.8650634167428654, 
36, 0011111100, 0111111100, 0.4695767899851788, 0.7586751795633829, 0.21805471297577625 0.00027583901944181746 0.0012121410141670134 0.0013865592564650943 0.00823427849703553 0.11276465084770063 0.6580718183894136, 
37, 0011111000, 0011111100, 0.6008130808627961, 0.9709894743542057, 0.0 0.0 0.0 0.0013405512531932762 0.02080392740698051 0.12843364530122528 0.8494218760386009, 
38, 0011111100, 0011111110, 0.6014938797278373, 0.9709243288097557, 0.0 0.0 0.0 0.0008253692661964395 0.01946791661220538 0.13304208611846588 0.8466646280031322, 
39, 0111111100, 0111111100, 0.603480779052027, 0.9756045439272578, 0.0 0.0 0.0 0.001125230782718261 0.01847911088028086 0.10603882232773641 0.8743568360092645, 
40, 0011111100, 0011111100, 0.6021253617852408, 0.9742916930974108, 0.0 0.0 0.0 0.001034720569405953 0.00905463533953873 0.13303640902823963 0.8568742350628157, 
41, 0011111100, 0011111100, 0.6055112557272243, 0.9777562051508064, 0.0 0.0 0.0 0.000880371502690968 0.009732417869313408 0.11135681884846126 0.8780303917795343, 
42, 0011111100, 0111111100, 0.6017697168782379, 0.9721747215342955, 0.0 0.0 0.0015208860100420314 0.0024955608387733355 0.0146793654124661 0.12402271341280635 0.8572814743259123, 
43, 0011111100, 0011111100, 0.6030560406525473, 0.9739564508030831, 0.0 0.0 0.00032532306132384707 0.0028452196612997775 0.013093285419522345 0.12023777311326145 0.8634983987445926, 
44, 0111111110, 0011111100, 0.6030115904395529, 0.9752682064608792, 0.0 0.0 0.0 0.0 0.007724785547256983 0.132941190140211 0.8593340243125319, 
45, 0011111100, 0000000000, 0.4242999694596657, 0.6861700827159707, 0.29164707973258003 0.0003730219930370648 0.0003462996763879912 0.0025696337241417734 0.014614626751254044 0.09290856196302519 0.5975407761595739, 
46, 0001111100, 0011111100, 0.6026309433238497, 0.9737298191224548, 0.0 0.0 0.0005606372354148683 0.001033621367731662 0.01592724243168831 0.12042318735703975 0.8620553116081254, 
47, 0011111100, 0011111100, 0.6050790043205502, 0.9772634335910995, 0.0 0.0 0.0 0.0 0.011931444205575552 0.11255651004225163 0.8755120457521727, 
48, 0111111100, 0011111100, 0.6035282248730551, 0.9751081934500868, 0.0 0.0 0.0 0.0013156494962655752 0.008875210460682783 0.12765346988931706 0.8621556701537346, 
49, 0011111100, 0011111000, 0.6021815613255512, 0.9730768705044183, 0.0 0.0 0.0 0.003570757035073737 0.01680506591690902 0.11721637403445169 0.8624078030135656, 
50, 0011111000, 0011111100, 0.6041314754117911, 0.9765790205509205, 0.0 0.0 0.0007608042939421676 0.0012262231850855123 0.006147834039208179 0.12150832188503588 0.8703568165967283, 
51, 0011111100, 0011111100, 0.6045805161860855, 0.9765486904769901, 0.0 0.0 0.0 0.0007427046533678826 0.012172213554204076 0.11413531606954858 0.8729497657228795, 
52, 0111111100, 0011111100, 0.6079979202255035, 0.9815796547350926, 0.0 0.0 0.0 0.00028388014545383905 0.006110779126876337 0.09744887289933064 0.8961564678283391, 
53, 0011111100, 0011111100, 0.6041822681020216, 0.9767278529107412, 0.0 0.0 0.0 0.0004924526615419842 0.013499793345085763 0.11115593786075542 0.8748518161326168, 
54, 0011111000, 0111111100, 0.6055014739385359, 0.9770283967858094, 0.0 0.0 0.0 0.0003784376859175449 0.005508675095018377 0.12567695603735465 0.8684359311817095, 
55, 0000000000, 0011111100, 0.48592357893815313, 0.7858599022058929, 0.18949534330775963 0.00024533667547289384 0.00046083561252094444 0.0029912697349566784 0.018127215239718355 0.09957026140633 0.6891097380232415, 
56, 0011111100, 0011111100, 0.6031795469973014, 0.9732415640933033, 0.0 0.0 0.00013226456767655552 0.0006864207216482076 0.01078527500846036 0.13639174498760823 0.8520042947146066, 
57, 0111111100, 0011111100, 0.6047614076922502, 0.9756166021860578, 0.0 0.0 0.0 0.0 0.009865921419401976 0.12656854404484916 0.8635655345357489, 
58, 0011111000, 0111111000, 0.6043135215176089, 0.9767676378576041, 0.0 0.0 0.00032505337887514204 0.001503809163279363 0.01296191512462063 0.10765870159979513 0.8775505207334299, 
59, 0111111100, 0011111100, 0.6022837089373634, 0.9723463150543751, 0.0 0.0 0.0 0.002581630231281036 0.015592135471599823 0.12699294803670655 0.8548332862604127, 
60, 0011111100, 0011111100, 0.6046149878185437, 0.9771940930917269, 0.0 0.0 0.0 0.0005515602990208353 0.011938896475703861 0.11130296760116848 0.8762065756241069, 
61, 0011111100, 0011111100, 0.6031807529040776, 0.9749171497967201, 0.0 0.0 0.0010795889810763085 0.00195213933481083 0.012491809711263154 0.11533870786841616 0.8691377541044335, 
62, 0011111100, 0011111100, 0.6034713995511495, 0.9745480646211605, 0.0 0.0 0.0 0.001333933390309995 0.011747289039738724 0.12521523402262946 0.8617035435473218, 
63, 0001111100, 0011111100, 0.6022483872640666, 0.9729871567800517, 0.0 0.0 0.0 0.001617470560203865 0.01885226390515155 0.11952011982877515 0.8600101457058694, 
64, 0011111100, 0011111100, 0.605462829352134, 0.9768661805996423, 0.0 0.0 0.0 0.004186561574144136 0.0118163576573773 0.10261051636495917 0.8813865644035194, 
65, 0011111100, 0011111100, 0.6020302039419188, 0.9721214541170188, 0.0 0.0 4.501577304800351e-05 0.0012954887528148647 0.011976261377949438 0.13925222319135197 0.8474310109048357, 
66, 0011111100, 0011111100, 0.601702485809978, 0.9721424140704137, 0.0 0.0 0.0005735103978623662 0.0008170896789349828 0.015859488552610587 0.13068122784404232 0.8520686835265499, 
67, 0001111100, 0011111100, 0.6050012571612208, 0.9756031654474965, 0.0 0.0 0.0 0.0017153528502073172 0.013185409767805321 0.11486412922878853 0.8702351081531988, 
68, 0011111000, 0011111000, 0.6017394194799084, 0.9717131178628977, 0.0 0.0 0.0013011865397577057 0.0032973530563389685 0.016801452488898597 0.12102158251676878 0.8575784253982359, 
69, 0011111100, 0011111100, 0.6035505749538115, 0.9738346641666433, 0.0 0.0 0.0 0.002721090315145921 0.015563009252915398 0.11770272554887254 0.8640131748830662, 
70, 0011111100, 0000000000, 0.5406662941437541, 0.8729074917643898, 0.09908714707238014 0.00013241427586112702 0.0022727029700603087 0.004974158186057607 0.01374551782312261 0.11586577351541572 0.7639222861571024, 
71, 0011111100, 0011111100, 0.6048011638829535, 0.9771929514808874, 0.0 0.0 0.0 0.000824324685437736 0.012836626153531101 0.10869606475130032 0.8776429844097308, 
72, 0001111100, 0011111100, 0.6034072808554143, 0.9741439895434296, 0.0 0.0 0.0 0.0 0.012224594753460234 0.1306868732325011 0.8570885320140387, 
73, 0011111100, 0011111000, 0.6018917817231637, 0.9742271423326057, 0.0 0.0 0.0005597664569339084 0.0018000080678309072 0.010795042959256703 0.12540797005462426 0.8614372124613543, 
74, 0011111100, 0001111100, 0.604972753361884, 0.9763239298945074, 0.0 0.0 0.0 0.0005106516388773066 0.011515804377123113 0.11749285696207667 0.8704806870219228, 
75, 0011111100, 0011111000, 0.6027829099874078, 0.9742385434290737, 0.0 0.0 0.00010900207148929435 0.0009432059079838933 0.00820900919962812 0.13488509501639268 0.8558536878045061, 
76, 0011111100, 0011111100, 0.6027489579345691, 0.9742990544038946, 0.0 0.0 0.0 0.0006075583973345302 0.009580122302746673 0.133222753779136 0.8565895655207827, 
77, 0011111100, 0001111100, 0.603725159745484, 0.9744472966581629, 0.0 0.0 0.0007129646477158154 0.003122059092047342 0.01646934655747305 0.1081594910690717 0.8715361386336921, 
78, 0011111100, 0011111100, 0.6027437803117197, 0.972855868437279, 0.0 0.0 0.0 0.0004349895600108305 0.01736233255984967 0.1268351555765942 0.8553675223035453, 
79, 0011111100, 0011111000, 0.6043139674892484, 0.9755327183006122, 0.0 0.0 0.0 0.001050677439003161 0.0162699995632867 0.11111165875274409 0.8715676642449661, 
80, 0111111100, 0011111100, 0.605212241117907, 0.9776619549537151, 0.0 0.0 0.0 0.0005992295965539841 0.010108831116731165 0.11201291925458481 0.87727902003213, 
81, 0011111100, 0011111000, 0.6005868886173683, 0.9709599148716315, 0.0 0.0 0.0001751775945566949 0.006689715676857805 0.01592843979683727 0.12161377376773669 0.8555928931640115, 
82, 0011111100, 0011111100, 0.6038247577165912, 0.9759756096456459, 0.0 0.0 0.0 0.0003110750143572333 0.011753888351539538 0.11970534037997402 0.8682296962541292, 
83, 0011111110, 0011111000, 0.6022928464974351, 0.9728858392670542, 0.0 0.0 7.867536494107473e-06 0.002856938490434594 0.016904987823398467 0.12027270313359775 0.8599575030160751, 
84, 0011111100, 0011111100, 0.6038281799430145, 0.9758780966304138, 0.0 0.0 0.0 0.0022464721645233743 0.011752220267662022 0.1144875631886225 0.871513744379192, 
85, 0011111110, 0011111100, 0.6036392017990098, 0.9751224614642005, 0.0 0.0 0.00018559067889440626 0.002308862071538092 0.01171417010787263 0.11816794206885943 0.8676234350728355, 
86, 0011111100, 0011111100, 0.6038140366214361, 0.9753672101056943, 0.0 0.0 0.0 0.0004976368269675118 0.011194245091739094 0.12391533870145399 0.8643927793798394, 
87, 0011111100, 0011111100, 0.6040632572910268, 0.9756418726069194, 0.0 0.0 0.0 0.0004504282191861243 0.012548508507674094 0.11970046268557692 0.8673006005875629, 
88, 0011111100, 0011111100, 0.6060182557186176, 0.9774621334568006, 0.0 0.0 0.0 0.0003258300783422021 0.01364780174442731 0.10695410553531544 0.8790722626419151, 
89, 0011111100, 0011111100, 0.6034912660984196, 0.9739925436753935, 0.0 0.0 0.0 0.0009751185872491554 0.016569606861147754 0.11998016846359619 0.8624751060880068, 
90, 0011111100, 0011111100, 0.603204261693405, 0.9745856183357537, 0.0 0.0 0.0 0.0008687331722230995 0.01286715499592749 0.124145780476953 0.8621183313548965, 
91, 0011111100, 0011111100, 0.6025487535414166, 0.973848992796073, 0.0 0.0 0.0 0.0014434748411591846 0.01683685737459421 0.11890190395089664 0.8628177638333498, 
92, 0011111100, 0011111100, 0.6018388972714702, 0.9720207686696756, 0.0 0.0 0.0005758499243029952 0.003733074587985901 0.013432107004174 0.1275085505124289 0.8547504179711082, 
93, 0011111100, 0111111100, 0.6032747741740152, 0.9743143943655983, 0.0 0.0 0.0 0.0012617093649481591 0.017479895044110287 0.11536871562334601 0.8658896799675955, 
94, 0011111100, 0011111100, 0.6058441009735969, 0.9781272244902632, 0.0 0.0 0.0 0.0 0.009755065023244431 0.11172652301193213 0.8785184119648234, 
95, 0011111100, 0011111100, 0.603145689185272, 0.9727576647097017, 0.0 0.0 0.0 0.0006630833910775467 0.009482749570573127 0.14249926242741112 0.8473549046109382, 
96, 0011111100, 0011111100, 0.605806844715787, 0.9783841116836894, 0.0 0.0 0.0 0.00012136454363346099 0.007995289050250383 0.11334065816646237 0.8785426882396538, 
97, 0011111100, 0011111100, 0.6037633179352216, 0.9757502002621011, 0.0 0.0 0.0 0.001533339190311886 0.009599820636496306 0.12169913958346525 0.8671677005897266, 
98, 0011111100, 0011111100, 0.6019560840379585, 0.9727086537524257, 0.0 0.0 0.0006809603135447842 0.0010816214599395932 0.016381429169122812 0.12501651351320262 0.8568394755441902, 
99, 0011111100, 0011111100, 0.6050882006307094, 0.9773812257265324, 0.0 0.0 0.0 0.0006448093716822351 0.012600510115903416 0.10857719729395274 0.8781774832184616, 
100, 0011111100, 0011111100, 0.6054715430245894, 0.978874883715346, 0.0 0.0 0.0 0.0 0.008777953938044486 0.10919478983183441 0.8820272562301211, 
run, initial grid state, final grid state, mean grid cell occupancy, mean binding site occupancy, fraction of time with N TFs bound, warning
1, 0011111100, 0111111100, 0.6034888829307935, 0.9745676937718726, 0.0 0.0 0.0004220578808270749 0.0030690539067289658 0.0122965683725654 0.1171053073801388 0.8671070124597398, 
2, 0011111100, 0001111100, 0.6046216193755608, 0.9762499030353795, 0.0 0.0 0.0 0.0 0.012401273615573345 0.11769803455657622 0.8699006918278503, 
3, 0011111100, 0011111100, 0.6027441178941376, 0.9752716839386194, 0.0 0.0 0.0017594599341853457 0.0016477769358387304 0.00868556574031218 0.11901759434340115 0.8688896030462626, 
4, 0011111100, 0011111100, 0.60476965629381, 0.9765475685012442, 0.0 0.0 0.0 0.0006979465358564115 0.012149752259941042 0.11432124486508335 0.8728310563391192, 
5, 1111111100, 0011111110, 0.6030218934781508, 0.9745807074395544, 0.0 0.0 0.0 0.003844017283561868 0.016785414591823956 0.10741287432833951 0.8719576937962746, 
6, 0111111100, 0011111100, 0.6016965131574245, 0.9730683280243623, 0.0 0.0 0.00027770582332338603 0.003950387978859969 0.016042250599147434 0.11654354342565773 0.8631861121730116, 
7, 0011111100, 0011111100, 0.5995698788749697, 0.9694730611466037, 0.0 0.0 0.0 0.0004587774899981383 0.01805262733982722 0.14568004597072987 0.8358085491994448, 
8, 0011111100, 0011111100, 0.600647902091469, 0.9711844710224597, 0.0 0.0 0.0 0.002458012479146208 0.0165429678419028 0.13243320074399692 0.8485658189349541, 
9, 0011111100, 0011111110, 0.6035709029544635, 0.9759331229186406, 0.0 0.0 0.0 0.0018404976186751183 0.013279011156876405 0.11232174731837816 0.8725587439060702, 
10, 0011111100, 0011111110, 0.6021615515156404, 0.9725518955240111, 0.0 0.0 0.0 0.0003107845772223245 0.01584949746025199 0.1320572782037629 0.8517824397587628, 
11, 0011111100, 0011111100, 0.6033952126818246, 0.97436628051235, 0.0 0.0 0.0 0.0016762766982951617 0.016107333189319152 0.11655882045237705 0.8656575696600086, 
12, 0011111100, 0001111100, 0.6021150955341706, 0.9720152978767117, 0.0 0.0 0.0 0.0018669937230059077 0.016805719599967166 0.12869579237077797 0.852631494306249, 
13, 0011111100, 0011110000, 0.602301709454777, 0.972712068895522, 0.0 0.0 0.0 0.0016760117423296824 0.013637796310483868 0.1314239587789124 0.8532622331682741, 
14, 0011111000, 0011111100, 0.6031425760533714, 0.9732151682064353, 0.0 0.0 0.0 0.0017369131656191318 0.018430374905092493 0.11863750145434662 0.8611952104749417, 
15, 0011111100, 0011111111, 0.6006087690333678, 0.9715147530334695, 0.0 0.0 0.0 0.001985325458719787 0.020132031781870847 0.12469144185928221 0.8531912009001271, 
16, 0011111100, 0011111100, 0.6004066580125601, 0.9690460407965873, 0.0 0.0 5.814303247088477e-05 0.006098087130005331 0.01750063046129513 0.13219566077798614 0.8441474785982425, 
17, 0011111100, 0011111100, 0.6040166428016884, 0.9762947265024334, 0.0 0.0 0.0 0.000984892864035822 0.011559089147748903 0.11615878409779508 0.8712972338904201, 
18, 0011111100, 0011111000, 0.6036899288034558, 0.9747343442325257, 0.0 0.0 0.0 0.0006305561231484942 0.011075318360775601 0.1275516295138487 0.8607424960022272, 
19, 0001111100, 0011111100, 0.6016743358842649, 0.9718918732484405, 0.0 0.0 0.00031381606017512933 0.0014918274858668587 0.013568560355795985 0.13578089309946373 0.8488449029986982, 
20, 0011111100, 0011111110, 0.6039694815504841, 0.9753788183074296, 0.0 0.0 0.0 0.0006990574036815052 0.014589348439828221 0.11645122106472124 0.868260373091769, 
21, 0011111100, 0011111100, 0.6051322910442819, 0.9774435585178709, 0.0 0.0 0.0 0.0014358156512561864 0.009270752791104588 0.11248969635679713 0.8768037352008421, 
22, 0011111100, 0011111100, 0.6031889054598434, 0.9740581496604488, 0.0 0.0 0.0 0.0009651193805392299 0.011868234093357759 0.12901927570897392 0.8581473708171291, 
23, 0011111100, 0011111100, 0.6045387107810158, 0.9767815104715106, 0.0 0.0 0.0 0.002468565507369325 0.009719806535240905 0.11246562757834679 0.875346000379043, 
24, 0011111110, 0001111100, 0.6036100245366496, 0.9762369685277854, 0.0 0.0 0.0 0.0008011309594393485 0.008206959527396996 0.12376087690017577 0.867231032612988, 
25, 0011111110, 0011111100, 0.6041237751407682, 0.9744582862672402, 0.0 0.0 0.0 0.0006365450335043952 0.015583493281205296 0.12017366073363533 0.863606300951655, 
26, 0011111100, 0011111100, 0.6038888092809215, 0.9739898214184058, 0.0 0.0 8.11543021037465e-05 0.00041591334624154223 0.01134261185198094 0.13180349053846352 0.8563568299612102, 
27, 0011111100, 0011111100, 0.604917555870676, 0.9757908205632112, 0.0 0.0 0.0 0.0019299358126212867 0.012436593459763752 0.11459208226334089 0.871041388464274, 
28, 0011111100, 0011111100, 0.6045795957332649, 0.9777526402877499, 0.0 0.0 0.0 0.00038272781882183886 0.01014633926789559 0.11204329628124335 0.8774276366320393, 
29, 0111111100, 0011111100, 0.6013748379324102, 0.9713042280322948, 0.0 0.0 0.0 0.0013392995533945446 0.017001755143510357 0.13415322285902698 0.8475057224440682, 
30, 0011111100, 0011111100, 0.6041450615036286, 0.9768811383053936, 0.0 0.0 0.00016728222802446 0.0008973846272825059 0.010862718944005794 0.11362644948568082 0.8744461647150064, 
31, 0011111110, 0011111100, 0.6048793127625268, 0.9770187084441211, 0.0 0.0 0.0 0.0 0.010319461920178572 0.11724882549491594 0.8724317125849055, 
32, 0000000000, 0011111100, 0.3793030067252971, 0.6121517344245563, 0.37025546300297085 0.0004803948920013837 0.0010798759182165738 0.0009106830034496102 0.005051269865346238 0.08600074856092389 0.5362215647570915, 
33, 0011111100, 0011111100, 0.6035543762643527, 0.9748689396238225, 0.0 0.0 0.0 0.0012443727084061787 0.015856142833854513 0.11534095846413768 0.8675585259936016, 
34, 0011111100, 0011111110, 0.6018337646772772, 0.9711716576546068, 0.0 0.0 0.001237873245374021 0.0015166622779493031 0.01694171174411765 0.12958515076878066 0.8507186019637785, 
35, 0011111100, 0011111100, 0.603457494937921, 0.974602373901184, 0.0 0.0 7.083301511719113e-05 0.001310085808940842 0.011788761823432664 0.12459464345873994 0.8622356758937693, 
36, 0011111100, 0011111110, 0.602689498561294, 0.9731654513126697, 0.0 0.0 0.0 0.0013071766975295543 0.021276277828549472 0.11453320637429408 0.8628833390996269, 
37, 0111111110, 0111111110, 0.6024396761693038, 0.97272735731242, 0.0 0.0 0.0007600665669692129 0.002756856815157121 0.014317882156648074 0.12368925509883606 0.8584759393623895, 
38, 0011111100, 0011111100, 0.6042303498997644, 0.9758641693056878, 0.0 0.0 0.0 0.002024712950287092 0.012717290192318317 0.11330626493037603 0.8719517319270186, 
39, 0011111100, 0011111100, 0.6045987666221694, 0.975851982414471, 0.0 0.0 0.0 0.002449228496912888 0.013171332454380296 0.11119775511367493 0.8731816839350319, 
40, 0011111100, 0011111100, 0.6046917617298903, 0.9758750286030541, 0.0 0.0 0.0 0.00025001122011582055 0.012006346369485492 0.11998710198235629 0.8677565404280423, 
41, 0011111100, 0011111100, 0.6025402130439002, 0.9725906348808292, 0.0 0.0 0.0 0.00018922681086636724 0.0192311421126497 0.12542622605712664 0.8551534050193572, 
42, 0011111100, 0011111110, 0.6002737509875842, 0.9695196980508541, 0.0 0.0 0.0 0.0021116232289924504 0.02184501613740624 0.13285690973308517 0.843186450900516, 
43, 0011111100, 0011111000, 0.6030688468921532, 0.9734764923978133, 0.0 0.0 0.0 0.0004169108280685969 0.014820905075482015 0.12824850297794987 0.8565136811184996, 
44, 0011111100, 0011111100, 0.6015079535572596, 0.9733942308379813, 0.0 0.0 0.0 0.00014457332241410298 0.01522032013013865 0.12876025474459254 0.8558748518028548, 
45, 0011111100, 0011111100, 0.6013025926400003, 0.9693529912712078, 0.0 0.0 0.0014761822843067985 0.004821824403274719 0.017682351240888922 0.1281471475439241 0.8478724945276054, 
46, 0011111100, 0011111100, 0.6049984279457273, 0.978395145600931, 0.0 0.0 0.0 0.0017959933381428604 0.009185226834768596 0.10587069271044895 0.8831480871166396, 
47, 0011111100, 0011111100, 0.6036634704107371, 0.9747768444106617, 0.0 0.0 0.0 0.0005954632768664243 0.00883246114187838 0.13188762142167368 0.8586844541595816, 
48, 0011111100, 0111111100, 0.5985673653080658, 0.9676041412686903, 0.0 0.0 0.0 0.0004953677436041831 0.019925143621981573 0.15303876191308197 0.8265407267213323, 
49, 0011111100, 0001111100, 0.6044126404881168, 0.9758021697975632, 0.0 0.0 0.0 0.00017509801981312886 0.011356427994477733 0.12194883116622625 0.8665196428194829, 
50, 0011111100, 0011111100, 0.6005861232924045, 0.9702263344310283, 0.0 0.0 0.0 0.0006239572063116232 0.016244721568772866 0.1442806786573492 0.8388506425675664, 
51, 1111111100, 0111111110, 0.6038803347274071, 0.975458484320018, 0.0 0.0 0.0 0.001794499018004334 0.013824465955401431 0.11421666511507583 0.8701643699115185, 
52, 0111111111, 0011111100, 0.6016732614989037, 0.9731648630682325, 0.0 0.0 0.0 0.0007729977936258202 0.011514785646225007 0.13566225691727818 0.852049959642871, 
53, 0011111100, 0011111100, 0.6029927501251898, 0.9728847484160829, 0.0 0.0 0.0 0.0008358807201741564 0.015336130567436348 0.12951160620810756 0.854316382504282, 
54, 0011111110, 0011111100, 0.6068795212222005, 0.9793566421116342, 0.0 0.0 9.118410304341996e-05 0.0008517641604002138 0.007714399320808052 0.10551131979520476 0.8858313326205436, 
55, 0011111100, 0011111100, 0.6042451629209766, 0.9767576077697464, 0.0 0.0 0.0 0.0008767851853035035 0.009277435312483373 0.11826912720064427 0.8715766523015688, 
56, 0011111100, 0011111100, 0.6053165644245587, 0.9763182998183745, 0.0 0.0 0.0002587816534971055 0.0015756245646601629 0.011516941902376284 0.11329431697703281 0.8733543349024336, 
57, 0011111100, 0011111100, 0.6014880464872716, 0.9726782597424231, 0.0 0.0 0.0 0.0017153274052828975 0.0206962785919831 0.11739190214564689 0.8601964918570871, 
58, 0011111100, 0011111100, 0.6021595322332093, 0.9714775923213607, 0.0 0.0 0.00022745105666830423 0.0007652599178597472 0.017860567227770047 0.13220772763604302 0.8489389941616589, 
59, 0111111100, 0011111100, 0.6037079827565776, 0.97542835277371, 0.0 0.0 0.0 0.00034596683553406166 0.011348968810587992 0.12369404522996234 0.8646110191239156, 
60, 0011111100, 0011111100, 0.6044090461115895, 0.9743168727204113, 0.0 0.0 0.0 0.00289985787216371 0.01405269505636291 0.11729379994831472 0.8657536471231586, 
61, 0011111110, 0011111100, 0.6030025789511841, 0.9743564795558733, 0.0 0.0 0.0 0.004820182700026148 0.013986254956513159 0.11142806465165579 0.8697654976918049, 
62, 0011111100, 0011111100, 0.6046081664024364, 0.9758075534129851, 0.0 0.0 0.0 0.0 0.00995165713240705 0.1252513652572751 0.8647969776103179, 
63, 0011110000, 0011111100, 0.6047477319386791, 0.9770636492101732, 0.0 0.0 0.0005245716550260498 0.0008360187291451862 0.01317437998409352 0.10666300196323442 0.8788020276685008, 
64, 0011111100, 0011111100, 0.6069237737325013, 0.978829973838567, 0.0 0.0 0.0 0.0 0.006896176687965953 0.113227803592666 0.8798760197193679, 
65, 0111111110, 0011111000, 0.6029057118149856, 0.974822684628485, 0.0 0.0 0.0 0.0012153908136606924 0.010870611656066285 0.12567649647597537 0.8622375010542976, 
66, 0011111100, 0011111100, 0.5869678932159121, 0.9486371700391668, 0.026895005931377294 3.1703529567832035e-05 0.0004203634272067887 0.0020593171406760383 0.015916891408994067 0.10695523858005264 0.8477214799821253, 
67, 0011111100, 0001111100, 0.6052512991089637, 0.9771925232699317, 0.0 0.0 0.0007103660917655626 0.0018514657176778428 0.010665182787668625 0.10711863328497725 0.8796543521179108, 
68, 0011111100, 0011111100, 0.6052360079477593, 0.977961922285044, 0.0 0.0 0.0 8.039806832415716e-05 0.007530196670703522 0.11692687874335704 0.8754625265176154, 
69, 0011111100, 0011111100, 0.6034626275615684, 0.9750611052563706, 0.0 0.0 0.0 0.000887112907682203 0.010936976177413835 0.12509807738390202 0.863077833531002, 
70, 0011111100, 0011111100, 0.6048171343009973, 0.9769229504760055, 0.0 0.0 0.0 5.2194544239838916e-06 0.010502230702392526 0.11744217737590992 0.8720503724672736, 
71, 0011111100, 0011111100, 0.6013877610739294, 0.9723771375061284, 0.0 0.0 0.0 0.0012322438064446193 0.014042162865769195 0.13395611781235814 0.850769475515428, 
72, 0011111100, 0011111100, 0.6056892683893852, 0.9771769114957354, 0.0 0.0 0.0 0.0011677115866606433 0.010312668806626008 0.1128100586523535 0.8757095609543598, 
73, 0011111100, 0011111100, 0.6015226156438359, 0.9731386251972464, 0.0 0.0 0.0 5.123391615969793e-05 0.016767808820148892 0.1274789294277449 0.8557020278359465, 
74, 0011111100, 0011111100, 0.6028803655598249, 0.9740175868201488, 0.0 0.0 0.00021123258993228274 0.0016385623692285445 0.01958789375127431 0.11095807410914316 0.8676042371804216, 
75, 0011111000, 0011110000, 0.6019384197523445, 0.9729821608717346, 0.0 0.0 0.00013207081208569662 0.0015465185780558415 0.012672098045313072 0.1315949996964564 0.854054312868089, 
76, 0011111100, 0111110000, 0.6050561835896265, 0.975630163304091, 0.0 0.0 0.0 0.00025718348498097483 0.013576347979621303 0.11829477376126844 0.8678716947741293, 
77, 0011111100, 0011111100, 0.60653399860174, 0.9794686478112824, 0.0 0.0 0.0 8.14697577421438e-05 0.007457721274266867 0.10802826131054616 0.8844325476574448, 
78, 0011111100, 0011111100, 0.600960387653279, 0.9718182745310652, 0.0 0.0 0.0009274735892666804 0.0035902766640422456 0.019293295911156087 0.11602303664210302 0.8601659171934319, 
79, 0011111100, 0111111100, 0.6008685494779257, 0.9704734611221331, 0.0 0.0 0.0 0.0005378293857667098 0.015480460109969237 0.14458482488996277 0.8393968856143013, 
80, 0011111100, 0011111100, 0.6024277264459063, 0.9736967835175708, 0.0 0.0 0.0 0.0 0.010728463121350236 0.1363623726518744 0.8529091642267753, 
81, 0011111110, 0011111100, 0.6041665663180731, 0.9752162106376512, 0.0 0.0 0.0 0.000505600664625849 0.011259653291218868 0.12466662759777823 0.863568118446377, 
82, 0011111100, 0011111100, 0.6044220901787966, 0.9750831432213374, 0.0 0.0 0.0 0.0010043009318009444 0.013336174746673674 0.11981588838322582 0.8658436359382996, 
83, 0011111100, 0011111100, 0.601221191844834, 0.9714008922477795, 0.0 0.0 0.0016989350030551069 0.00515675225595135 0.01163911330094827 0.12605042313135187 0.8554547763086935, 
84, 0011111100, 0001111100, 0.6070195660898923, 0.9796183337287718, 0.0 0.0 0.0 0.0009685190100873651 0.006712939612400943 0.10595856137230514 0.8863599800052065, 
85, 0011111100, 0111111100, 0.6044797887932166, 0.9768764524791029, 0.0 0.0 0.0 0.0006806214983682476 0.009094506277061777 0.1185104080761539 0.8717144641484161, 
86, 0011111100, 0011111100, 0.6018997716364406, 0.9701097007930013, 0.0 0.0 0.00023312008018221172 0.002065214343552816 0.02104946397043072 0.13011474394974426 0.84653745765609, 
87, 0011111100, 0011111100, 0.6020600610855046, 0.9736768329830698, 0.0 0.0 0.0 0.0002695528951720343 0.012427547595870734 0.13227524822432318 0.8550276512846341, 
88, 0011111100, 0011111100, 0.6040062962871291, 0.9751136056416232, 0.0 0.0 0.0 0.0004902124045530954 0.014354813198953582 0.11913810253869406 0.8660168718577993, 
89, 0011111110, 0011111100, 0.6017404003051188, 0.9736932976436796, 0.0 0.0 0.0 0.0015160551702297867 0.015359028494729853 0.1225739916377731 0.8605509246972673, 
90, 0011111100, 0111111000, 0.6036989983063075, 0.9746629138503006, 0.0 0.0 0.0 0.00134781937159104 0.019628642016302145 0.10872177475081911 0.8703017638612877, 
91, 0011111100, 0001111100, 0.6021576158930961, 0.9722856897095875, 0.0 0.0 0.00026466743235258825 0.0028695633025286878 0.014486783190611911 0.12764493572425495 0.8547340503502519, 
92, 0011111100, 0000000000, 0.5868814555119412, 0.946932902410304, 0.03060827196844498 4.3204870948110305e-05 0.00010990911598148798 0.000444189975012484 0.00808534470040456 0.11659403358299317 0.8441150457862152, 
93, 0011111100, 0001111100, 0.6023421256361924, 0.9727082097779033, 0.0 0.0 0.00018635153023731138 0.0011886984014018091 0.012901253359104359 0.13363673328921652 0.8520869634200401, 
94, 0011111100, 0111111100, 0.6026651264209608, 0.9742598286134623, 0.0 0.0 0.0 0.0012840117118871777 0.011600272726868232 0.12738844772982896 0.8597272678314156, 
95, 0011111100, 0011111100, 0.6053194736797979, 0.9780157528880988, 0.0 0.0 0.0 0.0005429711333958307 0.009842116008352083 0.11059233725451573 0.8790225756037364, 
96, 0011111100, 0011111000, 0.6005604047302686, 0.9710057663883301, 0.0 0.0 0.0 0.0012870427628278306 0.016017796625084065 0.13806868013136864 0.8446264804807195, 
97, 0000000000, 0011111100, 0.5371328647880368, 0.8682263084814089, 0.11045339461714111 0.0001377546148748606 1.6713673630370978e-05 0.00018963804219304095 0.007672041261870179 0.11125315698948507 0.7702773008008054, 
98, 0001111100, 0011111000, 0.6011060314872262, 0.9714115620322474, 0.0 0.0 0.0008429713636924254 0.002954006014614701 0.0160269039314975 0.127242916444907 0.8529332022452883, 
99, 0011111100, 1111111100, 0.6045044699390765, 0.9776202303742598, 0.0 0.0 0.00018218494208165574 0.0010580836300924277 0.011199539732643989 0.10797654763054933 0.8795836440646326, 
100, 0001111110, 0011111100, 0.6007254983062131, 0.9730878814144723, 0.0 0.0 6.779034676358813e-05 0.00046261387599994734 0.016212952553505754 0.1273878033910999 0.8558688398326308, 
