run, initial grid state, final grid state, mean grid cell occupancy, mean binding site occupancy, fraction of time with N TFs bound, warning
1, 0011111000, 0011111100, 0.5548881995129424, 0.9243504243865159, 0.014878451363446938 0.0004962925022208122 0.00021349094010787348 0.008969867643936131 0.04986995773451008 0.2346418008278586 0.6909301389879197, 
2, 0011111100, 0011111100, 0.5696514597071985, 0.948918499882615, 0.0 0.0 0.0006175277511262893 0.007024882008593521 0.039096607848881984 0.20475102797626066 0.7485099544151376, 
3, 0011111100, 0011111100, 0.5714395770856664, 0.9519183577341563, 0.0 0.0 0.0004898208973294212 0.0061392006384105476 0.0373457717106089 0.19342142466929446 0.7626037820843566, 
4, 0011111100, 0011111100, 0.5536806885193093, 0.9223425031271402, 0.01602696833909483 0.0006076571754216863 0.002404622774480638 0.01474584886717503 0.04693565506990649 0.2190175374862207 0.7002617102877007, 
5, 0011111100, 0011111000, 0.5515800249292829, 0.918809605222032, 0.02257342935762655 0.0007832200010013579 0.0010506843620855467 0.012268193094799342 0.049720198272405064 0.20733797923949132 0.7062662956725909, 
6, 0011111100, 0001111100, 0.5438140482900421, 0.9058859105127443, 0.029029028466170455 0.0009225365127182573 0.0016625860201812356 0.015717057984260846 0.062536489116651 0.207023187296111 0.6831091146039072, 
7, 0011111100, 0011111100, 0.5397903723920068, 0.8991712525305376, 0.03754686081358493 0.0012465701015523785 0.003638715899019312 0.019357463173002583 0.051035725968633885 0.19875976437514975 0.6884148996690572, 
8, 0001111100, 0011111100, 0.5501612058143185, 0.9164775809454402, 0.024948790809894376 0.0010241667220511194 0.0011575689525519643 0.005600809316134207 0.048300570969139534 0.22828709016084742 0.6906810030693814, 
9, 0011111100, 0011111000, 0.5442653556106782, 0.9066278600925274, 0.03183684113230359 0.001068858892865266 0.0016276155496760209 0.012302539385256847 0.04843284544330695 0.22358372694559905 0.6811475726509922, 
10, 0011111100, 0011111000, 0.5520746115673796, 0.9196453324630672, 0.011693440166596287 0.0004278166669393721 0.0026878413516809824 0.013767558959710132 0.06314932764143825 0.23147558331859078 0.6767984318950441, 
11, 0011111100, 0011111100, 0.5670411865166062, 0.9445554239706524, 0.0 0.0 0.0004713765649429389 0.0062913365449770425 0.048496682283587556 0.21491457571420672 0.7298260288922858, 
12, 0001111100, 0011111100, 0.5593514276711201, 0.9317658066401288, 0.0 0.0 0.00045595926420816346 0.01615039602265091 0.06303738394587581 0.2330553671426903 0.6873008936245748, 
13, 0011111100, 0011111100, 0.5654332269389204, 0.9419115704412662, 0.0 0.0 0.0013537040091073796 0.009264691987672788 0.04392503030958769 0.22747162473378033 0.7179849489598519, 
14, 0011111000, 0011111000, 0.5522300586683517, 0.9198980621064832, 0.012405568305685177 0.00041113982543377643 0.0033594332547405075 0.013751645025112414 0.05338578849535233 0.24265827331481662 0.6740281517788591, 
15, 0011111100, 0011111000, 0.5627180939452239, 0.9373677908298964, 0.005402129744834644 0.00014131139446694224 0.004006208690862017 0.008876689253382355 0.04805218264524173 0.20391465176520096 0.7296068265060113, 
16, 0011111100, 0011111100, 0.5607013168246323, 0.934050370123828, 0.0027306714290071666 7.211602214904058e-05 0.0017205561211226098 0.009382912542097993 0.05702935644975028 0.2298634955619594 0.6992008918739135, 
17, 0011111100, 0011111100, 0.5439012443115182, 0.9060439998471309, 0.036449606986707045 0.001406966803463073 0.001252920777119852 0.010607575085780606 0.04153772891730495 0.21809365877922682 0.6906515426503976, 
18, 0011111100, 0011111100, 0.5599999718464082, 0.9328574647631832, 0.012944345908238602 0.00045622744375331054 0.0016050759451052686 0.009563314016900389 0.0448989299182616 0.19799989308505722 0.7325322136826836, 
19, 0011111100, 0011111100, 0.5618046947776647, 0.9358780576992317, 0.0 0.0 0.00031830739545944187 0.008592334649124926 0.05897507478583332 0.23973127070372977 0.6923830124658524, 
20, 0001111100, 0001110000, 0.5660005946649489, 0.9428519305800752, 0.0 0.0 0.0007057491023157891 0.007726815106392601 0.04417595946335562 0.22853305586439668 0.7188584204635393, 
21, 0001111100, 0011111100, 0.555020759346008, 0.9245212252969535, 0.011478636524976434 0.0003884722366224016 0.0024858320759245894 0.014248090030810165 0.05750181495852373 0.21436723957213238 0.6995299146010103, 
22, 0011111100, 0001111000, 0.5637546159298579, 0.9391199002021057, 0.0 0.0 0.0008365279234263442 0.009916894256373146 0.056152199263619765 0.21987940579730136 0.7132149727592795, 
23, 0011111100, 0011111100, 0.5518588602226207, 0.9192688707277084, 0.027349847130820067 0.0009330047942379541 0.0018565060491620925 0.007211313542181352 0.04451707232951267 0.19752855939542155 0.7206036967586643, 
24, 0011111100, 0011111100, 0.5500327547515994, 0.9162668983487199, 0.025949723274851635 0.0009356639217218898 0.0006546133589091186 0.0060535614843016715 0.048963375626625505 0.2233160615081692 0.6941270008254209, 
25, 0001111000, 0011111100, 0.5632580199502042, 0.9382916742357619, 0.0 0.0 0.0010743371790977317 0.012125916798584407 0.050407935027270416 0.22875898541874365 0.7076328255763038, 
26, 0011111100, 0001111100, 0.5611918143391742, 0.9348369418402313, 0.0030406015541504677 9.474753805569239e-05 0.0019903485648224465 0.010785325235883188 0.059314138172470804 0.21331535563155085 0.7114594833030666, 
27, 0011111100, 0001111100, 0.5590834501860042, 0.9313230986430335, 0.002999852996466727 9.777262943738982e-05 0.003601875798876569 0.018228754402141483 0.058024725556158556 0.20843020950156438 0.708616809115355, 
28, 0011111100, 0011111100, 0.5575174088196161, 0.9287247127471301, 0.006923373286966283 0.0002155991547436941 0.0010748953878854568 0.013601283135428275 0.057646958122902305 0.22463614081807246 0.6959017500940016, 
29, 0011111100, 0011111100, 0.5455427303305191, 0.9088000777370703, 0.027390605112568422 0.0008904815754948342 0.001841868043648916 0.015560240839242363 0.04643591025590368 0.23148347982056347 0.6763974143525784, 
30, 0011111000, 0011111100, 0.5627237619812901, 0.9374119438714804, 0.0 0.0 0.0023094585370367123 0.009180711019447764 0.0500983731499809 0.2385516232646653 0.6998598340288693, 
31, 0011111100, 0011111100, 0.5631235397203881, 0.9380398919588407, 0.0 0.0 0.0014659314535882145 0.014709011071016454 0.05409052062863541 0.21358884796228259 0.7161456888844773, 
32, 0011111100, 0001111100, 0.5560539772953321, 0.9262733493073073, 0.009420608960398235 0.00032984455188867585 0.004119373872309078 0.018656349720657186 0.046414558971473466 0.21891136504016867 0.7021478988831047, 
33, 0011111100, 0001111100, 0.562736804150133, 0.9374059699480674, 0.00032295499134824386 2.361681246575855e-05 0.002386245999591918 0.009730494648249544 0.05494536817419718 0.2248811620096669 0.7077101573644804, 
34, 0011111100, 0011111100, 0.5624016702070875, 0.9368933919796949, 0.0 0.0 0.0006730407524099236 0.010163640342675645 0.05791555335728807 0.22962545736958742 0.701622308178039, 
35, 0000111000, 0011111100, 0.5443799915127916, 0.9068483062030221, 0.028787612545706973 0.0010514779450376019 0.0022350134203814234 0.007053093101419167 0.056551512226536434 0.2377247403435814 0.666596550417337, 
36, 0011111000, 0011111100, 0.5625680979698238, 0.9371156956509193, 0.0 0.0 0.000500759207317602 0.012019722637958497 0.062256824222008525 0.2147299729073201 0.7104927210253953, 
37, 0011111100, 0011111100, 0.5632148744687561, 0.9381886891438279, 0.0 0.0 0.0020271982069562586 0.011062289174136299 0.060429258497985 0.2087136877908284 0.717767566330094, 
38, 0001111100, 0011111000, 0.5562545334620196, 0.9266278861979483, 0.009378049826134953 0.0003525227400443667 0.00184738951525967 0.006221451771452781 0.047993807301322446 0.26016024217723666 0.6740465366685491, 
39, 0011111100, 0011111000, 0.5660579046678136, 0.9429652425711035, 0.0 0.0 0.0018133355386381487 0.006468186650237497 0.04626408418267822 0.22302247410275758 0.7224319195256885, 
40, 0011111100, 0011111100, 0.5704387341378933, 0.9502280135288246, 0.0 0.0 0.0004394846998075076 0.0051475612092116005 0.04041292032032034 0.2006054557595472 0.7533945780111134, 
41, 0011111100, 0011111100, 0.5266856834558333, 0.8773780543876846, 0.05797283873475784 0.002022259142845982 0.007408122276283047 0.017800081652593797 0.04855245020636883 0.1976457110754642 0.6685985369116862, 
42, 0011111100, 0011111100, 0.5558630648873242, 0.925951287994416, 0.008907410845259256 0.00024398207681777928 0.0034063179175235396 0.018564719816229196 0.04472872516197945 0.23085101513511866 0.6932978290470722, 
43, 0011111100, 0011111100, 0.553827425790889, 0.9225669967365169, 0.018411086681665634 0.0005745391234421729 0.00041020758530804086 0.015433887868452493 0.049206905607364834 0.20490249871237529 0.7110608744213915, 
44, 0011111100, 0011111100, 0.5646683766077162, 0.9406264432639709, 0.004340200853692236 0.0002033131478646823 0.0003175513452347687 0.0059379320530573805 0.04869583780320842 0.2127078924081693 0.7277972723887732, 
45, 0011111100, 0011111000, 0.5631770553054589, 0.9381563485338001, 0.004608378785908108 0.00016451736398481187 0.0034391987128144213 0.010785459776817063 0.042155314412156725 0.2121652462558036 0.7266818846925154, 
46, 0011111100, 0011111100, 0.5638094789746881, 0.9392166322378582, 0.0 0.0 0.001322201492770527 0.006679258548290984 0.05067089196552594 0.23803184102584363 0.703295806967569, 
47, 0011111100, 0011111100, 0.564498571184019, 0.9403305331249996, 0.0 0.0 0.000760822304105418 0.010710784463648539 0.053244059734255736 0.21635303917412396 0.7189312943238664, 
48, 0011111100, 0011111100, 0.5621334753538962, 0.9363968116310577, 0.0 0.0 0.004571021107834158 0.012215913066700746 0.052970811104662736 0.22074568437288983 0.7094965703479126, 
49, 0011100000, 0011111100, 0.5650566077895411, 0.9412975969056995, 0.0 0.0 0.0010810073188486592 0.012167717466018916 0.051811815422117276 0.20776360604811767 0.7271758537448976, 
50, 0011111100, 0011111100, 0.567315217698167, 0.9450367408596023, 0.0 0.0 0.0003324987021329857 0.006601693327198837 0.038542101897287566 0.231560276257683 0.7229634298156976, 
51, 0001111000, 0001111100, 0.5628017845530745, 0.9375026617257023, 0.0052389596042428125 0.0002002200117773669 0.000960003299698489 0.01349132308157686 0.04510759486903634 0.2080199997798455 0.7269818993538226, 
52, 0011111000, 0011111100, 0.5696634625820947, 0.9489295903172609, 0.0 0.0 0.00040634185865095676 0.008157291704057575 0.04069936023611572 0.19892649507742674 0.751810511123749, 
53, 0011111100, 0011111100, 0.5559274709981243, 0.9260606727226071, 0.01871910632637796 0.0006710892311421177 0.003481333787393059 0.009483680372176074 0.045480172103412556 0.19462915907745426 0.727535459102044, 
54, 0011111100, 0011111100, 0.5650986050003611, 0.9413322013500854, 0.0 0.0 0.0019097245434337002 0.009061873958023024 0.049190179806074465 0.21880191223953416 0.7210363094529346, 
55, 0011111100, 0011111000, 0.5639282176017134, 0.9393842883456757, 0.0 0.0 0.0021651887316878546 0.008248677056859376 0.053718831948157096 0.22284981993230205 0.7130174823309936, 
56, 0001111000, 0011111100, 0.5675093782774577, 0.9453668449539492, 0.0 0.0 0.001117868444123041 0.008015331089405728 0.038221121395092865 0.22283922044140958 0.7298064586299687, 
57, 0011111000, 0011111100, 0.562251609175129, 0.9365826448044626, 0.0021863872948803217 0.00010387369228260857 0.0022307706779963626 0.010121389029734657 0.05696382030489473 0.21365154853155083 0.7147422104686605, 
58, 0011111100, 0011111100, 0.5481308694775009, 0.9130608855629048, 0.03409529885223672 0.0011221558191401616 0.002641713378142329 0.008842860408500932 0.03841715256626391 0.1975223745428508 0.7173584444328651, 
59, 0011111100, 0011111100, 0.5664659199883858, 0.9436143840123935, 0.002303446273575108 7.462480703286028e-05 0.0011944780589318318 0.0059869660261390395 0.04218482215180198 0.21701143963127517 0.731244223051244, 
60, 0011111100, 0011111100, 0.5474964025482508, 0.9120076807777201, 0.01914473054812458 0.0005951653660989659 0.004577721747885474 0.013625662765712452 0.057128678480087444 0.23666447296558327 0.6682635681265079, 
61, 0011111100, 0011110000, 0.5504851404438713, 0.917017911036054, 0.019994972131147835 0.0006015956565360795 0.003225297857513995 0.01164848796571672 0.058216439019367135 0.21063518934816847 0.6956780180215497, 
62, 0011111100, 0000111100, 0.565000892847458, 0.9412083295204122, 0.0 0.0 0.0007863097002490431 0.009093777440455988 0.05060099210924812 0.22112146753666706 0.7183974532133799, 
63, 0011111000, 0011111100, 0.561825482868421, 0.9358964849926484, 3.018496087114016e-05 5.2937648867425454e-06 0.0015232005637096221 0.01064596762042974 0.05647873225811959 0.23342534182208236 0.6978912790099008, 
64, 0011111100, 0011111100, 0.5612362831947303, 0.934919067309898, 0.0 0.0 0.0018433021851653284 0.009133612414963372 0.06306566993007354 0.22958021029491252 0.6963772051748852, 
65, 0011111100, 0011111100, 0.5628766711645535, 0.9376581151078512, 0.0 0.0 0.0015983713170126433 0.008899964675669236 0.06149157027200824 0.21797478951381835 0.7100353042214915, 
66, 0011111100, 0011111100, 0.5349683424732786, 0.8911395313827779, 0.05225694312458188 0.0017931384485690932 0.0048557864841102414 0.010604051612687904 0.041242584463217984 0.1969349910120555 0.6923125048547774, 
67, 0001111100, 0011111100, 0.5550090153125996, 0.9245532591999901, 0.011403537460113706 0.00037076280463332217 0.002906729206813318 0.015170893669897089 0.052581653079994885 0.22010250201927628 0.6974639217592713, 
68, 0011111000, 0011111100, 0.5661263138070226, 0.9430790670364441, 0.0020874314727547623 4.3063800746543065e-05 0.0013151704850213582 0.006498935341099202 0.040866132844974375 0.22229593628774277 0.726893329767661, 
69, 0011111100, 0011111100, 0.5616726173875402, 0.9356281671624189, 0.0 0.0 0.0018675974498354251 0.016954130399744007 0.054869485290978716 0.21815924544495552 0.7081495414144863, 
70, 0011111100, 0011111100, 0.5629619912623459, 0.9377674370515342, 0.0 0.0 0.00040598205010663893 0.010946107908982322 0.05697462636102544 0.22498387304137052 0.7066894106385151, 
71, 0001111100, 0011111100, 0.5444264837664361, 0.9069224729452195, 0.023903364664974776 0.0007993001380865914 0.001330214057629605 0.012585629520176294 0.06893028137982345 0.23011016609770624 0.662341044141603, 
72, 0011111100, 0011111100, 0.5624678622644556, 0.936980137141516, 0.0 0.0 0.0002148001230339209 0.013347904988837266 0.052460957776607295 0.23229434613904174 0.7016819909724797, 
73, 0011110000, 0011111100, 0.5600851106898366, 0.9329833359790632, 0.0 0.0 0.0011564684407745513 0.015705651718436266 0.06263350984114538 0.22509013552492185 0.6954142344747221, 
74, 0011111100, 0011111000, 0.5594058324913916, 0.931862772699482, 0.0030116168238027885 0.00010187602887573695 0.001889801414655163 0.00977206396815226 0.05652967622871529 0.2403095326954053 0.6883854328403936, 
75, 0011111100, 0001111100, 0.5623845074189987, 0.9368574016782767, 0.0 0.0 0.0029809892472751507 0.00764495464749854 0.053479361911848995 0.23703804517504645 0.6988566490183309, 
76, 0011111100, 0011111100, 0.5639450663738761, 0.9394168315450843, 0.0 0.0 0.0019690332809784057 0.010477437593394633 0.05132462299228806 0.22154131884082157 0.7146875872925174, 
77, 0011111100, 0011111100, 0.565201189172502, 0.9415089771814715, 0.0 0.0 0.0014985066393020038 0.006745088318330709 0.05326953852559014 0.21817776834779026 0.7203090981689868, 
78, 0011111100, 0011111100, 0.5624967227445343, 0.9369953844588569, 0.0 0.0 0.0007597091329936327 0.010171998183742833 0.05252392647830267 0.23942500920705004 0.6971193569979108, 
79, 0011111100, 0011111100, 0.5681034010153733, 0.9463525877754962, 0.0 0.0 0.0019964018328995363 0.0065046180062434625 0.04430708612084883 0.2057708397549965 0.7414210542850117, 
80, 0000111100, 0011111100, 0.5694756993383132, 0.948630085037847, 0.0 0.0 0.0022976139527371383 0.009133891812440759 0.03775678631337375 0.19611378589790016 0.7546979220235482, 
81, 0011111000, 0011111000, 0.5658580925736704, 0.9426190609965434, 0.0 0.0 0.000899805130149353 0.009667353411177942 0.049471369272155584 0.21274161472229797 0.7272198574642192, 
82, 0011111100, 0011111100, 0.5425340104298766, 0.9037911937962394, 0.04080158611363365 0.001567622191083658 0.0016129724725719363 0.008929323308611313 0.04441145206469747 0.20254244563982676 0.7001345982095751, 
83, 0011111000, 0011111100, 0.560361551095353, 0.9334451556713924, 0.005156427954107579 0.00022017086188066571 0.004085467335088364 0.00766748664657118 0.049052369628671176 0.22984057540018737 0.7039775021734936, 
84, 0011111100, 0011111100, 0.5561587123083207, 0.9264544829751985, 0.01805527026934896 0.0007064306379881358 0.003560022954579137 0.009549342371514917 0.045525651883064865 0.1954699046437834 0.7271333772397206, 
85, 0011111100, 0011111100, 0.5668051655600104, 0.944182248581123, 0.0 0.0 0.0018154140921908828 0.007269396650618704 0.04467262591274496 0.21649141036715272 0.7297511529772926, 
86, 0011111100, 0011111100, 0.5588950630277717, 0.9310103213774823, 0.0021142328587567235 0.0001009439173941385 0.002509969152073803 0.011791787240203406 0.05336792453165525 0.2485968676033789 0.6815182746965378, 
87, 0011111100, 0011111100, 0.5567418066650694, 0.9274145306028837, 0.009861761586374498 0.00034376557866170286 0.002143811505685459 0.01338158410519359 0.05355006708608122 0.21880328646065744 0.701915723677346, 
88, 0011111100, 0011111100, 0.5672204469757393, 0.9448532505403139, 0.0 0.0 0.0007600571894172685 0.004699201827688845 0.04928691350049081 0.21516883551639915 0.730084991966004, 
89, 0011111100, 0011111100, 0.5362574605214018, 0.893305948321879, 0.046568377377056956 0.0017577244663188002 0.005560453613573936 0.004813855165215276 0.05342441822822267 0.20843320706840313 0.6794419640812092, 
90, 0011111100, 0001111100, 0.5662022718210944, 0.9431672191278346, 0.00739054967285474 0.0002997342020496868 0.0012129313431069964 0.007397360367361363 0.033421130485422765 0.20126864874025754 0.7490096451889469, 
91, 0011111100, 0001111100, 0.5582697091373515, 0.9299781192117703, 0.0 0.0 0.0023884944351936378 0.018418922246928836 0.062112696151634235 0.231095147944548 0.6859847392216953, 
92, 0001111100, 0011111000, 0.5617245680856223, 0.9357275395588908, 0.0 0.0 0.0013039443190899916 0.008671336390566137 0.0520981203821304 0.25020873543433597 0.6877178634738776, 
93, 0011111100, 0011111100, 0.5661274077853952, 0.9430577808699876, 0.0 0.0 0.00210200359926697 0.013368688034736825 0.041743431476995406 0.2096523733248054 0.7331335035641954, 
94, 0011111100, 0011111100, 0.5622779160090194, 0.9366433998358162, 0.0017721431236678077 9.599856711773644e-05 0.002738424137064502 0.009266042425238276 0.05109959864947921 0.22807572828457642 0.7069520648128561, 
95, 0011111100, 0011111100, 0.5563758780452138, 0.9268164128148261, 0.008418285803210742 0.0003108336452677136 0.0035883850911281644 0.016687309268026307 0.05508313478726293 0.21245590232232298 0.7034561490827812, 
96, 0011111100, 0011111000, 0.5683169051735492, 0.9466683679071811, 0.0 0.0 0.0017869818766583056 0.011211353897303154 0.036027088427084526 0.2071536265042018 0.7438209492947522, 
97, 0011110000, 0011111100, 0.5686443514332745, 0.9472297920116697, 0.0 0.0 0.001230392857364927 0.004091330137227369 0.04389629582191945 0.21163309444500072 0.7391488867384876, 
98, 0011100000, 0011111100, 0.5643853461421667, 0.9401641723879913, 0.0 0.0 0.0009115606451097555 0.009757074185049803 0.04926823733514124 0.227561025866182 0.7125021019685173, 
99, 0001111100, 0011111100, 0.5422178554012809, 0.9032329299712291, 0.035131078187769935 0.0011646893067311103 0.001016213416335015 0.012667236235402267 0.05600571387054406 0.2099145143997164 0.6841005545835013, 
100, 0011111100, 0001111100, 0.5635707692809774, 0.9387865754730433, 0.0 0.0 0.00027983077253452367 0.01314491235004317 0.046342336826108076 0.23404181336925614 0.7061911066820581, 
run, initial grid state, final grid state, mean grid cell occupancy, mean binding site occupancy, fraction of time with N TFs bound, warning
1, 0011111000, 0011111100, 0.5667417798869998, 0.944090690699729, 0.0 0.0 0.00029646501796173197 0.00919962339497999 0.04881007148603999 0.20905098257276047 0.7326428575282578, 
2, 0000111100, 0011111100, 0.5627107103190038, 0.9373677703552509, 0.0 0.0 7.578266563133469e-05 0.01099165480522537 0.045525022867549746 0.25146523705519397 0.6919423026063996, 
3, 0011111100, 0011111100, 0.5432871676152532, 0.9050247976299165, 0.03721435425654672 0.0014956556922326768 0.003187819319814216 0.00955900834743355 0.047384729504488965 0.20288904888952214 0.6982693839899617, 
4, 0011111100, 0001111100, 0.5390113754309224, 0.8978958077743875, 0.03860673100294119 0.0012840599005599247 0.004712524951042391 0.00938332666909259 0.05605114881661123 0.215462090388559 0.6745001182711936, 
5, 0011111100, 0011111100, 0.5628885661628504, 0.9376490665155878, 0.004764499839480718 0.00017001775688511983 0.0005887204195595922 0.006514457541117625 0.05222616876961121 0.21831792124435032 0.7174182144289953, 
6, 0001111000, 0011111100, 0.5541941824324662, 0.9231801583391236, 0.01784906035096435 0.0005744898192163875 0.0018252833328871497 0.008546370058545796 0.0568236566253067 0.2043646820055911 0.7100164578074885, 
7, 0011111000, 0011111100, 0.5631539252944014, 0.9381016412496745, 0.0 0.0 0.00137246743159524 0.011040058407217128 0.05590084986086789 0.220978407832184 0.7107082164681356, 
8, 0011111100, 0011111000, 0.5567439285321905, 0.9274127753530153, 0.00925418190833103 0.00033952409960769466 0.0013295239620744613 0.009014384022747816 0.06823518499790227 0.20946901802153778 0.702358182987799, 
9, 0011111100, 0001111100, 0.5663949598147676, 0.9434879919670056, 0.0 0.0 0.0015182587724401268 0.008796232861619813 0.05571723561625734 0.1951758432908318 0.7387924294588509, 
10, 0011111100, 0011111100, 0.556480217903146, 0.9269961699451834, 0.013210073473426854 0.0005554592164808937 0.0014194603326793112 0.009913257239991346 0.05009002575356692 0.22038757884810872 0.7044241451357459, 
11, 0011111100, 0011111100, 0.5656223240541378, 0.9422285161579429, 0.0 0.0 0.001862783149527595 0.010955918666950023 0.051661142630362575 0.20298772919265784 0.732532426360502, 
12, 0011111100, 0011111000, 0.5517777009571234, 0.9191586950794461, 0.02653168936911492 0.0009594911283833355 0.0022697007687496142 0.007687758023259596 0.04110736779545959 0.20670342493102004 0.7147405679840129, 
13, 0011111100, 0011111100, 0.5277942816776695, 0.8792203994509017, 0.05887326108942974 0.0019397567088753835 0.0022109062573395454 0.011454535869839744 0.05321055823587917 0.2121109041029987 0.6602000777356376, 
14, 0011111100, 0011111100, 0.5605918151771014, 0.9338706906413502, 0.00508596542739028 0.0001832572803243001 0.0016677072544388541 0.012056093372672114 0.05514449737365667 0.2122156733028503 0.7136468059886675, 
15, 0001110000, 0001111100, 0.5601977796174032, 0.9331971048704187, 0.0 0.0 0.0005847942744838976 0.01147332092232979 0.06197414920167078 0.24010993250922122 0.6858578030922944, 
16, 0011111100, 0011111000, 0.5656966213931727, 0.9423254416656683, 0.0 0.0 0.0004157378238061354 0.007960137789215253 0.0490804310337958 0.22234312327552794 0.7202005700776549, 
17, 0011111100, 0011111100, 0.5614035516316177, 0.9351933698676289, 0.0 0.0 0.0009046408072400944 0.01456545084406275 0.06029641669255251 0.2209320316479731 0.7033014600081715, 
18, 0011111100, 0011111100, 0.5492315727460776, 0.9148933044615314, 0.024968267042109745 0.0008726591240206502 0.004497133817546202 0.010123966281520201 0.04583238635698089 0.21644206852934259 0.6972635188484797, 
19, 0011111100, 0011111100, 0.5543985347499012, 0.9235362114605241, 0.00925125778302868 0.0002815541764131046 0.002137233720205511 0.015395625804448013 0.05404129444444501 0.23904901247356203 0.6798440215978976, 
20, 0001111000, 0011111100, 0.5616150373594213, 0.9355719642082008, 0.0 0.0 0.002065364289975961 0.012200585603708724 0.054447007906981704 0.23281098496580202 0.6984760572335317, 
21, 0011111100, 0011111000, 0.5677801613333375, 0.9458102580287062, 0.0 0.0 0.0009350671484371593 0.005692649562104643 0.044891587881127945 0.21453705878544452 0.7339436366228856, 
22, 0011110000, 0011111100, 0.5615070943805115, 0.935358351937685, 0.0 0.0 0.0004818108838991182 0.014492360306545523 0.05648927588394643 0.2294670121507641 0.6990695407748448, 
23, 0011111100, 0011111100, 0.5611797914771759, 0.9348011065043553, 0.004916540082321507 0.00012491492184099696 0.0016440438797099247 0.011309142050940564 0.05449753405723089 0.21157087608461198 0.715936948923344, 
24, 0011111100, 0011111100, 0.5651772765725351, 0.9414778126516509, 0.0 0.0 0.0005689052811778159 0.005469727837061024 0.05138906227259502 0.22967019490900953 0.7129021097001565, 
25, 0011111100, 0011110000, 0.5613419850171766, 0.9350763091819351, 0.0031652423998308177 7.658303368273235e-05 0.0027642282788091894 0.013151483606633855 0.047444939252573134 0.2247665329007062 0.7086309905277641, 
26, 0000111100, 0011111000, 0.5615058196541548, 0.9353686531232955, 0.0 0.0 0.005286320295555307 0.012058534109395898 0.05164060379080556 0.22718599016820668 0.7038285516360366, 
27, 0011111100, 0011111100, 0.5629083862227132, 0.9376741751501717, 0.0 0.0 0.0018791752943972566 0.011644281016004794 0.05918059311568723 0.21314421864199148 0.7141517319319193, 
28, 0001111100, 0001111100, 0.5647924375795819, 0.940847454385054, 0.0 0.0 1.5028850916113171e-05 0.0040658400369136954 0.05389435945345373 0.23486891926836304 0.7071558523903535, 
29, 0001111100, 0011111100, 0.5443933601465625, 0.9068808274403889, 0.032161775429525995 0.0012764048026113282 0.003341478139718274 0.011978001371839074 0.04752165210095038 0.2150191378911625 0.6887015502641924, 
30, 0011111100, 0011111100, 0.5678802470166606, 0.9459986128492355, 0.0 0.0 0.000600664419545957 0.012011187551693213 0.03593830624451278 0.2136954900822991 0.7377543517019489, 
31, 0011111000, 0011111100, 0.56034787396712, 0.9334208943613063, 0.004460549227863833 0.0001513437428832054 0.0022254902358452475 0.009178301236350784 0.04785814796656111 0.23980145916500836 0.6963247084254874, 
32, 0011111100, 0011111100, 0.5558197288269346, 0.9258932234761078, 0.007833026268071957 0.00027008176522567154 0.0018720315894622177 0.009531518016503992 0.05979315854689788 0.2406230952076359 0.6800770886062024, 
33, 0011111100, 0011111100, 0.5644597595116692, 0.9402916706096076, 0.0 0.0 0.0006773148143614756 0.00841279504658981 0.05477671773841237 0.22074889646831464 0.7153842759323217, 
34, 0011111000, 0011111100, 0.5638111485741375, 0.9391729086505832, 0.006131222016537104 0.0002489438725858359 0.0012165719612164155 0.00984411877586999 0.03783532756161624 0.21686119733864084 0.7278626184735336, 
35, 0011111100, 0011111100, 0.5669738034968393, 0.9444443221108445, 0.0 0.0 0.0015962004368723004 0.007528200115012793 0.046964753976253944 0.21043515728989712 0.7334756881819637, 
36, 0011111100, 0011111100, 0.5676683412123786, 0.945631052591146, 0.0 0.0 0.0019749207450773174 0.0055027444488298174 0.042150647744934606 0.2175044726364568 0.7328672144247015, 
37, 0011100000, 0011111100, 0.5513542717690216, 0.9184410236561129, 0.022717482544953396 0.000640603877266986 0.002003577330672308 0.007808032183153056 0.04878371831252058 0.2208401009100779 0.6972064848413557, 
38, 0011111100, 0011110000, 0.547868279436261, 0.9126713812084222, 0.0278954218437789 0.0010029656515373928 0.003484895718176237 0.009856261694219326 0.04917797431623867 0.20972003684126567 0.6988624439347838, 
39, 0011111100, 0001111100, 0.5346887477229211, 0.8906822356592613, 0.04565475417589403 0.001785911086277848 0.005500594440813908 0.013868906277513336 0.0512816237748741 0.20687616141213439 0.6750320488324925, 
40, 0011111100, 0001111100, 0.5356541993862316, 0.8922954025500305, 0.042439973174370996 0.0016414308751577491 0.0032857120966868275 0.01232774033822907 0.059556692805871246 0.21414113626462541 0.6666073144450586, 
41, 0011111100, 0001111100, 0.546797269803031, 0.9108644298763846, 0.025506651710383663 0.0008475301316749765 0.0034933472612693334 0.007342115316499097 0.05719110861658587 0.22715390759326903 0.678465339370318, 
42, 0001111100, 0011111100, 0.5672569141505713, 0.9449237694498595, 0.0 0.0 0.001421723766011766 0.007361486109692929 0.04631559645068549 0.2100548370063469 0.7348463566672628, 
43, 0011111100, 0011111100, 0.5669877739474709, 0.9445141789374695, 0.0 0.0 0.0008436393119155083 0.005994059757696239 0.04695427672250285 0.21764963640942678 0.7285583877984586, 
44, 0011111100, 0001111100, 0.5650828794216746, 0.941336830016533, 0.0 0.0 0.00011605919279751322 0.005576913387898657 0.05332815283941769 0.22812773728708102 0.7128511372928051, 
45, 0011111100, 0001111100, 0.5662189743698273, 0.9432217493769136, 0.0 0.0 0.0014557415494623636 0.007050291819636594 0.05115214580390559 0.21139137047394757 0.7289504503530478, 
46, 0011111100, 0001111000, 0.5608508363858403, 0.9342449167655701, 0.002047372854857104 0.00010732815869881993 0.0024133750214918454 0.014794939458874761 0.05366021261979583 0.22035087778175924 0.7066258941045225, 
47, 0010000000, 0011111100, 0.5548553225749103, 0.9242839808647632, 0.014481801797076274 0.0005135079629375668 0.0032646627413015434 0.012566871722107525 0.04956841086944458 0.21494167634385825 0.7046630685632742, 
48, 0011111100, 0011111100, 0.5598554415419947, 0.9326257914103409, 0.005628260264159951 0.0002164219419118336 0.003269916930250338 0.010382193262265083 0.055306026353580916 0.214555280028478 0.7106419012193538, 
49, 0011111000, 0011111100, 0.5630476821919248, 0.9379260777423503, 0.005713248902419294 0.00023959534005908736 0.0015493540959804894 0.011840129912884391 0.04206786458474411 0.21111252813902404 0.7274772790248886, 
50, 0011111000, 0011111100, 0.5656723935364277, 0.9422931014619756, 0.00363982649075667 5.667160541203759e-05 0.0013637181335915411 0.009127306235962423 0.04128936168391108 0.20870355964647072 0.7358195562038956, 
51, 0011111100, 0001111100, 0.5640929053654513, 0.9396823525580245, 0.0 0.0 0.0016635818266575533 0.01278732772833809 0.04862317204962937 0.21964323006094919 0.7172826883344258, 
52, 0001111000, 0011111100, 0.5584601110834777, 0.9302803037994087, 0.00965284375485159 0.00043528233425549096 0.0007577166175930272 0.012479877631259332 0.05269520298842243 0.2123637976621657 0.7116152790114525, 
53, 0011111100, 0001111100, 0.5594869693779981, 0.9320228064593126, 0.0 0.0 0.0029689390335373646 0.015018987853342419 0.05843244887529039 0.23406554379936756 0.6895140804384623, 
54, 0011111000, 0011111100, 0.5593853027140662, 0.9318316355853337, 0.004467109488384836 0.00012771653153657912 0.003661211915541918 0.016015983531270934 0.04876607210504795 0.2213440044339297 0.7056179019942881, 
55, 0011111100, 0011111100, 0.5425206026509894, 0.9037162768408439, 0.03763702115905835 0.0014703410207263963 0.005569559645710791 0.008189724235486199 0.04704577838716732 0.20358953883331823 0.6964980367185327, 
56, 0011111100, 0011111100, 0.5568287187557467, 0.9275695532994954, 0.009430217553451685 0.0002779665279662041 0.0022702597170002436 0.011842914561973818 0.053025689630729296 0.22595038042710602 0.6972025715817728, 
57, 0011111100, 0011111100, 0.5191166513341026, 0.8647403618767183, 0.0741409638512039 0.002543405289542221 0.003464038403899783 0.014089889126250043 0.04481962247205723 0.20822995324629148 0.6527121276107554, 
58, 0011111100, 0011111100, 0.5654466234378323, 0.9419199210545837, 0.003620214929011059 0.0001428914881948417 0.0005576614150061706 0.004965849255176529 0.05270500429540099 0.20350652464110097 0.7345018539761096, 
59, 0011111100, 0011111100, 0.5652190108239604, 0.9415404442732558, 0.0 0.0 0.0019675969635300408 0.008035921523455593 0.05036065523093229 0.21805787147411385 0.7215779548079683, 
60, 0011111000, 0011111100, 0.5595046534166823, 0.9320226798591494, 0.003998203746541227 0.00017173398655880064 0.0018141855779700618 0.013379110010024287 0.051880766891362444 0.23186042230838386 0.6968955774791593, 
61, 0011111100, 0011111100, 0.537642740606958, 0.8955932167080091, 0.04353068922547076 0.0014624157593447536 0.0038351792233415867 0.009771702067417173 0.05048683710998603 0.21231498828680756 0.6785981883276321, 
62, 0011111100, 0011111100, 0.5696392561973131, 0.9488977809777642, 0.0012026177835379327 2.7741973398072376e-05 0.0004501198349634806 0.004576555166719492 0.04286630782737306 0.19799613707043845 0.7528805203435694, 
63, 0011111100, 0011111100, 0.564842587060779, 0.9409358900334253, 0.0 0.0 0.0005779742803852614 0.009463986386444391 0.05200874466096367 0.21966331419664709 0.7182859804755596, 
64, 0011111100, 0011111100, 0.5661245046220894, 0.9430527532453931, 0.0 0.0 0.0007293867923373409 0.009906109786126138 0.044017797972165935 0.22101200805558205 0.7243346973937885, 
65, 0011111100, 0001111100, 0.5702831822516936, 0.9499520119786536, 0.0 0.0 0.00013547919579136937 0.006292966375168643 0.036817155612266034 0.20723280099487518 0.7495215978218989, 
66, 0011111100, 0011111100, 0.5658418071935769, 0.9425929219208631, 0.0 0.0 0.0008137035575764518 0.007966905598284247 0.04895207333070902 0.21938279078824482 0.7228845267251854, 
67, 0011111100, 0011111100, 0.5657253875454784, 0.9423812331381125, 0.005138839508388383 0.00018161751694622491 0.0036664058755071388 0.010046342803824316 0.042328888688207666 0.18450904724634679 0.7541288583607796, 
68, 0011111100, 0011111100, 0.5666641039569902, 0.9439465399075003, 0.0 0.0 0.0005749760448205045 0.008286842678186608 0.05092390489368923 0.20731251855377764 0.7329017578295259, 
69, 0011111100, 0001111100, 0.5651961579439467, 0.9415165098757777, 0.0 0.0 1.8125675291660284e-05 0.009467639278748668 0.048667085737078154 0.22509134873376435 0.7167558005751172, 
70, 0011111000, 0011111100, 0.5607319319648397, 0.9340398093414114, 0.004253664103772072 0.0001438860521438008 0.00089908284124065 0.012131075692201957 0.052795681934600006 0.223938806757412 0.7058378026186295, 
71, 0011111100, 0011111000, 0.5620992542814898, 0.9363516583953635, 0.007484579292912369 0.0002690420900856881 0.0012467979696565014 0.008410462247346625 0.04721926147938843 0.21098026184047444 0.7243895950801359, 
72, 0011111100, 0011111100, 0.536971355244518, 0.894509169424532, 0.04853545917053256 0.0017593762931660242 0.002973541849292431 0.01120850269736167 0.04449088251174351 0.19843390645104167 0.6925983310268622, 
73, 0011111100, 0011111100, 0.5652056621124922, 0.941531824074857, 0.0 0.0 0.001598907367373946 0.00869353164365049 0.04658445866702934 0.22516391381635276 0.7179591885055935, 
74, 0011111100, 0011111100, 0.5652774684345478, 0.9416486016335878, 0.0005641639641388825 3.148987714847638e-05 0.004452511859334792 0.00880985601681658 0.05327342983485867 0.19577948187039193 0.7370890665773107, 
75, 0011111100, 0011111100, 0.5512087701687024, 0.9182144369125002, 0.021408977085104326 0.000791023930295876 0.0015941134668458357 0.006302593798088771 0.046963510836679906 0.23909313942788377 0.6838466414551015, 
76, 0001111100, 0011111000, 0.5357110429415451, 0.8924045106421798, 0.04524380610703485 0.0014359837790037335 0.0029621592595605053 0.012425500471522452 0.05118879085892024 0.21542746043904262 0.6713162990849156, 
77, 0011111100, 0011111100, 0.5637419928499796, 0.9390806552787548, 0.0 0.0 0.0023004466915228818 0.009668108597995212 0.04844880723488634 0.2304123412976215 0.7091702961779741, 
78, 0001111100, 0001110000, 0.560218937477992, 0.9332244477819812, 0.0 0.0 0.0033106317210866154 0.019039390624063113 0.05320118833043261 0.22389023789071216 0.7005585514337055, 
79, 0011111100, 0011111100, 0.5347145668754922, 0.8907358219257608, 0.04734384976057011 0.001627325186221954 0.00574836846997178 0.012399904172516471 0.04762209064017907 0.20794797627310996 0.6773104854974307, 
80, 0011111100, 0011111100, 0.5568722083064912, 0.9276498767609277, 0.009723447007970695 0.00030320510097356064 0.0006148067436046259 0.010001544952568865 0.05273724601881687 0.23630567801198263 0.6903140721640827, 
81, 0011111100, 0000000000, 0.5500320160604634, 0.9162212188257258, 0.0220939063869197 0.0008845033747946647 0.002340684676860883 0.013809054362999656 0.047311401737159836 0.2202740265793909 0.6932864228818744, 
82, 0011111100, 0011111100, 0.5683839613425483, 0.9468236701957954, 0.0 0.0 0.00022212801371279214 0.010150587105692709 0.046946406460242944 0.1938248925328137 0.7488559858875379, 
83, 0001111100, 0011111000, 0.5579202375252498, 0.9293670244531366, 0.014958622542319182 0.0006598204531972748 0.002558259471353193 0.011923538692542625 0.04726101989516125 0.19022132200791556 0.7324174169375108, 
84, 0011111100, 0011111100, 0.5612543112926257, 0.9349625944067363, 0.0038503525648458793 0.00014659629041501452 0.001254447640057206 0.008897435018224516 0.053513521508289384 0.2276521980869507 0.7046854488912173, 
85, 0011111000, 0011111100, 0.5544334473786853, 0.9236118775668436, 0.008756749585922331 0.00036570413320950095 0.0003803451309016772 0.012900287739030916 0.06207534010698251 0.23958679246269268 0.6759347808412604, 
86, 0011111100, 0011111000, 0.5658064039493592, 0.9425149206365114, 0.0 0.0 0.0017123718152261063 0.006532403012066049 0.045453127124587774 0.22755752563465315 0.7187445724134669, 
87, 0011111100, 0011111100, 0.56526946615846, 0.9416014742529525, 0.001626079485837959 8.308052312203816e-05 0.0011284403460374332 0.008789136444015161 0.054040580928678805 0.20125694237809374 0.7330757398942148, 
88, 0011111100, 0011111100, 0.5489723817976365, 0.9144658033315369, 0.014729692609750768 0.000621274968005589 0.0010657325027836786 0.0132944053321404 0.07584447783965174 0.22588554782538706 0.6685588689222808, 
89, 0001111100, 0001111100, 0.5637476176556941, 0.9390886336870857, 0.0 0.0 0.0004424567716930505 0.0078974524054932 0.05251983115744521 0.23496635125934268 0.7041739084060258, 
90, 0011111100, 0011111100, 0.5628069613950577, 0.9375418074543672, 0.0 0.0 0.0015146372186191591 0.012595370676483454 0.06287586557031334 0.20515276322924209 0.717861363305342, 
91, 0011111100, 0001111100, 0.5658238591565814, 0.9425604328831096, 0.0 0.0 0.00025798419551003546 0.0071600340932141595 0.04634044554898351 0.22944447254169245 0.7167970636205998, 
92, 0011111100, 0011111100, 0.5649760389128372, 0.9411465196149726, 0.0 0.0 0.0007659571578135021 0.009105746434596478 0.05117071878619856 0.22039837680272306 0.7185592008186684, 
93, 0011111100, 0011111100, 0.5688955047979658, 0.9476571970665976, 0.0 0.0 0.0012503568288434685 0.008397367259883702 0.04125732106347943 0.20134864637843 0.7477463084693634, 
94, 0011100000, 0011111000, 0.5622082443682418, 0.9365572312788167, 0.0 0.0 0.0013520547184286407 0.01175333574357831 0.04837326140107497 0.24324186342049964 0.6952794847164185, 
95, 0011111100, 0011111100, 0.5619769059518243, 0.9361486323133155, 0.0036028876156173144 9.587044513282321e-05 0.002027864397145708 0.007372823068818751 0.045459816529427446 0.23986196834684567 0.7015787695970124, 
96, 0011111100, 0011111100, 0.5612006696276094, 0.934856687392422, 0.004738217257022914 0.00012536258982255344 0.004351268223787347 0.01672929236106207 0.046895152928966816 0.2004205033179486 0.7267402033213897, 
97, 0011111100, 0011111100, 0.5694481739613644, 0.9485832972281436, 0.0 0.0 0.0014628605198227507 0.005938809302140316 0.03822255091712388 0.20838724481117946 0.7459885344497336, 
98, 0011111100, 0011111100, 0.5570489666183303, 0.9279354479806496, 0.012921880159425905 0.00043820751764995705 0.002127913041548122 0.012541682562720752 0.04993246304226722 0.20666336763240814 0.7153744860439799, 
99, 0011111100, 0011111100, 0.5619953271719709, 0.9361718872111848, 0.0 0.0 0.0010257576449272745 0.010965007837543955 0.05935273927260604 0.22726514409533746 0.7013913511495853, 
100, 0011110000, 0011111100, 0.5627399374215702, 0.9374222556386669, 0.0 0.0 0.0010469560160834448 0.01087668713344791 0.05404105238064609 0.23056647594202964 0.7034688285277929, 
run, initial grid state, final grid state, mean grid cell occupancy, mean binding site occupancy, fraction of time with N TFs bound, warning
1, 0011111100, 0011111000, 0.5459810798867883, 0.909526740090886, 0.025800382544745603 0.0009193808638809975 0.004583381757954025 0.01568764900014953 0.05664655634847203 0.20475077313759746 0.6916118763472003, 
2, 0011111100, 0011111100, 0.5601247580417602, 0.9330339659836994, 0.0070502642741315695 0.0002543194029580979 0.002276938849566891 0.014219613168917046 0.04944062060062442 0.2075751853319559 0.719183058371846, 
3, 0011111100, 0011111100, 0.5492967870493147, 0.9150348885087493, 0.019648536581505022 0.0008234875378260157 0.0011801172503718873 0.009551803193326222 0.057409003006247926 0.23958812717538247 0.6717989252553405, 
4, 0011111100, 0011111000, 0.5663206409207995, 0.9433917435027687, 0.0 0.0 0.00043221583489554263 0.01207401740008496 0.047758895233522426 0.20618083297650586 0.7335540385549912, 
5, 0011111100, 0011111100, 0.5643584122659726, 0.9401330922690774, 0.0 0.0 0.0029794668475300354 0.01024920242912735 0.04974276709097419 0.21705043752608522 0.7199781261062832, 
6, 0001111100, 0011111100, 0.5570763931658478, 0.9279934533208616, 0.011347299534353187 0.0004544766536734217 0.000897628523585626 0.006900136781445969 0.0513110668922296 0.2347700413772048 0.6943193502375073, 
7, 0011111100, 0011111100, 0.5664477107766682, 0.9436007874150157, 0.0 0.0 0.0010919821145629882 0.008004988673280321 0.0438452600842835 0.22232186086324668 0.7247359082646264, 
8, 0011111100, 0011111100, 0.5578158198430069, 0.9292115119660983, 0.006546551099950883 0.0002226476360785819 0.0027467262641786036 0.011278063427935546 0.05861672825677261 0.22228383156924558 0.6983054517458381, 
9, 0011111100, 0011111100, 0.5531184858898938, 0.9213728030174206, 0.017586342793050356 0.000572457014623749 0.0012412776238777984 0.009554538813507646 0.05393024289755089 0.22189362733291912 0.6952215135244705, 
10, 0011111100, 0011111100, 0.5596029847241865, 0.932181706356362, 0.01118152361644688 0.00036695986018319923 0.0029873441072749522 0.010719698143932805 0.0446132387787064 0.2046508724439202 0.7254803630495356, 
11, 0011111100, 0001111100, 0.5630966874701149, 0.9380299842624163, 0.0 0.0 0.00016715696868737536 0.010281624302976003 0.05739615282562403 0.22551428799057643 0.7066407779121362, 
12, 0011111100, 0001111100, 0.5437640372235606, 0.9058257615909653, 0.020591013848345285 0.00070329477927964 0.0038666437238238927 0.01287513245586666 0.0735764219094159 0.23673805738601142 0.6516494358972571, 
13, 0011111100, 0011111100, 0.5595921072966058, 0.9321734790654643, 0.0 0.0 0.0030726682491636274 0.020618948733123452 0.05625266201555029 0.22030628238008843 0.6997494386220743, 
14, 0001111100, 0011111100, 0.5562034759339773, 0.9265161260136188, 0.010788054722499846 0.00043527635756469905 0.0003688178520629519 0.008606514085172393 0.06330398346134307 0.22009575320900945 0.6964016003123475, 
15, 0011111100, 0001111100, 0.567753178681667, 0.9457738169032257, 0.0 0.0 0.0004142049982012737 0.005664500513834775 0.038733508597606756 0.22923975985112338 0.7259480260392338, 
16, 0011111000, 0011111100, 0.5553362779147853, 0.925074388772505, 0.012860024320453063 0.0004568539820218653 0.002818296191320304 0.010820826842111886 0.05385003722129399 0.21867351179793795 0.7005204496448609, 
17, 0011111100, 0011111100, 0.5651062362994879, 0.9413583564312455, 0.0 0.0 0.0017877861767314727 0.008162671188725388 0.05323947059044802 0.21373176195852914 0.723078310085566, 
18, 0011111100, 0011111100, 0.5618515847087492, 0.9359249084971051, 0.0006302198895568222 1.826397258491743e-05 0.0025194161391149245 0.01591683997201141 0.05041768726335909 0.22191435081789157 0.7085832219454812, 
19, 0011111100, 0011111100, 0.5666112932050933, 0.9438488202358786, 0.0 0.0 1.6330760013148896e-05 0.008971983512041148 0.04594927546947381 0.21802725406960535 0.7270351561888665, 
20, 0011111100, 0011111100, 0.5627599324182773, 0.9374726607052046, 0.0 0.0 0.0005703535302012839 0.008766212392779535 0.056166182828475825 0.2342516188126767 0.7002456324358667, 
21, 0001111100, 0011111100, 0.55161235293883, 0.9188939832406865, 0.010901296349117528 0.0003748971837883336 0.0015024292586106592 0.016792869375288726 0.06287545694561789 0.23721459749069024 0.6703384533968866, 
22, 0011111100, 0011111100, 0.5616873906177096, 0.9356792134254055, 0.0 0.0 0.005355680629429419 0.009575157943169502 0.05757677799032279 0.22062296711969512 0.7068694163173831, 
23, 0011111100, 0011111100, 0.558370844993324, 0.9301320712554147, 0.008514597084108193 0.0004711937337484813 0.002700789072737353 0.010718333035575605 0.051485677595637075 0.21983451070516954 0.7062748987730236, 
24, 0011111100, 0011111100, 0.5662735007488191, 0.943309334840093, 0.0 0.0 0.0006162846846934159 0.010529640889700622 0.04578025886959515 0.21452941181237611 0.7285444037436347, 
25, 0011111100, 0011111100, 0.5679136234109217, 0.9460329582165646, 0.0 0.0 0.00015057800176535333 0.007722872285681458 0.041484173651236925 0.21706297453403225 0.7335794015272841, 
26, 0011111100, 0011111100, 0.5480614737583228, 0.9129689791940033, 0.025203413324082463 0.0008750913492241927 0.0025986960298355418 0.011792844538587274 0.04812734617039701 0.22456217806946704 0.6868404305184065, 
27, 0011111100, 0011111100, 0.5740906795883102, 0.9563158940544386, 0.0 0.0 0.0 0.003132446864036279 0.03061421909034333 0.19147885690057276 0.7747744771450477, 
28, 0011111100, 0001110000, 0.5628775758735447, 0.9376223673460963, 0.0 0.0 0.00023634151262499035 0.010987915460158117 0.054595204652456604 0.23116627418753502 0.7030142641872253, 
29, 0011111100, 0011110000, 0.5658855402910146, 0.9426710523338462, 0.0005150180195396286 2.109669552916572e-05 0.0012051434077265148 0.009650804170832321 0.045621262526896335 0.21576258320484382 0.7272240919746322, 
30, 0011111100, 0011111100, 0.5599712690572796, 0.9328225571119616, 0.0050046500454810116 0.00013780886192770229 0.00262299951317438 0.010917528424127526 0.049348126251600316 0.2304068769174251 0.7015620099862641, 
31, 0011111100, 0011111100, 0.5653187791161078, 0.9417126221301438, 0.0 0.0 0.0003125253597175507 0.007006765694985183 0.04810875724010805 0.23123635421509509 0.7133355974900942, 
32, 0001111100, 0001111100, 0.5601647860922391, 0.9331388508577649, 4.968681863319306e-05 1.5896098111357006e-05 0.0027791992923814905 0.012253118475470358 0.06684619357154631 0.21922075371202557 0.6988351520318317, 
33, 0000111100, 0011111100, 0.5621632065694216, 0.9364447200810307, 0.0 0.0 0.0006142935394834903 0.008420581992399437 0.06518494867864526 0.22324286202139268 0.702537313768079, 
34, 0011111100, 0011111100, 0.5470418034048652, 0.911254985423067, 0.02530585046380111 0.0009171069639539718 0.002350729549664415 0.01122850498459324 0.059748180695199715 0.213464655316184 0.6869849720266035, 
35, 0011111100, 0001111100, 0.5573504197824987, 0.9284498335348579, 0.006436572410490285 0.00020823645546186534 0.004123501209333996 0.01670480012447044 0.05297995727862712 0.2170720622825998 0.7024748702390164, 
36, 0011111100, 0011111100, 0.5569919221474028, 0.9278558085437345, 0.011193621606048287 0.000365243519006116 0.002063722683364862 0.011141663420788194 0.051675518272827216 0.21884628396479394 0.7047139465331713, 
37, 0011111100, 0011111100, 0.5560035295615213, 0.9261877288462363, 0.016348993084811594 0.0005981273452778089 0.00048733915497078777 0.00882758438284958 0.0499345238495681 0.21348787421975557 0.7103155579627666, 
38, 0011111000, 0011111100, 0.5621080839399206, 0.9363722810233671, 0.0 0.0 0.0021066140407017863 0.01558350149442425 0.05728426167035057 0.21202082987301626 0.7130047929215072, 
39, 0011111100, 0011111100, 0.554158873281838, 0.9231281633900285, 0.013196113393640517 0.0004882060442706942 0.003036456243920794 0.010344314477324002 0.050825174888527655 0.2347841908919218 0.6873255440603946, 
40, 0011111100, 0011111100, 0.5688513799303162, 0.9475966441409405, 0.0 0.0 0.001157211053911646 0.004940091203461211 0.04038737620847513 0.21419626491137614 0.7393190566227759, 
41, 0001111100, 0011110000, 0.5455295928707488, 0.9087658049256789, 0.023670043501475238 0.0008697542174023531 0.004222986597904369 0.012797600271582187 0.05566525248847387 0.23442088616675152 0.6683534767564104, 
42, 0011111100, 0011111100, 0.5692585704016091, 0.9482766215470093, 0.0 0.0 0.0012708637182467324 0.0049130564525817965 0.041052006632079835 0.20841363322305279 0.7443504399740388, 
43, 0011111100, 0000000000, 0.5505306914440039, 0.917092707062003, 0.023159349239593344 0.0007984251635093915 0.0026136071238590133 0.014345006338303315 0.04614185302718642 0.20872238280815666 0.7042193762993918, 
44, 0011111000, 0001111000, 0.5619609914025268, 0.9361437518570135, 0.0021499481173461957 8.77589507261912e-05 0.002512065870472079 0.01029799855796034 0.0492040329972773 0.23044868024988704 0.7052995152563308, 
45, 0011111100, 0011111100, 0.5653275172533203, 0.9417357349975491, 0.0 0.0 0.0001037208959695271 0.009087330855212856 0.04155960526879821 0.2387895033275919 0.7104598396524275, 
46, 0011111100, 0011111000, 0.5683537204800921, 0.9467608163469714, 0.0 0.0 0.00031407844133425324 0.003524192175540271 0.03943362517782967 0.22873896127055393 0.7279891429347419, 
47, 0011111100, 0001111100, 0.5497931676011051, 0.915875303869556, 0.016857550427313756 0.0005558777538918313 0.0033967883585251965 0.011435242168923566 0.06349447242496985 0.2259416606585113 0.6783184082078645, 
48, 0000111100, 0011111100, 0.5628719432427317, 0.9376499955278, 0.0 0.0 3.547727341349635e-05 0.010159695994408607 0.04661396122108126 0.25025110731415656 0.6929397581969401, 
49, 0011111000, 0011111100, 0.5666531994898482, 0.943949384388426, 0.0 0.0 0.0006068842305764555 0.006622462119446375 0.053140828608022224 0.20772711317275425 0.7319027118692006, 
50, 0011111100, 0011111100, 0.5568591071396419, 0.9276278104424565, 0.003452889249037447 9.90063782825924e-05 0.0026539303955119844 0.011516749116588553 0.06658176287994384 0.23469127526792286 0.6810043867127127, 
51, 0011111100, 0011111100, 0.5686702156963042, 0.947284111126615, 0.0 0.0 0.0005468471821241151 0.00717719809210809 0.0440923009910827 0.20439174825332407 0.743791905481361, 
52, 0011111100, 0011111100, 0.5645163891740776, 0.9403893343652744, 0.0 0.0 0.001058156445721363 0.006838734921700346 0.04948134131716633 0.23395248062603513 0.7086692866893768, 
53, 0000111100, 0001111100, 0.5657871304426996, 0.9424908283518375, 0.0 0.0 0.001203183371486096 0.009588360257016816 0.04483371212427345 0.221809791383433 0.7225649528637905, 
54, 0001111000, 0000111100, 0.554906422917212, 0.9243874341954155, 0.02090930720051534 0.0007275054126698913 0.0021101999616077683 0.0076748265099857915 0.040392078945116254 0.21233258729444512 0.7158534946756598, 
55, 0011111100, 0011111100, 0.5654882460084302, 0.9419806471351694, 0.0 0.0 0.0029266367224127904 0.010465010390314458 0.04207843097651004 0.22085767717536936 0.7236722447353934, 
56, 0011111100, 0000111100, 0.546809675734621, 0.9108842622610662, 0.028994726630238915 0.0009197430212576047 0.0028866646103037396 0.013074955431836403 0.04934095625051007 0.20667391430813684 0.6981090397477165, 
57, 0000111100, 0011111100, 0.5685433297163253, 0.947071925708406, 0.0 0.0 0.0010360049329612368 0.005934261684964015 0.042142912578115144 0.2113358158065963 0.7395510049973633, 
58, 0001111000, 0011111100, 0.5672904129695688, 0.9449881361519383, 0.0 0.0 0.00035415044553751033 0.007397488040801683 0.04330840970994972 0.21984529776391543 0.7290946540397957, 
59, 0011111100, 0011111100, 0.5601316128456421, 0.9330816189206466, 0.0 0.0 0.0023242068018500717 0.01882121208383306 0.0528662376603629 0.23001734769649598 0.695970995757458, 
60, 0011111100, 0011111100, 0.5490525858437361, 0.9146133687592521, 0.026616041613809264 0.0009850732308328719 0.001439924932768029 0.00960081058272283 0.04742585039565945 0.21828433933690775 0.6956479599072998, 
61, 0011111100, 0011111100, 0.5640538812401149, 0.9396127471450152, 0.0 0.0 0.00035191509435403913 0.007114397902532659 0.05837795193417869 0.22281675917653712 0.7113389758923975, 
62, 0011111000, 0001111100, 0.5685538692090377, 0.9471082093704292, 0.0 0.0 0.0008039771373789083 0.005748814016513072 0.042339394226115344 0.21220960472613937 0.7388982098938532, 
63, 0000111100, 0011111100, 0.5638379055042209, 0.9392477022484524, 0.0 0.0 0.0009366645259835606 0.00925344974111012 0.05277170630621806 0.22746336656958463 0.7095748128571036, 
64, 0000011000, 0011111100, 0.5596023469536079, 0.932217867491519, 0.0 0.0 0.0009242108501124857 0.013891888877944635 0.059944908027887746 0.24143046896082676 0.6838085232832284, 
65, 0011111100, 0011111100, 0.56193604361277, 0.9360887675761721, 0.003101567685860679 0.0001379756286921955 0.0032577512860023686 0.012256323316860312 0.05102450920006401 0.2123191167896236 0.7179027560928969, 
66, 0000000000, 0001111100, 0.5596493810072147, 0.9322653777527812, 0.009826840528408836 0.00035369045014707693 0.001012841489027847 0.010924188898905276 0.04672868815579033 0.21539692909771668 0.7157568213800038, 
67, 0011111000, 0011111100, 0.5576486930151915, 0.9289030093976923, 0.014589240453281287 0.0005877962362815084 0.001322132391675966 0.008747333978199405 0.03862025349521344 0.22733648122102146 0.708796762224327, 
68, 0011111100, 0011111100, 0.5554565847611785, 0.9252820242248505, 0.01442975630211075 0.0004801256303232056 0.0028971554290505245 0.011117126195950242 0.04515792064489946 0.22407284709276548 0.7018450687049004, 
69, 0011111100, 0011111000, 0.5605367073320471, 0.9337449099853546, 0.006978094004084836 0.00023809585994879402 0.004261037052801166 0.008257738731855558 0.05061640365477189 0.21142132504730426 0.7182273056492334, 
70, 0011111000, 0011111100, 0.5667576728966719, 0.944102473020169, 0.0 0.0 0.0026084490708019616 0.007631726020924679 0.03867181466196733 0.22471255820906852 0.7263754520372375, 
71, 0011111100, 0011111000, 0.5597230887054649, 0.9323986648524681, 0.003760674475117581 0.00013338897946596145 0.004333868304404133 0.014551290148196004 0.04536910242765354 0.2306494706196442 0.7012022050455186, 
72, 0011111100, 0011111100, 0.5362421026949514, 0.893281159168635, 0.042798439851719876 0.001422950125092949 0.0036631583064503327 0.00877011483828867 0.05575390751377479 0.2239368624841897 0.6636545668804836, 
73, 0011111100, 0001110000, 0.561917373941287, 0.9360393326509879, 0.0 0.0 0.0014657938683425244 0.010377826158265073 0.06298074677113738 0.2208058566036335 0.7043697765986214, 
74, 0011111000, 0011110000, 0.5503880376298218, 0.9168397686381704, 0.01751630608373761 0.0006704157845637343 0.004729173174443812 0.014721065556830898 0.06075569468600093 0.20592019400546296 0.69568715070896, 
75, 0011111100, 0001111000, 0.5666327953764612, 0.9438879585071706, 0.0025816391741098673 5.678763754379181e-05 0.0015293045321896812 0.00793225856243396 0.04619411024958263 0.19859626140937275 0.7431096384347673, 
76, 0011111100, 0011111100, 0.5670359199378928, 0.9445762739528204, 0.0 0.0 0.0 0.009187183454361881 0.04637084263493576 0.21223912065011993 0.7322028532605824, 
77, 0011111000, 0011111000, 0.5591522737410571, 0.9314545395898169, 0.0 0.0 0.0011079826974528175 0.014485170410991713 0.06767219738153886 0.2280409256752335 0.6886937238347831, 
78, 0011111100, 0011111000, 0.564667527587359, 0.9406503890425575, 6.573857868555046e-05 7.468664728204409e-06 0.0032665515051123924 0.007849989586798193 0.04750248100994609 0.22404475414816427 0.7172630165065653, 
79, 0011111100, 0011111100, 0.5452249745162339, 0.908246736591395, 0.031116777519520803 0.001050331152717613 0.0024407236024106115 0.012909230016246883 0.053126404703494515 0.20382386570554434 0.6955326673000652, 
80, 0011111100, 0011111100, 0.5599585759795663, 0.9328038381909827, 0.008970905846567834 0.000341286038304397 0.0018947693398741311 0.009803551837364236 0.04972403698030552 0.21120729875097444 0.7180581512066094, 
81, 0011111100, 0000111000, 0.5526370117582405, 0.9206009577904208, 0.01618285160511313 0.0004698342527030053 0.0013516565159359432 0.01091791714057757 0.05998040531915521 0.2188267842394938 0.6922705509270213, 
82, 0001111100, 0011111100, 0.5646699856674711, 0.940624124638894, 0.0 0.0 0.0018569862374322966 0.013475042813097929 0.05042862120126318 0.2075449363750876 0.7266944133731189, 
83, 0011111100, 0011111100, 0.5480289515211464, 0.9129252455756399, 0.02105086891968866 0.0006778316282763651 0.0044707107417968905 0.012175601283332995 0.056155571033267536 0.22603336600292515 0.6794360503907123, 
84, 0011110000, 0011111100, 0.5605245200467198, 0.9337223533274227, 0.008489255021704625 0.000366458313039825 0.002528703091606462 0.015524285759440981 0.04245157235899925 0.2033072439772895 0.7273324814779193, 
85, 0011111000, 0011111100, 0.5499816634759737, 0.9161605288267518, 0.03002121979193216 0.0009482385975648675 0.0021143373957311384 0.008215575788502176 0.043854049908494584 0.19735613853465112 0.717490439983124, 
86, 0011111100, 0011111100, 0.5625432369266339, 0.9371035906232255, 0.0 0.0 0.0018415090990448139 0.011787881087940589 0.056776781519102065 0.2210952135624422 0.7084986147314705, 
87, 0011111100, 0011111100, 0.5632378179355936, 0.9382539307634232, 0.0 0.0 0.0018779096224340794 0.010430823217675087 0.05861564772668886 0.21444101182332082 0.7146346076098812, 
88, 0011111100, 0000111100, 0.5682184122832384, 0.9465378111691483, 0.0 0.0 0.00012815266694325066 0.006832221398731338 0.046983069018490066 0.20579772008416367 0.7402588368316717, 
89, 0011111100, 0011111100, 0.5565180921566995, 0.9270470037906214, 0.013761005157012994 0.0004932082300186725 0.0027121702755076825 0.011657918209920468 0.04719211169745002 0.21247924603740792 0.7117043403926823, 
90, 0011111000, 0011111100, 0.562562793372512, 0.9371404870275516, 0.0 0.0 0.0007547020040999139 0.010974176896108757 0.05986883723861941 0.22147806465272565 0.7069242192084463, 
91, 0011111000, 0011111100, 0.5468432510725559, 0.9109664858394179, 0.02636986742068045 0.0010785204071727394 0.002826577064095352 0.006991700618532924 0.0497457846476186 0.23881629899632853 0.6741712508455714, 
92, 0001111100, 0011111100, 0.5335923909590582, 0.8888636026324005, 0.03953873609074771 0.001307739693355106 0.0014355289165122167 0.014115781742440943 0.07140009048200888 0.23215762733694506 0.6400444957379902, 
93, 0011111100, 0011111000, 0.5445510874916737, 0.9071457914147513, 0.02524855375996822 0.0007359507294454461 0.0028749469028886156 0.011826693076849066 0.05822588842263794 0.23852253161707868 0.662565435491132, 
94, 0011111100, 0011111100, 0.5435973215941233, 0.9055522757687495, 0.026008626793303062 0.0009193879979083367 0.006362091887396602 0.012795707050499532 0.05856552998017918 0.22507109597670052 0.6702775603140128, 
95, 0011111100, 0011111100, 0.5586545898031293, 0.9306032231358788, 0.010375695126193647 0.0003492269975782576 0.002654290900777578 0.008217213467312745 0.054045120059861215 0.20902131131490287 0.7153371421333736, 
96, 0011111100, 0011111100, 0.5604824452973334, 0.9336673077291989, 0.0 0.0 0.0011203154478800295 0.01220594702490868 0.05843990951476279 0.24001723172903489 0.6882165962834136, 
97, 0011111100, 0011111100, 0.5537642307523838, 0.922462143044236, 0.020036797512416212 0.0007229676938119388 0.0007737022208036872 0.009101618027068277 0.05603456695856488 0.19892272130947752 0.7144076262778575, 
98, 0011111100, 0011111000, 0.5603592689012429, 0.9334583739883615, 0.0 0.0 0.0018715674474913022 0.0177001335570383 0.05776521058173901 0.2231326644452731 0.6995304239684583, 
99, 0011111100, 0011111100, 0.558411987350335, 0.9301918612382141, 0.004929658329994224 0.00013655556949774422 0.004307448024992261 0.012739542190425496 0.05648422129540735 0.22017124348120115 0.7012313311084818, 
100, 0011111100, 0001111100, 0.5558104573865469, 0.9258640773189487, 0.016151668627818992 0.0004727305578159718 0.0008961936329986935 0.008003445443291408 0.04306123818615714 0.23182428429613097 0.6995904392557868, 
run, initial grid state, final grid state, mean grid cell occupancy, mean binding site occupancy, fraction of time with N TFs bound, warning
1, 0011111100, 0011111100, 0.5606337076017899, 0.9339231978459844, 0.010075436369598336 0.0003290759654636326 0.002007253396501172 0.010753988121888793 0.04679389277936939 0.20048405136877523 0.7295563019984035, 
2, 0011111100, 0011111100, 0.565266344806153, 0.941617088390803, 0.0 0.0 0.0007221117260971522 0.007373168704144748 0.04788926934879839 0.22951097794076195 0.7145044722801978, 
3, 0001111100, 0011111000, 0.5618023872459972, 0.9358664137972753, 0.0 0.0 0.00016816674503477555 0.010320815808662339 0.05677081173662066 0.2396247793369802 0.6931154263727021, 
4, 0011111100, 0001111100, 0.5514533489298773, 0.9185889194550082, 0.02152296638363889 0.0007526905180373078 0.0013533087580731083 0.013440110201650445 0.04622111862979908 0.21738942948108905 0.699320376027712, 
5, 0011111100, 0011111100, 0.5652121318507185, 0.9415233906127979, 0.0 0.0 0.00042597646355135095 0.0062178243668703235 0.0555967331489686 0.21930881107045852 0.7184506549501513, 
6, 0011111100, 0011111100, 0.5589340411458367, 0.9310880778922296, 0.0 0.0 0.0027772332121955494 0.016730106657397773 0.06225466717466165 0.22766294547632407 0.690575047479421, 
7, 0001111100, 0000000000, 0.5435660720469286, 0.9054702953176379, 0.03380245658608697 0.0011646369661812554 0.002878551074407668 0.011866494145307936 0.047151557843882023 0.21712350132542604 0.6860128020587081, 
8, 0011111100, 0011111100, 0.5704929478041135, 0.9503475037143294, 0.0 0.0 0.00010150511156155948 0.00456248877174532 0.036936684268158396 0.2099481224162248 0.74845119943231, 
9, 0011111100, 0001111100, 0.5669494938340323, 0.9444337042019523, 0.0 0.0 0.001066967362110331 0.00925521028108432 0.045318690985980424 0.2107268925246314 0.7336322388461936, 
10, 0011111100, 0011111100, 0.5677488747264421, 0.9457458425986487, 0.0 0.0 0.0003883643548834891 0.00910348470348776 0.046609470723884855 0.203442091430341 0.740456588787403, 
11, 0011111100, 0000000000, 0.5421022820811578, 0.9030507637270847, 0.03821445391372947 0.0012207868570219334 0.004128095208500119 0.012755295808360656 0.04343480128406434 0.20465688904279467 0.695589677885529, 
12, 0011111000, 0011111100, 0.5654592062274465, 0.941949558608494, 0.0 0.0 0.002826469335534927 0.006836398666510808 0.04219784400052355 0.2320918870063161 0.7160474009911146, 
13, 0011110000, 0011111100, 0.5660709971854518, 0.9429504985858088, 0.0 0.0 0.00037114642757166 0.010615723342186665 0.04965339127756618 0.2096584701931675 0.729701268759508, 
14, 0011111100, 0011111100, 0.5540018727597303, 0.9228688524601045, 0.01479065611482813 0.0005032260568168617 0.00218989138854742 0.008425258251456902 0.04777877716130931 0.24193392363514107 0.6843782673919002, 
15, 0011111100, 0001111100, 0.5671947366544212, 0.9448446240990628, 0.0 0.0 0.0026501011575651165 0.0071070768823718695 0.042531184961400036 0.21394825020544728 0.7337633867932157, 
16, 0011111100, 0011111100, 0.5604724108472285, 0.9336644260938435, 0.005228828788304385 0.0001466661687198139 0.0014565871535212368 0.011181248919397535 0.051821351666808346 0.22289434115761944 0.7072709761456293, 
17, 0011111100, 0011111100, 0.5498961868831328, 0.9160434439748245, 0.024406621924242856 0.0007567032335272289 0.0015957751268927255 0.013525377476792631 0.04708332652879912 0.21239020244241308 0.7002419932673324, 
18, 0011111100, 0000011100, 0.5658680152021752, 0.9426276815592922, 0.0012776165245122568 2.2047046860853828e-05 0.000688381190713942 0.0049111201613773895 0.050289805387235535 0.21839148024141058 0.7244195494478894, 
19, 0011111100, 0001111100, 0.5571222903925425, 0.9280430048838502, 0.003741896789888427 0.00012039440518878754 0.00189526376539622 0.018200060163660076 0.06046534276166836 0.2255766968557225 0.6900003452584756, 
20, 0011111100, 0011111100, 0.565272166027905, 0.9416411507696122, 0.0 0.0 0.001605376463553508 0.010158818955832373 0.04694591401818881 0.21936330462423811 0.7219265859381873, 
21, 0011111100, 0011111100, 0.5599974516900889, 0.9328584329353615, 0.0019395055505165596 8.887221579222452e-05 0.0035281738422245634 0.006868503441736843 0.058220387980986756 0.23960902634968811 0.6897455306190549, 
22, 0011111000, 0011110000, 0.5666094643750458, 0.943840409571591, 0.0 0.0 0.0009685091461814016 0.007806394315033043 0.05006471369950124 0.2095348956416275 0.7316254871976567, 
23, 0011111000, 0011111100, 0.5245672055030288, 0.8738371335464148, 0.05954721238584119 0.0022775472691780184 0.006045232224756762 0.015441822037044878 0.048532374740330515 0.22073504356975146 0.6474207677730972, 
24, 0011111100, 0011111100, 0.5438240625133848, 0.9058909474213477, 0.028740574129906493 0.0010843478340830405 0.0031061715758825196 0.011311759820544835 0.05846545951570596 0.22349824672548282 0.6737934403983943, 
25, 0011111100, 0011111100, 0.570805366413068, 0.9508306474721295, 0.0 0.0 0.0005781429102738698 0.009664217084854354 0.03669409663437125 0.19032269900282137 0.7627408443676791, 
26, 0011111100, 0011111100, 0.5569812785900903, 0.9278187686899799, 0.016051348361650307 0.0006438135796235856 0.0006467906787119592 0.006101267195938965 0.04820118944692796 0.2162668865955797 0.7120887041415674, 
27, 0001111100, 0011111100, 0.564676678136591, 0.9406401480691519, 0.0 0.0 0.0005883243112616311 0.007317803120955787 0.05050194622015746 0.23084851253685998 0.7107434138107651, 
28, 0011111100, 0011111100, 0.5658786723563894, 0.9426367593596584, 0.0 0.0 0.0009688811536482118 0.006201221438662664 0.04838437313879028 0.22493150863388753 0.7195140156350114, 
29, 0011111100, 0011111100, 0.5489543948697683, 0.9144296829586975, 0.027363649510116234 0.000874612475985913 0.003478661549956486 0.012769442757139232 0.04338274252943346 0.20587848327707708 0.7062524079002915, 
30, 0011111000, 0011111100, 0.5601820063356706, 0.9331578795497684, 0.007548399821342286 0.0002411281798428297 0.0003526971320230336 0.008751475747730234 0.04593017007791709 0.2350311269470055 0.7021450020941391, 
31, 0011111100, 0001111100, 0.5260695040361196, 0.8763476734683086, 0.054666736823760886 0.001993381207284246 0.002241513999557211 0.01669909362608336 0.057426420970162685 0.23003045339435743 0.6369423999787942, 
32, 0011111100, 0011111100, 0.5580855506105191, 0.9296626190424859, 0.003786208437129415 0.00012772308711711847 0.005312511859321622 0.010392739593301297 0.05901956663955587 0.228201020190421 0.6931602301931538, 
33, 0011111000, 0001111000, 0.5571972336153985, 0.9281761450591803, 0.016426185774105387 0.0004799799796533584 0.0009445759529122355 0.008594086732849624 0.04112652133720738 0.21817250841740649 0.7142561418058656, 
34, 0011111100, 0011111100, 0.5675561526889639, 0.9454483254047904, 0.0 0.0 0.002368435988910226 0.007931115712803168 0.04465071177759153 0.20474153292202443 0.7403082035986707, 
35, 0011111000, 0011111100, 0.5647352436147848, 0.9407555493486628, 0.005441367425652912 0.00018700292672849835 0.0019286499556711739 0.007090220533757024 0.04055346251317103 0.21179129827016588 0.7330079983748535, 
36, 0011111000, 0011111100, 0.5500158400673769, 0.9161943765077472, 0.020762425261179888 0.0006990898847770691 0.0017981876922707472 0.010917151328937233 0.05619362205225181 0.22243229110215407 0.6871972326784292, 
37, 0011111100, 0011111000, 0.5627496758119546, 0.9374400794559038, 0.0028108140960582096 8.949134804620628e-05 0.0012567341036694814 0.012514752092326907 0.05352368946915238 0.20842861031803364 0.7213759085727133, 
38, 0001111100, 0011111100, 0.5686726681356443, 0.947292798576863, 0.0 0.0 0.0023265315859660645 0.006995544241728782 0.04355148847835929 0.1988474725130526 0.7482789631808933, 
39, 0011111100, 0011111100, 0.5634365070180467, 0.9385848960110672, 0.0 0.0 0.0028591054613110634 0.01369066765425629 0.05049295424361399 0.21499629063835557 0.717960982002463, 
40, 0000000000, 0011111000, 0.5645252061561592, 0.9403879956823475, 0.0025966916469109132 7.370643075781805e-05 0.0007743459848752067 0.011107402964992788 0.04702619020000318 0.2112513706361746 0.7271702921362856, 
41, 0011111000, 0000111100, 0.5463689391582129, 0.9101343419909025, 0.023851103785704427 0.0007196100699336188 0.0025225033883666563 0.015357105557071898 0.06467878077451551 0.20697038321697822 0.6859005132074296, 
42, 0001111100, 0001111100, 0.5682374825063496, 0.9465663224852666, 0.0 0.0 0.0013028069998544736 0.010800774556951194 0.03955710188187748 0.20387430965437375 0.7444650069069432, 
43, 0011111000, 0011111100, 0.5629812037555586, 0.9378063290249034, 0.00229819016286779 7.252920805215834e-05 0.003964164926613625 0.011366466435699944 0.04960465467833891 0.20984487046288045 0.7228491241255471, 
44, 0011111100, 0011111000, 0.5534006901271921, 0.9218748086911277, 0.010910675121002309 0.00035513111348674405 0.0023684311561809088 0.019644071296464182 0.06266362264363415 0.20777825775840228 0.6962798109108294, 
45, 0011111100, 0000111100, 0.563266816374087, 0.9383118702063978, 0.0 0.0 0.004778795686340885 0.011292255917045331 0.050263510462948614 0.21660980733921636 0.7170556305944488, 
46, 0011111000, 0011111100, 0.5552150721410569, 0.9248877562439918, 0.016519928620297112 0.0006951683535229591 0.003597482901327425 0.008700898187583768 0.045570122428549444 0.21644517802149296 0.7084712214872264, 
47, 0001111100, 0011111100, 0.5481586984127365, 0.9131415599178494, 0.02069535319327706 0.0007604461166011719 0.004973404647555727 0.012906959330391344 0.05323690188674022 0.2280879903953582 0.6793389444300763, 
48, 0000000000, 0011111100, 0.5524435977258357, 0.9202495899382663, 0.018908963367013778 0.00065830312553647 0.0023132138017540353 0.0098075057559131 0.05028629390336102 0.22250920425915954 0.695516515787262, 
49, 0011111100, 0011111100, 0.5625189366425223, 0.937059332937909, 0.000594216204005423 2.0602249969187236e-05 0.0013022540296981874 0.015590870832473307 0.05367812353222205 0.2146378182180115 0.7141761149336203, 
50, 0011111100, 0011111000, 0.5608535789838018, 0.9342594494885053, 0.005467171575491063 0.00025738507077567986 0.0032338071217826556 0.012566966820800772 0.04675926376885445 0.21619869177490203 0.7155167138673934, 
51, 0011111100, 0011111100, 0.5636568072750675, 0.9389664088040334, 0.0 0.0 0.0034387179040135654 0.009292013880581039 0.050267617995274676 0.2240353979274536 0.7129662522926772, 
52, 0011111100, 0011111100, 0.5239971509065745, 0.8729005969558631, 0.06681357713674281 0.002424794892257111 0.004120559154648042 0.0074593859859658695 0.04902383033988087 0.212682925726827 0.6574749267636782, 
53, 0011111100, 0011111100, 0.5405522976864678, 0.9004536273128089, 0.03154438473087311 0.0010187699987963266 0.005519208005141864 0.013222630982057075 0.0628806659807804 0.21541202081562705 0.6704023194867242, 
54, 0011111100, 0011111100, 0.5397079940844439, 0.8990497758002612, 0.03736730361978791 0.0012854178166749363 0.0029947312133583566 0.01504113597972747 0.055433365720839026 0.20710137016203625 0.680776675487576, 
55, 0011111100, 0011111100, 0.5631658109425859, 0.9381242631788929, 0.0 0.0 0.002115141537279116 0.010268916359963536 0.05315985140407582 0.22566740288948436 0.7087886878091971, 
56, 0011111100, 0001111100, 0.5529297604059458, 0.9210812624464726, 0.011031149908823824 0.00031663217261081644 0.004932090726185497 0.01593779179787235 0.061863955033287676 0.21447271664023312 0.6914456637209867, 
57, 0011111000, 0011111100, 0.5645688527279361, 0.9404711566608441, 0.0 0.0 0.002613754984793067 0.011497634738662334 0.04242194369727359 0.2273812484852287 0.7160854180940422, 
58, 0011111100, 0011111100, 0.5634514118365535, 0.9386036817134563, 0.0 0.0 0.0028935986022878327 0.012894293429840772 0.05379475931255188 0.2105311163954853 0.7198862322598343, 
59, 0011111100, 0011111100, 0.5622788999369228, 0.9366442487499806, 0.0 0.0 0.0032926940479296443 0.010886646178486505 0.05508602624935836 0.22413174027422175 0.7066028932500037, 
60, 0011111000, 0011111100, 0.5644654339533088, 0.940310961389395, 0.0 0.0 0.0027099855364748405 0.013571764957141094 0.04321007782210184 0.2201588390021035 0.7203493326821787, 
61, 0011111100, 0001111100, 0.5458434430453594, 0.9092900968573361, 0.027520961360646655 0.0009169214396384215 0.0023410373667922045 0.008567778226895832 0.05633151815200459 0.22681852304204633 0.6775032604119758, 
62, 0001111100, 0011111100, 0.5538164082355864, 0.9225350228759628, 0.010523068396680013 0.00029748892068789116 0.004233707982712955 0.015092485687459788 0.052954330468859424 0.23204305782975354 0.6848558607138464, 
63, 0011111100, 0011111000, 0.5467429384234559, 0.9107751092657204, 0.030867906694908763 0.000995553835980438 0.005017293900498492 0.006241534896983418 0.04577479055960231 0.21482077364417404 0.6962821464678525, 
64, 0011111100, 0011111100, 0.5673698083509535, 0.9451071035929876, 0.003238531552757195 0.00011735700731663476 0.001781074374317697 0.010095567985456265 0.038638603864127125 0.194651194907055 0.7514776703089701, 
65, 0011111100, 0001111100, 0.5404873127351776, 0.9003543776551032, 0.02964251546707962 0.0010912529119625261 0.010851747840985441 0.019753212911802143 0.05222218717046402 0.20745137226681418 0.6789877114308921, 
66, 0011111000, 0011111100, 0.5544308042517436, 0.9235914736497685, 0.010193929481692654 0.0004089897318701517 0.0016163145017671584 0.009585219739178705 0.05744264308893211 0.2451364291494139 0.6756164743071453, 
67, 0011111000, 0011111000, 0.5629203806914831, 0.9377026359479345, 0.0 0.0 0.0009835252107437097 0.011232588818342833 0.05347535752802974 0.22920160195833053 0.7051069264845532, 
68, 0001111100, 0011111100, 0.5600771089665786, 0.9329620778572423, 0.004356356181576933 0.0001423524077606201 0.0014288328132687294 0.01494033939666998 0.04438215005298502 0.2360769841792266 0.698672984968512, 
69, 0011111100, 0011111100, 0.5656639491329963, 0.9422907405540237, 0.0 0.0 0.0016595153413649967 0.008260530134087994 0.04828894811444152 0.21825800867925124 0.7235329977308542, 
70, 0011111100, 0011111100, 0.5488887603456255, 0.9143564236048266, 0.020806297725042045 0.0006842088682102021 0.0039893710661539 0.015480795703823665 0.04929098461343414 0.22462078707678235 0.6851275549465538, 
71, 0011111100, 0011111100, 0.5645228712518949, 0.9403682453643426, 0.0 0.0 0.001586631662313654 0.007263432171860251 0.04647077473664999 0.23671215517580915 0.707967006253367, 
72, 0011111100, 0000000000, 0.5527214398151604, 0.9207322716571528, 0.02231028855355535 0.0007226791934177989 0.0008427416657579512 0.007019279902133203 0.05039792229971409 0.212906591799803 0.7058004965856186, 
73, 0011111100, 0011111100, 0.5691776692406247, 0.9481368454852489, 0.0 0.0 0.00010474818710796711 0.005272512916102644 0.039208401479861314 0.21652559263204504 0.738888744784883, 
74, 0011111100, 0011111000, 0.5572007253982715, 0.9281966620093343, 0.004822344817140783 0.00014032145737261998 0.002333872456490369 0.015786426951837778 0.056021110345162446 0.23244736038248684 0.6884485635895091, 
75, 0001111100, 0011111100, 0.5552730626680715, 0.9249645635646426, 0.017304632349843068 0.0007263753941813536 0.0018654420188811277 0.012517693427113123 0.0483100993389823 0.20111790050735034 0.7181578569636488, 
76, 0011111100, 0011111100, 0.5659203926116124, 0.9426912374252445, 0.0 0.0 0.0007802099712189605 0.011206410293784401 0.045026009567190536 0.2170604855479226 0.7259268846198835, 
77, 0001111100, 0011111100, 0.5465933758890944, 0.9105259026049427, 0.031680487018647105 0.0011577796420068683 0.002583797451519384 0.011408159240789001 0.044873882761374974 0.20666533099723255 0.7016305628884301, 
78, 0011111100, 0011111100, 0.556208247101348, 0.9265357493414138, 0.011429767941766068 0.00046813331194179393 0.002744388775587252 0.00792349328717959 0.05772429032954733 0.2196696141182297 0.7000403122357484, 
79, 0011111100, 0011111100, 0.5623941119251827, 0.9368335685140863, 0.0 0.0 0.004036795943855168 0.01419792142876412 0.05184564789335108 0.2165663450670673 0.7133532896669623, 
80, 0011111100, 0011111100, 0.5648334163688253, 0.9408913097889814, 0.0 0.0 0.002606484157332579 0.008476159011594993 0.0533523862544628 0.21209295509307027 0.7234720154835393, 
81, 0011111100, 0000111100, 0.5451101999071731, 0.9080475074606721, 0.03552000361004216 0.0013127276774474552 0.002807899074864955 0.0059035717793444326 0.052393827646964326 0.19830132825705601 0.7037606419542807, 
82, 0011111100, 0011111000, 0.5672940153340787, 0.9450104954559684, 0.0 0.0 0.00034786303883864764 0.009580885984406172 0.04480021911438343 0.21020247892684982 0.735068552935522, 
83, 0011111100, 0011111100, 0.5631612421383891, 0.9381054584024568, 0.0019853357452049706 7.91422736280305e-05 0.0009830166501491977 0.009700639429155658 0.05719651890079765 0.2116325010562297 0.7184228459448349, 
84, 0001111100, 0011111100, 0.5634553112251599, 0.9386146580786198, 0.0 0.0 0.0010508081047580354 0.010080496433069398 0.04974705774745755 0.2343732143151255 0.7047484233995895, 
85, 0011111100, 0011111100, 0.5670879235383124, 0.944656933568597, 0.0 0.0 0.001034075463435593 0.009618959840582364 0.043979289703100985 0.21110663780672645 0.7342610371861545, 
86, 0011111100, 0011111100, 0.5659333382316889, 0.9427456849128047, 0.0 0.0 0.0 0.007718574775198385 0.051684742514215384 0.21700068116914512 0.7235960015414411, 
87, 0011111000, 0011111100, 0.5628532736542077, 0.9375919326692059, 0.0 0.0 0.0017244978530116307 0.010135297946358868 0.05276200021766331 0.23162051829831473 0.7037576856846515, 
88, 0011111100, 0011111100, 0.5598410469987779, 0.9326007032747154, 0.0 0.0 0.0010515774711980137 0.011516510712542633 0.06004207535263611 0.2455557876240154 0.6818340488396079, 
89, 0011111100, 0011111100, 0.5604548742316275, 0.9336008361122218, 0.011402489659673429 0.0004087122455366452 0.0023689718381511597 0.009652090145615935 0.04664437962039397 0.1962155671107051 0.7333077893799238, 
90, 0001111100, 0011111100, 0.5588636005458484, 0.9309528243561213, 0.005444548145797621 0.0001949279655285818 0.001455285818881137 0.012189244728185476 0.05577185848281298 0.2267085307351367 0.6982356041236575, 
91, 0011111100, 0001111000, 0.5642100842823734, 0.9398621958303541, 0.0 0.0 0.0010391064111995555 0.010258024029943002 0.050167026926990044 0.22556227342926874 0.7129735692025987, 
92, 0011111100, 0011111100, 0.5645950015194342, 0.940509229392288, 0.0 0.0 0.0017034912874147295 0.0113679091030446 0.05173388070574689 0.21255916977598546 0.7226355491278084, 
93, 0011111100, 0011111100, 0.5652040842586799, 0.9415202792656922, 0.0008916274284222011 2.657168802215939e-05 0.0026611220942839124 0.009142109933514483 0.04082413243902154 0.2256766183394812 0.7207778180772546, 
94, 0011111100, 0011111100, 0.5599712999852098, 0.9328161141512595, 0.011877898867964858 0.00035133242268369305 0.0024394674262981043 0.00565766652556762 0.03932044149867563 0.22470750749198865 0.7156456857668214, 
95, 0011111100, 0011111100, 0.5656298259288115, 0.9422308812315784, 0.0 0.0 0.0005069857845174414 0.008928628382613012 0.05400889882861406 0.20978308666739237 0.7267724003368631, 
96, 0011111100, 0011111100, 0.5614389195718111, 0.9352563938373846, 0.006699003753773144 0.0002235793397054218 0.003300084315735598 0.0093193297543381 0.05004731419042869 0.20589676284771266 0.7245139257983064, 
97, 0011111100, 0011111100, 0.5613788865729008, 0.9351488741666133, 0.009434719912751287 0.00029255206507637383 0.002302744008358021 0.00787098786330412 0.04555700477225561 0.2070977260305746 0.7274442653476799, 
98, 0011111100, 0011111000, 0.5594358235957079, 0.9318984324707184, 0.0041263212038979355 0.0002132564369756551 0.0021707573113598426 0.012088436124297719 0.054632452944377775 0.22857195226033555 0.6981968237187555, 
99, 0011111100, 0011111100, 0.565509196599541, 0.9420410105639788, 0.0 0.0 0.0022574066117347987 0.008065159017945725 0.04315171965253482 0.2282253938102817 0.718300320907503, 
100, 0011111100, 0011111100, 0.5611628834519856, 0.9347934130329344, 0.004763283653102701 0.00018850031092992848 0.0016162008841350247 0.013050618452476886 0.05447290813964402 0.20715484315586827 0.7187536454038432, 
run, initial grid state, final grid state, mean grid cell occupancy, mean binding site occupancy, fraction of time with N TFs bound, warning
1, 0011111100, 0011111100, 0.5477009835008255, 0.9123695911206049, 0.028668310105319218 0.0010332377712835299 0.0025371997893952184 0.007664817855099467 0.047737818911840195 0.2199875132414783 0.692371102325584, 
2, 0001111100, 0011111100, 0.5606511132571029, 0.9339365672753399, 0.0 0.0 0.0015234648078636893 0.01436040532250113 0.060260975067065944 0.2266835710148701 0.6971715837876992, 
3, 0011111100, 0011111100, 0.563733367172699, 0.9390900312179777, 0.0 0.0 0.0015652006748596257 0.0070753816211508 0.0517382323904916 0.2344964003482588 0.7051247849652392, 
4, 0011111000, 0001111100, 0.5560568767652354, 0.9262832346934958, 0.007200951860102357 0.00026044062109197887 0.0040491006254367735 0.01846571520158566 0.05424431137804553 0.2177105067103564 0.6980689736033814, 
5, 0011111100, 0011111100, 0.5643182903519418, 0.9400580780219115, 0.0 0.0 0.0008454752531827063 0.008552014421123 0.04940291157046512 0.23180776445150084 0.7093918343037283, 
6, 0011111100, 0011111100, 0.5491107766171563, 0.9147099436184509, 0.019381446432642252 0.0006718276731692608 0.003278454727740037 0.012225875513179347 0.06003950063713824 0.22222207460281942 0.6821808204133115, 
7, 0011111100, 0011111100, 0.5644527953000448, 0.9402420851714149, 0.0 0.0 0.0005880821662071346 0.01437572463938215 0.05231019100382682 0.20844760438088214 0.7242783978097018, 
8, 0011111100, 0011111100, 0.563305495295564, 0.9383669458980454, 0.0 0.0 0.002024579886154873 0.006602752455661594 0.054681117929048076 0.23252951184202791 0.7041620378871075, 
9, 0011111100, 0011111100, 0.5648787795407206, 0.9409942620723607, 0.0 0.0 0.0013293043913754677 0.005801090993112084 0.05640263699182404 0.21850866303734962 0.7179583045863388, 
10, 0011111100, 0011111100, 0.5651006576010814, 0.9413416205790887, 0.0 0.0 0.0013202989124582493 0.007534936127285435 0.0475589496126517 0.2289463732684751 0.7146394420791295, 
11, 0011111100, 0011111000, 0.56445055309217, 0.9402704317926751, 0.0 0.0 0.0009160834501392499 0.005757558040388708 0.050204221683412376 0.23703195795540227 0.7060901788706574, 
12, 0011111000, 0011111100, 0.5226896893601604, 0.8706982854438972, 0.057409182038887493 0.001977154065962817 0.005672329026748658 0.01936428680805963 0.0529628742590385 0.23476149972422736 0.6278526740770755, 
13, 0011111100, 0011111100, 0.5342363712891112, 0.8899248534919129, 0.0541840837963199 0.0018232496889520257 0.0063483590909868895 0.014508998128575142 0.039157707271766644 0.17899428253263733 0.7049833194907621, 
14, 0011111100, 0011111100, 0.565443758018777, 0.9419055555759125, 0.0 0.0 0.002249937991876403 0.012059382766685499 0.049410313564182747 0.20456813914859748 0.7317122265286579, 
15, 0011111100, 0001111100, 0.5589251306877852, 0.9310510339494407, 0.008834314763651915 0.0003657808021797452 0.0023095257593065783 0.010364119664832538 0.04588579334145155 0.2267569549959183 0.7054835106726594, 
16, 0011111100, 0011111100, 0.5645564836596325, 0.9404489728529236, 0.0 0.0 0.0006237952560389041 0.005472155496026206 0.04663046066799909 0.24513359403422663 0.7021399945457092, 
17, 0011111100, 0001101100, 0.5662947167145506, 0.9433223564507046, 0.0 0.0 0.00034873883670344234 0.00946415318933162 0.049991935665047026 0.21029457505086935 0.7299005972580486, 
18, 0011111100, 0011111100, 0.5637309425899221, 0.9390825869290619, 0.0 0.0 0.00286604922928202 0.011393883669724159 0.04640573951694589 0.22704715146543694 0.712287176118611, 
19, 0011111100, 0011111100, 0.5683500590465118, 0.9467666517499626, 0.0 0.0 0.0 0.007383017316980992 0.03895622671935332 0.21933858411057464 0.734322171853091, 
20, 0011111100, 0011111100, 0.5615909891677665, 0.935501595409704, 0.0072258219012786085 0.00020323164949712297 0.000542125888074239 0.010128471943497487 0.04386548283639399 0.2223344528310404 0.7157004129502182, 
21, 0011111000, 0011111100, 0.5666809090314745, 0.9439700340675188, 0.0 0.0 0.0003438695808516797 0.003209212759592006 0.03966668637580383 0.24584330624109643 0.710936925042656, 
22, 0011111100, 0001111100, 0.5612836281666714, 0.9350004197980539, 0.0016013466645944116 5.938977016634884e-05 0.003819470222824173 0.009216736872687509 0.051885028865658246 0.2333943031326024 0.7000237244714669, 
23, 0011111100, 0011111100, 0.5617525495477197, 0.9357459888086107, 0.004591508257954687 0.00014370016643830706 0.00318095217000808 0.01568487919367563 0.04473590456579037 0.20800626137577669 0.7236567942703562, 
24, 0011111100, 0011111100, 0.5633180141514228, 0.9383718463605546, 0.0 0.0 0.0006716564733420844 0.007902724210109756 0.06165651848116812 0.22006108635063906 0.7097080144847411, 
25, 0001111100, 0011111100, 0.5612497074118182, 0.93493526319206, 0.004868089649384191 0.00018241319838824724 0.0017126206287492456 0.007395557183200127 0.0617808050544648 0.20766905278586617 0.7163914614999471, 
26, 0001111100, 0011111100, 0.5624785026079345, 0.9369816156215444, 0.0021931263661698996 0.00010906831405466509 0.0033682291262029677 0.012143892754271753 0.04239385900628873 0.22971389372323645 0.7100779307097755, 
27, 0011111000, 0011111100, 0.5601256830558167, 0.9330743636529695, 0.0 0.0 0.0006351403805207389 0.008308254619742075 0.06501822289424951 0.24405204691237567 0.681986335193112, 
28, 0011111100, 0011111100, 0.5643198781355805, 0.9400696688671333, 0.0 0.0 0.0012653412568443658 0.007984627841231766 0.050977477838786096 0.2286117825685557 0.7111607704945822, 
29, 0011111100, 0001111100, 0.552306703185337, 0.920037491323869, 0.021950848298123223 0.0009192382228602114 0.001570234989397107 0.007083163821736935 0.044344521772878405 0.22725429618518916 0.6968776967098149, 
30, 0011111100, 0011111100, 0.5676236116086365, 0.9455570923388069, 0.0 0.0 0.0005993345384777727 0.006008658723522873 0.044677603505943436 0.21687892463079245 0.7318354786012635, 
31, 0011111000, 0011111100, 0.5635819416556065, 0.9388082511198677, 0.0 0.0 0.0009760131099778413 0.00728859376963285 0.0543361789179206 0.2327083016961428 0.704690912506326, 
32, 0011111100, 0011111000, 0.5672283383320564, 0.9448989621240441, 0.0 0.0 0.0008181821741641561 0.006185838653083635 0.04649742189809898 0.21578113880363012 0.7307174184710231, 
33, 0011111100, 0011111100, 0.5664201873674435, 0.9435491742517058, 0.0 0.0 0.0007606579958691766 0.007885199302182424 0.044566994978284084 0.222872734643173 0.7239144130804912, 
34, 0011111000, 0011111000, 0.5544489941624524, 0.9236093238712025, 0.010623407205154433 0.0005760800262474801 0.00481420645994429 0.009909272056100225 0.05518139170104609 0.23237578800045058 0.6865198545510568, 
35, 0001111100, 0011111100, 0.5638478253107773, 0.9392656094165038, 0.001249719236868563 3.572212197178886e-05 0.0008906771044013612 0.00422277960820556 0.052571233648081375 0.23535590293152256 0.7056739653489488, 
36, 0011111100, 0011111100, 0.5640109549283262, 0.9395210624008612, 0.0 0.0 0.00032034846338981673 0.012744801865205635 0.05031580228717386 0.22272622157130897 0.7138928258129217, 
37, 0011111000, 0011111000, 0.5655796818354817, 0.9421552073542141, 0.0 0.0 0.00048092340621843217 0.006672851920634479 0.05035158222681388 0.22442334203431058 0.7180713004120226, 
38, 0011111100, 0011111100, 0.5651980023203282, 0.9415170249216983, 0.0 0.0 0.0006258527651166347 0.009310707258190973 0.05604626283955588 0.2083697919556584 0.7256473851814781, 
39, 0011111100, 0011111100, 0.5652335060357391, 0.9415447660390355, 0.0 0.0 0.0012847919381674697 0.009181922436837247 0.047865155571217934 0.22231615756016987 0.7193519724936075, 
40, 0011111100, 0011111100, 0.549757377519597, 0.9157930379076366, 0.02155166700174377 0.0006676194297780309 0.0029010942719893936 0.012500534967181192 0.05121979618085035 0.22104809904362607 0.6901111891048313, 
41, 0011111000, 0011111100, 0.536868693775063, 0.8943452718647212, 0.04312769184744921 0.001393640481356737 0.0019029270408388403 0.009638390579303335 0.05295333900596002 0.2257604574070082 0.6652235536380836, 
42, 0011111100, 0011111100, 0.5470592722970367, 0.9113092514484404, 0.030924008174623645 0.0010092687351966755 0.0020203462065500302 0.0067865783381551355 0.04615129677216567 0.2208103852006346 0.6922981165726743, 
43, 0011111100, 0000000000, 0.5650448961770898, 0.9412488278070408, 0.002477201261880738 0.00012630683712607337 0.0014771445699719515 0.009850919252833499 0.04343356477748425 0.2146838258074846 0.7279510374932189, 
44, 0011111000, 0011111100, 0.5644916201374303, 0.9403443034017046, 0.0 0.0 0.0008623999543353914 0.009545122144458743 0.04560636174593378 0.23463648984718766 0.7093496263080844, 
45, 0011111100, 0011111000, 0.5490892285206899, 0.9146744558457267, 0.025234714702272412 0.0009206106048631667 0.002284824237686906 0.010348336942113324 0.04756700479441013 0.22062360632178185 0.6930209023968722, 
46, 0011111100, 0011111100, 0.5616047492773474, 0.9355227255443724, 0.008971539234632139 0.00032040291509872386 0.0007876577419003843 0.0062712017845947396 0.04675937562900155 0.2159494091710907 0.7209404135236818, 
47, 0011111100, 0011111100, 0.5638761778949939, 0.9393246150636674, 0.0 0.0 0.0014213709013366697 0.010366592951695326 0.04660837450792406 0.23405029814171482 0.7075533634973291, 
48, 0011111100, 0011111000, 0.5635939810181979, 0.9388519249646896, 0.0 0.0 0.0032213450810477844 0.010889531394845758 0.05075190992688247 0.2198306558493689 0.7153065577478551, 
49, 0001111100, 0011111100, 0.5525619308207613, 0.9204825315398454, 0.009461901637532029 0.00033694391220013295 0.0057617203381888455 0.018641264494326227 0.0593074753725702 0.2210630557938612 0.6854276384513214, 
50, 0011111000, 0011111000, 0.5649764771935646, 0.9411389516425759, 0.00040584268897510706 1.0493219061692554e-05 0.0007897424219991478 0.0068786440711472085 0.05449413824886792 0.21789558951621144 0.7195255498337375, 
51, 0011111100, 0011111100, 0.551480060798929, 0.918644071966031, 0.014360170953085024 0.0004861084487088521 0.00501595748262394 0.012534367973551123 0.05358301290239864 0.23471104058581294 0.6793093416538195, 
52, 0011111100, 0011111100, 0.5395817506542201, 0.8988387440804698, 0.04582040910728602 0.0016725660267239524 0.00320072857534102 0.004009196628854206 0.047077931414242456 0.20469588372343334 0.693523284524119, 
53, 0011111100, 0011111100, 0.5586152970285813, 0.9305633378957311, 0.0 0.0 0.004265024929465736 0.017007530219242145 0.05338817376856969 0.2417609347128848 0.6835783363698377, 
54, 0011111000, 0011111100, 0.566362474575426, 0.9434495929673317, 0.0 0.0 0.00016213145820787972 0.0042723717568653174 0.04763292230370522 0.2305709564851722 0.7173616179960493, 
55, 0011111100, 0011111100, 0.5664680742994641, 0.9436412398867056, 0.0 0.0 0.0 0.005297646791804205 0.04761936359778069 0.22702089310879336 0.7200620965016218, 
56, 0011111100, 0011111000, 0.5645459220138972, 0.9404245995929824, 0.0027866916670371803 0.00010493577843734195 0.002413927539141348 0.007002537316982543 0.04559133990218241 0.21836157163581843 0.7237389961604007, 
57, 0011111000, 0001111100, 0.5620605938278332, 0.9362792576776992, 0.005056733547055039 0.00013277840680607725 0.0017395066180171852 0.008574198462303716 0.04807133454597457 0.2224968696665149 0.7139285787533285, 
58, 0011111000, 0011111100, 0.5633574561411332, 0.9384542636848403, 0.0 0.0 0.0027961917155080746 0.011631338730906915 0.050474267999531454 0.22224709883714233 0.7128511027169112, 
59, 0011111100, 0011111100, 0.5602355220899954, 0.9332513990270691, 0.00033601021719240005 1.5071163677715118e-05 0.002841534269117003 0.015445960443171685 0.05934495427698535 0.22200626175608867 0.7000102078737671, 
60, 0011111100, 0011111100, 0.5592150106469866, 0.9315687178208388, 0.008700147712811345 0.0003810938069963455 0.0024719080782020656 0.006568920743674912 0.045710827054105035 0.23546528911107464 0.7007018134931357, 
61, 0011111100, 0001111100, 0.5617808151810874, 0.9358318842585179, 0.004950785893584929 0.00012908853584347736 0.0007598352210789635 0.007770800153742204 0.05549879768803769 0.21730919968654766 0.7135814928211651, 
62, 0011111100, 0001111000, 0.5627986983989468, 0.9374969207480731, 0.0 0.0 0.0005737972783113092 0.015033047693349993 0.05268466082929985 0.22225482165966592 0.709453672539373, 
63, 0001110000, 0011111100, 0.5569014419712831, 0.927689128932871, 0.00467278904991638 0.00020757431107861654 0.0058140375120478635 0.022258141929363998 0.05426892201628088 0.2062222006790373 0.7065563345022751, 
64, 0011111100, 0011111100, 0.5627998254956681, 0.9375175902020808, 0.0 0.0 0.0002710365059574019 0.014946857469992749 0.05458355980803347 0.219802620737641 0.7103959254783754, 
65, 0011111000, 0011111100, 0.5450924452253674, 0.9080126940825314, 0.031668676159117844 0.0010544291173512593 0.0007990946456795079 0.013751281453384528 0.05020836295660002 0.21177268410727726 0.6907454715605896, 
66, 0011111100, 0011111100, 0.5638001843467593, 0.9391976820498409, 0.0 0.0 0.0015923898587981433 0.014968161993276646 0.048313939914001534 0.2169119824579293 0.7182135257759944, 
67, 0001111100, 0011111100, 0.5640776387121706, 0.9396346293528343, 0.001111639476657155 4.922533634134701e-05 0.0030723316989676864 0.008173410903510961 0.04569371005371226 0.22707928072751685 0.7148204018032939, 
68, 0011111100, 0001111100, 0.5482723382939932, 0.9133213585076732, 0.02248698100629267 0.0007198135027797448 0.0038374100619716018 0.01851496869854108 0.05135687919565675 0.2079425906674827 0.6951413568672755, 
69, 0011111100, 0011111100, 0.5673420951490016, 0.9450927494537161, 0.0007652406686833926 5.0020043981756475e-05 0.0007435432608505657 0.006860931505880795 0.044729369089250175 0.2115862533061489 0.7352646421252045, 
70, 0011111100, 0011111100, 0.5613961695649489, 0.9351929510834983, 0.0 0.0 0.0031224119751392158 0.01195041465465524 0.05925980106840454 0.22198179949767746 0.7036855728041235, 
71, 0011111100, 0001111100, 0.5629763901769682, 0.9378122045364058, 0.004716700692387649 0.00019349301614386694 0.0026186140207769756 0.008976384648136644 0.043805866415244636 0.2188437606885129 0.7208451805187974, 
72, 0011111100, 0011111100, 0.5592515916439682, 0.9316085916615756, 0.01084327236516907 0.00039034725203570864 0.003036673500496234 0.010875075298519797 0.041624279398514694 0.21531660088477966 0.7179137513004848, 
73, 0011111100, 0011111100, 0.5465555539484248, 0.9104873750088318, 0.02456693394312526 0.0007636508254058587 0.004582133899676487 0.01567646003131432 0.05049083109127891 0.21951631428602125 0.684403675923178, 
74, 0011111100, 0001111000, 0.5624931462442636, 0.9370149204265682, 0.0002869349712813468 1.6970531097196395e-05 0.0020717961600754007 0.008897633685114705 0.054227391056307375 0.2326691471491564 0.7018301264469676, 
75, 0011111100, 0001111000, 0.5675275265279073, 0.9453844051706015, 0.0 0.0 0.0006547872574621296 0.004428820512583468 0.048244175611980404 0.2152996071848305 0.7313726094331435, 
76, 0011111100, 0011111100, 0.5614338010744555, 0.9352631592738427, 0.0 0.0 0.0013711544379259857 0.014554463481236474 0.05259819379936513 0.23407664856280022 0.6973995397186721, 
77, 0011111100, 0011111100, 0.5598635030551364, 0.9326260764552685, 0.00751500988041537 0.0002478520175117538 0.0020786389594031514 0.009831767260445923 0.047029485043752164 0.22604539419188363 0.7072518526465881, 
78, 0011111100, 0011111100, 0.5522320028389552, 0.9199117438777404, 0.021588760271815784 0.0007505292623693583 0.004612187369969831 0.007244765335438898 0.0416766590649084 0.22370796517480326 0.7004191335206945, 
79, 0011111100, 0001111000, 0.5657160511073367, 0.9423673232888586, 0.0 0.0 0.0011245139767768835 0.00788783140171058 0.04827832376010932 0.2210778626343904 0.7216314682270129, 
80, 0011111000, 0011111100, 0.5654283610732316, 0.9419019252403201, 0.0 0.0 0.004018015409601189 0.0084354364639574 0.05096726397256418 0.20527554958267377 0.7313037345712035, 
81, 0011111100, 0011111100, 0.5661118267868439, 0.9430338470781671, 0.0 0.0 4.863821985591025e-05 0.008084459988717322 0.050154554364994844 0.2170398759554319 0.7246724714710001, 
82, 0011111100, 0011111100, 0.516270855347757, 0.8600126725614823, 0.07729918150199509 0.0029621526947676566 0.004833010523209245 0.015368031161324302 0.05273353676868638 0.190414903031115 0.6563891843189023, 
83, 0011111100, 0011111100, 0.5661812570613427, 0.9431564174859416, 0.0 0.0 0.0002786850707065491 0.004432190819060007 0.04430435663710266 0.23804146907013915 0.7129432984029916, 
84, 0011111100, 0011111100, 0.5578781038117375, 0.9293403869893472, 0.00787796354049095 0.00024364827771714752 0.001601676584088575 0.007419684831242482 0.055499861754347485 0.23580617109360874 0.6915509939185046, 
85, 0011111100, 0011111000, 0.5403454119203428, 0.900109534576023, 0.045449395730867724 0.0015541616845608892 0.0016605994481038477 0.009565050182437028 0.042158988274155186 0.19922008484781392 0.7003917198320614, 
86, 0011111100, 0011111100, 0.5664424775652704, 0.9436019133974287, 0.0 0.0 0.00010704151768925643 0.0056067126185889785 0.04973210832319712 0.2216759990425098 0.7228781384980149, 
87, 0011111100, 0011111100, 0.5678187532580747, 0.9458637305083631, 0.0 0.0 0.0 0.004832264333173802 0.04875987244021023 0.21280107906987925 0.7336067841567366, 
88, 0011111100, 0011111100, 0.5635891032331865, 0.9388471983387138, 0.000537856863925457 1.885079368409656e-05 0.0017393593226744729 0.009200091102323305 0.04725463522007898 0.23452843377791893 0.7067207729193947, 
89, 0011111100, 0011111100, 0.557325270545416, 0.9284049093308594, 0.01229565872159447 0.0004711481575422343 0.002730786557348711 0.007507395943591594 0.04433337028402217 0.23132877626935128 0.7013328640665495, 
90, 0001111100, 0011111100, 0.558330980771663, 0.9300601658135377, 0.015148106045566058 0.0004910129738910993 0.0006976741604194186 0.009950189752035977 0.045773445519287706 0.2021071470395609 0.7258324245092389, 
91, 0011111100, 0011111100, 0.5410692215134375, 0.9013104994008798, 0.03785045434525285 0.0012985656757735068 0.005130952589167909 0.01468193296998234 0.043798794059454464 0.20637425175880855 0.6908650486015604, 
92, 0011111100, 0011111100, 0.5635405561183378, 0.9387367690606291, 0.0 0.0 0.0018009076504493043 0.01240448252224344 0.044760412309368364 0.23364148284896155 0.7073927146689772, 
93, 0011111100, 0000111100, 0.5643473304264277, 0.9400963963980381, 0.0 0.0 0.0016588294568959374 0.009784044930103611 0.05572852124592671 0.21197712650202397 0.7208514778650498, 
94, 0011111000, 0011111100, 0.5581036277294161, 0.9297013558782654, 0.012113792002720725 0.0004288619939208811 0.00484801549691858 0.00725934445457467 0.04970871374453167 0.2063772799040179 0.7192639924033155, 
95, 0011111100, 0011111100, 0.5466631256863413, 0.9106438489729183, 0.03351173910206535 0.0011793306361559174 0.00174082466749468 0.009304450535203047 0.04726009440738608 0.1997729792789582 0.7072305813727366, 
96, 0011111100, 0011111100, 0.5688786489313387, 0.9476221929418218, 0.0 0.0 0.0011238768913737363 0.008235692317547548 0.04205791083236294 0.20094843616620514 0.7476340837925106, 
97, 0001111100, 0011111100, 0.5564644993560675, 0.9269537468655914, 0.012837571191623664 0.0004923571405700842 0.002928555333039959 0.01116598035625448 0.04585321009908274 0.22187172335476998 0.7048506025246591, 
98, 0011111100, 0011111100, 0.554022628964636, 0.9228948891568791, 0.017515391069797503 0.0007677247339433147 0.004898266655316239 0.010777868600619122 0.04314024176809565 0.21549253901090965 0.7074079681613186, 
99, 0011111100, 0011111100, 0.5627581142738991, 0.9374389255653596, 0.0 0.0 0.0019535216280954543 0.011983661041118579 0.05171423054737022 0.228172915877364 0.7061756709060517, 
100, 0011111100, 0011111100, 0.5654137194249534, 0.9418797494252488, 0.0 0.0 0.001913504152643198 0.011003517887010084 0.05259603858700668 0.2028648560028907 0.7316220833704493, 
