run, initial grid state, final grid state, mean grid cell occupancy, mean binding site occupancy, fraction of time with N TFs bound, warning
1, 111111, 111111, 0.9943039941743333, 0.9943039941743333, 0.0 0.0 0.0 0.0 0.00032256676302052674 0.033530901427959066 0.9661465318090205, 
2, 111111, 111111, 0.9921745211123858, 0.9921745211123858, 0.0 0.0 0.0 0.0 0.0007490164796175559 0.04545484036644963 0.9537961431539328, 
3, 111111, 111111, 0.9949179232620567, 0.9949179232620567, 0.0 0.0 0.0 0.0 0.0008308043109838593 0.028830851805691893 0.9703383438833243, 
4, 111111, 111111, 0.9949219423065788, 0.9949219423065788, 0.0 0.0 0.0 0.0 0.00027127299824787745 0.029925800164031822 0.9698029268377203, 
5, 111111, 111111, 0.9954079581542618, 0.9954079581542618, 0.0 0.0 0.0 0.0 0.00017599733119213863 0.02720025641204465 0.9726237462567632, 
6, 011111, 111111, 0.9940024343292172, 0.9940024343292172, 0.0 0.0 0.0 0.0 0.002153516744652007 0.03167836053539282 0.9661681227199551, 
7, 111111, 111111, 0.9939828049773205, 0.9939828049773205, 0.0 0.0 0.0 0.0 0.00025415814314700303 0.035594853849783004 0.96415098800707, 
8, 111111, 111111, 0.994384795736502, 0.994384795736502, 0.0 0.0 0.0 0.0 0.0006853988266940715 0.03232042792759983 0.9669941732457061, 
9, 111111, 111111, 0.9938175818415931, 0.9938175818415931, 0.0 0.0 0.0 0.0 0.0014425785680036245 0.034209351814434054 0.9643480696175623, 
10, 111111, 111111, 0.9950474489797134, 0.9950474489797134, 0.0 0.0 0.0 0.0 0.0005981320579495316 0.02851904200582021 0.9708828259362302, 
11, 111111, 111111, 0.9954558324866135, 0.9954558324866135, 0.0 0.0 0.0 0.0 0.0005608818076791081 0.026143241464961126 0.9732958767273597, 
12, 111111, 111111, 0.9947523324264259, 0.9947523324264259, 0.0 0.0 0.0 0.0 0.0006747033494911023 0.030136598742462762 0.9691886979080462, 
13, 111111, 111111, 0.9954068793385418, 0.9954068793385418, 0.0 0.0 0.0 0.0 0.0 0.0275587239687491 0.9724412760312509, 
14, 111111, 111111, 0.9951103257197282, 0.9951103257197282, 0.0 0.0 0.0 0.0 0.0006956337764961378 0.0279467781286392 0.9713575880948647, 
15, 111111, 111111, 0.9943094324457009, 0.9943094324457009, 0.0 0.0 0.0 0.0 0.0008439538882998624 0.032455497549194745 0.9667005485625054, 
16, 111111, 111111, 0.994664686245042, 0.994664686245042, 0.0 0.0 0.0 0.0 0.0008625807794645286 0.030286720970818748 0.9688506982497167, 
17, 111111, 111111, 0.9948763325445696, 0.9948763325445696, 0.0 0.0 0.0 0.0 0.00034145332457514034 0.030059098083432156 0.9695994485919927, 
18, 111111, 111111, 0.9937173865580757, 0.9937173865580757, 0.0 0.0 0.0 0.0 0.0014713781840286439 0.03475292428348904 0.9637756975324824, 
19, 111111, 111111, 0.9943736562065297, 0.9943736562065297, 0.0 0.0 0.0 9.67574302755651e-06 0.0025763451634970304 0.028576345204744905 0.9688376338887305, 
20, 111111, 111111, 0.9937894189475545, 0.9937894189475545, 0.0 0.0 0.0 0.0 0.0009757277040735312 0.035312030906526785 0.9637122413893997, 
21, 111111, 111111, 0.9956405363015234, 0.9956405363015234, 0.0 0.0 0.0 0.0 0.0008050664399710723 0.02454664931091768 0.9746482842491112, 
22, 111111, 111111, 0.9953101265511816, 0.9953101265511816, 0.0 0.0 0.0 0.0 0.0008115677949051346 0.02651610510309929 0.9726723271019956, 
23, 111111, 111111, 0.9931915275370995, 0.9931915275370995, 0.0 0.0 0.0 0.0 0.0007492535204492863 0.03935232773650372 0.9598984187430469, 
24, 111111, 111111, 0.994238758466857, 0.994238758466857, 0.0 0.0 0.0 0.0 0.0016719739190855763 0.031223501360686783 0.9671045247202276, 
25, 111111, 111111, 0.9941794666838775, 0.9941794666838775, 0.0 0.0 0.0 0.0 0.0004687000806962308 0.03398579973534293 0.9655455001839607, 
26, 111111, 111111, 0.9951388228897823, 0.9951388228897823, 0.0 0.0 0.0 0.0 0.0005727029802618991 0.028021656700782632 0.9714056403189555, 
27, 111111, 111111, 0.9947483981852646, 0.9947483981852646, 0.0 0.0 0.0 0.0 0.0002784412591245486 0.030952728370162302 0.968768830370713, 
28, 111111, 111111, 0.9940502376850274, 0.9940502376850274, 0.0 0.0 0.0 0.00018764974215513183 0.00036886416632896373 0.03439789633071214 0.9650455897608038, 
29, 111111, 111111, 0.9952779018474135, 0.9952779018474135, 0.0 0.0 0.0 0.0 0.0009963049193994062 0.02633997907672028 0.9726637160038804, 
30, 111111, 111110, 0.9957794103965021, 0.9957794103965021, 0.0 0.0 0.0 0.0 0.0007594829340277398 0.023804571752931488 0.9754359453130408, 
31, 111111, 111111, 0.993636151402046, 0.993636151402046, 0.0 0.0 0.0 0.0 0.001134561907977121 0.03591396777176971 0.9629514703202533, 
32, 111111, 111111, 0.9942019633515916, 0.9942019633515916, 0.0 0.0 0.0 0.0 0.0010409865792943892 0.032706246731861344 0.9662527666888443, 
33, 111111, 111111, 0.9960278013422038, 0.9960278013422038, 0.0 0.0 0.0 0.0 0.0 0.023833191946777153 0.9761668080532229, 
34, 111111, 111111, 0.9950354466534881, 0.9950354466534881, 0.0 0.0 0.0 0.0 0.00046842702732784403 0.028850466024416287 0.9706811069482559, 
35, 111111, 111111, 0.9936061618597173, 0.9936061618597173, 0.0 0.0 0.0 0.00015618196586767832 0.0016655640200923026 0.034563354903909084 0.9636148991101309, 
36, 111111, 111110, 0.9936134868914246, 0.9936134868914246, 0.0 0.0 0.0 0.0 0.002393069749475536 0.03353293915250113 0.9640739910980234, 
37, 111111, 111111, 0.9943566151752516, 0.9943566151752516, 0.0 0.0 0.0 0.0 0.001120776363388101 0.0316187562217135 0.9672604674148985, 
38, 111111, 111111, 0.9948828223213187, 0.9948828223213187, 0.0 0.0 0.0 0.0 0.00022954098146337037 0.030243984109160883 0.9695264749093757, 
39, 111111, 111111, 0.9953831546824023, 0.9953831546824023, 0.0 0.0 0.0 0.0 0.0009602414770011532 0.02578058895158269 0.973259169571416, 
40, 111111, 111111, 0.9938772370941233, 0.9938772370941233, 0.0 0.0 0.0 0.0 0.000289695393537588 0.036157186648185034 0.9635531179582774, 
41, 111111, 111111, 0.9939495112052543, 0.9939495112052543, 0.0 0.0 0.0 0.0 0.0014080135859136354 0.03348690559664706 0.9651050808174393, 
42, 111111, 111111, 0.9946717085823885, 0.9946717085823885, 0.0 0.0 0.0 0.0 5.3895566505023405e-05 0.03186195737265858 0.9680841470608365, 
43, 111111, 111111, 0.9959138024705325, 0.9959138024705325, 0.0 0.0 0.0 0.0 3.008981897572676e-05 0.02445700553885419 0.9755129046421701, 
44, 111111, 111111, 0.9947491970752723, 0.9947491970752723, 0.0 0.0 0.0 0.0 0.001104109796403022 0.02929659795556027 0.9695992922480366, 
45, 111111, 111111, 0.994220271082419, 0.994220271082419, 0.0 0.0 0.0 0.0 0.0012921553701365836 0.032094062765213136 0.9666137818646503, 
46, 111111, 111111, 0.9949563343734565, 0.9949563343734565, 0.0 0.0 0.0 0.0 0.0013512059338381744 0.02755958189158435 0.9710892121745774, 
47, 111111, 111111, 0.9945296612357232, 0.9945296612357232, 0.0 0.0 0.0 5.884061699027106e-05 0.0011813581812417221 0.030282794372206597 0.9684770068295614, 
48, 111111, 111111, 0.9951048075602155, 0.9951048075602155, 0.0 0.0 0.0 0.0 0.0008564557923954583 0.027658243053917043 0.9714853011536875, 
49, 111111, 111111, 0.994315844233785, 0.994315844233785, 0.0 0.0 0.0 0.0 0.0006451702897963069 0.03281459401769708 0.9665402356925067, 
50, 111111, 111111, 0.994076374219816, 0.994076374219816, 0.0 0.0 0.0 0.0 0.0004957456392683301 0.03455026340256726 0.9649539909581645, 
51, 111111, 111111, 0.9937501110501329, 0.9937501110501329, 0.0 0.0 0.0 0.0 0.00021685912697211616 0.037065615445258285 0.9627175254277696, 
52, 111111, 111111, 0.9953826824276307, 0.9953826824276307, 0.0 0.0 0.0 0.0004104527855393432 0.00017414224999859218 0.0261242625776002 0.9732911423868619, 
53, 111111, 111111, 0.9936584754927318, 0.9936584754927318, 0.0 0.0 0.0 0.0001465339527652377 0.0010827712803666719 0.03544400262458033 0.9633266921422878, 
54, 111111, 111111, 0.9945235903321088, 0.9945235903321088, 0.0 0.0 0.0 0.0 0.0018618406674529965 0.02913477667244101 0.9690033826601059, 
55, 111111, 111111, 0.994363651761134, 0.994363651761134, 0.0 0.0 0.0 0.000106074349885441 0.0006513530073225072 0.03219716036889547 0.9670454122738966, 
56, 111111, 111111, 0.9944144661743557, 0.9944144661743557, 0.0 0.0 0.0 0.0 0.000642244454043025 0.0322287140457797 0.9671290415001773, 
57, 111111, 111111, 0.9945850632635683, 0.9945850632635683, 0.0 0.0 0.0 0.0 0.0006053905673626916 0.031278839283864754 0.9681157701487726, 
58, 111111, 111111, 0.9955025608483072, 0.9955025608483072, 0.0 0.0 0.0 0.0 0.00023114496923135503 0.026522344971693118 0.9732465100590755, 
59, 111111, 111111, 0.9944995027647616, 0.9944995027647616, 0.0 0.0 0.0 0.0 0.0008949843245791536 0.03121301476227196 0.9678920009131489, 
60, 111111, 111111, 0.994560608209341, 0.994560608209341, 0.0 0.0 0.0 0.0 0.0020762667223297978 0.028483817299294056 0.9694399159783762, 
61, 111111, 111111, 0.9941752479096229, 0.9941752479096229, 0.0 0.0 0.0 0.0 0.001220133252758639 0.032508246036745375 0.966271620710496, 
62, 111111, 111111, 0.9944345285133669, 0.9944345285133669, 0.0 0.0 0.0 0.0 0.0001188094370828214 0.03315521004563345 0.9667259805172838, 
63, 111111, 111111, 0.9944443618700335, 0.9944443618700335, 0.0 0.0 0.0 0.00042305394433566495 0.00037111689063321974 0.03132243316552547 0.9678833959995058, 
64, 111111, 111111, 0.995048644436151, 0.995048644436151, 0.0 0.0 0.0 0.0 0.0001730625378094968 0.02936200830747465 0.9704649291547158, 
65, 111111, 111111, 0.9952313651163153, 0.9952313651163153, 0.0 0.0 0.0 0.0 0.0003142891200266565 0.027983231062055334 0.971702479817918, 
66, 111111, 111111, 0.9962343947085478, 0.9962343947085478, 0.0 0.0 0.0 0.0 0.0005224064651533534 0.021548818818406795 0.9779287747164399, 
67, 111111, 111111, 0.9950550152950677, 0.9950550152950677, 0.0 0.0 0.0 0.0 0.0007626484875071899 0.028144611254580423 0.9710927402579124, 
68, 111111, 111111, 0.9940243859398584, 0.9940243859398584, 0.0 0.0 0.0 0.0 0.0005018511464672997 0.03484998206791559 0.9646481667856172, 
69, 111111, 111111, 0.9949916486300813, 0.9949916486300813, 0.0 0.0 0.0 0.0 0.0011215308979983555 0.027807046423515454 0.9710714226784861, 
70, 111111, 111111, 0.9959284791838301, 0.9959284791838301, 0.0 0.0 0.0 0.0 0.0004021628827136045 0.02362479913159191 0.9759730379856945, 
71, 111111, 111111, 0.9949291851596455, 0.9949291851596455, 0.0 0.0 0.0 0.0 0.0004703992131893975 0.02948409061574815 0.9700455101710624, 
72, 111111, 111111, 0.9957553073895966, 0.9957553073895966, 0.0 0.0 0.0 0.0 0.0007141585617132981 0.02403983853899391 0.9752460028992928, 
73, 111111, 111111, 0.9946258403727776, 0.9946258403727776, 0.0 0.0 0.0 0.0 0.00014745888659437495 0.03195003999014563 0.9679025011232599, 
74, 111111, 111111, 0.9949761704817407, 0.9949761704817407, 0.0 0.0 0.0 0.0 0.00016525373633265492 0.02981246963688948 0.9700222766267779, 
75, 111111, 111111, 0.9935632546289241, 0.9935632546289241, 0.0 0.0 0.0 0.0 0.0011576772565562098 0.036305117713342674 0.962537205030101, 
76, 111111, 111111, 0.9947345402334605, 0.9947345402334605, 0.0 0.0 0.0 0.0 0.00012642850015577814 0.03133990159892565 0.9685336699009186, 
77, 111111, 111111, 0.9944901526559438, 0.9944901526559438, 0.0 0.0 0.0 0.0 0.0005439161446931816 0.03197125177495166 0.9674848320803552, 
78, 111111, 111111, 0.994410304264847, 0.994410304264847, 0.0 0.0 0.0 0.0 0.0010131609519211946 0.031511852507076006 0.9674749865410028, 
79, 111111, 111111, 0.9940749446650828, 0.9940749446650828, 0.0 0.0 0.0 0.0 0.00019732172994466052 0.03515568854961408 0.9646469897204413, 
80, 111111, 111111, 0.9932881880659926, 0.9932881880659926, 0.0 0.0 0.0 9.297977371002945e-05 0.0019659177480571607 0.03606009678679906 0.9618810056914338, 
81, 111111, 111111, 0.9942627577040074, 0.9942627577040074, 0.0 0.0 0.0 0.0 0.0009743943591137158 0.03247466505772792 0.9665509405831584, 
82, 111111, 111111, 0.9947388606153489, 0.9947388606153489, 0.0 0.0 0.0 0.0 0.0007080223343372628 0.030150791639231282 0.9691411860264314, 
83, 111111, 111100, 0.9936076296243499, 0.9936076296243499, 0.0 0.0 0.0 0.0 0.0004932782381599147 0.03736766577758103 0.962139055984259, 
84, 111111, 111111, 0.9940421329553943, 0.9940421329553943, 0.0 0.0 0.0 0.0 0.000979615091565677 0.03378797208450253 0.9652324128239318, 
85, 111111, 011111, 0.994450504338069, 0.994450504338069, 0.0 0.0 0.0 0.0 0.0007324962793724309 0.03183198141284044 0.9674355223077872, 
86, 111111, 111111, 0.9961880836731773, 0.9961880836731773, 0.0 0.0 0.0 0.0 0.0002727280909230311 0.022326041779090172 0.9774012301299868, 
87, 111111, 111111, 0.9936131154814558, 0.9936131154814558, 0.0 0.0 0.0 0.0 0.0005894616940826745 0.037142383723099706 0.9622681545828176, 
88, 011111, 111111, 0.9941574556313121, 0.9941574556313121, 0.0 0.0 0.0 0.0 0.0014300675541113386 0.03219513110390488 0.9663748013419838, 
89, 111111, 111111, 0.9952152821971013, 0.9952152821971013, 0.0 0.0 0.0 0.0 0.0001821552563635792 0.02834399630466472 0.9714738484389718, 
90, 111111, 111111, 0.9956811039608997, 0.9956811039608997, 0.0 0.0 0.0 0.0 0.000632157197323924 0.024649061839953995 0.9747187809627221, 
91, 111111, 111111, 0.9945466187690917, 0.9945466187690917, 0.0 0.0 0.0 0.0 0.0005318938184514783 0.03165649974854716 0.9678116064330013, 
92, 111111, 111111, 0.995040282334655, 0.995040282334655, 0.0 0.0 0.0 0.0 8.449147225601332e-05 0.02958932304755788 0.9703261854801861, 
93, 111111, 111111, 0.9942037919304382, 0.9942037919304382, 0.0 0.0 0.0 0.0 0.0007643479260922896 0.033248552565185385 0.9659870995087223, 
94, 111111, 111111, 0.9943908174875645, 0.9943908174875645, 0.0 0.0 0.0 0.0 0.0003002090991625189 0.03305467687628733 0.9666451140245501, 
95, 111111, 111111, 0.9947633167730837, 0.9947633167730837, 0.0 0.0 0.0 0.0 0.0003123460663871822 0.030795407228723388 0.9688922467048895, 
96, 111111, 111111, 0.9943464100638372, 0.9943464100638372, 0.0 0.0 0.0 0.0 0.0008746129051769914 0.03217231380662343 0.9669530732881996, 
97, 111111, 111111, 0.9948509027660878, 0.9948509027660878, 0.0 0.0 0.0 0.0 0.00020435346026563927 0.030485876482941866 0.9693097700567925, 
98, 111111, 111111, 0.9952339384533906, 0.9952339384533906, 0.0 0.0 0.0 0.0 0.0004639563734981204 0.02766845653266036 0.9718675870938416, 
99, 111111, 111111, 0.9950882104087925, 0.9950882104087925, 0.0 0.0 0.0 2.7651448209853397e-05 0.00026058144813338914 0.02886662030634861 0.9708451467973083, 
100, 111111, 111111, 0.9948249357923961, 0.9948249357923961, 0.0 0.0 0.0 0.0 0.000874180072358804 0.029302025100906025 0.9698237948267352, 
run, initial grid state, final grid state, mean grid cell occupancy, mean binding site occupancy, fraction of time with N TFs bound, warning
1, 111110, 111111, 0.9944133374908911, 0.9944133374908911, 0.0 0.0 0.0 0.0 0.0007095318974283479 0.0321009112597962 0.9671895568427754, 
2, 111111, 111111, 0.9951700314979574, 0.9951700314979574, 0.0 0.0 0.0 6.079736078954878e-05 0.000620965172718082 0.027555488584451254 0.9717627488820411, 
3, 111111, 111111, 0.9924022014202605, 0.9924022014202605, 0.0 0.0 0.0 1.5978678129140642e-05 0.0028414242373714788 0.03985600696930614 0.9572865901151933, 
4, 111111, 111111, 0.9945921439071559, 0.9945921439071559, 0.0 0.0 0.0 0.0 0.002096289601743278 0.028254557353578 0.9696491530446787, 
5, 111111, 111111, 0.9949357291815676, 0.9949357291815676, 0.0 0.0 0.0 0.0 0.000835250370184921 0.02871512417022423 0.9704496254595908, 
6, 111111, 111111, 0.9955955968387026, 0.9955955968387026, 0.0 0.0 0.0 0.0 0.0 0.02642641896778439 0.9735735810322156, 
7, 111111, 111111, 0.9944288771265967, 0.9944288771265967, 0.0 0.0 0.0 0.0 0.00039684361338609736 0.03263305001364819 0.9669701063729658, 
8, 111111, 111111, 0.9953321369404426, 0.9953321369404426, 0.0 0.0 0.0 0.0 0.0003468974917150679 0.027313383373914354 0.9723397191343705, 
9, 111111, 111111, 0.9946424789661876, 0.9946424789661876, 0.0 0.0 0.0 0.0 0.00011199018362144629 0.031921145835630944 0.9679668639807476, 
10, 111111, 111111, 0.9944067416786696, 0.9944067416786696, 0.0 0.0 0.0 0.0 0.0010673883762997672 0.0314247731753832 0.9675078384483169, 
11, 111111, 111110, 0.994215292216053, 0.994215292216053, 0.0 0.0 0.0 0.0 0.0013152663943305468 0.03207771391502096 0.9666070196906484, 
12, 111111, 111111, 0.9949451326121018, 0.9949451326121018, 0.0 0.0 0.0 0.0 0.0006120426484810063 0.02910511903042733 0.9702828383210916, 
13, 111111, 111111, 0.9938326900425095, 0.9938326900425095, 0.0 0.0 0.0 0.0 6.724098613876671e-05 0.03686937777266586 0.9630633812411954, 
14, 111111, 111111, 0.9943509527300887, 0.9943509527300887, 0.0 0.0 0.0 0.0 0.0006829928955144345 0.03252829782843879 0.9667887092760468, 
15, 111111, 111111, 0.9945893513208068, 0.9945893513208068, 0.0 0.0 0.0 0.0 0.00037729084035978427 0.03170931039444043 0.9679133987651998, 
16, 111111, 111111, 0.9938386687904102, 0.9938386687904102, 0.0 0.0 0.0 0.0 0.001935963578381836 0.03309606010077575 0.9649679763208423, 
17, 111111, 111111, 0.9945805923125166, 0.9945805923125166, 0.0 0.0 0.0 0.0 0.0014168931971559353 0.029682659730587976 0.9689004470722561, 
18, 111111, 111111, 0.9951836083722118, 0.9951836083722118, 0.0 0.0 0.0 0.0 0.0 0.028898349766729167 0.9711016502332709, 
19, 111111, 111111, 0.9941556857663074, 0.9941556857663074, 0.0 0.0 0.0 6.14016076240653e-05 0.0016171667654391129 0.03164734704840482 0.966674084578532, 
20, 111111, 111111, 0.994216703657723, 0.994216703657723, 0.0 0.0 0.0 0.0 0.0007460677581116627 0.033207642537439505 0.9660462897044487, 
21, 111111, 111111, 0.9944543521954401, 0.9944543521954401, 0.0 0.0 0.0 0.0 0.0005348114540722256 0.03220426391921487 0.9672609246267129, 
22, 011111, 111111, 0.9937052467466242, 0.9937052467466242, 0.0 0.0 0.0 0.0 0.0012672274941500665 0.03523406453195434 0.9634987079738956, 
23, 111111, 111111, 0.9948199807209879, 0.9948199807209879, 0.0 0.0 0.0 0.0 0.0006158312654125973 0.029848453143247626 0.9695357155913398, 
24, 111111, 111111, 0.9943661531847416, 0.9943661531847416, 0.0 0.0 0.0 0.0 0.0002021219365234318 0.033398837018502735 0.9663990410449739, 
25, 111111, 111111, 0.9945440175516332, 0.9945440175516332, 0.0 0.0 0.0 0.0 8.498984647620291e-06 0.032718896720905 0.9672726042944473, 
26, 111111, 111111, 0.9941197000235693, 0.9941197000235693, 0.0 0.0 0.0 0.0 0.0009205079502036315 0.03344078395817717 0.9656387080916192, 
27, 111111, 111111, 0.995036645682179, 0.995036645682179, 0.0 0.0 0.0 0.0 0.0006820061845357645 0.0284161135378546 0.9709018802776096, 
28, 111111, 111111, 0.9944535637617614, 0.9944535637617614, 0.0 0.0 0.0 0.0 6.547887210176105e-05 0.033147659685227926 0.9667868614426702, 
29, 111111, 111111, 0.9932107492375661, 0.9932107492375661, 0.0 0.0 0.0 0.0 0.0008881267380850673 0.03895925109843288 0.9601526221634821, 
30, 111111, 111111, 0.994587008893468, 0.994587008893468, 0.0 0.0 0.0 0.0 0.0004457264652408304 0.03158649370871029 0.9679677798260489, 
31, 111111, 111111, 0.9950047860856738, 0.9950047860856738, 0.0 0.0 0.0 0.0 0.0006798371974255498 0.02861160909110637 0.970708553711468, 
32, 111111, 111111, 0.9933549597955786, 0.9933549597955786, 0.0 0.0 0.0 9.761042613157203e-05 0.002342175140546943 0.034893059667039046 0.9626671547662825, 
33, 111111, 111111, 0.9948711627569383, 0.9948711627569383, 0.0 0.0 0.0 0.0 1.7290855992180958e-05 0.03073844174638464 0.9692442673976231, 
34, 111111, 111111, 0.995870091616707, 0.995870091616707, 0.0 0.0 0.0 0.0 0.00025889814794626264 0.024261654003865138 0.9754794478481885, 
35, 111111, 111111, 0.9946438508249478, 0.9946438508249478, 0.0 0.0 0.0 0.0 0.000726489389087359 0.030683916272139233 0.9685895943387735, 
36, 111111, 111111, 0.995163614634278, 0.995163614634278, 0.0 0.0 0.0 0.00047095378988423514 0.0008700163001030966 0.025865418224472914 0.9727936116855398, 
37, 111111, 111110, 0.9945209410482897, 0.9945209410482897, 0.0 0.0 0.0 0.0 0.000897606069971621 0.031079141570318592 0.9680232523597099, 
38, 111111, 111111, 0.9949937347527785, 0.9949937347527785, 0.0 0.0 0.0 0.0 0.0013975198687356566 0.02724255174585758 0.9713599283854067, 
39, 111111, 111111, 0.9954156347623722, 0.9954156347623722, 0.0 0.0 0.0 0.0 0.00036602285595189956 0.026774145713863114 0.9728598314301851, 
40, 111111, 111111, 0.9932934863516639, 0.9932934863516639, 0.0 0.0 0.0 0.0 0.00011650454179417518 0.040006072806428566 0.9598774226517771, 
41, 111111, 111111, 0.9947135685634144, 0.9947135685634144, 0.0 0.0 0.0 0.0 0.0004919966966001902 0.030734595226313277 0.9687734080770865, 
42, 111111, 111111, 0.993873980178767, 0.993873980178767, 0.0 0.0 0.0 0.0 0.0005236295285055049 0.035708859870386994 0.9637675106011075, 
43, 111111, 111111, 0.9937511400131525, 0.9937511400131525, 0.0 0.0 0.0 1.1795815135169595e-05 0.000758281300698022 0.03594120987428428 0.9632887130098825, 
44, 111111, 111111, 0.9948538462315449, 0.9948538462315449, 0.0 0.0 0.0 0.0 0.00021237377837376932 0.030452175053983378 0.9693354511676429, 
45, 111111, 111111, 0.9934297893244126, 0.9934297893244126, 0.0 0.0 0.0 0.0 0.001792145223172477 0.035836973607180383 0.9623708811696472, 
46, 111111, 111111, 0.994014226852894, 0.994014226852894, 0.0 0.0 0.0 0.0 0.0015361878148553484 0.03284226325292641 0.9656215489322182, 
47, 111111, 111111, 0.995629862260115, 0.995629862260115, 0.0 0.0 0.0 0.0 0.0001908540179424981 0.02583911840342561 0.9739700275786319, 
48, 111111, 111111, 0.995006788716529, 0.995006788716529, 0.0 0.0 0.0 0.0 0.0005406096277083101 0.02887804844540924 0.9705813419268824, 
49, 111111, 011111, 0.9947964101916532, 0.9947964101916532, 0.0 0.0 0.0 0.0 0.001106272120900303 0.029008994608280006 0.9698847332708197, 
50, 111111, 111111, 0.9954110505830819, 0.9954110505830819, 0.0 0.0 0.0 0.0 0.00039580307505522453 0.026742090351398417 0.9728621065735464, 
51, 111111, 111111, 0.9958377587654567, 0.9958377587654567, 0.0 0.0 0.0 0.0 9.792669783050105e-05 0.024777594011598965 0.9751244792905707, 
52, 111111, 111111, 0.9944776974791001, 0.9944776974791001, 0.0 0.0 0.0 0.0 0.00017557127345221382 0.032782672578495 0.9670417561480528, 
53, 111111, 111111, 0.9955514181230406, 0.9955514181230406, 0.0 0.0 0.0 0.0 0.00051456451985064 0.02566236222205531 0.973823073258094, 
54, 111111, 111111, 0.9940318038469429, 0.9940318038469429, 0.0 0.0 0.0 0.0 0.0004042743750206629 0.03500062816830085 0.9645950974566785, 
55, 111111, 111111, 0.9958943585758709, 0.9958943585758709, 0.0 0.0 0.0 0.0 0.0012948297160085432 0.02204418911275743 0.9766609811712341, 
56, 111111, 111111, 0.9951237604159457, 0.9951237604159457, 0.0 0.0 0.0 0.0 0.0 0.02925743750432575 0.9707425624956743, 
57, 111111, 111111, 0.9939915895622472, 0.9939915895622472, 0.0 0.0 0.0 0.0 0.0010314506523267924 0.03398756132186331 0.9649809880258098, 
58, 111111, 111111, 0.9942282850307383, 0.9942282850307383, 0.0 0.0 0.0 0.0 0.00047972496484149067 0.03367083988588629 0.9658494351492721, 
59, 111111, 111111, 0.9944176155049995, 0.9944176155049995, 0.0 0.0 0.0 0.0 0.0010974584876191048 0.031299389994764865 0.967603151517616, 
60, 111111, 111111, 0.9945442230068112, 0.9945442230068112, 0.0 0.0 0.0 0.0 0.0003611830797049456 0.03201229579972345 0.9676265211205717, 
61, 111111, 111111, 0.994487829793891, 0.994487829793891, 0.0 0.0 0.0 0.0 0.0010857859289593922 0.030901449378734794 0.9680127646923058, 
62, 111111, 111111, 0.9948423705814242, 0.9948423705814242, 0.0 0.0 0.0 0.0 0.0011254449095813432 0.028694886692291574 0.970179668398127, 
63, 111111, 111111, 0.9951528693635635, 0.9951528693635635, 0.0 0.0 0.0 0.0 0.00014277378507330303 0.02879723624847174 0.9710599899664549, 
64, 111111, 111111, 0.9947398249073547, 0.9947398249073547, 0.0 0.0 0.00039524848360629304 0.0006832803296233358 0.0005961427983352684 0.026737930035906746 0.9715873983525284, 
65, 111111, 111111, 0.9951103245780369, 0.9951103245780369, 0.0 0.0 0.0 0.0 0.0006878372160820733 0.027962378099614806 0.9713497846843031, 
66, 111111, 111111, 0.9939059590930395, 0.9939059590930395, 0.0 0.0 0.0 0.0 0.000989564373895327 0.034585116693972955 0.9644253189321317, 
67, 111111, 111111, 0.9960434957919858, 0.9960434957919858, 0.0 0.0 0.0 0.0 0.0002238125874149799 0.023291400073255253 0.9764847873393299, 
68, 111111, 111111, 0.9950876542021032, 0.9950876542021032, 0.0 0.0 0.0 0.0 8.265663819619587e-05 0.029308761510988664 0.9706085818508151, 
69, 111111, 111111, 0.99554925874228, 0.99554925874228, 0.0 0.0 0.0 0.0 0.0001150553201879206 0.026474336905943946 0.9734106077738681, 
70, 111111, 111111, 0.9955797405534332, 0.9955797405534332, 0.0 0.0 0.0 0.0 0.0001518229664528086 0.026217910746494794 0.9736302662870524, 
71, 111111, 111111, 0.9941601336999317, 0.9941601336999317, 0.0 0.0 0.0 0.0 0.0002930366573588053 0.03445312448569216 0.965253838856949, 
72, 111111, 111111, 0.9946966651661281, 0.9946966651661281, 0.0 0.0 0.0 0.0 0.00042454180878519297 0.030970925385660476 0.9686045328055543, 
73, 111111, 111111, 0.9941595658594773, 0.9941595658594773, 0.0 0.0 0.0 0.0 0.0002622917814573796 0.03451802128022188 0.9652196869383207, 
74, 111111, 111111, 0.9954038080514387, 0.9954038080514387, 0.0 0.0 0.0 0.0 0.0004941612420292979 0.026588829207310087 0.9729170095506605, 
75, 111111, 111111, 0.9945021620327851, 0.9945021620327851, 0.0 0.0 0.0 0.0 0.0006734364368938264 0.031640154929501445 0.9676864086336048, 
76, 111111, 111111, 0.9932947563012375, 0.9932947563012375, 0.0 0.0 0.0 0.0 0.00133517639845428 0.03756110939566627 0.9611037142058794, 
77, 111111, 111111, 0.9947389398786668, 0.9947389398786668, 0.0 0.0 0.0 0.0 0.0003034214498169081 0.030959517828365795 0.9687370607218173, 
78, 111111, 111111, 0.9933857650371619, 0.9933857650371619, 0.0 0.0 0.0 1.0347625793615976e-05 0.0022846286577771673 0.03508510958409298 0.9626199141323362, 
79, 111111, 111111, 0.9942710434038521, 0.9942710434038521, 0.0 0.0 0.0 0.0 0.0010735874872190043 0.032226564602449465 0.9666998479103315, 
80, 111111, 111111, 0.9944378880215945, 0.9944378880215945, 0.0 0.0 0.0 2.7355702650547024e-06 0.0014089239185643195 0.030546617322509205 0.9680417231886614, 
81, 111111, 111111, 0.9957707563929779, 0.9957707563929779, 0.0 0.0 0.0 0.0 0.0004053800878684861 0.024564701466396048 0.9750299184457354, 
82, 111110, 111111, 0.9953238706817705, 0.9953238706817705, 0.0 0.0 0.0 0.0 0.0015302391477319455 0.024996297613912137 0.9734734632383559, 
83, 111111, 111111, 0.9944226453306437, 0.9944226453306437, 0.0 0.0 0.0 0.0 0.0013981627958859714 0.03066780242436598 0.967934034779748, 
84, 111111, 111111, 0.994847773471688, 0.994847773471688, 0.0 0.0 0.0 0.0 0.0003431635351506301 0.030227032099570474 0.9694298043652789, 
85, 111111, 111111, 0.9940830521613302, 0.9940830521613302, 0.0 0.0 0.0 0.0 0.0014273769134433496 0.03264693320513254 0.9659256898814241, 
86, 111111, 111111, 0.9941179455384261, 0.9941179455384261, 0.0 0.0 0.0 0.0 0.0006075258704568658 0.03407727502852942 0.9653151991010137, 
87, 111111, 111111, 0.9937748071049192, 0.9937748071049192, 0.0 0.0 0.0 0.00011868841340956232 0.0014962950543292717 0.03400250202159796 0.9643825145106633, 
88, 111111, 111111, 0.9960613266620123, 0.9960613266620123, 0.0 0.0 0.0 0.0 0.0002001820099802244 0.023231676007965454 0.9765681419820543, 
89, 111111, 111111, 0.9949907272277411, 0.9949907272277411, 0.0 0.0 0.0 0.0 8.061528781147229e-05 0.029894406057930464 0.9700249786542581, 
90, 111111, 111111, 0.9946675369538739, 0.9946675369538739, 0.0 0.0 0.0 0.0 7.134323547113509e-06 0.03198050962966261 0.9680123560467903, 
91, 111111, 111111, 0.9949369650953684, 0.9949369650953684, 0.0 0.0 0.0 0.0 0.0005920452016050049 0.029194119024579288 0.9702138357738158, 
92, 111111, 111111, 0.9953376478541749, 0.9953376478541749, 0.0 0.0 0.0 0.0 0.000320787750681809 0.027332537373587137 0.9723466748757311, 
93, 111111, 111111, 0.9948445856508553, 0.9948445856508553, 0.0 0.0 0.0 0.0 0.0014449973453569411 0.028042491404153755 0.9705125112504892, 
94, 111111, 111111, 0.9948930315779861, 0.9948930315779861, 0.0 0.0 0.0 0.0 0.0003389595934667473 0.02996389134514904 0.969697149061384, 
95, 111111, 111111, 0.9956617976646367, 0.9956617976646367, 0.0 0.0 0.0 0.0 0.0007091668497947 0.024610880312590573 0.9746799528376147, 
96, 111111, 111111, 0.9947957272727158, 0.9947957272727158, 0.0 0.0 0.0 0.0 0.0006845999720458757 0.029856436419613306 0.9694589636083408, 
97, 111111, 111111, 0.9936797907313843, 0.9936797907313843, 0.0 0.0 0.0 0.0 0.0015861769190470233 0.03474890177359993 0.9636649213073529, 
98, 111111, 111111, 0.9958426847521009, 0.9958426847521009, 0.0 0.0 0.0 0.0 0.00040177500990586616 0.02414034146758321 0.975457883522511, 
99, 111111, 111111, 0.9943506903491875, 0.9943506903491875, 0.0 0.0 0.0 0.0 0.0014706631056463717 0.03095453169358298 0.9675748052007705, 
100, 111111, 111111, 0.9953554257351457, 0.9953554257351457, 0.0 0.0 0.0 0.0 0.0009844971927666947 0.025898451203593756 0.9731170516036396, 
run, initial grid state, final grid state, mean grid cell occupancy, mean binding site occupancy, fraction of time with N TFs bound, warning
1, 111111, 111111, 0.9941788899541498, 0.9941788899541498, 0.0 0.0 0.0 0.0 0.002029790025587309 0.030867080223926615 0.9671031297504861, 
2, 111111, 111111, 0.9947053238260668, 0.9947053238260668, 0.0 0.0 0.0 0.0 0.0005166406540054366 0.030734775735588433 0.9687485836104062, 
3, 111111, 111110, 0.994490450566893, 0.994490450566893, 0.0 0.0 0.0 2.779655879463468e-05 0.0006339978795292547 0.031705911163200075 0.9676322943984761, 
4, 111111, 111111, 0.9936693704612035, 0.9936693704612035, 0.0 0.0 0.0 7.874765939065388e-05 0.001210034908596419 0.035327464437414344 0.9633837529945986, 
5, 111111, 111111, 0.9945695107865797, 0.9945695107865797, 0.0 0.0 0.0 0.0006081604873181524 0.0007238301015427566 0.02931079361548126 0.9693572157956578, 
6, 111111, 111111, 0.9944578910966781, 0.9944578910966781, 0.0 0.0 0.0 0.0 0.0005406609073424764 0.03217133160524651 0.9672880074874111, 
7, 111111, 111111, 0.9944861864136886, 0.9944861864136886, 0.0 0.0 0.0 0.0 0.0002884169088455609 0.032506047700177426 0.9672055353909771, 
8, 111111, 111111, 0.9955113020432304, 0.9955113020432304, 0.0 0.0 0.0 0.0 0.0006447996335296404 0.02564258847355906 0.9737126118929113, 
9, 111111, 111111, 0.9943337687077715, 0.9943337687077715, 0.0 0.0 0.0 0.0 0.0 0.03399738775337117 0.9660026122466289, 
10, 111111, 111111, 0.9946382746438447, 0.9946382746438447, 0.0 0.0 0.0 0.0 0.0008796094323968318 0.03041113327213884 0.9687092572954643, 
11, 111111, 111111, 0.9952923316470688, 0.9952923316470688, 0.0 0.0 0.0 0.0 0.00018118860891245658 0.027883632899762877 0.9719351784913247, 
12, 111111, 111111, 0.9945374753647733, 0.9945374753647733, 0.0 0.0 0.0 0.0 0.000448680245914743 0.03187778731953052 0.9676735324345547, 
13, 111111, 111111, 0.9951083592919985, 0.9951083592919985, 0.0 0.0 0.0 0.0 0.00032520030580032434 0.02869944363640953 0.9709753560577902, 
14, 111111, 111111, 0.9942332054773231, 0.9942332054773231, 0.0 0.0 0.0 0.0002280436594547544 0.002407688241408751 0.029101259674880718 0.9682630084242557, 
15, 111111, 111111, 0.9954548588117682, 0.9954548588117682, 0.0 0.0 0.0 0.0 0.0003608255107921007 0.026549196107806847 0.9730899783814011, 
16, 111111, 111111, 0.9950094147971409, 0.9950094147971409, 0.0 0.0 0.0 0.0 0.0002649058528108256 0.02941369951153283 0.9703213946356564, 
17, 111111, 111111, 0.9941376056391105, 0.9941376056391105, 0.0 0.0 0.0 0.0 9.711955139330454e-05 0.034980127062549916 0.9649227533860568, 
18, 111111, 111111, 0.995403844733984, 0.995403844733984, 0.0 0.0 0.0 0.0 0.0003458602356493047 0.026885211124797716 0.9727689286395529, 
19, 111111, 111111, 0.9955047034838587, 0.9955047034838587, 0.0 0.0 0.0 0.0 6.380208137058076e-05 0.02684417493410682 0.9730920229845226, 
20, 111111, 111111, 0.994374137221761, 0.994374137221761, 0.0 0.0 0.0 0.0 0.00026981170798880713 0.03321555325345541 0.9665146350385558, 
21, 111111, 111111, 0.9951453792230127, 0.9951453792230127, 0.0 0.0 0.0 0.0 0.0004787888776734329 0.028170146906577345 0.9713510642157492, 
22, 111111, 111111, 0.9946808695181555, 0.9946808695181555, 0.0 0.0 0.0 0.0 0.0005949270820755617 0.030724928726915998 0.9686801441910085, 
23, 111111, 111111, 0.9953625885869394, 0.9953625885869394, 0.0 0.0 0.0 0.0 0.000434761739339055 0.026954944999685596 0.9726102932609754, 
24, 111111, 111111, 0.9945109492483378, 0.9945109492483378, 0.0 0.0 0.0 0.0 0.00036360217995385323 0.032207100150065095 0.9674292976699811, 
25, 111111, 111111, 0.9945137297951668, 0.9945137297951668, 0.0 0.0 0.0 0.0 0.0003568781961462043 0.03220386483670642 0.9674392569671473, 
26, 111111, 111111, 0.9941183274973104, 0.9941183274973104, 0.0 0.0 0.0 0.0 0.0011008078662156206 0.03308841928370623 0.9658107728500781, 
27, 111111, 111111, 0.9940008374170127, 0.9940008374170127, 0.0 0.0 0.0 0.0 0.00037583019976862835 0.03524331509838692 0.9643808547018445, 
28, 111111, 111111, 0.9956035239602782, 0.9956035239602782, 0.0 0.0 0.0 0.0 0.00011666967180499007 0.026145516894721502 0.9737378134334735, 
29, 111111, 111111, 0.9936990643690733, 0.9936990643690733, 0.0 0.0 0.0 0.0 0.001416376045899618 0.03497286169376089 0.9636107622603395, 
30, 111111, 111111, 0.9951173626401681, 0.9951173626401681, 0.0 0.0 0.0 0.0 0.0010424696046352384 0.027210884949720574 0.9717466454456442, 
31, 111111, 111111, 0.9955614293355074, 0.9955614293355074, 0.0 0.0 0.0 0.0 0.0003445595495015382 0.02594230488795263 0.9737131355625458, 
32, 111111, 111111, 0.994251399548258, 0.994251399548258, 0.0 0.0 0.0 0.0 0.0013275842552036756 0.0318364342000441 0.9668359815447521, 
33, 111111, 111111, 0.9936330258245415, 0.9936330258245415, 0.0 0.0 0.0 0.0 0.0008942139215838056 0.03641341720958329 0.9626923688688329, 
34, 111111, 111111, 0.9951129674245516, 0.9951129674245516, 0.0 0.0 0.0 3.6326014075392765e-05 0.0005411562456315471 0.02813090491920117 0.9712916128210919, 
35, 111111, 111111, 0.9957410561371749, 0.9957410561371749, 0.0 0.0 0.0 0.0 4.604356660104933e-05 0.02546157604374873 0.9744923803896502, 
36, 111111, 111111, 0.9946166320303084, 0.9946166320303084, 0.0 0.0 0.0 0.0 0.00014691909048965998 0.032006369637170594 0.9678467112723397, 
37, 111111, 111111, 0.9939437469419883, 0.9939437469419883, 0.0 0.0 0.0 0.0 0.0009689668896840866 0.03439958456870249 0.9646314485416134, 
38, 111111, 111111, 0.9944632071566124, 0.9944632071566124, 0.0 0.0 0.0 0.0 0.0006834705057329719 0.03185381604885897 0.967462713445408, 
39, 111111, 111111, 0.9935138472810496, 0.9935138472810496, 0.0 0.0 0.0 0.0 0.0019713415974185154 0.034974233118865744 0.9630544252837158, 
40, 111111, 111111, 0.994553359959961, 0.994553359959961, 0.0 0.0 0.0 0.0 0.00023219669311534788 0.032215446854003765 0.967552356452881, 
41, 111111, 111111, 0.9948978176591355, 0.9948978176591355, 0.0 0.0 0.0 0.0 0.00016666459692972046 0.03027976485132775 0.9695535705517426, 
42, 111111, 111111, 0.9950050137755045, 0.9950050137755045, 0.0 0.0 0.0 0.0 0.0008255692013112986 0.028318778944350243 0.9708556518543384, 
43, 111111, 111111, 0.995900408708934, 0.995900408708934, 0.0 0.0 0.0 4.3718795622530434e-05 0.0005517708811755407 0.023362849597177337 0.9760416607260246, 
44, 111111, 111111, 0.9941485444630567, 0.9941485444630567, 0.0 0.0 0.0 0.0 0.0007067993932249591 0.03369513443520986 0.9655980661715652, 
45, 111111, 111111, 0.9943066782562696, 0.9943066782562696, 0.0 0.0 0.0 0.0 0.0010261240491538956 0.03210768236407438 0.9668661935867717, 
46, 111111, 111111, 0.9941792816296542, 0.9941792816296542, 0.0 0.0 0.0 0.0 0.00025147254548981075 0.03442136513109526 0.965327162323415, 
47, 111111, 111111, 0.995154370372545, 0.995154370372545, 0.0 0.0 0.0 0.0 0.0011059848464081967 0.026861808071914326 0.9720322070816775, 
48, 111111, 111111, 0.9956413876114157, 0.9956413876114157, 0.0 0.0 0.0 0.0 0.0002514627535963626 0.025648748824313172 0.9740997884220904, 
49, 111111, 111111, 0.9952755455660851, 0.9952755455660851, 0.0 0.0 0.0 0.0 0.0005484413168711675 0.02724984396974687 0.9722017147133819, 
50, 111111, 111111, 0.9949813742568069, 0.9949813742568069, 0.0 0.0 0.0 0.0 0.00041695995706104094 0.029277834545037556 0.9703052054979013, 
51, 111111, 111111, 0.9949279651570792, 0.9949279651570792, 0.0 0.0 0.0 0.0 0.0011883781341159058 0.028055452789292865 0.9707561690765913, 
52, 111111, 111111, 0.9941120269626446, 0.9941120269626446, 0.0 0.0 0.0 0.0 0.0011017503642648705 0.03312433749560225 0.9657739121401329, 
53, 111111, 111111, 0.9943578828689682, 0.9943578828689682, 0.0 0.0 0.0 0.0 0.0008790311580816053 0.032094640470028246 0.9670263283718902, 
54, 111111, 111111, 0.9947801472988869, 0.9947801472988869, 0.0 0.0 0.0 0.0 0.0 0.03131911620667869 0.9686808837933213, 
55, 111111, 111111, 0.9950198071254384, 0.9950198071254384, 0.0 0.0 0.0 0.0 0.0006027142769567544 0.028675728693455933 0.9707215570295873, 
56, 111111, 111111, 0.9942661793222142, 0.9942661793222142, 0.0 0.0 0.0 0.0 0.0013074782222481567 0.031787967622218784 0.9669045541555331, 
57, 111111, 111111, 0.9942879661078766, 0.9942879661078766, 0.0 0.0 0.0 0.0 0.001631278650640703 0.031009646051459217 0.9673590752979001, 
58, 111111, 111111, 0.9952521124372417, 0.9952521124372417, 0.0 0.0 0.0 0.0 0.0005213995101749471 0.0274445263562006 0.9720340741336244, 
59, 111111, 111111, 0.9941095257086293, 0.9941095257086293, 0.0 0.0 0.0 0.0 0.001061667520061334 0.033219510708101446 0.9657188217718373, 
60, 111111, 111111, 0.9943824409732361, 0.9943824409732361, 0.0 0.0 0.0 0.0 0.0003175501861822037 0.033070253788218845 0.966612196025599, 
61, 111111, 111111, 0.9945367245656748, 0.9945367245656748, 0.0 0.0 0.0 0.0 0.0005127084931061488 0.03175423561973862 0.9677330558871553, 
62, 111111, 111111, 0.9938188766238615, 0.9938188766238615, 0.0 0.0 0.0 0.0 0.001164296007272232 0.03475814824228696 0.9640775557504407, 
63, 111111, 111111, 0.9939218520647582, 0.9939218520647582, 0.0 0.0 0.0 1.2449024521509805e-05 0.0013285550864707907 0.03377443036494405 0.9648845655240637, 
64, 111111, 111111, 0.9956426705620313, 0.9956426705620313, 0.0 0.0 0.0 0.0 0.00036529965144394406 0.02541337732492467 0.9742213230236314, 
65, 111111, 111111, 0.9940246266246167, 0.9940246266246167, 0.0 0.0 0.0 0.0 0.000539811338906061 0.03477261757448854 0.9646875710866054, 
66, 111111, 111111, 0.9943121849814078, 0.9943121849814078, 0.0 0.0 0.0 0.0 0.0007088647428628677 0.03270916062582803 0.966581974631309, 
67, 111111, 111111, 0.9942835217973138, 0.9942835217973138, 0.0 0.0 0.0 0.0 0.0002546092688502584 0.03378965067841734 0.9659557400527324, 
68, 111111, 111111, 0.9950755107510089, 0.9950755107510089, 0.0 0.0 0.0 0.0 0.0 0.029546935493947553 0.9704530645060524, 
69, 111111, 111111, 0.9945482765738477, 0.9945482765738477, 0.0 0.0 0.0 0.0 0.0005771200262010097 0.031556100504511714 0.9678667794692872, 
70, 011111, 111111, 0.995049912215656, 0.995049912215656, 0.0 0.0 0.0 0.0 0.00016294683519320826 0.029374633035677514 0.9704624201291292, 
71, 111111, 111111, 0.9948647604994377, 0.9948647604994377, 0.0 0.0 0.0 0.0 0.0006782006763714054 0.02945503565063059 0.9698667636729981, 
72, 111111, 111111, 0.9950310716886946, 0.9950310716886946, 0.0 0.0 0.0 0.0 0.0007994835356671823 0.028214602796497873 0.9709859136678349, 
73, 111111, 111111, 0.9943298053824006, 0.9943298053824006, 0.0 0.0 0.0 0.0 0.0004115987086075544 0.03319797028838112 0.9663904310030113, 
74, 111111, 111111, 0.9939345611235288, 0.9939345611235288, 0.0 0.0 0.0 0.0 0.0006809466484091182 0.0350307399620092 0.9642883133895818, 
75, 111111, 111111, 0.9942640454998101, 0.9942640454998101, 0.0 0.0 0.0 0.0 0.0012659868667421312 0.0318837532676551 0.9668502598656028, 
76, 111111, 111111, 0.9948304193819514, 0.9948304193819514, 0.0 0.0 0.0 0.0 0.0013419639361903213 0.028333555835911226 0.9703244802278984, 
77, 111111, 111111, 0.9945214949748722, 0.9945214949748722, 0.0 0.0 0.0 0.00024487232225554325 0.0012188934818945895 0.02969862622021109 0.9688376079756388, 
78, 111111, 111111, 0.9943040093390703, 0.9943040093390703, 0.0 0.0 0.0 0.0 0.0007021738400224986 0.03277159628553412 0.9665262298744435, 
79, 111111, 111111, 0.9941669815459034, 0.9941669815459034, 0.0 0.0 0.0 0.0 0.0007648534935810452 0.03346840373741747 0.9657667427690014, 
80, 111111, 111111, 0.9935886754312158, 0.9935886754312158, 0.0 0.0 0.0 0.0 0.0018997151067652019 0.03466851719917492 0.9634317676940599, 
81, 111111, 111111, 0.9938232464743396, 0.9938232464743396, 0.0 0.0 0.0 0.0 0.0005808472845770063 0.035898826584808335 0.9635203261306148, 
82, 111111, 111111, 0.9948702303808936, 0.9948702303808936, 0.0 0.0 0.0 0.0 0.0002636620687911624 0.030251293577056047 0.9694850443541528, 
83, 111111, 111111, 0.9951212918689627, 0.9951212918689627, 0.0 0.0 0.0 0.0 0.0004255392971646785 0.02842117019189476 0.9711532905109407, 
84, 111111, 111111, 0.9945034852928926, 0.9945034852928926, 0.0 0.0 0.0 0.0 0.0012077414853532255 0.030563605271938406 0.9682286532427082, 
85, 111111, 111111, 0.9940077963475596, 0.9940077963475596, 0.0 0.0 0.0 0.0 0.0003081053669214816 0.0353370111807991 0.9643548834522794, 
86, 111111, 111111, 0.9940111567995017, 0.9940111567995017, 0.0 0.0 0.0 0.0 0.001005342464478484 0.03392237427403234 0.9650722832614892, 
87, 111111, 111111, 0.9957536053011066, 0.9957536053011066, 0.0 0.0 0.0 0.0 0.0011998076070077078 0.023078752979345304 0.975721439413647, 
88, 111111, 111111, 0.9938156282312571, 0.9938156282312571, 0.0 0.0 0.0 0.0 0.00098197414867367 0.035142282315109144 0.9638757435362172, 
89, 111111, 111111, 0.9948909543008466, 0.9948909543008466, 0.0 0.0 0.0 0.0 0.0011917637681221108 0.02827074665867615 0.9705374895732019, 
90, 111111, 111111, 0.9947759438140549, 0.9947759438140549, 0.0 0.0 0.0 0.0 0.0004159172943567378 0.03051250252695727 0.969071580178686, 
91, 111111, 111111, 0.9953730168256734, 0.9953730168256734, 0.0 0.0 0.0 0.0 0.00042381097607254977 0.02691427709381487 0.9726619119301125, 
92, 111111, 111111, 0.9950267865298652, 0.9950267865298652, 0.0 0.0 0.0 0.0 0.0007502706063829148 0.028338739608042663 0.9709109897855744, 
93, 111111, 111111, 0.9958063119172544, 0.9958063119172544, 0.0 0.0 0.0 0.0 0.00010516186634082169 0.024951804763791788 0.9749430333698673, 
94, 111111, 111111, 0.9941413996245659, 0.9941413996245659, 0.0 0.0 0.0 0.0 0.0002702540624365352 0.03461109412773204 0.9651186518098315, 
95, 111111, 111111, 0.9948473574398955, 0.9948473574398955, 0.0 0.0 0.0 0.0 0.0002333852949437073 0.03044908477073992 0.9693175299343164, 
96, 111111, 111111, 0.9945472339480241, 0.9945472339480241, 0.0 0.0 0.0 0.0 0.0011175183944839167 0.030481559522887253 0.9684009220826288, 
97, 111111, 111111, 0.9949583940315563, 0.9949583940315563, 0.0 0.0 0.0 0.0 0.0018810585836379972 0.026487518643386096 0.9716314227729759, 
98, 111111, 111111, 0.9950876008484967, 0.9950876008484967, 0.0 0.0 0.0 0.0 0.0011011489741419326 0.0272720969607357 0.9716267540651223, 
99, 111111, 111111, 0.9942760940969122, 0.9942760940969122, 0.0 0.0 0.0 0.0 0.0004836478130940028 0.0333761397923389 0.9661402123945672, 
100, 111111, 111111, 0.9946275769691132, 0.9946275769691132, 0.0 0.0 0.0 0.0001940988998444875 0.0016420735820342812 0.02836809432171897 0.9697957331964023, 
run, initial grid state, final grid state, mean grid cell occupancy, mean binding site occupancy, fraction of time with N TFs bound, warning
1, 111111, 111111, 0.9937799121084218, 0.9937799121084218, 0.0 0.0 0.0 0.0 0.0005534281118336461 0.03621367112580212 0.9632329007623642, 
2, 111111, 111111, 0.9934875613119116, 0.9934875613119116, 0.0 0.0 0.0 0.0 0.0015316909540101884 0.036011250220509834 0.9624570588254799, 
3, 111111, 111111, 0.9945365268276168, 0.9945365268276168, 0.0 0.0 0.0 0.0 0.0013734464511540052 0.030033946131990917 0.968592607416855, 
4, 111111, 111111, 0.9944007894473595, 0.9944007894473595, 0.0 0.0 0.0 0.0 0.0007010072015925531 0.03219324891265708 0.9671057438857504, 
5, 111111, 111111, 0.9948501897069923, 0.9948501897069923, 0.0 0.0 0.0 0.0 0.000796846017072151 0.029305169723902336 0.9698979842590255, 
6, 111111, 111111, 0.9946037125869964, 0.9946037125869964, 0.0 0.0 0.0 0.0 0.0003980026317075888 0.031581719214605807 0.9680202781536866, 
7, 111111, 111111, 0.9946381659796487, 0.9946381659796487, 0.0 0.0 0.0 0.0 0.0002761307052445411 0.03161874271161833 0.9681051265831372, 
8, 111111, 111111, 0.9948921587447694, 0.9948921587447694, 0.0 0.0 0.0 0.0 0.00017109528996757807 0.030304856951448456 0.9695240477585839, 
9, 111111, 011111, 0.9939955218218571, 0.9939955218218571, 0.0 0.0 0.0 0.0 0.0008009005527491299 0.03442506796335835 0.9647740314838926, 
10, 111111, 111111, 0.9948373229055678, 0.9948373229055678, 0.0 0.0 0.0 0.0 0.0015230350015343866 0.0279299925635241 0.9705469724349416, 
11, 111111, 111111, 0.9943513432526889, 0.9943513432526889, 0.0 0.0 0.0 0.0 0.0005904248251127061 0.03271109083364092 0.9666984843412463, 
12, 111111, 111111, 0.9939314071083559, 0.9939314071083559, 0.0 0.0 0.0 0.00015258606485764185 0.0005834073243107114 0.03478698450666991 0.9644770221041618, 
13, 111111, 111111, 0.9946375038373676, 0.9946375038373676, 0.0 0.0 0.0 0.0 0.0001552723092292036 0.03186443235733545 0.9679802953334353, 
14, 111111, 111111, 0.995441365638914, 0.995441365638914, 0.0 0.0 0.0 0.0 0.00040320083225108325 0.026545404502013176 0.9730513946657356, 
15, 111111, 111111, 0.9958756835221001, 0.9958756835221001, 0.0 0.0 0.0 0.0 0.0003296963395280213 0.024086506188342852 0.9755837974721292, 
16, 111111, 111111, 0.9949551447694246, 0.9949551447694246, 0.0 0.0 0.0 0.0 0.0003484176556650797 0.029572296072122188 0.9700792862722126, 
17, 111111, 111111, 0.9948843811103765, 0.9948843811103765, 0.0 0.0 0.0 0.0 0.00022528148707043555 0.03024315036360022 0.9695315681493293, 
18, 111111, 111111, 0.9948859600641984, 0.9948859600641984, 0.0 0.0 0.0 0.0 0.00031000937122163316 0.030064220872367063 0.9696257697564113, 
19, 111111, 111111, 0.994124684636515, 0.994124684636515, 0.0 0.0 0.0 0.0 0.0013942360286463866 0.03246342012361612 0.9661423438477376, 
20, 111111, 111111, 0.9949025720955331, 0.9949025720955331, 0.0 0.0 0.0 0.0 0.0002354294649370511 0.030113708496927606 0.9696508620381353, 
21, 111111, 111111, 0.9949987918650152, 0.9949987918650152, 0.0 0.0 0.0 0.0 0.0008535204937935442 0.02830020782232198 0.9708462716838845, 
22, 011111, 111111, 0.9955534257435967, 0.9955534257435967, 0.0 0.0 0.0 0.0 7.280919574186915e-05 0.026533827146935376 0.9733933636573228, 
23, 111111, 111111, 0.9947822050127387, 0.9947822050127387, 0.0 0.0 0.0 0.0 8.87173171601409e-05 0.031129335289248074 0.9687819473935918, 
24, 111111, 111111, 0.9956832469840082, 0.9956832469840082, 0.0 0.0 0.0 0.0 0.0008847107763263724 0.02413109654329827 0.9749841926803754, 
25, 111111, 111111, 0.9961198284238749, 0.9961198284238749, 0.0 0.0 0.0 0.0 0.00037703705637068973 0.022526955344009468 0.9770960075996198, 
26, 111111, 111111, 0.9953555126806469, 0.9953555126806469, 0.0 0.0 0.0 0.0 0.0010476829846726462 0.02577155794677336 0.9731807590685541, 
27, 111111, 111110, 0.9953142101470733, 0.9953142101470733, 0.0 0.0 0.0 0.0 0.00036307331868837273 0.02738859248018299 0.9722483342011287, 
28, 111111, 111111, 0.993169226123022, 0.993169226123022, 0.0 0.0 0.0 0.0 0.00037328439348534455 0.040238074474896954 0.9593886411316177, 
29, 111111, 111111, 0.994415982180072, 0.994415982180072, 0.0 0.0 0.0 1.754949627649216e-05 0.00018865522850127446 0.0330741479737354 0.9667196473014867, 
30, 111111, 111111, 0.9937248030411735, 0.9937248030411735, 0.0 0.0 0.0 0.0 0.0007173867227504082 0.03621640830745845 0.9630662049697911, 
31, 111111, 111111, 0.9940942640577476, 0.9940942640577476, 0.0 0.0 0.0 0.0 0.0003366029119548343 0.03476120982960446 0.9649021872584407, 
32, 111111, 111111, 0.9954901019003983, 0.9954901019003983, 0.0 0.0 0.0 0.0 8.324290326691808e-05 0.02689290279107598 0.9730238543056571, 
33, 111111, 111111, 0.994961452060336, 0.994961452060336, 0.0 0.0 0.0 0.0 0.0009273728360629932 0.02837654196585713 0.9706960851980798, 
34, 111111, 111111, 0.9946299837052556, 0.9946299837052556, 0.0 0.0 0.0 0.0 0.0002994230014181562 0.03162125176563095 0.9680793252329509, 
35, 111111, 111111, 0.9942930312147944, 0.9942930312147944, 0.0 0.0 0.0 0.00010985350508360635 0.0009365923485172503 0.032039067498948234 0.9669144866474509, 
36, 111111, 011111, 0.9953001375922603, 0.9953001375922603, 0.0 0.0 0.0 0.0 0.0005813967051624116 0.027036381036113773 0.9723822222587238, 
37, 111111, 111111, 0.9946242256561706, 0.9946242256561706, 0.0 0.0 0.0 0.0 1.5227057823992908e-05 0.03222419194732804 0.967760580994848, 
38, 111111, 011111, 0.9942657270525664, 0.9942657270525664, 0.0 0.0 0.0 0.0 0.00054939247959259 0.03330685272541652 0.9661437547949908, 
39, 111111, 111111, 0.9944624778103328, 0.9944624778103328, 0.0 0.0 0.0 0.0 0.0021644736923769115 0.028896185753250005 0.9689393405543731, 
40, 111111, 111111, 0.9940168481956418, 0.9940168481956418, 0.0 0.0 0.0 0.0 0.0008983218957344122 0.03410226703468009 0.9649994110695855, 
41, 111111, 111111, 0.993329516000654, 0.993329516000654, 0.0 0.0 0.0 0.0 0.0014439445491844982 0.03713501489770633 0.9614210405531092, 
42, 111111, 111111, 0.9944954468822669, 0.9944954468822669, 0.0 0.0 0.0 0.0 0.0010574655445853584 0.030912387617227425 0.9680301468381872, 
43, 111111, 111111, 0.9947389275157618, 0.9947389275157618, 0.0 0.0 0.0 0.0 0.00035287893244221095 0.030860677040544862 0.968786444027013, 
44, 111111, 111111, 0.995068239144685, 0.995068239144685, 0.0 0.0 0.0 0.0 0.000872362768635693 0.027845839594618265 0.9712817976367462, 
45, 111111, 111111, 0.9936911756540261, 0.9936911756540261, 0.0 0.0 0.0 0.0 0.0018913112292916433 0.034070323617260465 0.9640383651534479, 
46, 111111, 111110, 0.9951816134228173, 0.9951816134228173, 0.0 0.0 0.0 0.0 0.0004135783528633344 0.028083162757369468 0.9715032588897672, 
47, 111111, 111111, 0.9937198516416761, 0.9937198516416761, 0.0 0.0 0.0 0.0 0.0008122201797758503 0.03605644979039166 0.9631313300298324, 
48, 111111, 111111, 0.9956612754975829, 0.9956612754975829, 0.0 0.0 0.0 0.0 7.924496781201589e-05 0.02587385707887816 0.9740468979533098, 
49, 111111, 111111, 0.9936714066574883, 0.9936714066574883, 0.0 0.0 0.0 0.0 0.00042030792703409985 0.03713094420100198 0.9624487478719639, 
50, 111111, 111111, 0.995148125910909, 0.995148125910909, 0.0 0.0 0.0 0.0 0.00042035289888231524 0.0282705387367809 0.9713091083643367, 
51, 011111, 111111, 0.99544464586993, 0.99544464586993, 0.0 0.0 0.0 0.0 0.00011191238908013239 0.027108300002259698 0.9727797876086601, 
52, 111111, 111111, 0.9943421562209213, 0.9943421562209213, 0.0 0.0 0.0 0.0 0.00033298199509194915 0.03328109868428915 0.9663859193206189, 
53, 111111, 111111, 0.995288265647948, 0.995288265647948, 0.0 0.0 0.0 0.0 6.439811379285085e-05 0.0281416098847264 0.9717939920014809, 
54, 111111, 111111, 0.9951970238736053, 0.9951970238736053, 0.0 0.0 0.0 0.0 0.00037990677645483007 0.028058043205458016 0.9715620500180872, 
55, 111111, 111111, 0.9942105909171904, 0.9942105909171904, 0.0 0.0 0.0 0.0 0.0005777230612825921 0.033581008374291954 0.9658412685644254, 
56, 111111, 111111, 0.9949150480630062, 0.9949150480630062, 0.0 0.0 0.0 0.0 0.00029323348062889915 0.029923244660704274 0.9697835218586669, 
57, 111111, 111111, 0.9937503942256397, 0.9937503942256397, 0.0 0.0 0.0 0.0 0.0016324584249489645 0.03423271779626327 0.9641348237787878, 
58, 111111, 111111, 0.9942979097911064, 0.9942979097911064, 0.0 0.0 0.0 0.0 0.0008361961894892186 0.03254014887438334 0.9666236549361275, 
59, 111111, 111111, 0.9957507520078955, 0.9957507520078955, 0.0 0.0 0.0 0.0 0.0004819962806868127 0.024531495391253256 0.97498650832806, 
60, 111111, 111111, 0.9939759183059832, 0.9939759183059832, 0.0 0.0 0.0 0.0 0.0006027516265187234 0.03493898691106288 0.9644582614624183, 
61, 111111, 111111, 0.9941580200529404, 0.9941580200529404, 0.0 0.0 0.0 0.0 0.0005511415093961215 0.0339495966635648 0.9654992618270392, 
62, 111111, 011111, 0.9947912991465161, 0.9947912991465161, 0.0 0.0 0.0 0.0 0.00047541085747543896 0.030301383405952374 0.9692232057365722, 
63, 111110, 111111, 0.9949712708515722, 0.9949712708515722, 0.0 0.0 0.0 0.0 0.00037834673889057974 0.029415681412784753 0.9702059718483247, 
64, 111111, 111111, 0.9938250337503438, 0.9938250337503438, 0.0 0.0 0.0 0.0 0.0015964519137599354 0.033856893670417845 0.9645466544158221, 
65, 111111, 111111, 0.9943161475339525, 0.9943161475339525, 0.0 0.0 0.0 6.93283702140195e-05 0.0005558576289403438 0.03278341442776237 0.9665913995730833, 
66, 111111, 111111, 0.9956913132412466, 0.9956913132412466, 0.0 0.0 0.0 0.0 6.069716743239334e-05 0.025730726217655833 0.9742085766149118, 
67, 111111, 111111, 0.993515045282179, 0.993515045282179, 0.0 0.0 0.0 0.0 0.001129296710037447 0.036651134886850484 0.9622195684031121, 
68, 111111, 111111, 0.9945500000877062, 0.9945500000877062, 0.0 0.0 0.0 0.0 0.0005452470699693971 0.031609505333823285 0.9678452475962074, 
69, 111111, 111111, 0.9944247931200465, 0.9944247931200465, 0.0 0.0 0.0 0.0 0.0003879592132882507 0.032675322853144506 0.9669367179335673, 
70, 111111, 111111, 0.9945668196590788, 0.9945668196590788, 0.0 0.0 0.0 0.0 0.0006745135514307873 0.031250054942665854 0.9680754315059034, 
71, 011111, 111111, 0.9946011432654606, 0.9946011432654606, 0.0 0.0 0.0 0.0 0.0012672258834359829 0.029858688640364513 0.9688740854761995, 
72, 111111, 111111, 0.9947888036746635, 0.9947888036746635, 0.0 0.0 0.0 0.0 0.0003579211278596378 0.030551335696300072 0.9690907431758403, 
73, 111111, 111111, 0.9949134368115862, 0.9949134368115862, 0.0 0.0 0.0 0.0 0.0003662449556601083 0.029786889219162095 0.9698468658251778, 
74, 111111, 111111, 0.9952692617291629, 0.9952692617291629, 0.0 0.0 0.0 0.0 0.001160044830836171 0.0260643399633501 0.9727756152058137, 
75, 111111, 111111, 0.9951096215934172, 0.9951096215934172, 0.0 0.0 0.0 0.0 0.00044884882904955314 0.02844457278139761 0.9711065783895528, 
76, 111111, 111111, 0.994659936634867, 0.994659936634867, 0.0 0.0 0.0 0.0 0.0006054135035161176 0.030829553183765127 0.9685650333127187, 
77, 111111, 111111, 0.994389125724467, 0.994389125724467, 0.0 0.0 0.0 0.0 0.0007602999228683539 0.032144645807460744 0.9670950542696709, 
78, 111111, 011111, 0.9949463028772618, 0.9949463028772618, 0.0 0.0 0.0 0.0 0.0007302986157559071 0.02886158550491779 0.9704081158793263, 
79, 111111, 111111, 0.9940759498889709, 0.9940759498889709, 0.0 0.0 0.0 0.0 0.0004351464322050696 0.0346740078017646 0.9648908457660303, 
80, 111111, 111111, 0.9952451167009114, 0.9952451167009114, 0.0 0.0 0.0 0.0 0.0005663999266754445 0.027396499941180926 0.9720371001321437, 
81, 111111, 111111, 0.9937512080581945, 0.9937512080581945, 0.0 0.0 0.0 7.016154592040038e-05 0.0016759799630721125 0.033930307086927666 0.9643235514040799, 
82, 111111, 111110, 0.9942595437852686, 0.9942595437852686, 0.0 0.0 0.0 0.0 0.001168206885855141 0.03210632351667895 0.966725469597466, 
83, 111111, 111111, 0.9946524009512097, 0.9946524009512097, 0.0 0.0 0.0 0.0 0.0004274575199303598 0.031230679252881782 0.968341863227188, 
84, 111111, 111111, 0.9959712933492053, 0.9959712933492053, 0.0 0.0 0.0 0.0 7.721663971600078e-05 0.024017806625336275 0.9759049767349476, 
85, 111111, 111111, 0.9942915454565893, 0.9942915454565893, 0.0 0.0 0.0 0.0 0.0008087351439511917 0.03263325697256153 0.9665580078834873, 
86, 111111, 111111, 0.9941117786017665, 0.9941117786017665, 0.0 0.0 0.0 0.0 0.0007460853858566142 0.03383715761768888 0.9654167569964545, 
87, 111111, 111111, 0.994861288105719, 0.994861288105719, 0.0 0.0 0.0 0.0 0.0003234272174188743 0.03018541693084809 0.969491155851733, 
88, 111111, 111111, 0.9941860653433734, 0.9941860653433734, 0.0 0.0 0.0 0.0 0.0007304244048976897 0.03342275912996497 0.9658468164651374, 
89, 111111, 111111, 0.9945694259076522, 0.9945694259076522, 0.0 0.0 0.0 8.545672083309718e-05 0.00195313673547898 0.02842080092063035 0.9695406056230577, 
90, 111111, 111111, 0.9942745425641575, 0.9942745425641575, 0.0 0.0 0.0 0.0 0.00041753687831489806 0.03351767085842516 0.9660647922632599, 
91, 111111, 111111, 0.9949965237671174, 0.9949965237671174, 0.0 0.0 0.0 0.0 0.00011965690805148155 0.029781543581191974 0.9700987995107566, 
92, 111111, 111111, 0.9951072148437667, 0.9951072148437667, 0.0 0.0 0.0 0.0 0.0004287877460229964 0.02849913544535411 0.971072076808623, 
93, 111111, 111111, 0.99482157790327, 0.99482157790327, 0.0 0.0 0.0 0.0 0.0003404680084937385 0.030389596563391942 0.9692699354281142, 
94, 111111, 111111, 0.9954471271299751, 0.9954471271299751, 0.0 0.0 0.0 0.0 0.0008369286035934515 0.025643380012963027 0.9735196913834434, 
95, 111111, 111111, 0.9930842578188995, 0.9930842578188995, 0.0 0.0 0.0 0.0 0.0015216500803429348 0.03845115292591655 0.9600271969937405, 
96, 111111, 111111, 0.9948627693875635, 0.9948627693875635, 0.0 0.0 0.0 0.0 0.0004656000587889268 0.029892183557041777 0.9696422163841693, 
97, 111111, 011110, 0.9938944994774647, 0.9938944994774647, 0.0 0.0 0.0 0.0 0.0004608362294672784 0.03571133067627746 0.9638278330942552, 
98, 111111, 111111, 0.9942346333414173, 0.9942346333414173, 0.0 0.0 0.0 6.112074994246164e-06 0.001999650215244236 0.03057456329602476 0.9674196744137368, 
99, 111111, 111111, 0.9953289258799998, 0.9953289258799998, 0.0 0.0 0.0 0.0 0.0 0.028026444720001133 0.9719735552799988, 
100, 111111, 111111, 0.9950585657807367, 0.9950585657807367, 0.0 0.0 0.0 2.201373963493676e-05 0.001237007038096012 0.027108550020483145 0.9716324292017858, 
run, initial grid state, final grid state, mean grid cell occupancy, mean binding site occupancy, fraction of time with N TFs bound, warning
1, 111111, 111111, 0.9951527758771715, 0.9951527758771715, 0.0 0.0 0.0 0.0 9.854024914955808e-05 0.028886264238671758 0.9710151955121786, 
2, 111111, 111111, 0.9950062704592528, 0.9950062704592528, 0.0 0.0 0.0 0.0 0.0009976556890116276 0.0279670658664592 0.9710352784445292, 
3, 111111, 111111, 0.9948196272416291, 0.9948196272416291, 0.0 0.0 0.0 0.0 0.0007816320594785042 0.029518972431268255 0.9696993955092532, 
4, 111111, 111111, 0.9955546841073892, 0.9955546841073892, 0.0 0.0 0.0 0.0 0.00019257975501298902 0.026286735845639213 0.9735206843993479, 
5, 111111, 111111, 0.9944613873164412, 0.9944613873164412, 0.0 0.0 0.0 0.0 0.0011116154000430447 0.031008445301267465 0.9678799392986897, 
6, 111111, 111110, 0.9951540479897603, 0.9951540479897603, 0.0 0.0 0.0 0.0 0.0003147712880401384 0.028446169485358982 0.9712390592266009, 
7, 111111, 111111, 0.9939128950719185, 0.9939128950719185, 0.0 0.0 0.0 0.0 0.0012737018293170173 0.033975225909854447 0.9647510722608286, 
8, 111111, 111111, 0.9951292571245892, 0.9951292571245892, 0.0 0.0 0.0 0.0 0.0003706062524206936 0.028483244747623454 0.9711461489999559, 
9, 111111, 111111, 0.9947905187295712, 0.9947905187295712, 0.0 0.0 0.0 5.584469804582141e-05 0.000738323437433044 0.029612706653568955 0.9695931252109522, 
10, 111111, 111111, 0.9956111634662079, 0.9956111634662079, 0.0 0.0 0.0 0.0 5.8824580028170626e-05 0.026215370042695297 0.9737258053772765, 
11, 111111, 111111, 0.994462455586566, 0.994462455586566, 0.0 0.0 0.0 0.0 0.0015621963946549095 0.030100873691293824 0.9683369299140513, 
12, 111111, 111111, 0.994373598573931, 0.994373598573931, 0.0 0.0 0.0 0.0 0.0013643010637638966 0.031029806428885698 0.9676058925073504, 
13, 111111, 111111, 0.9950179637408676, 0.9950179637408676, 0.0 0.0 0.0 0.0 0.0012860377572569818 0.027320142040281235 0.9713938202024618, 
14, 111111, 111111, 0.9941710479862276, 0.9941710479862276, 0.0 0.0 0.0 0.0 0.0009916255194378466 0.03299046104375914 0.966017913436803, 
15, 111111, 111111, 0.9951485202410104, 0.9951485202410104, 0.0 0.0 0.0 0.0 0.00035863955644093804 0.028391599441056167 0.9712497610025029, 
16, 111111, 111111, 0.9956632027877658, 0.9956632027877658, 0.0 0.0 0.0 0.0 0.0002297800744974613 0.025561223124410413 0.9742089968010921, 
17, 111111, 111111, 0.9943497042685842, 0.9943497042685842, 0.0 0.0 0.0 0.0 1.30229713167463e-06 0.0338991697942325 0.9660995279086358, 
18, 111111, 111111, 0.9946744967041781, 0.9946744967041781, 0.0 0.0 0.0 0.0 0.0005407867866873315 0.030871446201557403 0.9685877670117553, 
19, 111111, 111111, 0.9948077405773429, 0.9948077405773429, 0.0 0.0 0.0 0.0 0.001458252415830979 0.028237051704280883 0.9703046958798882, 
20, 111111, 111111, 0.9948181571203715, 0.9948181571203715, 0.0 0.0 0.0 0.0 0.00043027588165586895 0.030230505514460278 0.9693392186038838, 
21, 111111, 111111, 0.9942042474677203, 0.9942042474677203, 0.0 0.0 0.0 0.0 0.0012357079267128876 0.03230309934025271 0.9664611927330344, 
22, 111111, 111111, 0.9948195962784238, 0.9948195962784238, 0.0 0.0 0.0 0.0 0.0007586557205887705 0.02956511088827966 0.9696762333911315, 
23, 111111, 111111, 0.9948543769333978, 0.9948543769333978, 0.0 0.0 0.0 0.0 0.00017096513173551784 0.03053180813614239 0.9692972267321222, 
24, 111111, 111111, 0.9946148259006049, 0.9946148259006049, 0.0 0.0 0.0 0.0 0.0008240891517040701 0.030662866292961874 0.968513044555334, 
25, 111111, 111111, 0.9944131407877304, 0.9944131407877304, 0.0 0.0 0.0 0.0 0.0014907873490960257 0.03053958057542584 0.9679696320754781, 
26, 111111, 111111, 0.9958912460062346, 0.9958912460062346, 0.0 0.0 0.0 0.0 0.0003883730608317965 0.023875777840928702 0.9757358490982394, 
27, 111111, 111111, 0.9940900263908025, 0.9940900263908025, 0.0 0.0 0.0 0.0 0.0011991519090951623 0.03306153783699509 0.9657393102539098, 
28, 111111, 111111, 0.994623339767641, 0.994623339767641, 0.0 0.0 0.0 0.0 0.0 0.032259961394153845 0.9677400386058461, 
29, 111111, 111111, 0.9940217778776416, 0.9940217778776416, 0.0 0.0 0.0 0.0 0.0003687898885027993 0.035131752957146 0.964499457154351, 
30, 111111, 111111, 0.9948747341792348, 0.9948747341792348, 0.0 0.0 0.0 0.0 0.0001139277544017065 0.030523739415787635 0.9693623328298107, 
31, 111111, 111111, 0.9955774549783091, 0.9955774549783091, 0.0 0.0 0.0 0.0 0.0007501208225575514 0.02503502848503096 0.9742148506924115, 
32, 111111, 111111, 0.9930075580047594, 0.9930075580047594, 0.0 0.0 0.0 2.7306464786529538e-05 0.001159439574586153 0.03955385342791143 0.959259400532716, 
33, 111111, 111111, 0.9936091137569413, 0.9936091137569413, 0.0 0.0 0.0 0.0 0.0012223000721563611 0.03590071731403993 0.9628769826138036, 
34, 111111, 111111, 0.9953829515916773, 0.9953829515916773, 0.0 0.0 0.0 0.0 0.0004736806051057435 0.02675492923972417 0.9727713901551702, 
35, 111111, 111111, 0.9955215293242206, 0.9955215293242206, 0.0 0.0 0.0 0.0 0.0006683248902706588 0.025534174274134402 0.973797500835595, 
36, 111111, 111111, 0.9936081973565261, 0.9936081973565261, 0.0 0.0 0.0 0.0 0.00070361315508201 0.036943589550679466 0.9623527972942385, 
37, 111111, 111111, 0.9951808187256261, 0.9951808187256261, 0.0 0.0 0.0 0.0 0.0007603539367982318 0.02739437977264644 0.9718452662905553, 
38, 111111, 111111, 0.9946853548932086, 0.9946853548932086, 0.0 0.0 0.0 0.0 0.0007506795801814396 0.030386511480385018 0.9688628089394336, 
39, 111111, 111111, 0.9939957428037919, 0.9939957428037919, 0.0 0.0 0.0 4.5796326858656745e-06 0.0011713406125936194 0.03366912305400407 0.9651549567007164, 
40, 111111, 111111, 0.9950678089408953, 0.9950678089408953, 0.0 0.0 0.0 0.0 8.58391881819566e-05 0.029421467978264126 0.9704926928335539, 
41, 111111, 111111, 0.9933462224036798, 0.9933462224036798, 0.0 0.0 0.0 0.0 0.0023442521548653213 0.03523416126819049 0.9624215865769442, 
42, 111111, 111111, 0.9951385143461853, 0.9951385143461853, 0.0 0.0 0.0 0.0 0.0011111946882093931 0.026946524546469845 0.9719422807653209, 
43, 111110, 111111, 0.9961160650086084, 0.9961160650086084, 0.0 0.0 0.0 0.0 0.0005555936442295142 0.0221924226598909 0.9772519836958795, 
44, 111111, 111111, 0.994783411406705, 0.994783411406705, 0.0 0.0 0.0 0.0 1.3977626143750688e-06 0.03129673603454081 0.9687018662028449, 
45, 111111, 111111, 0.9955043516318486, 0.9955043516318486, 0.0 0.0 0.0 0.0 0.0002608702631307925 0.02645214968264649 0.9732869800542227, 
46, 111111, 111111, 0.9945841261319748, 0.9945841261319748, 0.0 0.0 0.0 0.0 0.0004438792052715449 0.0316074847976083 0.9679486359971201, 
47, 111111, 111111, 0.9947796693144841, 0.9947796693144841, 0.0 0.0 0.0 0.0 0.0008696687587397439 0.02958264659561602 0.9695476846456442, 
48, 111111, 111111, 0.9951411417993938, 0.9951411417993938, 0.0 0.0 0.0 0.0 0.0005854388519498705 0.027982271499737088 0.9714322896483131, 
49, 011111, 111111, 0.9959926290793767, 0.9959926290793767, 0.0 0.0 0.0 0.0 0.00033371555351348147 0.02337679441671318 0.9762894900297734, 
50, 111111, 111111, 0.9938135535131081, 0.9938135535131081, 0.0 0.0 0.0 0.0 0.0007230553815242222 0.03567256815830264 0.9636043764601732, 
51, 111111, 111111, 0.9945754722577966, 0.9945754722577966, 0.0 0.0 0.0 0.0 0.000830533155165272 0.030886100142889852 0.9682833667019449, 
52, 111111, 111111, 0.994030173678958, 0.994030173678958, 0.0 0.0 0.0 0.00012552561723964555 0.00048021423419501095 0.034481952606143534 0.9649123075424219, 
53, 111111, 111111, 0.9943556653510308, 0.9943556653510308, 0.0 0.0 0.0 0.0 0.0006446289263059482 0.03257675004120294 0.9667786210324911, 
54, 111111, 111111, 0.994806045062386, 0.994806045062386, 0.0 0.0 0.0 0.0 0.0004664980935528164 0.030230733438578943 0.9693027684678683, 
55, 111111, 111111, 0.9941236617205598, 0.9941236617205598, 0.0 0.0 0.0 0.0 0.0010636884514428602 0.033130652773755556 0.9658056587748015, 
56, 111111, 111111, 0.9953027473314128, 0.9953027473314128, 0.0 0.0 0.0 0.0 0.00029404469642355324 0.027595426618676283 0.9721105286849002, 
57, 111111, 111111, 0.9946413581351817, 0.9946413581351817, 0.0 0.0 0.0 0.0 0.0008391956894514709 0.0304734598100066 0.968687344500542, 
58, 111111, 111111, 0.9950246415957189, 0.9950246415957189, 0.0 0.0 0.0 0.0 2.1370191433429716e-05 0.029809410042819166 0.9701692197657474, 
59, 111111, 111111, 0.9945575335507583, 0.9945575335507583, 0.0 0.0 0.0 0.0 0.00038091916368484494 0.031892960368080966 0.9677261204682341, 
60, 111111, 111111, 0.9950899449721369, 0.9950899449721369, 0.0 0.0 0.0 0.0 0.00046829120675037655 0.02852374775367755 0.9710079610395721, 
61, 111111, 111111, 0.9949803500629008, 0.9949803500629008, 0.0 0.0 0.0 0.0 0.0003578934956724019 0.02940211263125097 0.9702399938730766, 
62, 111111, 111111, 0.9934733561713442, 0.9934733561713442, 0.0 0.0 0.0 0.0 0.002085868368631317 0.03498812623467178 0.9629260053966968, 
63, 111111, 111111, 0.9958210106494545, 0.9958210106494545, 0.0 0.0 0.0 0.0 0.00012106408809813713 0.024831807927077 0.9750471279848247, 
64, 111111, 111111, 0.9947275696879728, 0.9947275696879728, 0.0 0.0 0.0 0.0 0.0008684736486598422 0.02989763457484298 0.9692338917764971, 
65, 111111, 111111, 0.9940916409292456, 0.9940916409292456, 0.0 0.0 0.0 0.0 0.0009422554746480923 0.03356564347522918 0.9654921010501227, 
66, 111111, 111111, 0.9928982216327682, 0.9928982216327682, 0.0 0.0 0.0 0.0 0.0011393127100453773 0.04033204478329986 0.9585286425066548, 
67, 111111, 111111, 0.9952994919331166, 0.9952994919331166, 0.0 0.0 0.0 0.0 0.00032613339688769403 0.02755078160752535 0.9721230849955869, 
68, 111111, 111111, 0.9942574120111698, 0.9942574120111698, 0.0 0.0 0.0 0.0 0.0009860919285164915 0.03248334407594856 0.9665305639955349, 
69, 111111, 111111, 0.9955799589612215, 0.9955799589612215, 0.0 0.0 0.0 0.0 0.001028675264007506 0.024462895704655468 0.9745084290313369, 
70, 111111, 111111, 0.9954884486703431, 0.9954884486703431, 0.0 0.0 0.0 0.0 0.0003467999259245253 0.02637570812609178 0.9732774919479836, 
71, 111111, 111111, 0.9944759631928285, 0.9944759631928285, 0.0 0.0 0.0 0.0 0.0008089772616694938 0.03152626631968984 0.9676647564186407, 
72, 111111, 111111, 0.9941009483067857, 0.9941009483067857, 0.0 0.0 0.0 0.0 5.800813839781851e-05 0.03527829388248969 0.9646636979791124, 
73, 111111, 111110, 0.9943677565539382, 0.9943677565539382, 0.0 0.0 0.0 0.0 0.0010870995066116537 0.031619261663148365 0.96729363883024, 
74, 111111, 111111, 0.9949563959167216, 0.9949563959167216, 0.0 0.0 0.0 0.0 0.0017583106674099746 0.026745003164850328 0.9714966861677395, 
75, 111111, 111111, 0.9943811996463349, 0.9943811996463349, 0.0 0.0 0.0 0.0 0.0005466314273646899 0.03261953926726103 0.9668338293053743, 
76, 111111, 111111, 0.9952212307820122, 0.9952212307820122, 0.0 0.0 0.0 0.0 0.0008082106726237704 0.027056193962679408 0.9721355953646968, 
77, 111111, 111111, 0.9937033437460165, 0.9937033437460165, 0.0 0.0 0.0 4.4544941569211934e-05 0.0020603412215918866 0.0335256202560095 0.9643694935808295, 
78, 111111, 111111, 0.9947505940224662, 0.9947505940224662, 0.0 0.0 0.0 0.0 0.0010265446868964602 0.029443346491409964 0.9695301088216934, 
79, 111111, 111111, 0.9939913171208844, 0.9939913171208844, 0.0 0.0 0.0 0.0 0.001153721741765113 0.03374465379116366 0.9651016244670713, 
80, 111111, 111111, 0.9951485752890572, 0.9951485752890572, 0.0 0.0 0.0 0.0 0.0004350341919406822 0.02823847988177519 0.9713264859262841, 
81, 111111, 111111, 0.9946957183262899, 0.9946957183262899, 0.0 0.0 0.0 0.0 0.000327626681389539 0.031170436679481484 0.968501936639129, 
82, 111111, 111111, 0.9957753251521076, 0.9957753251521076, 0.0 0.0 0.0 0.0 0.00041830757248719527 0.024511433942379753 0.9750702584851331, 
83, 111111, 111111, 0.9958305042936487, 0.9958305042936487, 0.0 0.0 0.0 0.0 0.0008234937218114307 0.023369986794484265 0.9758065194837043, 
84, 111111, 111111, 0.9952906983001059, 0.9952906983001059, 0.0 0.0 0.0 0.0 0.00015793413735264823 0.027939941924659775 0.9719021239379876, 
85, 111111, 111111, 0.9944856157797076, 0.9944856157797076, 0.0 0.0 0.0 0.0 0.0011395487155752735 0.030807207890603407 0.9680532433938214, 
86, 111111, 111111, 0.9947794184411183, 0.9947794184411183, 0.0 0.0 0.0 0.0 0.0016245294109299918 0.028074430531429845 0.9703010400576402, 
87, 111111, 111111, 0.9943159270025272, 0.9943159270025272, 0.0 0.0 0.0 0.0 0.0008890658353690021 0.03232630631409797 0.9667846278505331, 
88, 111111, 111111, 0.994604403210269, 0.994604403210269, 0.0 0.0 0.0 0.0 0.0007849002818763539 0.030803780174632714 0.968411319543491, 
89, 111111, 111111, 0.9943855845621078, 0.9943855845621078, 0.0 0.0 0.0 0.0 0.0010261224366876908 0.031634247753977815 0.9673396298093345, 
90, 111111, 111111, 0.9952880609181853, 0.9952880609181853, 0.0 0.0 0.0 0.0 0.0 0.028271634490887192 0.9717283655091128, 
91, 111111, 111111, 0.994340877362536, 0.994340877362536, 0.0 0.0 0.0 0.0 0.00048584668595675907 0.032983042452870634 0.9665311108611726, 
92, 111111, 111111, 0.9941239451109402, 0.9941239451109402, 0.0 0.0 0.0 0.0 0.0006334411801736695 0.033989446974011205 0.9653771118458152, 
93, 111111, 111111, 0.9949001965583583, 0.9949001965583583, 0.0 0.0 0.0 0.0 0.00022351303848337556 0.030151794572883958 0.9696246923886327, 
94, 111111, 111111, 0.9954429910974971, 0.9954429910974971, 0.0 0.0 0.0 0.0 0.00037159551782591 0.026598862379365838 0.9730295421028081, 
95, 111111, 111111, 0.993436350206297, 0.993436350206297, 0.0 0.0 0.0 0.0 0.0002992233709089103 0.03878345202040059 0.9609173246086905, 
96, 111111, 111111, 0.9941383913081204, 0.9941383913081204, 0.0 0.0 0.0 0.0 0.0003532915155011486 0.03446306912027532 0.9651836393642236, 
97, 111111, 111111, 0.9938683890644298, 0.9938683890644298, 0.0 0.0 0.0 0.0 0.0006958642740546947 0.03539793706531199 0.9639061986606333, 
98, 111111, 111111, 0.994217732265999, 0.994217732265999, 0.0 0.0 0.0 0.0 0.0009023283832999637 0.032888949637406066 0.966208721979294, 
99, 111111, 111111, 0.9941321477777476, 0.9941321477777476, 0.0 0.0 0.0 0.0 0.001393401908510611 0.032420309516492926 0.9661862885749966, 
100, 111111, 111111, 0.9948751842728398, 0.9948751842728398, 0.0 0.0 0.0 0.0 0.0 0.030748894362961698 0.9692511056370383, 
