run, initial grid state, final grid state, mean grid cell occupancy, mean binding site occupancy, fraction of time with N TFs bound, warning
1, 0011111100, 0011111100, 0.6781322003028009, 0.9954717556958796, 0.0 0.0 0.0 0.0 0.0006391361456141017 0.02589119353349433 0.9734696703208917, 
2, 0011111110, 0011111110, 0.6797374657734406, 0.9963452662088621, 0.0 0.0 0.0 0.0 0.00036968664558047334 0.02118902945566576 0.9784412838987537, 
3, 0111111100, 0001111100, 0.6762728463777279, 0.9946505320202272, 0.0 0.0 0.0 0.0 0.001496980265365892 0.0291028473479051 0.969400172386729, 
4, 0011111111, 0011111100, 0.6784991565738072, 0.9954163111339885, 0.0 0.0 0.0 0.0 0.0007902313191955571 0.025921670557676416 0.973288098123128, 
5, 0111111111, 0011111100, 0.6785910803305751, 0.9958380917055343, 0.0 0.0 0.0 0.0 0.0007882358243871302 0.023394978118020673 0.9758167860575923, 
6, 0011111100, 0011111110, 0.6779731193971024, 0.9951583399004643, 0.0 0.0 0.0 0.0 0.0005824080157410814 0.02788514456573156 0.9715324474185274, 
7, 0011111100, 0011111110, 0.6772667780507827, 0.995487910249593, 0.0 0.0 0.0 0.0 0.0005999756523258629 0.025872587197791043 0.9735274371498831, 
8, 0011111100, 0011111110, 0.6767073641666496, 0.995777091443711, 0.0 0.0 0.0 0.0 0.0002019124946534066 0.024933626348427308 0.9748644611569194, 
9, 0011111110, 0111111110, 0.6767352983197263, 0.9956342416576378, 0.0 0.0 0.0 0.0 4.329183961039497e-05 0.026107966374953166 0.9738487417854365, 
10, 0011111100, 0011111100, 0.680778231268303, 0.9951932618999169, 0.0 0.0 0.0 0.0 0.000370803699768214 0.028098821200962257 0.9715303750992695, 
11, 0001111100, 0011111100, 0.6772113450651362, 0.9950736603983027, 0.0 0.0 0.0 0.0 0.0001957664918535096 0.029166504626477786 0.9706377288816687, 
12, 1111111100, 0001111100, 0.6766571200334629, 0.9949208242041877, 0.0 0.0 0.0 0.0 0.0010556948844531603 0.02836366500596701 0.9705806401095799, 
13, 0011111110, 0011111100, 0.6766430501347692, 0.9951880094470735, 0.0 0.0 0.0 0.00014031522808126038 0.0010447497991543013 0.026361498035006967 0.9724534369377574, 
14, 0111111100, 0011111100, 0.6772321815046128, 0.9955961009929942, 0.0 0.0 0.0 0.0 0.000342861663896413 0.02573767071424173 0.9739194676218618, 
15, 0011111110, 0111111110, 0.6748742171420467, 0.9951157399667925, 0.0 0.0 0.0 0.0 0.00041418921920220053 0.02847718176084061 0.9711086290199572, 
16, 0011111110, 0111111110, 0.6768531974097648, 0.9952426726355127, 0.0 0.0 0.0 0.0 0.0002909447582477047 0.02796207467042779 0.9717469805713245, 
17, 0011111110, 0001111100, 0.6774581144948212, 0.9953814304908895, 0.0 0.0 0.0 0.0 0.0013374310611051462 0.025036554932452486 0.9736260140064423, 
18, 0011111110, 0111111100, 0.6769242068750267, 0.9947515749430395, 0.0 0.0 0.0 0.0 0.001278993486247999 0.02893256336926816 0.9697884431444838, 
19, 0011111110, 0011111100, 0.6775175731335432, 0.9956692375313106, 0.0 0.0 0.0 0.0 0.0012151217713116179 0.02355433126951297 0.9752305469591754, 
20, 1111111110, 0011111100, 0.6781150655707107, 0.9951657460808313, 0.0 0.0 0.0 0.0 0.0005951995461570364 0.027815124422697967 0.971589676031145, 
21, 0011111110, 0011111110, 0.6773941998933739, 0.9938316631792176, 0.0 0.0 0.0 0.0 0.002788685553771229 0.0314326498171524 0.9657786646290765, 
22, 0011111100, 0011111100, 0.6743317528754668, 0.9943959398631043, 0.0 0.0 0.0 0.0 0.0010773047464719767 0.03146975132843004 0.9674529439250981, 
23, 0111111100, 0111111100, 0.6771035894096823, 0.9948295668260239, 0.0 0.0 0.0 0.0 0.00035191158189279686 0.03031877588007174 0.9693293125380354, 
24, 0001111100, 0011111100, 0.6777942710958045, 0.9954646778989973, 0.0 0.0 0.0 0.0 0.00021400125698146363 0.026783930092053553 0.9730020686509651, 
25, 0011111111, 0011111100, 0.6766380282870398, 0.9959618546715948, 0.0 0.0 0.0 0.00011196983942440577 0.0015786046009765918 0.02073575325020475 0.9775736723093942, 
26, 0011111100, 0011111100, 0.6765078961759846, 0.9947559588121535, 0.0 0.0 0.0 0.0 0.00041341847747502423 0.0306374101721291 0.9689491713503959, 
27, 0111111100, 0011111110, 0.6765056765438322, 0.9953353876760123, 0.0 0.0 0.0 0.0 0.0006803752113192706 0.026626923521287694 0.972692701267393, 
28, 0011111100, 1111111100, 0.6799074327953968, 0.9954476561148363, 0.0 0.0 0.0 0.0 0.00045349433929126525 0.026407074632399084 0.9731394310283097, 
29, 0011111100, 0011111100, 0.6788718031191736, 0.9953321011067003, 0.0 0.0 0.0 0.0 0.0009170082440650462 0.02617337687166715 0.9729096148842679, 
30, 0011111111, 0011111111, 0.6771322113180861, 0.9953465224533942, 0.0 0.0 0.0 0.0 0.0006426662619194813 0.026635532755796183 0.9727218009822843, 
31, 0011111100, 0011111110, 0.6774875847327162, 0.99522400038874, 0.0 0.0 0.0 0.0 0.0006830738969930012 0.027289849873574426 0.9720270762294325, 
32, 0111111111, 0011111100, 0.6771247126388952, 0.995320002585989, 0.0 0.0 0.0 0.0 0.0008558959994198168 0.02636819248522647 0.9727759115153537, 
33, 1111111110, 0111111110, 0.676229868122543, 0.9950605150417676, 0.0 0.0 0.0 0.0 0.0007804985622268631 0.028075912624940812 0.9711435888128322, 
34, 0011111100, 0011111100, 0.6770836318814574, 0.9948019844516433, 0.0 0.0 0.0 0.00017819483048200606 0.0015440203005831154 0.027565468197527556 0.9707123166714073, 
35, 0011111100, 0011111100, 0.6797344691738241, 0.9953439436309497, 0.0 0.0 0.0 0.0 0.00047608619038377485 0.02698416583353487 0.9725397479760813, 
36, 0011111100, 0011111110, 0.6774934749989645, 0.9948566257919542, 0.0 0.0 0.0 0.0 0.0005436479310581513 0.02977294938615885 0.9696834026827831, 
37, 0011111110, 0011111100, 0.677293190944295, 0.9951042213022236, 0.0 0.0 0.0 0.0 0.0002931630903414885 0.028788346005974623 0.970918490903684, 
38, 1111111100, 1111111100, 0.6786332203375249, 0.9955091323158107, 0.0 0.0 0.0 1.6532342760449364e-05 0.0007910893134565579 0.025313430449941166 0.9738789478938419, 
39, 0011111100, 0011111110, 0.6764249951689829, 0.9948708897103998, 0.0 0.0 0.0 0.0 0.000849189002534786 0.029076283732531367 0.9700745272649338, 
40, 0111111100, 0011111100, 0.6794858368981112, 0.9950735056607742, 0.0 0.0 0.0 0.0 0.0007376302019847006 0.02808370563138492 0.9711786641666303, 
41, 0011111100, 0011111100, 0.6779485937812664, 0.995249879344035, 0.0 0.0 0.0 0.0 0.0003500040117634336 0.02780071591226303 0.9718492800759736, 
42, 0011111110, 0011111100, 0.6773582313128357, 0.9954300272848798, 0.0 0.0 0.0 0.0 0.0007751152881180317 0.025869605714486106 0.9733552789973959, 
43, 1111111100, 0011111100, 0.6772925822222523, 0.9949479210555869, 0.0 0.0 0.0 0.0 0.001374958839391044 0.027562555987696895 0.971062485172912, 
44, 1111111100, 0011111100, 0.6774787040503449, 0.9952382573816834, 0.0 0.0 0.0 0.0 0.0012494572747223682 0.026071541160454462 0.9726790015648232, 
45, 0011111100, 0011111100, 0.6771471032865609, 0.9951450557600149, 0.0 0.0 0.0 0.0 0.00042755704596695443 0.02827455134797721 0.971297891606056, 
46, 0011111110, 1111111100, 0.6795054604250957, 0.9956353369970056, 0.0 0.0 0.0 0.0 0.0007670682955073032 0.024653841426951983 0.9745790902775406, 
47, 0011111110, 0111111110, 0.6775448957382092, 0.99510438654765, 0.0 0.0 0.0 0.0 0.000549308028468298 0.028275064657163403 0.9711756273143684, 
48, 0001111111, 1111111111, 0.6779033258740988, 0.9947250782338075, 0.0 0.0 0.0 0.0 0.0008838376482490697 0.029881855300656873 0.969234307051094, 
49, 0011111100, 0011111110, 0.6765153368435324, 0.994332077254855, 0.0 0.0 0.0 0.0 0.0007320156836461595 0.03254350510357851 0.9667244792127754, 
50, 0111111100, 0011111110, 0.6775535838629547, 0.9954170958054321, 0.0 0.0 0.0 0.0 0.0008367074205913696 0.02582401032622482 0.9733392822531839, 
51, 0011111100, 0011111100, 0.6762620654150127, 0.9947976646942576, 0.0 0.0 0.0 0.0 0.0008781968020138427 0.029457618230426266 0.9696641849675599, 
52, 0011111100, 0011111100, 0.6764972024844811, 0.9955423509867503, 0.0 0.0 0.0 0.0 0.0004693367553902807 0.025807220568717912 0.9737234426758918, 
53, 0011111100, 0111111100, 0.6760963333558706, 0.9957799744956701, 0.0 0.0 0.0 0.0 0.0002293581230559803 0.024861436779866693 0.9749092050970773, 
54, 0011111110, 0011111100, 0.6807336472955775, 0.9958545738025696, 0.0 0.0 0.0 0.0 0.0006191231914411839 0.02363431080170008 0.9757465660068587, 
55, 0111111111, 0011111111, 0.6801490435140565, 0.9949501135611181, 0.0 0.0 0.0 0.0 0.0008598005043189084 0.028579717624653604 0.9705604818710275, 
56, 0011111111, 0011111100, 0.6779854974360926, 0.9945717224341534, 0.0 0.0 0.0 2.2357085934167815e-05 0.0020609143630977754 0.02838076541108193 0.9695359631398861, 
57, 0011111100, 0111111100, 0.676587418005298, 0.9954116764433335, 0.0 0.0 0.0 0.0 0.0007840332151618531 0.025961874909674467 0.9732540918751637, 
58, 0011111100, 0011111100, 0.678204147436349, 0.9955000690437067, 0.0 0.0 0.0 0.0 0.0008134090586212702 0.025372767620517725 0.973813823320861, 
59, 0011111100, 0011111100, 0.6774396368180249, 0.9950299095213995, 0.0 0.0 0.0 0.0002185906555381275 0.0009996191442141788 0.027165532616559882 0.9716162575836879, 
60, 0011111100, 0011111100, 0.6768383954979792, 0.9959684111013177, 0.0 0.0 0.0 0.0 0.0004338051096223649 0.02332192317284862 0.9762442717175289, 
61, 0011111100, 0011111100, 0.6774745174866929, 0.9960473254838083, 0.0 0.0 0.0 0.0 8.547415924322036e-05 0.023545098778663447 0.9763694270620934, 
62, 0011111100, 0011111100, 0.6782430903890749, 0.9949613197599864, 0.0 0.0 0.0 0.0 0.0007581498437642766 0.028715781752553113 0.9705260684036826, 
63, 0011111100, 0011111111, 0.6789951714618359, 0.9959284271301108, 0.0 0.0 0.0 0.0 0.00035173045772558163 0.02372597630388481 0.9759222932383896, 
64, 0011111100, 0011111100, 0.6780330757378336, 0.9951425944936841, 0.0 0.0 0.0 0.0 0.001644915275278148 0.025854602487339395 0.9725004822373824, 
65, 0111111100, 0011111100, 0.6770475882649066, 0.9959910746623818, 0.0 0.0 0.0 0.0 0.0007864170972278287 0.022480717831253317 0.9767328650715188, 
66, 0011111110, 0111111000, 0.6778841114086487, 0.9948422296240232, 0.0 0.0 0.0 0.0 0.00036501061442519933 0.030216601027009724 0.9694183883585651, 
67, 0011111100, 0011111110, 0.676748775006882, 0.9940515866713235, 0.0 0.0 0.0 0.0 0.0010336374503952547 0.03362320507126825 0.9653431574783365, 
68, 0011111100, 0111111100, 0.6781028963050056, 0.9956677891261061, 0.0 0.0 0.0 0.0 0.0007051446430557114 0.02458297595725206 0.9747118793996923, 
69, 0011111100, 0011111110, 0.6785167791503772, 0.9955730456260089, 0.0 0.0 0.0 0.0 0.0008378507939075749 0.024886024656132284 0.97427612454996, 
70, 0011111100, 0011111100, 0.6775228866422164, 0.9948817835638901, 0.0 0.0 7.632412468138194e-06 0.00022074077145269936 0.0010412623033436653 0.027934022045741573 0.9707963424669939, 
71, 1111111100, 0011111110, 0.6768232786096874, 0.9942646224134439, 0.0 0.0 0.0 0.0 0.0013667064017410361 0.03167885271585541 0.9669544408824037, 
72, 0011111110, 0011111100, 0.6763532632497966, 0.9951231218327378, 0.0 0.0 0.0 0.0 0.0017602891295679622 0.025740690744437515 0.9724990201259944, 
73, 0111111110, 0111111100, 0.6767380413468317, 0.9958484053067054, 0.0 0.0 0.0 0.0 0.0012084613413874308 0.022492645476992035 0.9762988931816206, 
74, 0011111110, 0011111100, 0.6791327460638539, 0.99550527322657, 0.0 0.0 0.0 0.0 2.1769015741802394e-05 0.02692482260909572 0.9730534083751625, 
75, 0111111100, 0111111100, 0.6784425673048642, 0.9960005450599225, 0.0 0.0 0.0 3.6328252660319914e-05 0.0011858358280397595 0.02151607322640415 0.9772617626928959, 
76, 0011111100, 0111111111, 0.6793609836109592, 0.9958472081933052, 0.0 0.0 0.0 0.0 0.0007454205793441476 0.023425909681479572 0.9758286697391763, 
77, 0111111100, 0111111100, 0.6759306679050655, 0.994035173463155, 0.0 0.0 0.0 7.319132739191963e-05 0.00266191401225283 0.030245557214388565 0.9670193374459667, 
78, 0111111100, 0011111110, 0.6793036248867258, 0.9948251265350103, 0.0 0.0 0.0 0.0 0.0003650446642595032 0.03031915146141928 0.9693158038743213, 
79, 1111111100, 0011111110, 0.6767590049297136, 0.9949095310762324, 0.0 0.0 0.0 0.0 0.001564524218821898 0.02741376510496216 0.9710217106762159, 
80, 1111111100, 0111111100, 0.6783737371394297, 0.9956025129645251, 0.0 0.0 0.0 0.0 0.0001541927390879889 0.026076536734673042 0.973769270526239, 
81, 0011111110, 0011111100, 0.677309078983967, 0.9952773491491734, 0.0 0.0 0.0 0.0 0.0014977217336257474 0.025340461637708186 0.9731618166286661, 
82, 0111111100, 0011111100, 0.678274658965325, 0.9946960737613777, 0.0 0.0 0.0 0.0 0.001013205201516971 0.02979714702870113 0.969189647769782, 
83, 0011111100, 0011111100, 0.6782530943476057, 0.9954683028833785, 0.0 0.0 0.0 0.0 0.000759449872329196 0.025671282955070606 0.9735692671726002, 
84, 0011111100, 0011111100, 0.6777437391071136, 0.9944684896642246, 0.0 0.0 0.0 0.0 0.0021870741220505747 0.028814913770551388 0.9689980121073981, 
85, 1111111100, 0011111100, 0.6788608451696659, 0.9947925943834528, 0.0 0.0 0.0 8.811508712212244e-05 0.0003207038852819942 0.030338680667352957 0.9692525003602429, 
86, 0011111110, 0011111100, 0.6763288418022712, 0.9961084861016801, 0.0 0.0 0.0 0.0 0.00016801234934312956 0.02301305869123297 0.9768189289594238, 
87, 0011111100, 0011111100, 0.6771141043369089, 0.9945934217241681, 0.0 0.0 0.0 0.0 0.0016486925773380376 0.029142084500315954 0.969209222922346, 
88, 0111111110, 0011111100, 0.6761761468791225, 0.9948541575095498, 0.0 0.0 0.0 0.00019555963394375073 0.0012626739358647379 0.027763028169140922 0.9707787382610507, 
89, 0111111100, 0011111100, 0.676231147988648, 0.9952061495598153, 0.0 0.0 0.0 0.0 0.0006098375563735266 0.027543427528360493 0.971846734915266, 
90, 0111111111, 0011111100, 0.6755950934156228, 0.9950980950194163, 0.0 0.0 0.0 0.0 0.00023826239374277134 0.028934905096017302 0.9708268325102399, 
91, 0011111100, 0011111111, 0.6760555845128308, 0.9949246938577501, 0.0 0.0 0.0 0.0 0.00022948132684677837 0.029992874199806275 0.9697776444733469, 
92, 0011111100, 0011111100, 0.6782597747045921, 0.9954900183424353, 0.0 0.0 0.0 0.0 0.0015175611645409889 0.024024767616305443 0.9744576712191535, 
93, 0111111100, 0011111100, 0.6777049382807282, 0.9957140643377114, 0.0 0.0 0.0 0.0 0.0005411505079831679 0.02463331295776552 0.9748255365342514, 
94, 1111111100, 0011111100, 0.6752965395881861, 0.9948490736062386, 0.0 0.0 0.0 0.0 0.00037699263718353845 0.030151573088201374 0.9694714342746151, 
95, 1111111100, 1111111110, 0.6778111606097197, 0.9952090914377693, 0.0 0.0 0.0 0.0 0.0003557251384481149 0.028034001096487873 0.9716102737650639, 
96, 0011111100, 0011111110, 0.6766869982494947, 0.9952467364239873, 0.0 0.0 0.0 0.0 0.0005875107588380148 0.027344559938401018 0.972067929302761, 
97, 0111111100, 1111111100, 0.6793887399234888, 0.9953568521229756, 0.0 0.0 0.0 0.0 0.00064230071139926 0.026574285839347227 0.9727834134492535, 
98, 0011111100, 0111111100, 0.6761174281842804, 0.9949167473918663, 0.0 0.0 0.0 0.0 0.0009901643625548693 0.028519186923692607 0.9704906487137525, 
99, 0011111100, 0111111110, 0.6777241385870147, 0.9949458442793379, 0.0 0.0 0.0 0.0 0.0009514911435680729 0.028421952036836094 0.9706265568195959, 
100, 0011111100, 0011111100, 0.6797277829892837, 0.9960205407850404, 0.0 0.0 0.0 0.0 0.0008538004199258486 0.022169154449905488 0.9769770451301687, 
run, initial grid state, final grid state, mean grid cell occupancy, mean binding site occupancy, fraction of time with N TFs bound, warning
1, 0011111110, 0111111100, 0.6760804784498918, 0.9955781355252582, 0.0 0.0 0.0 0.0 0.0007881083233073779 0.02495497020183689 0.9742569214748558, 
2, 0011111100, 0111111100, 0.6761691879031401, 0.9944838179020066, 0.0 0.0 0.0 0.0 0.0015311013246530971 0.030034889938654514 0.9684340087366924, 
3, 0011111100, 0111111100, 0.6782488621179292, 0.9954801199613418, 0.0 0.0 0.0 0.0 0.0002858363269628797 0.026547607578023186 0.9731665560950139, 
4, 0011111100, 0011111100, 0.6777673608602026, 0.995642997436848, 0.0 0.0 0.0 0.0 0.0002535136031220073 0.025634988172667853 0.9741114982242102, 
5, 0011111110, 0011111111, 0.6760694252685031, 0.9952100066715259, 0.0 0.0 0.0 5.2680658290499724e-06 0.0007909892664966695 0.027142177240364124 0.9720615654273103, 
6, 0011111100, 0111111100, 0.6784715739710457, 0.995764714923206, 0.0 0.0 0.0 0.0 0.0003633794361749007 0.024684951588414612 0.9749516689754104, 
7, 0011111100, 0011111100, 0.6761172634471153, 0.994988557662055, 0.0 0.0 0.0 4.724725752523967e-05 0.0007146827953485931 0.028497546664397903 0.9707405232827282, 
8, 0011111110, 0011111110, 0.6769715962361839, 0.9945249038984258, 0.0 0.0 0.0 0.0 0.0016219644822529381 0.029606647644939043 0.968771387872808, 
9, 1111111100, 0111111110, 0.6775747704525207, 0.9953182454569606, 0.0 0.0 0.0 0.0 0.0004285116241078717 0.0272335040100211 0.9723379843658709, 
10, 0111111100, 0011111100, 0.6765205474758308, 0.9955886098852054, 0.0 0.0 0.0 0.0 0.0008600771653870314 0.024748186357993394 0.9743917364766196, 
11, 0011111100, 0111111100, 0.6777628625193318, 0.9950608855564376, 0.0 0.0 0.0 0.0 7.724255071884108e-05 0.029480201559937323 0.9704425558893438, 
12, 0011111100, 0011111100, 0.6789872309758017, 0.9959185744470257, 0.0 0.0 0.0 0.0 0.00022216399280996547 0.0240442253322256 0.9757336106749644, 
13, 1111111100, 1111111110, 0.6782998249081817, 0.9950959689889793, 0.0 0.0 0.0 0.0 0.0006486404234614684 0.02812690521920118 0.9712244543573374, 
14, 0011111100, 0011111100, 0.678000750424244, 0.9959947109356114, 0.0 0.0 6.508913449205103e-05 0.00019245842586982815 0.0009345650853787858 0.021324872399996714 0.9774830149542627, 
15, 0011111100, 0011111100, 0.6760967901438175, 0.9955225595421873, 0.0 0.0 0.0 0.0 0.0007786889663208524 0.025307264814234162 0.9739140462194451, 
16, 0011111100, 0011111111, 0.6768272534766611, 0.995741944629611, 0.0 0.0 0.0 0.0 0.00025451084637051534 0.025039310529592955 0.9747061786240365, 
17, 0011111100, 0011111110, 0.6783365607296306, 0.9958157548817221, 0.0 0.0 0.0 0.0 0.0010531611364952508 0.02299914843667677 0.9759476904268279, 
18, 0011111100, 0011111100, 0.6786329225069319, 0.9957474302042089, 0.0 0.0 0.0 0.0 0.00039142178060338605 0.02473257521354046 0.9748760030058562, 
19, 0111111100, 0111111100, 0.6781953325742108, 0.995380480760749, 0.0 0.0 0.0 0.0 0.00011668740842694327 0.02748374061865117 0.9723995719729219, 
20, 0111111100, 0011111100, 0.6768734318105981, 0.9947840629861867, 0.0 0.0 0.0 0.0 0.001005199488324821 0.029285223106231335 0.9697095774054438, 
21, 0001111111, 0011111100, 0.6762489154492624, 0.9939296163986895, 0.0 0.0 0.0 0.0002686046580380485 0.0010867975235901558 0.03344289258656831 0.9652017052318035, 
22, 1111111100, 0011111100, 0.6774130500134726, 0.9956534826341271, 0.0 0.0 0.0 0.0 0.0007925185661809429 0.024494067062875685 0.9747134143709434, 
23, 0011111110, 1111111100, 0.6780000968883788, 0.9951880469620654, 0.0 0.0 0.0 0.0 0.00040879678319783434 0.028054124661211047 0.9715370785555911, 
24, 0111111100, 0011111111, 0.6784856962841549, 0.9943999339147361, 0.0 0.0 0.0 0.0 0.0007075457172748525 0.03218530507703368 0.9671071492056914, 
25, 0011111100, 0111111100, 0.6776822370002711, 0.9953184867980234, 0.0 0.0 0.0 1.308708486318588e-05 0.0006069993959137371 0.02683581916544258 0.9725440943537805, 
26, 0011111000, 0011111100, 0.676661243145963, 0.9946326837349252, 0.0 0.0 0.0 0.0 0.0003371660518423148 0.031529565486763535 0.9681332684613942, 
27, 1111111100, 0011111100, 0.6779940682767971, 0.9953416751576711, 0.0 0.0 0.0 0.0 0.0004123969520710763 0.027125155149831624 0.9724624478980972, 
28, 0111111111, 0001111100, 0.6756325301655052, 0.9949844975924768, 0.0 0.0 0.0 0.0 0.0006830689264096816 0.02872687659232029 0.9705900544812701, 
29, 0011111100, 0011111110, 0.6790101058780883, 0.9951419036634054, 0.0 0.0 0.0 0.0 0.0008796069913783881 0.02738936403681138 0.9717310289718102, 
30, 0011111100, 0011111100, 0.6766336155144246, 0.9947409928770936, 0.0 0.0 0.0 0.0 0.0010136267673522517 0.029526789202733397 0.9694595840299144, 
31, 1111111100, 0011111100, 0.6755298956523611, 0.9953135701715498, 0.0 0.0 0.0 0.0 0.0004224822367975683 0.02727361449710631 0.9723039032660962, 
32, 0011111100, 0011111110, 0.6783198129067605, 0.9953691932241852, 0.0 0.0 0.0 0.0 0.0006240449934188524 0.026536750668051133 0.97283920433853, 
33, 0011111100, 0011111100, 0.6789972003298872, 0.9954815496789474, 0.0 0.0 0.0 0.0 0.0005867189570697432 0.025937264012175113 0.9734760170307553, 
34, 1111111100, 0011111100, 0.6784081115097772, 0.9947127429215296, 0.0 0.0 0.0 9.395263068573814e-05 0.0014738018073830433 0.028494080963999444 0.9699381645979318, 
35, 0011111100, 1111111100, 0.6771687214151382, 0.9954748292392734, 0.0 0.0 0.0 0.0 0.00015111568881239209 0.026848793186734488 0.9730000911244531, 
36, 1111111100, 0011111100, 0.6791291253413566, 0.9949136162515225, 0.0 0.0 0.0 0.0 0.0004610209599765141 0.029596260570911755 0.9699427184691117, 
37, 0011111110, 0111111100, 0.677963104574267, 0.9947413937667919, 0.0 0.0 0.0 5.3437691806980534e-05 0.0003398822061094996 0.030711559911609 0.9688951201904745, 
38, 0011111100, 0011111110, 0.6779277815837097, 0.9957641747063516, 0.0 0.0 0.0 0.0 8.763139286129246e-05 0.025239688976167036 0.9746726796309717, 
39, 0011111100, 0011111111, 0.680020297048885, 0.9957784209858566, 0.0 0.0 0.0 0.0 0.0005990891308692523 0.024131295823122477 0.9752696150460082, 
40, 0011111100, 0011111100, 0.6789271316227316, 0.9957183895714292, 0.0 0.0 0.0 0.0 0.00018896221244244345 0.025311738146539937 0.9744992996410177, 
41, 0011111100, 0111111100, 0.6784368200532589, 0.9958374978691582, 0.0 0.0 0.0 0.0 0.0004750123844677777 0.02402498801611419 0.9754999995994179, 
42, 1111111100, 1111111110, 0.6785516733409993, 0.9951187522029156, 0.0 0.0 0.0 0.0 0.0011645279667469432 0.026958430849011866 0.9718770411842412, 
43, 0011111110, 0011111100, 0.6761362955325063, 0.9947174132713268, 0.0 0.0 0.0 3.3994182229382646e-05 0.0009271528946342354 0.029739232036082575 0.9692996208870538, 
44, 0011111100, 0111111100, 0.6748493531637363, 0.9941844938097603, 0.0 0.0 0.0 0.0 0.0005784063783610434 0.03373622438471522 0.9656853692369237, 
45, 0111111100, 0011111100, 0.678769860859141, 0.9951116706763261, 0.0 0.0 0.0 0.0 8.497899702299208e-05 0.029160017947997326 0.9707550030549796, 
46, 0011111100, 0011111100, 0.6796699121911471, 0.9952790922582677, 0.0 0.0 0.0 0.0 0.0015124293355597766 0.025300587779274658 0.9731869828851656, 
47, 0011111110, 0011111100, 0.6766842456036107, 0.9944047996633166, 0.0 0.0 0.0 0.0 0.00032974452621763656 0.032911712967664854 0.9667585425061175, 
48, 0011111111, 0111111100, 0.6771862894014059, 0.9952246623472645, 0.0 0.0 0.0 0.0 0.0003523257890257381 0.027947374338362328 0.971700299872612, 
49, 0011111100, 0111111100, 0.6763218500123827, 0.9948640770839121, 0.0 0.0 0.0 0.0 0.0005393592529434817 0.029736818990640856 0.9697238217564157, 
50, 0011111100, 0011111111, 0.6754764701658612, 0.9955624736119091, 0.0 0.0 0.0 0.0 0.0003908835460928224 0.025843391236360126 0.973765725217547, 
51, 0011111110, 0111111100, 0.6763223152464888, 0.994199670550516, 0.0 0.0 0.0 0.0 0.0010870158146807124 0.032627945067542304 0.966285039117777, 
52, 1111111110, 0011111110, 0.677437129815223, 0.9952272757217262, 0.0 0.0 0.0 0.0 0.00010277121523536386 0.028430803239172193 0.9714664255455924, 
53, 0011111110, 0011111100, 0.677076810706686, 0.995573777522483, 0.0 0.0 0.0 0.000132174488565198 0.001095902002076705 0.023969007395253174 0.9748029161141049, 
54, 0011111111, 0011111110, 0.6785425276919365, 0.9947118996507396, 0.0 0.0 0.0 0.0 0.0003561268827647538 0.03101634833003277 0.9686275247872025, 
55, 0011111110, 0011111100, 0.6789441736322458, 0.995679254378113, 0.0 0.0 0.0 0.0 0.0002796580163195019 0.025365157698683558 0.974355184284997, 
56, 0111111110, 1111111100, 0.6765555304542649, 0.9952591555441465, 0.0 0.0 0.0 0.0 0.00040622268235297423 0.027632621370414993 0.9719611559472321, 
57, 1111111100, 0011111100, 0.6789798750063807, 0.9958003397172386, 0.0 0.0 0.0 0.0 0.0003485595490317756 0.02450084259850488 0.9751505978524634, 
58, 0011111110, 0011111110, 0.6778284231899274, 0.9952231281425528, 0.0 0.0 0.00011889132999102273 0.00035584814430855564 0.0004582202400406485 0.02620168091171252 0.9728653593739474, 
59, 0111111100, 0011111110, 0.6754491636799526, 0.9948834729983429, 0.0 0.0 0.0 0.0 0.0006688279650046913 0.02936150607993395 0.9699696659550614, 
60, 0111111100, 0011111100, 0.6763533802031276, 0.9953772784696459, 0.0 0.0 0.0 0.0 0.000535374337330347 0.026665580507463836 0.9727990451552059, 
61, 0011111100, 0011111110, 0.6772978699337108, 0.9948734548383391, 0.0 0.0 0.0 0.0 0.0011216692332581394 0.028515932503448613 0.9703623982632932, 
62, 1111111100, 0011111100, 0.6787224569237519, 0.995496060387887, 0.0 0.0 0.0 0.0 0.0008193002356958672 0.025385037201286778 0.9737956625630173, 
63, 0011111100, 0011111100, 0.6773107697892782, 0.9952009478765695, 0.0 0.0 0.0 0.0 0.00026190089717185566 0.028270510946239533 0.9714675881565885, 
64, 0111111100, 0011111110, 0.6778986416110344, 0.996082075799884, 0.0 0.0 0.0 0.0 0.00016648890956566444 0.023174567381563815 0.9766589437088705, 
65, 0011111000, 0111111100, 0.6789862477567151, 0.9951957528838974, 0.0 0.0 0.0 0.0 0.00019500408668461297 0.028435474523245765 0.9713695213900697, 
66, 0011111100, 0011111111, 0.6788078798777676, 0.9951067954445696, 0.0 0.0 0.0 0.00020254862383865173 0.0009033452670924294 0.026944890926881394 0.9719492151821875, 
67, 0011111100, 0011111100, 0.6789569154150741, 0.9956382268946675, 0.0 0.0 0.0 0.0 0.0006250725078296093 0.024920493616336453 0.9744544338758341, 
68, 1111111110, 0111111111, 0.6761048503059731, 0.9955438292850232, 0.0 0.0 0.0 0.0 0.00035724441634978565 0.026022535457161704 0.9736202201264884, 
69, 0011111100, 0011111100, 0.6766393828958764, 0.9950773714736597, 0.0 0.0 0.0 0.0 0.0008818279943768892 0.02777211516928819 0.971346056836335, 
70, 0011111100, 0111111100, 0.6769638075882405, 0.9955390453873129, 0.0 0.0 0.0 6.347179280633018e-05 0.0005466544913423345 0.025482003315018667 0.9739078704008327, 
71, 0011111100, 0111111100, 0.6760112414437092, 0.9956058865417631, 0.0 0.0 0.0 0.0 0.0007934275368997028 0.02477782567562254 0.9744287467874777, 
72, 0111111100, 0011111110, 0.6782205703887169, 0.9951812947794341, 0.0 0.0 0.0 0.0 0.000454420128233603 0.028003391066928694 0.9715421888048378, 
73, 0011111110, 0011111100, 0.6755743954019399, 0.9946517175280747, 0.0 0.0 0.0 2.2643544322025204e-05 0.0008157695689103148 0.03039022506076449 0.9687713618260032, 
74, 0011111100, 0111111110, 0.6791955726177467, 0.9956874383274634, 0.0 0.0 0.0 0.0 0.0002985937916840116 0.025278182451851053 0.9744232237564648, 
75, 0011111110, 0111111110, 0.6766897230463005, 0.9951230315388772, 0.0 0.0 0.0 0.0 0.000249549252849505 0.028762712261038336 0.9709877384861121, 
76, 1111111100, 0111111100, 0.678908269407473, 0.9957288980380028, 0.0 0.0 0.0 0.0 0.0009913022486528894 0.02364400727467707 0.9753646904766701, 
77, 0011111100, 0011111100, 0.6738822994730822, 0.9946497917687006, 0.0 0.0 0.0 0.0 0.001404786439463127 0.029291676508869737 0.9693035370516672, 
78, 0011111100, 0011111100, 0.6775931081525489, 0.995447098079444, 0.0 0.0 0.0 0.00022722385655772116 0.0009288044991130487 0.024778130955436763 0.9740658406888925, 
79, 1111111100, 0011111100, 0.6785121634883834, 0.995836860483121, 0.0 0.0 0.0 0.0 0.00035683713216117446 0.02426516283695173 0.9753780000308871, 
80, 0011111100, 1111111111, 0.6775903673020741, 0.994933322236534, 0.0 0.0 0.0 0.00014303342791023707 0.0008912634665949073 0.028188439363875863 0.970777263741619, 
81, 0011111100, 0011111100, 0.6790987398937443, 0.9952974361562781, 0.0 0.0 0.0 0.0 0.0014002186465598926 0.025414945769211966 0.9731848355842282, 
82, 0011111100, 0011111100, 0.6787969142963468, 0.9952342977276648, 0.0 0.0 0.0 0.0 0.0009892690744122577 0.02661567548518716 0.9723950554404006, 
83, 0011111100, 0011111100, 0.6772321299473854, 0.9952557830214217, 0.0 0.0 0.0 0.0 0.0011770434857788282 0.026111214899912638 0.9727117416143086, 
84, 0011111111, 0011111100, 0.6768842723832756, 0.9944044535030286, 0.0 0.0 0.0 0.0 0.0011086169805930696 0.031356045020641855 0.9675353379987651, 
85, 0111111110, 0011111100, 0.6764267929428667, 0.9957740376179066, 0.0 0.0 0.0 0.0 0.0005173498290732928 0.024321074634414065 0.9751615755365126, 
86, 0011111100, 0011111100, 0.6779474743862426, 0.9948716993754435, 0.0 0.0 0.0 0.0 0.0007995124952275979 0.02917077875688395 0.9700297087478884, 
87, 0111111100, 0011111100, 0.677844413849895, 0.9952706480531923, 0.0 0.0 0.0 8.742696620509738e-06 0.000760519111969329 0.026828845367045877 0.9724018928243643, 
88, 0011111100, 0011111100, 0.6760401483850691, 0.994254233368753, 0.0 0.0 0.0 0.0 0.0006032475164651302 0.033268104754552254 0.9661286477289827, 
89, 0011111110, 0011111111, 0.6769984370933038, 0.9953753640899693, 0.0 0.0 0.0 0.0 0.0003945220570257731 0.026958771346132334 0.9726467065968419, 
90, 0011111100, 0011111111, 0.6762696633671763, 0.994736683357874, 0.0 0.0 0.0 0.0 0.0014559739382251386 0.028667951976306394 0.9698760740854685, 
91, 0011111100, 0111111100, 0.6771385370786157, 0.995573472337614, 0.0 0.0 0.0 5.012039624906721e-05 0.000800551537534119 0.02480770171050111 0.9743416263557158, 
92, 0011111100, 0111111100, 0.6765070567110306, 0.9943016204896272, 0.0 0.0 0.0 2.2420507663772218e-05 0.0009084662514079184 0.032306083036429165 0.9667630302044992, 
93, 0011111100, 1111111100, 0.6755060843372256, 0.9943768016116205, 0.0 0.0 0.0 9.557514800446373e-05 0.0010651498803460314 0.03132216512557186 0.9675171098460776, 
94, 0011111100, 0011111110, 0.6790322802775397, 0.9953680569126784, 0.0 0.0 0.0 0.0 0.0003061050127455308 0.027179448498438005 0.9725144464888165, 
95, 0011111100, 0011111100, 0.6776554592880507, 0.9952200732022579, 0.0 0.0 0.0 0.0 0.0013093470699094413 0.026060866646633388 0.9726297862834572, 
96, 0011111100, 0111111100, 0.6776173174039786, 0.9949771512509205, 0.0 0.0 0.0 0.0 0.0016090534163481422 0.02691898566178085 0.9714719609218709, 
97, 0011111100, 0111111110, 0.678189456236257, 0.99582032011366, 0.0 0.0 0.0 7.630596466291517e-07 0.00036802384983925586 0.024339742439422368 0.9752914706510918, 
98, 0111111110, 0111111100, 0.6759865087589725, 0.9948327028050425, 0.0 0.0 0.0 0.0 0.00040525183290685923 0.03019327950393184 0.9694014686631613, 
99, 0111111100, 0011111100, 0.6789746494775339, 0.9953778495598861, 0.0 0.0 0.0 0.0 0.0008522477968138544 0.02602840704705601 0.9731193451561301, 
100, 0011111100, 1111111100, 0.6775201121375851, 0.9942690979240844, 0.0 0.0 0.0 0.0 0.0013046136850065702 0.03177618508548069 0.9669192012295128, 
run, initial grid state, final grid state, mean grid cell occupancy, mean binding site occupancy, fraction of time with N TFs bound, warning
1, 0011111111, 0011111100, 0.6788143063482193, 0.9951270560294759, 0.0 0.0 0.0 0.0 0.0007844305968435037 0.027668802629457215 0.9715467667736992, 
2, 0011111111, 0011111100, 0.6776532282453778, 0.9944423753475642, 0.0 0.0 0.0 0.0 0.0009449735921029675 0.031455800730408996 0.9675992256774881, 
3, 1111111100, 1111111000, 0.6759976360773166, 0.9946787372066049, 0.0 0.0 0.0 0.0 0.0013205597200100672 0.029286457320350644 0.9693929829596393, 
4, 0011111100, 0011111110, 0.6782216545653079, 0.9960041944424811, 0.0 0.0 0.0 0.0 0.0010329958568267453 0.021908841631459876 0.9770581625117134, 
5, 0011111100, 0011111100, 0.6774412414741495, 0.9946581791871576, 0.0 0.0 0.0 0.0 0.0007563195608629072 0.030538285755329134 0.9687053946838079, 
6, 0011111110, 0111111100, 0.6764670623044423, 0.9956931412102853, 0.0 0.0 0.0 0.0 0.0007020195855042196 0.024437113567281142 0.9748608668472146, 
7, 0011111110, 0011111100, 0.6766629642202938, 0.9948185328603476, 0.0 0.0 0.0 0.0 0.0013089595564447377 0.028470883725024626 0.9702201567185307, 
8, 0011111100, 0111111100, 0.6771577369276627, 0.9951451588603972, 0.0 0.0 0.0 0.0 0.0004983217262169151 0.028132403385183052 0.9713692748886, 
9, 0111111110, 0011111110, 0.6786883386667818, 0.9955421929933298, 0.0 0.0 0.0 0.0 0.0007021610935568259 0.025342519852906958 0.9739553190535362, 
10, 0011111100, 0011111100, 0.6761300900576809, 0.9953587703902368, 0.0 0.0 0.0 0.0 0.0005086532028345834 0.02683007125290998 0.9726612755442554, 
11, 0011111100, 0011111110, 0.6771941925487688, 0.995022518111282, 0.0 0.0 0.0 1.3387691421388159e-05 0.0008454652791116705 0.028133797699820082 0.9710073493296469, 
12, 0011111110, 0111111100, 0.6772777920513654, 0.9952551966513173, 0.0 0.0 0.0 0.00037263604620808643 0.0009003078787060861 0.025550296196059065 0.9731767598790267, 
13, 0011111100, 0011111100, 0.6775933484189777, 0.9954130707536559, 0.0 0.0 0.0 4.6542987606099666e-05 0.0007122059686125815 0.02595753457802106 0.9732837164657602, 
14, 1111111100, 0011111110, 0.6775558304837006, 0.9949795673880346, 0.0 0.0 0.0 0.0 0.0012995519953725308 0.02752349168104754 0.9711769563235799, 
15, 0011111110, 0011111100, 0.6767283614679969, 0.9949914457997181, 0.0 0.0 0.0 0.0 0.0005402561367473999 0.028970812928196376 0.9704889309350562, 
16, 0011111100, 0011111000, 0.677175580591043, 0.9946049391389294, 0.0 0.0 0.0 0.0 0.0005612388010370731 0.031247887564349996 0.968190873634613, 
17, 0011111111, 0011111100, 0.6785735748817822, 0.9956089037277646, 0.0 0.0 0.0 0.0 0.0006620147267931416 0.02502254817982657 0.9743154370933803, 
18, 1111111100, 0011111100, 0.6788227237330536, 0.9954197153773803, 0.0 0.0 0.0 0.0 0.001508532768191461 0.02446464219933541 0.9740268250324732, 
19, 1111111100, 0011111110, 0.6763682692570856, 0.9953548677037252, 0.0 0.0 0.0 0.0 3.81308907741592e-05 0.027794531996100772 0.9721673371131251, 
20, 0011111110, 0011111110, 0.6753251753914613, 0.9948395418262342, 0.0 0.0 0.0 0.0 0.0018615602178661452 0.02723962860686205 0.9708988111752718, 
21, 0011111100, 0111111100, 0.6771476665718164, 0.9948127025988016, 0.0 0.0 0.0 3.154164231351443e-05 0.0007127503535280056 0.029603658773194368 0.969652049230964, 
22, 0011111100, 0011111110, 0.676980242713322, 0.9956148529986693, 0.0 0.0 0.0 0.0 0.00048279029521368794 0.025345301417556806 0.9741719082872294, 
23, 0011111100, 0011111100, 0.6776074717034013, 0.995238629805316, 0.0 0.0 0.0 0.0 0.0008609507478904156 0.026846319672322986 0.9722927295797866, 
24, 0011111100, 0011111100, 0.6786442825713075, 0.9953629182870336, 0.0 0.0 0.0 0.00014367041081922392 0.0009065825497648403 0.025578313945811105 0.9733714330936049, 
25, 0111111100, 0011111100, 0.6745792786591619, 0.9948120611532676, 0.0 0.0 0.0 0.00019346904712012834 0.0019082987221487645 0.026730628494737126 0.9711676037359941, 
26, 0011111100, 0011111100, 0.6789563926612293, 0.9959649082813979, 0.0 0.0 0.0 0.0 0.0007916572408575528 0.02262723582989743 0.976581106929245, 
27, 0011111110, 0011111110, 0.677847011641836, 0.9952663099894313, 0.0 0.0 0.0 8.681393913562808e-05 0.0011074853431362836 0.02592672755973242 0.9728789731579957, 
28, 0111111100, 0111111110, 0.6779058896536312, 0.9950577526673217, 0.0 0.0 0.0 0.0 0.0016521017686107504 0.026349280458848354 0.9719986177725409, 
29, 1111111110, 0011111110, 0.6775814848186201, 0.99431427276066, 0.0 0.0 0.0 0.0 0.0015830169844812153 0.03094832946707736 0.9674686535484414, 
30, 0011111100, 0011111100, 0.6752014712346627, 0.9946447866567679, 0.0 0.0 0.0 0.0 0.0008957257054669728 0.03033982864845826 0.9687644456460748, 
31, 0011111100, 0111111100, 0.676845584896583, 0.9952292884973906, 0.0 0.0 0.0 0.0003693232983651615 0.0011961425434348413 0.025124014033692306 0.9733105201245077, 
32, 0111111110, 0111111100, 0.6782261375070638, 0.9955616791012069, 0.0 0.0 0.0 0.0 0.0012512321229533779 0.02412746114685201 0.9746213067301946, 
33, 1111111100, 0111111110, 0.6770723934170256, 0.9953504026440446, 0.0 0.0 0.0 0.000397259292051565 0.0004817255846192723 0.025742355090338204 0.973378660032991, 
34, 0011111100, 0111111110, 0.6771737604315151, 0.9952993454195415, 0.0 0.0 0.0 0.0 0.0004324804436768236 0.027338966595397925 0.9722285529609253, 
35, 0011111100, 0011111100, 0.676272174859012, 0.9951304917566722, 0.0 0.0 0.0 8.623717427821386e-07 0.0010553424315367496 0.027103777481665942 0.9718400177150546, 
36, 0011111100, 0011111100, 0.6763078122434204, 0.995123856508149, 0.0 0.0 0.0 0.0 0.001029198143598423 0.027198464663908815 0.9717723371924928, 
37, 0011111100, 0111111100, 0.6767195917148889, 0.9952597830211477, 0.0 0.0 0.0 0.0 0.0018176976352399085 0.024805906602633914 0.9733763957621262, 
38, 1111111110, 0111111110, 0.6771377093133212, 0.9949606889283686, 0.0 0.0 0.0 0.0 0.0011597436396051587 0.027916379150577476 0.9709238772098173, 
39, 0011111100, 0011111100, 0.6760814201448566, 0.994953857190944, 0.0 0.0 0.0 2.3447678785891757e-05 0.0008217801180665832 0.028562953581846517 0.970591818621301, 
40, 0111111100, 0011111100, 0.6783455726113007, 0.9955325674214011, 0.0 0.0 0.0 0.0 0.0006607564958511647 0.025483082479891155 0.9738561610242576, 
41, 0011111111, 0011111100, 0.6779470246105916, 0.9954197973998172, 0.0 0.0 0.0 0.0 0.0005407173872710409 0.026399780826555495 0.9730595017861735, 
42, 0011111100, 1111111100, 0.6781461158018276, 0.9946634503054314, 0.0 0.0 0.0 0.0 0.001292232672141322 0.02943483282312938 0.9692729345047293, 
43, 0111111110, 0011111100, 0.6760448838844121, 0.994201274893904, 0.0 0.0 0.0 0.0 0.0009433146406054141 0.03290572135536591 0.9661509640040287, 
44, 0011111110, 0011111100, 0.6759507540615801, 0.9943731253701844, 0.0 0.0 0.0 0.0004625349426049277 0.000726811020105027 0.030920020910869147 0.9678906331264209, 
45, 0011111100, 0011111110, 0.6753941008744826, 0.9946554346997699, 0.0 0.0 0.0 0.0 0.0012059484669652864 0.02965549486744936 0.9691385566655853, 
46, 0011111110, 0011111111, 0.6763789876559225, 0.9946095544667799, 0.0 0.0 0.0 0.0 0.0008973729959674675 0.030547927207386003 0.9685546997966465, 
47, 1111111100, 0011111100, 0.6791665845821764, 0.994936164044729, 0.0 0.0 0.0 0.0 0.001487693108956686 0.027407629513712558 0.9711046773773306, 
48, 0011111100, 0011111100, 0.678692923464299, 0.9956222525552333, 0.0 0.0 0.0 0.0 0.00043128199751592814 0.02540392067356854 0.9741647973289155, 
49, 0111111100, 1111111100, 0.6790820960717484, 0.995077440858246, 0.0 0.0 0.0 0.0 0.0013398996154011713 0.026855555619720868 0.971804544764878, 
50, 0001111100, 0111111100, 0.6767405821749625, 0.9941973746450502, 0.0 0.0 0.0 0.0 0.0005198087768853703 0.033776134575927964 0.9657040566471866, 
51, 0011111100, 0111111100, 0.678810908911131, 0.9945652287472668, 0.0 0.0 0.0 0.0 0.0004977725382685873 0.031613082439862335 0.9678891450218691, 
52, 0011111110, 0111111100, 0.6751777919100276, 0.995246345543015, 0.0 0.0 0.0 0.0 0.0007237674745936052 0.027074391792721846 0.9722018407326845, 
53, 0011111100, 0011111111, 0.6765341273800404, 0.9951363028664869, 0.0 0.0 0.0 0.0 0.0005787326387811647 0.02802471752351645 0.9713965498377023, 
54, 0011111100, 0111111110, 0.6778846156110266, 0.9939703195388221, 0.0 0.0 0.0 0.00017906298743032272 0.0006620512345964177 0.034316791335584386 0.9648420944423889, 
55, 0111111100, 0011111110, 0.6770409770732861, 0.9955577047525828, 0.0 0.0 0.0 0.0 0.0005767728672283177 0.025500225750047813 0.9739230013827239, 
56, 0001111110, 1111111111, 0.6783509238693278, 0.9948856453942162, 0.0 0.0 0.0 0.0 0.0002905944655731178 0.03010493870355661 0.9696044668308703, 
57, 0011111100, 0011111111, 0.6780485436553718, 0.9950174028227226, 0.0 0.0 0.0 0.0 0.001133410651063692 0.027628761761537193 0.9712378275873992, 
58, 0011111110, 0011111100, 0.6789062603373672, 0.9954754937625762, 0.0 0.0 0.0 0.0 0.000628663198067191 0.0258897110284081 0.9734816257735247, 
59, 0011111100, 0111111100, 0.6770541761250024, 0.9949694273560982, 0.0 0.0 0.0 0.0 0.0007892180689637788 0.028604999725483637 0.9706057822055526, 
60, 0011111110, 0011111000, 0.6749042670776437, 0.995232406149216, 0.0 0.0 0.0 0.0 0.0003680605575657742 0.027869441989572388 0.9717624974528618, 
61, 0011111111, 0011111100, 0.6786246516719968, 0.9954042754459737, 0.0 0.0 0.0 0.0 0.000700902787731641 0.026172541748695443 0.973126555463573, 
62, 0011111100, 0011111100, 0.6780754049101799, 0.9958362246333043, 0.0 0.0 0.0 0.0 0.0005719176747060105 0.02383881685076197 0.975589265474532, 
63, 0111111100, 0011111100, 0.6764016272774205, 0.9946127590530529, 0.0 0.0 0.0 0.0 0.0011749771938305525 0.029973491294021888 0.9688515315121475, 
64, 0011111110, 0111111110, 0.6765953049427063, 0.9951052998102017, 0.0 0.0 0.0 0.0 0.000864502982431423 0.02763919517392792 0.9714963018436407, 
65, 0111111110, 0011111100, 0.6790007105410261, 0.9945227485606857, 0.0 0.0 0.0 0.0 0.0007375961629663744 0.03138831630995301 0.9678740875270806, 
66, 0011111100, 0011111110, 0.6766937278405545, 0.9957576791094077, 0.0 0.0 0.0 0.0 0.0003602083498292877 0.024733508643895563 0.974906283006275, 
67, 0011111110, 0011111100, 0.677977686390544, 0.9956882482837506, 0.0 0.0 0.0 0.0 0.00045103586500702865 0.02496843856748196 0.9745805255675111, 
68, 0011111100, 0011111100, 0.6802425911362804, 0.9952100749727436, 0.0 0.0 0.0 3.6413241494269594e-05 0.001283004346083516 0.02606430174688803 0.9726162806655342, 
69, 0011111100, 0011111100, 0.676865121474064, 0.995292513634238, 0.0 0.0 0.0 0.0 0.00041168860016104717 0.027421540994250444 0.9721667704055885, 
70, 0011111110, 0011111110, 0.6768828180235564, 0.995184665260847, 0.0 0.0 0.0 0.0 0.0006867321482381366 0.027518544138440716 0.9717947237133211, 
71, 0011111110, 0011111100, 0.6765960870491831, 0.9940682543207374, 0.0 0.0 0.0 0.0 0.0002816282109123823 0.035027217653750636 0.964691154135337, 
72, 0011111110, 0011111100, 0.6778817753165122, 0.9953530928847837, 0.0 0.0 0.0 3.568706433466502e-05 0.0005609761651848895 0.02665242916792447 0.972750907602556, 
73, 0011111111, 0011111100, 0.6763792247759441, 0.993756795377647, 0.0 0.0 0.0 7.836897398789723e-05 0.0017796788327240445 0.03366476314670612 0.964477189046582, 
74, 0011111100, 0011111100, 0.6777876909745102, 0.9962935405592155, 0.0 0.0 0.0 0.0 0.00012730754737331752 0.021984141549960565 0.9778885509026661, 
75, 0011111100, 0011111100, 0.6769047321656192, 0.994826015389871, 0.0 0.0 0.0 0.0 3.646142128751391e-05 0.0309709848181995 0.968992553760513, 
76, 0011111100, 1111111100, 0.6785231241515588, 0.995294903821121, 0.0 0.0 0.0 0.0 0.0012215806549112143 0.025787415763451994 0.9729910035816367, 
77, 0011111100, 0011111110, 0.6779956590069736, 0.9950285540469173, 0.0 0.0 0.0 0.0 0.001018561531919099 0.027791552654657877 0.9711898858134231, 
78, 0011111111, 0011111100, 0.6783345651756509, 0.9944274008946484, 0.0 0.0 0.0 7.601432229053406e-06 0.0004850648961303347 0.032442660543161715 0.9670646731284789, 
79, 0011111100, 0111111100, 0.6778877687049717, 0.995350793945347, 0.0 0.0 0.0 0.0 0.0007807237126169885 0.02633378890268427 0.9728854873846987, 
80, 0011111110, 0011111100, 0.6754845126125314, 0.9952769296646814, 0.0 0.0 0.0 0.0 0.0002109577968489272 0.02791650641821305 0.9718725357849382, 
81, 0011111100, 0011111111, 0.6784046752004951, 0.9954095969716001, 0.0 0.0 0.0 0.0 0.00027557799325136906 0.026991262183896043 0.9727331598228526, 
82, 0111111100, 1111111100, 0.6767681105470245, 0.9950065492638391, 0.0 0.0 0.0 0.0 0.0009887661400018418 0.02798317213696116 0.971028061723037, 
83, 0011111100, 0011111110, 0.6779174352629825, 0.9949624166442365, 0.0 0.0 0.0 0.0 0.0006038008177021003 0.029017898499177117 0.9703783006831208, 
84, 0011111000, 0111111100, 0.6771019272626797, 0.9947736157592546, 0.0 0.0 0.0 0.0 0.0005783811680881182 0.030201543108296217 0.9692200757236157, 
85, 0111111100, 0011111100, 0.6778376456996146, 0.9950481435052017, 0.0 0.0 0.0 0.0 0.0007710539198277109 0.02816903112913467 0.9710599149510377, 
86, 0111111110, 0111111111, 0.6780821715090574, 0.9951103610137655, 0.0 0.0 0.0 0.0 0.0007318019581150156 0.027874230001177083 0.9713939680407078, 
87, 0111111100, 0111111100, 0.675818332569145, 0.995241197045475, 0.0 0.0 0.0 0.0 0.0007552824745993548 0.027042252777951897 0.9722024647474488, 
88, 0011111110, 0011111100, 0.6759829366596528, 0.99517722798736, 0.0 0.0 0.0 0.0 0.000886290309612428 0.02716405145661629 0.9719496582337712, 
89, 0011111110, 1111111111, 0.6766834912272982, 0.9950582161049478, 0.0 0.0 0.0 0.0 0.000783592919012379 0.028083517532288743 0.9711328895486988, 
90, 0011111100, 0011111100, 0.6785608303986383, 0.9959184810987345, 0.0 0.0 0.0 0.0 0.0006928055801021484 0.023103502247388566 0.9762036921725092, 
91, 0011111100, 0111111110, 0.6786987233997022, 0.9949385070509271, 0.0 0.0 0.0 0.0001402608445370197 0.0006866330723458812 0.028574909016134815 0.9705981970669822, 
92, 0011111100, 0111111110, 0.678287626494192, 0.9964356593470924, 0.0 0.0 0.0 0.0 0.0002441522216070266 0.0208977394742318 0.9788581083041612, 
93, 0011111100, 0011111100, 0.6777015130551459, 0.9958271566459544, 0.0 0.0 0.0 6.855174192491032e-05 0.0008092411973745482 0.02321292250374935 0.9759092845569511, 
94, 0011111111, 1111111100, 0.6801838022965804, 0.9960899875306488, 0.0 0.0 0.0 0.0 0.001500276031454844 0.020459522753197814 0.9780402012153473, 
95, 0111111100, 0011111100, 0.6787545225328946, 0.9952918887968831, 0.0 0.0 0.0 0.0 0.0011785514019351628 0.025891564414831102 0.9729298841832337, 
96, 0011111100, 0011111100, 0.6777057809911505, 0.9953490922598165, 0.0 0.0 0.0 0.0 0.00026429810199473584 0.027376850237111828 0.9723588516608934, 
97, 0011111100, 0111111111, 0.6762325761372958, 0.994855281243003, 0.0 0.0 0.0 0.0 0.0011315087736432892 0.028605294994694736 0.970263196231662, 
98, 0111111100, 0011111100, 0.6756453821122219, 0.9950668916835984, 0.0 0.0 0.0 0.0 0.0015367076396355954 0.026525234619138947 0.9719380577412254, 
99, 0111111100, 0011111111, 0.6795379635732823, 0.9954927072293855, 0.0 0.0 0.0 0.0 0.0004640755492331495 0.02611560552522069 0.9734203189255463, 
100, 0011111110, 1111111100, 0.6798980147610304, 0.9956944845587176, 0.0 0.0 0.0 0.0 0.00022367421614232516 0.025385744215410105 0.9743905815684476, 
run, initial grid state, final grid state, mean grid cell occupancy, mean binding site occupancy, fraction of time with N TFs bound, warning
1, 0111111110, 0011111100, 0.6770664866468272, 0.995789567639009, 0.0 0.0 0.0 0.0 0.0004964762741922126 0.024269641617561715 0.9752338821082461, 
2, 0111111100, 0111111111, 0.680080557400197, 0.9954283774340511, 0.0 0.0 0.0 0.0 0.0009904324792071324 0.025448870437279666 0.9735606970835132, 
3, 0111111100, 0011111100, 0.6783081487736499, 0.9953748658294023, 0.0 0.0 0.0 0.0 0.0003124254452199595 0.02712595413314712 0.972561620421633, 
4, 0011111110, 0111111110, 0.6775395557844773, 0.9955537694542396, 0.0 0.0 0.0 0.0 9.93997385516053e-05 0.026478583797459664 0.9734220164639887, 
5, 0011111100, 0001111110, 0.6780548179716711, 0.9955830900154189, 0.0 0.0 0.0 0.00019543533831284157 0.0007173951233324833 0.024480363645882575 0.9746068058924722, 
6, 0011111100, 0111111100, 0.6773837730181653, 0.9958425157480777, 0.0 0.0 0.0 0.0 0.0002953953815110524 0.024354114748511967 0.975350489869977, 
7, 0011111110, 0011111100, 0.6787798707010051, 0.9957719842566536, 0.0 0.0 0.0 0.0 0.0001250070508793422 0.02511808035831967 0.9747569125908009, 
8, 0011111100, 0011111100, 0.6768243724122466, 0.995167595489825, 0.0 0.0 0.0 0.0 0.0015275413322187574 0.025939344396612166 0.9725331142711691, 
9, 0111111100, 0111111100, 0.6782289741007924, 0.9956115245211612, 0.0 0.0 0.0 3.19394105275472e-05 0.0005903700233028048 0.02505429459484521 0.9743233959713244, 
10, 0011111110, 1111111111, 0.6784056956810676, 0.9952056519609116, 0.0 0.0 0.0 0.0 0.0002743531246625809 0.02821738198520464 0.9715082648901329, 
11, 0011111110, 1111111110, 0.6776557306239872, 0.9948082533049819, 0.0 0.0 0.0 0.0 0.00034740422847585303 0.030455671713156805 0.9691969240583673, 
12, 1111111100, 0011111110, 0.6778469888044901, 0.9957387136366314, 0.0 0.0 0.0 0.0 0.0002511325452268691 0.02506545308975731 0.9746834143650158, 
13, 0011111100, 0011111110, 0.679455682521956, 0.9954498592446213, 0.0 0.0 0.0 0.0 0.0003547722628525325 0.02659130000656724 0.9730539277305803, 
14, 0011111100, 1111111100, 0.678467527301984, 0.9956291731060732, 0.0 0.0 0.0 0.0 0.0002926407166101251 0.02563967993034131 0.9740676793530486, 
15, 0011111100, 0011111110, 0.6770899495002837, 0.9949894431212438, 0.0 0.0 0.0 0.0 0.0014639684935214689 0.027135404285494536 0.971400627220984, 
16, 1111111100, 0011111110, 0.678611260610739, 0.9959250940785723, 0.0 0.0 0.0 0.0 0.00032035714583337306 0.023808721236899748 0.975870921617267, 
17, 0011111110, 0011111100, 0.6778374895430561, 0.9956421953219377, 0.0 0.0 0.0 0.00024229968436916666 0.001636566682910096 0.02214679564944674 0.975974337983274, 
18, 0011111100, 0011111110, 0.6776690952190392, 0.9942658127809755, 0.0 0.0 0.0 0.0 0.00087131110907583 0.03266250109599513 0.966466187794929, 
19, 0011111100, 0011111100, 0.6777233171798264, 0.9958512583634859, 0.0 0.0 0.0 0.0 0.0008564785773740778 0.023179492664336936 0.9759640287582889, 
20, 0111111100, 0011111100, 0.6783356542441474, 0.9953207975847334, 0.0 0.0 0.0 0.0 0.0010564311575589293 0.025962352176481376 0.9729812166659597, 
21, 0011111100, 0011111110, 0.6762117634954864, 0.994906180201351, 0.0 0.0 0.0 0.00017035782332646348 0.0004221250439336026 0.029207595234047153 0.9701999218986928, 
22, 0111111110, 0111111100, 0.6775153105548364, 0.9956661802983909, 0.0 0.0 0.0 0.0 5.228987808693022e-05 0.025898338453480246 0.9740493716684328, 
23, 0011111110, 0011111110, 0.6790011525574065, 0.9954440115643791, 0.0 0.0 0.0 0.0 7.918142202095815e-05 0.02717756776968403 0.972743250808295, 
24, 0111111110, 0011111110, 0.677163774640541, 0.9949139340012856, 0.0 0.0 0.0 4.7172495622407815e-05 0.0012085236168057993 0.027957831271807752 0.970786472615764, 
25, 0111111110, 0011111100, 0.6775824148447093, 0.9951548871109965, 0.0 0.0 0.0 0.0 0.0013288507427773992 0.02641297584846516 0.9722581734087575, 
26, 1111111100, 0011111100, 0.6776802064838869, 0.9950334803218571, 0.0 0.0 0.0 0.0 0.00023357040709393362 0.029331977254669444 0.9704344523382367, 
27, 0011111100, 0011111100, 0.6783599424696537, 0.9946069127554712, 0.0 0.0 0.0 0.0 0.00016716633123189917 0.032024190804709675 0.9678086428640584, 
28, 0111111100, 0011111100, 0.6762036263215488, 0.9957401957739389, 0.0 0.0 0.0 0.0 0.0006932560225347109 0.024172313311297447 0.9751344306661679, 
29, 0111111110, 1111111110, 0.6769908918592111, 0.9954174639207732, 0.0 0.0 0.0 0.0 0.0006512532503382364 0.02619270997468446 0.9731560367749773, 
30, 0111111100, 0011111110, 0.6776155284622604, 0.9955446869267558, 0.0 0.0 0.0 0.0 0.0005357304931109291 0.02566041745324296 0.9738038520536462, 
31, 0011111110, 0011111110, 0.6769493989004101, 0.9960009763726289, 0.0 0.0 0.0 2.0645647276810235e-05 0.0008277336511684314 0.02227673752005912 0.9768748831814955, 
32, 0011111110, 0011111100, 0.6783749419016228, 0.9952446145314804, 0.0 0.0 0.0 0.0 0.000831272740253948 0.02686976733061005 0.972298959929136, 
33, 0111111100, 0011111110, 0.6776156213511946, 0.9953950747639401, 0.0 0.0 0.0 0.0001423377167917291 0.0005615121412835092 0.026079513983417436 0.9732166361585073, 
34, 0111111110, 0011111100, 0.675010931072625, 0.9952577602916269, 0.0 0.0 0.0 0.0 0.0007005264937319357 0.027052385262775095 0.972247088243493, 
35, 0011111100, 0111111100, 0.6773101319185626, 0.9959285027987688, 0.0 0.0 0.0 0.0 0.00023698738727731362 0.023955008432833134 0.9758080041798896, 
36, 0011111100, 0111111100, 0.6770436122575944, 0.9955360919461075, 0.0 0.0 0.0 0.0 0.0005361300191078583 0.025711188285139915 0.9737526816957521, 
37, 0011111110, 0111111100, 0.677728479902041, 0.995445129560169, 0.0 0.0 0.0 0.0 0.0002553412535423608 0.02681854013190134 0.9729261186145562, 
38, 0011111100, 0111111100, 0.6791639015319161, 0.9956913896925073, 0.0 0.0 0.0 0.0 0.001286278487841047 0.02327910486927504 0.9754346166428839, 
39, 0011111110, 0011111100, 0.6772793973086918, 0.9955289442997468, 0.0 0.0 0.0 0.0 0.001116329011847036 0.024593676177824954 0.9742899948103281, 
40, 0011111100, 0011111100, 0.6775026334006503, 0.9950046735559925, 0.0 0.0 0.0 0.0 0.0011338502303653954 0.027704258203314264 0.9711618915663204, 
41, 0011111100, 0011111100, 0.6772406677614086, 0.9952875912799986, 0.0 0.0 0.0 0.0 0.00199087279363547 0.02429270673273784 0.9737164204736267, 
42, 0111111110, 0011111110, 0.6763931249859075, 0.9954602720114132, 0.0 0.0 0.0 0.0 9.486430697486513e-05 0.027048639317571625 0.9728564963754535, 
43, 0011111110, 0011111100, 0.6773086679455768, 0.995320491547974, 0.0 0.0 0.0 0.0 0.0005272096350170316 0.027022631442122143 0.9724501589228609, 
44, 0011111100, 0011111100, 0.6772894541769746, 0.9952526072029844, 0.0 0.0 0.0 0.0 0.0005186048781583138 0.027447147025776858 0.9720342480960649, 
45, 0011111100, 0011111100, 0.6795158240720897, 0.9948793829647333, 0.0 0.0 0.0 0.0 4.999973912720169e-05 0.030623702733346088 0.9693262975275266, 
46, 0011111100, 0011111100, 0.6769749455067919, 0.9951653133719552, 0.0 0.0 0.0 4.981206223851158e-05 0.0004180521679214352 0.028022579245710312 0.9715095565241297, 
47, 0011111100, 1111111110, 0.676097710616083, 0.9954313616978521, 0.0 0.0 0.0 6.134297785554613e-05 0.00025860636476461373 0.02671058814979151 0.9729694625075884, 
48, 0011111100, 0011111100, 0.6770164028302219, 0.9942828392069063, 0.0 0.0 0.0 0.0 0.0018634790147353353 0.03057600672909156 0.9675605142561731, 
49, 0011111110, 1111111100, 0.677537041766938, 0.9959791454275555, 0.0 0.0 0.0 0.0 0.000438214282520612 0.023248698869625384 0.976313086847854, 
50, 0011111100, 0011111110, 0.6786683612437607, 0.995986032626504, 0.0 0.0 0.0 0.0 0.0004970599806301367 0.0230896842797157 0.9764132557396541, 
51, 0011111111, 0011111100, 0.6784307658595257, 0.9959137391109879, 0.0 0.0 0.0 0.0 0.0007389961003087034 0.023039573133454606 0.9762214307662368, 
52, 0111111100, 0011111100, 0.6790246094740611, 0.9945794399865372, 0.0 0.0 0.0 0.00022539497354286055 0.001473118665454955 0.028900937829238787 0.9694005485317634, 
53, 0011111110, 0111111100, 0.6775897704938256, 0.9949234081143057, 0.0 0.0 0.0 2.0802275470892586e-05 0.001536039512094032 0.027325065463564877 0.9711180927488702, 
54, 0011111100, 0011111100, 0.6782746096131288, 0.9953856890523805, 0.0 0.0 0.0 0.0 0.0002170779012025112 0.02725170988331203 0.9725312122154854, 
55, 0111111100, 0011111100, 0.6793344984928841, 0.9957864721090226, 0.0 0.0 0.0 0.0 0.0005855023871014799 0.024110162571661566 0.975304335041237, 
56, 0011111110, 0111111100, 0.6794030255699733, 0.9962825201109148, 0.0 0.0 0.0 0.0 0.0003998092762052445 0.021505260782100948 0.9780949299416938, 
57, 0001111100, 0111111100, 0.6775350473456083, 0.996250462790803, 0.0 0.0 0.0 0.0 0.0004597548532557487 0.021577713548670763 0.9779625315980736, 
58, 0111111100, 0111111100, 0.6759070702055194, 0.9958610095786786, 0.0 0.0 0.0 0.0 0.000129709603833471 0.024574523320261634 0.9752957670759049, 
59, 0011111100, 0011111110, 0.6761363444757859, 0.9957387566133276, 0.0 0.0 0.0 0.0 0.0007984527320689529 0.023970554855896622 0.9752309924120345, 
60, 0011111100, 0011111100, 0.6773257927952012, 0.9955877233582221, 0.0 0.0 0.0 0.0 0.00041823774456188785 0.025637184361544857 0.9739445778938932, 
61, 0011111100, 1111111100, 0.6781804048970591, 0.9947037343619781, 0.0 0.0 0.0 8.237385666041146e-05 0.0015970154288707458 0.02833644140040813 0.9699841693140606, 
62, 0011111000, 1111111100, 0.677465384514011, 0.994723627201949, 0.0 0.0 0.0 0.0 0.0005174570227446726 0.030623322742817403 0.9688592202344379, 
63, 0011111100, 0011111100, 0.6759750565579066, 0.9949728669081769, 0.0 0.0 0.0 0.0 0.0007109527730876207 0.028740893004763634 0.9705481542221488, 
64, 1111111100, 0111111100, 0.6768050313033895, 0.9955404460379894, 0.0 0.0 0.0 0.0 0.0006610153364893155 0.025435293099084842 0.9739036915644259, 
65, 1111111100, 0011111111, 0.6778368254928917, 0.9954371481863457, 0.0 0.0 0.0 0.0 0.00022599841899798736 0.02692511404392987 0.9728488875370722, 
66, 0111111100, 0011111100, 0.6744923743850523, 0.9945940060973418, 0.0 0.0 0.0 0.0 0.0009459341835269899 0.030544095048895048 0.9685099707675779, 
67, 0011111100, 0111111110, 0.6752808156100346, 0.994570045519922, 0.0 0.0 0.0 0.0 0.0010332653367395982 0.03051319620698915 0.9684535384562711, 
68, 0011111100, 0111111110, 0.6778006494684725, 0.9952279953657693, 0.0 0.0 0.0 0.0 0.0004225432189730235 0.02778694136743763 0.9717905154135894, 
69, 0011111100, 0111111111, 0.6784878414923161, 0.9963357388145342, 0.0 0.0 0.0 0.0 0.0007354378722959934 0.02051469136820264 0.9787498707595014, 
70, 0011111100, 0011111100, 0.6778053117889834, 0.9954787688552689, 0.0 0.0 0.0 0.0 0.0010356536350944177 0.025056079598197875 0.9739082667667077, 
71, 1111111100, 1111111111, 0.676819813570309, 0.994894503292587, 0.0 0.0 0.0 4.67794318308149e-05 0.0006656164802007589 0.029161408988583853 0.9701261950993847, 
72, 0011111100, 0001111111, 0.6768435724812252, 0.9939943077655191, 0.0 0.0 0.0 0.0 0.0012705577168636946 0.033493037973157905 0.9652364043099785, 
73, 0011111100, 0011111100, 0.6790737313864301, 0.9958081849395554, 0.0 0.0 0.0 0.0 0.0006826593075888922 0.023785571747490783 0.9755317689449203, 
74, 0111111111, 0011111100, 0.6777260027031451, 0.9946745623716737, 0.0 0.0 0.0 0.0 0.0007370215581222658 0.030478582653713202 0.9687843957881644, 
75, 1111111111, 0011111100, 0.6757267959349158, 0.9949934654095274, 0.0 0.0 0.0 0.0 0.001258237435779316 0.02752273267127666 0.9712190298929441, 
76, 0011111100, 0011111100, 0.6753601456139574, 0.9942487519706995, 0.0 0.0 0.0 0.0 0.0008514956278298227 0.03280449692014309 0.9663440074520271, 
77, 0011111100, 0011111100, 0.6780647977916794, 0.9953090196031175, 0.0 0.0 0.0 0.0 0.0009410057019755314 0.026263870977344277 0.9727951233206802, 
78, 0011111100, 0111111100, 0.6781814995896515, 0.9950538292059898, 0.0 0.0 0.0 0.0 0.00039548529668172194 0.028886054170697995 0.9707184605326202, 
79, 0111111100, 1111111110, 0.6777108821749124, 0.9952559948224462, 0.0 0.0 0.0 0.0 0.0008005470049633582 0.026862937055395407 0.9723365159396412, 
80, 0011111000, 0011111100, 0.6785023166372832, 0.995026944323904, 0.0 0.0 0.0 0.0 0.0005892251870463575 0.028659883682482696 0.9707508911304709, 
81, 0011111110, 0111111100, 0.6773241413865357, 0.9954154116598886, 0.0 0.0 0.0 0.0 0.0004694327329472984 0.0265686645747743 0.9729619026922783, 
82, 0011111110, 0011111000, 0.6758604352400953, 0.9950159645656763, 0.0 0.0 0.0 0.0 0.001754964898949134 0.02639428280804421 0.9718507522930067, 
83, 1111111110, 0011111100, 0.6781673067648687, 0.994579277610902, 0.0 0.0 0.0 0.0 0.0012991246508788493 0.029926085032830254 0.9687747903162909, 
84, 0011111100, 0111111100, 0.6793596395601034, 0.9955715296207815, 0.0 0.0 0.0 0.0 0.0007377206409556808 0.02509538099339887 0.9741668983656455, 
85, 0011111110, 0011111100, 0.677226274310972, 0.9958931131417467, 0.0 0.0 0.0 0.0 0.0001969382762900988 0.024247444596939595 0.9755556171267704, 
86, 0011111110, 0011111110, 0.6782128362062924, 0.9944579365684065, 0.0 0.0 0.0 0.0 0.0009728985052363644 0.03130658357908816 0.9677205179156755, 
87, 0111111111, 0111111110, 0.6791682364881895, 0.9956480794724928, 0.0 0.0 0.0 1.5779197671895934e-05 0.0004164344732549254 0.02523131662551739 0.9743364697035558, 
88, 0111111100, 0011111100, 0.6763318844953883, 0.9955199574855134, 0.0 0.0 0.0 6.656005873895826e-05 0.00039914465565215967 0.025882285599398747 0.9736520096862101, 
89, 0011111110, 0011111111, 0.6768230645045771, 0.9950781614527878, 0.0 0.0 0.0 0.0 0.0015353008899163631 0.02646042950344023 0.9720042696066434, 
90, 0111111100, 0011111100, 0.676979998583535, 0.9954213141052193, 0.0 0.0 0.0 0.0 0.0005474873294253381 0.02637714070983382 0.9730753719607408, 
91, 0011111100, 0011111110, 0.6781761120907682, 0.9952944424623105, 0.0 0.0 0.0 0.0 0.0008689896541475681 0.026495365917842708 0.9726356444280096, 
92, 0011111111, 0011111100, 0.6786432001805768, 0.9958540840395391, 0.0 0.0 0.0 0.0 0.0002326945750730378 0.024410106612619477 0.9753571988123074, 
93, 0011111100, 0011111100, 0.6789852346226373, 0.9955522104660939, 0.0 0.0 0.0 0.0 0.0006357197658202193 0.025415297671796053 0.9739489825623838, 
94, 0011111100, 0011111111, 0.6774723419460869, 0.9950383566532451, 0.0 0.0 0.0 0.0 0.0013729820331564225 0.02702389601421649 0.9716031219526272, 
95, 0011111111, 0011111100, 0.678299046349382, 0.9953484390800238, 0.0 0.0 0.0 0.0 0.0006657274153003805 0.026577910689256655 0.9727563618954429, 
96, 1111111100, 0011111100, 0.6753930025009097, 0.9949408379190063, 0.0 0.0 0.0 0.0 0.00022142787815122375 0.029912116729659786 0.969866455392189, 
97, 0111111100, 0111111110, 0.6761125139725577, 0.9950051710073046, 0.0 0.0 0.0 0.0 0.0008221444594024475 0.02832468503736849 0.9708531705032291, 
98, 0011111100, 0111111100, 0.6753950217840032, 0.9953799700165537, 0.0 0.0 0.0 0.0002346554041151773 0.0009171399918816273 0.02518193370456981 0.9736662708994334, 
99, 0111111100, 0111111100, 0.6789849614427371, 0.9954121196239336, 0.0 0.0 0.0 0.0 0.0005818143175552705 0.026363653621288428 0.9730545320611563, 
100, 0011111110, 0011111110, 0.6775752231019356, 0.9948491509695141, 0.0 0.0 0.0 0.0 6.69196561278048e-05 0.030771254870659168 0.9691618254732131, 
run, initial grid state, final grid state, mean grid cell occupancy, mean binding site occupancy, fraction of time with N TFs bound, warning
1, 1111111100, 0111111100, 0.6773388126797991, 0.9953179364489323, 0.0 0.0 0.0 0.0 0.0001727026410934187 0.027746976024219484 0.972080321334687, 
2, 1111111100, 0011111111, 0.6776471509960156, 0.9947469046266142, 0.0 0.0 0.0 0.0 0.0012394835179949232 0.029039605204325004 0.96972091127768, 
3, 0111111100, 0111111110, 0.6756592935322906, 0.9943753651537, 0.0 0.0 0.0 0.0 0.0005955833793715564 0.032556642319057395 0.9668477743015711, 
4, 0011111111, 0111111100, 0.6760931336275273, 0.995025294543545, 0.0 0.0 0.0 0.0 0.0007375337167535615 0.028373165305222263 0.9708893009780243, 
5, 0011111111, 0011111100, 0.677945736353161, 0.995550826218525, 0.0 0.0 0.0 0.0 0.000523546002282046 0.02564795068428584 0.9738285033134321, 
6, 1111111100, 0111111100, 0.677776825086162, 0.9957683587831235, 0.0 0.0 0.0 0.0 0.0018015436993088607 0.021786759902641815 0.9764116963980494, 
7, 0011111100, 0011111100, 0.678102470418053, 0.9948330564945838, 0.0 0.0 0.0 0.0 0.0006582919067087627 0.029685077219080286 0.969656630874211, 
8, 0011111100, 0011111100, 0.6764971430838156, 0.9959352438624322, 0.0 0.0 0.0 0.0 0.00015719266640322547 0.02407415149259997 0.9757686558409968, 
9, 0011111100, 0011111100, 0.6769955494336404, 0.995687791490484, 0.0 0.0 0.0 0.0 0.0006282544220111483 0.024616742213073826 0.974755003364915, 
10, 0011111100, 0111111100, 0.6769942887631688, 0.9948904819245271, 0.0 0.0 0.0 0.0 0.0010090658976262949 0.02863897665758463 0.9703519574447891, 
11, 1111111110, 0111111100, 0.6776532523447457, 0.9950761990009367, 0.0 0.0 0.0 0.0 0.0002847974933580841 0.028973211007664222 0.9707419914989777, 
12, 1111111100, 0011111100, 0.6758104689374299, 0.9959137628410164, 0.0 0.0 0.0 0.0 0.00044204099514461693 0.023633340963612755 0.9759246180412426, 
13, 0011111100, 0011111100, 0.6763976464973723, 0.9949551555727196, 0.0 0.0 0.0 0.0 0.000959373782502952 0.028350318998676967 0.97069030721882, 
14, 0011111100, 0111111110, 0.676315734998255, 0.9949208629305153, 0.0 0.0 0.0 0.0 0.0002721405374378533 0.029930541342033042 0.969797318120529, 
15, 0011111110, 0011111000, 0.6792693207869598, 0.9950116758762801, 0.0 0.0 0.0 0.00017312582226155766 0.0008185302941905706 0.027773506687153077 0.9712348371963947, 
16, 0011111110, 0011111100, 0.677093512469791, 0.9950489967396987, 0.0 0.0 0.0 0.0 0.0007482300119476321 0.028209559537912557 0.9710422104501398, 
17, 0111111110, 0011111100, 0.6769331046647664, 0.9951513487950081, 0.0 0.0 0.0 3.99733051700961e-05 0.001048992215568338 0.026874002883304802 0.9720370315959567, 
18, 0011111110, 1111111111, 0.6764452847261088, 0.9956366752930904, 0.0 0.0 0.0 0.0 0.0002908222007248089 0.025598303840007077 0.9741108739592681, 
19, 1111111100, 0011111100, 0.6761284839807076, 0.994438351404224, 0.0 0.0 0.0 0.0004145306450181915 0.001549666449322303 0.029026966740955836 0.9690088361647036, 
20, 0011111100, 0011111100, 0.6778550327443785, 0.9957669552279897, 0.0 0.0 0.0 0.0 0.0006480414373936539 0.0241021857572739 0.9752497728053323, 
21, 0111111100, 0111111100, 0.6778282536128302, 0.9944879643986703, 0.0 0.0 0.0 1.8849819966355958e-05 0.0020010195621061465 0.029013625023866944 0.9689665055940605, 
22, 0011111111, 0011111100, 0.6788206651885386, 0.9958922547754335, 0.0 0.0 0.0 0.0 0.0006487498343645958 0.023348971678669103 0.9760022784869663, 
23, 0111111100, 0111111100, 0.6740452725080628, 0.9959317059683386, 0.0 0.0 0.0 0.0 0.00033130125528539926 0.023747161679398075 0.9759215370653165, 
24, 0011111100, 0011111100, 0.6774952501537143, 0.995858638052354, 0.0 0.0 0.0 0.0 0.0005143748593502952 0.02381942196717577 0.9756662031734739, 
25, 0011111110, 0011111110, 0.6783259411739585, 0.9953781367449986, 0.0 0.0 0.0 0.0 0.0007880535897062647 0.026155072350595415 0.9730568740596983, 
26, 0011111100, 0011111100, 0.6764532919601498, 0.9948030031841325, 0.0 0.0 0.0 0.00017984183122703005 0.0008538913030535798 0.028934672795417008 0.9700315940703023, 
27, 0011111100, 0011111100, 0.6764148471912157, 0.9948566262593795, 0.0 0.0 0.0 0.00010250104593731107 0.0015654176694894404 0.027421903966932195 0.9709101773176411, 
28, 0011111111, 0011111100, 0.6797143018931326, 0.9960090863095836, 0.0 0.0 0.0 0.0001003214689360346 0.0008918291310329096 0.021860859473624837 0.9771469899264063, 
29, 0011111111, 0011111100, 0.6771467704738849, 0.9950600216956064, 0.0 0.0 0.0 0.0 0.0013694912057416778 0.026900887414878782 0.9717296213793796, 
30, 0111111100, 0111111100, 0.6772305977088339, 0.9948071727500499, 0.0 0.0 0.0 0.0 0.0006193715242306888 0.029918220451239857 0.9694624080245295, 
31, 0111111100, 0011111110, 0.6777993596756717, 0.9953824861172462, 0.0 0.0 0.0 0.00010426417387156258 0.0009676087324363276 0.025457073310035428 0.9734710537836566, 
32, 0011111100, 0011111100, 0.6771321399819702, 0.9946035807934979, 0.0 0.0 0.0 0.0 0.00040593107472757493 0.031566653089557514 0.9680274158357149, 
33, 0011111111, 0011111110, 0.6779558061540826, 0.9958101509077334, 0.0 0.0 0.0 0.0 0.0005908597216497006 0.02395737511030074 0.9754517651680495, 
34, 0111111100, 0011111111, 0.6794727405728719, 0.9950810301857358, 0.0 0.0 0.0 0.0 0.00112436468021495 0.027265089525155273 0.9716105457946298, 
35, 1111111100, 0011111100, 0.6776881782753484, 0.9946343220470717, 0.0 0.0 0.0 0.0 0.0012763156466270415 0.029641436424315902 0.9690822479290571, 
36, 0111111100, 0011111100, 0.6786462959498405, 0.9954137368076391, 0.0 0.0 0.0 0.0 0.0006668700572321812 0.02618383903970101 0.9731492909030668, 
37, 0011111111, 0011111111, 0.6782382296719353, 0.9958584064245246, 0.0 0.0 0.0 0.0 0.00021388140500823655 0.02442179864283598 0.9753643199521559, 
38, 0011111100, 0111111100, 0.6767368609845542, 0.9945384145820633, 0.0 0.0 0.0 8.429274272169385e-05 0.0008984204872024192 0.03071979330505082 0.9682974934650251, 
39, 0011111110, 1111111110, 0.6775964085303858, 0.99539731707838, 0.0 0.0 0.0 0.0 0.0004466684170394426 0.026722760695641085 0.9728305708873195, 
40, 0011111100, 0011111100, 0.6764082722333574, 0.9948711544388803, 0.0 0.0 0.0 0.0 0.0007554251368192973 0.02926222309307979 0.969982351770101, 
41, 0011111100, 0111111111, 0.6773791140790478, 0.9953798292256693, 0.0 0.0 0.0 0.0 0.0007141823397229398 0.026292659966539227 0.9729931576937378, 
42, 0111111111, 0011111111, 0.6771254431313007, 0.9948615873228477, 0.0 0.0 0.0 0.0 0.000576151012508046 0.029678174037897572 0.9697456749495944, 
43, 0011111100, 0011111111, 0.676380121398924, 0.9956818330194175, 0.0 0.0 0.0 0.0 0.00039300263264735534 0.02512299661820046 0.9744840007491522, 
44, 0111111100, 0011111100, 0.6783630742222553, 0.9951233748270015, 0.0 0.0 0.0 0.00010710951236060686 0.00042124188792848154 0.028095938725052075 0.9713757098746589, 
45, 0111111110, 0011111110, 0.6768662332264752, 0.9957404789243758, 0.0 0.0 0.0 0.0 0.00017127348458892885 0.02521457948456776 0.9746141470308434, 
46, 0011111100, 0111111111, 0.6769876820604497, 0.9950883463561093, 0.0 0.0 0.0 0.0 0.0008447867758731614 0.02778034831159822 0.9713748649125287, 
47, 0011111110, 0011111100, 0.6781842138938459, 0.99571175919158, 0.0 0.0 0.0 0.0 0.0004712997279283688 0.024786845394664286 0.9747418548774073, 
48, 0111111100, 0111111100, 0.679057639013168, 0.9955122191752098, 0.0 0.0 0.0 0.0 0.00021342631732316242 0.026499832314095216 0.9732867413685817, 
49, 0011111100, 0011111111, 0.6768997280365875, 0.9954375754434203, 0.0 0.0 0.0 7.581782228413081e-05 0.0012200544789893995 0.02470698491464669 0.9739971427840797, 
50, 0011111100, 0011111100, 0.6781458866996435, 0.996446713980686, 0.0 0.0 0.0 0.0 4.0854427399748845e-05 0.021238007261084383 0.9787211383115159, 
51, 0011111110, 0011111100, 0.6788740934421353, 0.9957652316459806, 0.0 0.0 0.0 0.0 0.0011097049364859573 0.02318920025114457 0.9757010948123694, 
52, 0111111100, 0011111110, 0.6759867179513545, 0.9939288388040656, 0.0 0.0 0.0 0.00030272069132594834 0.0018270826192028039 0.03186463986322347 0.9660055568262478, 
53, 0011111100, 0011111100, 0.6780091357965787, 0.9958128912728009, 0.0 0.0 0.0 0.0 2.3538022709233417e-05 0.025075576317775752 0.9749008856595149, 
54, 0011111110, 0011111110, 0.6772750149038855, 0.9952834048238723, 0.0 0.0 0.0 0.0 0.000635279724461053 0.027029011607843823 0.9723357086676951, 
55, 0111111100, 0011111100, 0.6791804747996742, 0.9954939904461003, 0.0 0.0 0.0 0.0 0.00035727786888565334 0.026321501585626145 0.9733212205454882, 
56, 0011111100, 0011111111, 0.6791915901519096, 0.9956821424293456, 0.0 0.0 0.0 0.0 0.00014765395838720456 0.025611837507152114 0.9742405085344608, 
57, 0111111100, 0011111100, 0.6784083749655232, 0.9948484879989103, 0.0 0.0 0.0 0.0 0.0013372758982568836 0.028234520210024046 0.970428203891719, 
58, 0011111100, 0111111100, 0.6766023034232895, 0.9945199985596495, 0.0 0.0 0.0 1.3378569928322517e-05 0.0009246526051946197 0.030990567721928965 0.9680714011029481, 
59, 0011111110, 0011111110, 0.6786123157844982, 0.9953971015188374, 0.0 0.0 0.0 0.0 0.0002547139359063761 0.027107963015162672 0.9726373230489308, 
60, 0111111100, 0111111100, 0.6770747247320105, 0.9950636573681482, 0.0 0.0 0.0 0.0 0.0004147717389615944 0.02878851231318766 0.9707967159478508, 
61, 0011111100, 0011111100, 0.6775330494484033, 0.9959614739314173, 0.0 0.0 0.0 0.0 0.0003217469829534065 0.02358766244558943 0.9760905905714571, 
62, 0111111100, 1111111100, 0.6803830674083235, 0.9949546744636008, 0.0 0.0 0.0 0.0 0.0004433669163942372 0.02938521938560741 0.9701714136979983, 
63, 0011111110, 0011111100, 0.677733362980807, 0.9957282764575376, 0.0 0.0 0.0 0.0 0.0009181392564533845 0.023794062741868124 0.9752877980016784, 
64, 1111111111, 0001111100, 0.6780923359569434, 0.9949562997691836, 0.0 0.0 0.0 0.0 0.00038457037594318385 0.02949306063301143 0.9701223689910454, 
65, 0011111100, 0111111100, 0.6762427610554274, 0.994893361431587, 0.0 0.0 0.0 0.0 0.0009155248058804726 0.028808781798717008 0.9702756933954025, 
66, 0011111100, 0011111100, 0.6772449603831361, 0.9950071384202462, 0.0 0.0 0.0 0.0 0.0004642930095891512 0.02902858345934465 0.9705071235310663, 
67, 0011111100, 0011111100, 0.6766177233957964, 0.994917842956833, 0.0 0.0 0.0 0.0 0.0017017112138834624 0.027089519831235087 0.9712087689548814, 
68, 0011111100, 0111111110, 0.6790814904233909, 0.9960192960090014, 0.0 0.0 0.0 0.0 7.256954096022105e-05 0.023739084864071527 0.9761883455949683, 
69, 0111111100, 0011111100, 0.6790656954975586, 0.9956863169467066, 0.0 0.0 0.0 0.0 0.00021670055360186664 0.025448697212556215 0.9743346022338418, 
70, 0011111100, 0111111110, 0.6764440539458573, 0.9950445617598407, 0.0 0.0 0.0 0.0 0.0009798938915247851 0.027772841657906385 0.971247264450569, 
71, 0011111100, 0111111110, 0.6744735387742201, 0.9948717769773171, 0.0 0.0 0.0 9.299112769353956e-05 0.0010529738735564548 0.028384417005904966 0.970469617992845, 
72, 0111111100, 0111111100, 0.6778917065012418, 0.9942454373222491, 0.0 0.0 0.0 0.0003952234263914255 0.0008738256002805621 0.03159405458677023 0.9671368963865578, 
73, 0111111100, 0011111000, 0.6777695390286574, 0.9953660504924929, 0.0 0.0 0.0 0.0 0.00020147060075186544 0.027400755843537922 0.9723977735557102, 
74, 0011111100, 0011111100, 0.6756341946167854, 0.9946319864136014, 0.0 0.0 0.0 0.00039983787382670804 0.000643075977477417 0.02972241594195637 0.9692346702067396, 
75, 0011111100, 0111111100, 0.6773213152295171, 0.9954838647309884, 0.0 0.0 0.0 0.0 0.001079635873839032 0.024937539866391217 0.9739828242597698, 
76, 0011111100, 0011111000, 0.6750376241970394, 0.9951341333447128, 0.0 0.0 0.0 0.0 0.0004928062659495785 0.02820958739982377 0.9712976063342267, 
77, 0011111100, 0011111100, 0.6761582220670885, 0.9952201987974808, 0.0 0.0 0.0 0.0 0.001001086121675443 0.02667663497176497 0.9723222789065596, 
78, 0001111110, 0011111100, 0.6782449368163941, 0.995844847284418, 0.0 0.0 0.0 0.0 0.000900310303584621 0.023130295686322726 0.9759693940100926, 
79, 0001111110, 0011111100, 0.6772756882539179, 0.9948960466503943, 0.0 0.0 0.0 0.0 0.0006793736252376508 0.02926497284715871 0.9700556535276037, 
80, 0011111111, 1111111110, 0.6781795183674653, 0.9956321820220828, 0.0 0.0 0.0 0.0 0.0007835090864810471 0.024639889694541464 0.9745766012189774, 
81, 0011111100, 0111111110, 0.6785456198018416, 0.9961470669286383, 0.0 0.0 0.0 1.0745028655188422e-05 0.0011605111222769248 0.020764341097651285 0.9780644027514166, 
82, 0111111100, 0011111100, 0.6771087492439783, 0.9949579349129285, 0.0 0.0 0.0 0.0 0.0016266817860308713 0.026999026950368148 0.971374291263601, 
83, 0011111111, 0011111110, 0.677403450278591, 0.9947248360828937, 0.0 0.0 0.0 0.0 0.0017101896733532453 0.02823060415593085 0.970059206170716, 
84, 0011111100, 0011111100, 0.6791010886486718, 0.9953332273099598, 0.0 0.0 0.0 3.9616541638658154e-05 0.0007388431626306261 0.02640410019006426 0.9728174401056665, 
85, 0011111100, 0111111100, 0.6743108338083995, 0.9948296238520928, 0.0 0.0 0.0 0.0 0.0006921111052291875 0.029638034676984996 0.9696698542177858, 
86, 1111111111, 0011111110, 0.6739319063182305, 0.9939828339445329, 0.0 0.0 0.0 9.427629968467211e-05 0.002321388393365737 0.031177390647017137 0.9664069446599325, 
87, 0111111100, 1111111100, 0.6764474174755244, 0.9941711157491839, 0.0 0.0 0.0 0.0004110797395969572 0.0027392568901714962 0.02826155250576319 0.9685881108644683, 
88, 0011111100, 0111111100, 0.6770539581063583, 0.9954844211753289, 0.0 0.0 0.0 0.0 0.0007567875243613052 0.025579897899304163 0.9736633145763345, 
89, 0011111100, 0011111110, 0.677173499372452, 0.995795746942899, 0.0 0.0 0.0 0.0 9.317620509408769e-06 0.025206883101586877 0.9747837992779037, 
90, 0111111100, 0011111100, 0.6775187365840256, 0.9942356482445385, 0.0 0.0 0.0 0.0 0.00041989171283069105 0.033746327107107225 0.965833781180062, 
91, 1111111110, 0111111111, 0.677089526900789, 0.9950814244469387, 0.0 0.0 0.0 0.0 0.00021026377504291987 0.029090925768281962 0.9706988104566752, 
92, 0111111100, 0011111111, 0.6787403887122874, 0.9950698556723275, 0.0 0.0 0.0 0.0 0.0009279464681185426 0.027724973029797755 0.9713470805020837, 
93, 0111111100, 0111111100, 0.6781650009276086, 0.9959085806239202, 0.0 0.0 0.0 0.0 0.0006080020827499315 0.02333251209097939 0.9760594858262707, 
94, 0011111100, 0011111110, 0.6792710968064033, 0.9955921414182376, 0.0 0.0 0.0 0.0 0.0007410430939240966 0.024965065302726776 0.9742938916033491, 
95, 0011111100, 1111111111, 0.6782196813642248, 0.994820918051624, 0.0 0.0 0.0 0.0 0.0003665848542759532 0.03034132198170456 0.9692920931640194, 
96, 0011111100, 0111111110, 0.6773305187097605, 0.994547103947593, 0.0 0.0 0.0 0.0 0.0007620548246484143 0.03119326666514444 0.9680446785102073, 
97, 0011111100, 0111111100, 0.677396762917369, 0.9948567181718596, 0.0 0.0 0.0 0.0 0.00097171049842193 0.02891626997199909 0.9701120195295789, 
98, 1111111100, 0111111100, 0.6786008043612084, 0.9961466034197091, 0.0 0.0 0.0 0.0 0.0007768098154453932 0.021566759850854524 0.9776564303337001, 
99, 0001111100, 0111111100, 0.6774799002361733, 0.9949377689299576, 0.0 0.0 0.0 0.0 0.0008755515525170911 0.02862228331522075 0.9705021651322622, 
100, 0011111100, 0111111100, 0.6786939134646912, 0.9951781888672713, 0.0 0.0 0.0 0.0 0.0009389868036954317 0.02705289318898214 0.9720081200073224, 
