run, initial grid state, final grid state, mean grid cell occupancy, mean binding site occupancy, fraction of time with N TFs bound, warning
1, 000000, 000000, 3.3680657007866015e-06, 3.3680657007866015e-06, 0.9999797916057953 2.020839420471961e-05, 
2, 000000, 000000, 2.5989924072797984e-06, 2.5989924072797984e-06, 0.9999844060455563 1.559395444367879e-05, 
3, 000000, 000000, 2.7174136962605606e-06, 2.7174136962605606e-06, 0.9999836955178223 1.6304482177563365e-05, 
4, 000000, 000000, 2.871840359585319e-06, 2.871840359585319e-06, 0.9999827689578425 1.7231042157511912e-05, 
5, 000000, 000000, 3.1621928561699113e-06, 3.1621928561699113e-06, 0.9999810268428629 1.897315713701947e-05, 
6, 000000, 000000, 3.1239663152037355e-06, 3.1239663152037355e-06, 0.9999812562021088 1.8743797891222416e-05, 
7, 000000, 000000, 3.148604538938647e-06, 3.148604538938647e-06, 0.9999811083727663 1.8891627233631885e-05, 
8, 000000, 000000, 3.1397766746343424e-06, 3.1397766746343424e-06, 0.9999811613399522 1.8838660047806055e-05, 
9, 000000, 000000, 2.5409947949907307e-06, 2.5409947949907307e-06, 0.99998475403123 1.5245968769944384e-05, 
10, 000000, 000000, 2.8874239987365545e-06, 2.8874239987365545e-06, 0.9999826754560076 1.7324543992419326e-05, 
11, 000000, 000000, 3.010881821307471e-06, 3.010881821307471e-06, 0.9999819347090722 1.806529092784483e-05, 
12, 000000, 000000, 2.6424892049461196e-06, 2.6424892049461196e-06, 0.9999841450647703 1.585493522967672e-05, 
13, 000000, 000000, 2.8897974995837084e-06, 2.8897974995837084e-06, 0.9999826612150026 1.7338784997502252e-05, 
14, 000000, 000000, 2.6189339107267615e-06, 2.6189339107267615e-06, 0.9999842863965356 1.5713603464360568e-05, 
15, 000000, 000000, 2.394695255299179e-06, 2.394695255299179e-06, 0.9999856318284682 1.4368171531795079e-05, 
16, 000000, 000000, 2.931592173931883e-06, 2.931592173931883e-06, 0.9999824199277709 1.7570591414404943e-05 9.480814593178884e-09, 
17, 000000, 000000, 3.1855774398205433e-06, 3.1855774398205433e-06, 0.999980886535361 1.9113464638923258e-05, 
18, 000000, 000000, 3.367557634714813e-06, 3.367557634714813e-06, 0.9999797946541916 2.020534580828888e-05, 
19, 000000, 000000, 3.001744953582778e-06, 3.001744953582778e-06, 0.9999819895302785 1.801046972149667e-05, 
20, 000000, 000000, 3.375998430013183e-06, 3.375998430013183e-06, 0.9999797440094199 2.02559905800791e-05, 
21, 000000, 000000, 2.8905088998570236e-06, 2.8905088998570236e-06, 0.9999826569466008 1.7343053399142143e-05, 
22, 000000, 000000, 2.6364423015242485e-06, 2.6364423015242485e-06, 0.9999841813461909 1.5818653809145492e-05, 
23, 000000, 000000, 3.042491148376748e-06, 3.042491148376748e-06, 0.9999817450531098 1.825494689026049e-05, 
24, 000000, 000000, 2.5080315648369665e-06, 2.5080315648369665e-06, 0.999984951810611 1.50481893890218e-05, 
25, 000000, 000000, 2.8575686852403335e-06, 2.8575686852403335e-06, 0.9999828545878886 1.7145412111442004e-05, 
26, 000000, 000000, 2.796446051394607e-06, 2.796446051394607e-06, 0.9999832213236917 1.6778676308367644e-05, 
27, 000000, 000000, 3.0454140396187786e-06, 3.0454140396187786e-06, 0.9999817275157623 1.8272484237712673e-05, 
28, 000000, 000000, 3.2241022287014985e-06, 3.2241022287014985e-06, 0.9999806553866278 1.934461337220899e-05, 
29, 000000, 000000, 2.839926518456389e-06, 2.839926518456389e-06, 0.9999829604408893 1.7039559110738336e-05, 
30, 000000, 000000, 3.3271678384671367e-06, 3.3271678384671367e-06, 0.9999800369929692 1.996300703080282e-05, 
31, 000000, 000000, 2.8652096495818755e-06, 2.8652096495818755e-06, 0.9999828087421025 1.7191257897491254e-05, 
32, 000000, 000000, 3.0977121585842573e-06, 3.0977121585842573e-06, 0.9999814137270485 1.8586272951505542e-05, 
33, 000000, 000000, 2.6802074040900095e-06, 2.6802074040900095e-06, 0.9999839187555755 1.608124442454006e-05, 
34, 000000, 000000, 2.8411504095925813e-06, 2.8411504095925813e-06, 0.9999829530975425 1.704690245755549e-05, 
35, 000000, 000000, 2.963406685137205e-06, 2.963406685137205e-06, 0.9999822195598892 1.7780440110823225e-05, 
36, 000000, 000000, 3.186656156157749e-06, 3.186656156157749e-06, 0.9999808800630631 1.9119936936946496e-05, 
37, 000000, 000000, 2.8976921754803447e-06, 2.8976921754803447e-06, 0.9999826138469471 1.7386153052882067e-05, 
38, 000000, 000000, 3.044370900915255e-06, 3.044370900915255e-06, 0.9999817337745944 1.826622540549153e-05, 
39, 000000, 000000, 2.632243355568645e-06, 2.632243355568645e-06, 0.9999842065398666 1.5793460133411875e-05, 
40, 000000, 000000, 2.653170029991047e-06, 2.653170029991047e-06, 0.9999840809798201 1.5919020179946284e-05, 
41, 000000, 000000, 3.0074874294104074e-06, 3.0074874294104074e-06, 0.9999819550754235 1.8044924576462444e-05, 
42, 000000, 000000, 3.064002707701412e-06, 3.064002707701412e-06, 0.9999816159837538 1.8384016246208475e-05, 
43, 000000, 000000, 2.6372341212570024e-06, 2.6372341212570024e-06, 0.9999841765952725 1.582340472754202e-05, 
44, 000000, 000000, 3.0287894240856934e-06, 3.0287894240856934e-06, 0.9999818272634555 1.8172736544514163e-05, 
45, 000000, 000000, 2.838922811628814e-06, 2.838922811628814e-06, 0.9999829664631302 1.7033536869772886e-05, 
46, 000000, 000000, 3.0730730778317422e-06, 3.0730730778317422e-06, 0.9999815615615331 1.8438438466990453e-05, 
47, 000000, 000000, 3.280484458782399e-06, 3.280484458782399e-06, 0.9999803170932472 1.9682906752694396e-05, 
48, 000000, 000000, 2.883127822668572e-06, 2.883127822668572e-06, 0.999982701233064 1.7298766936011432e-05, 
49, 000000, 000000, 3.0982244141556555e-06, 3.0982244141556555e-06, 0.9999814106535151 1.8589346484933932e-05, 
50, 000000, 000000, 3.28627030791578e-06, 3.28627030791578e-06, 0.9999802823781525 1.9717621847494682e-05, 
51, 000000, 000000, 2.8886995619967096e-06, 2.8886995619967096e-06, 0.999982667802628 1.7332197371980263e-05, 
52, 000000, 000000, 2.8153042385531658e-06, 2.8153042385531658e-06, 0.9999831081745687 1.6891825431318997e-05, 
53, 000000, 000000, 2.592948600594656e-06, 2.592948600594656e-06, 0.9999844423083964 1.5557691603567937e-05, 
54, 000000, 000000, 3.040555511903173e-06, 3.040555511903173e-06, 0.9999817566669286 1.8243333071419035e-05, 
55, 000000, 000000, 2.6802791618345867e-06, 2.6802791618345867e-06, 0.999983918325029 1.608167497100752e-05, 
56, 000000, 000000, 3.0109888080210374e-06, 3.0109888080210374e-06, 0.9999819340671519 1.8065932848126226e-05, 
57, 000000, 000000, 3.1561208487326454e-06, 3.1561208487326454e-06, 0.9999810632749075 1.893672509239587e-05, 
58, 000000, 000000, 3.081919549736046e-06, 3.081919549736046e-06, 0.9999815084827015 1.8491517298416277e-05, 
59, 000000, 000000, 2.7305306498071043e-06, 2.7305306498071043e-06, 0.9999836168161012 1.6383183898842625e-05, 
60, 000000, 000000, 2.6599670090232155e-06, 2.6599670090232155e-06, 0.9999840401979458 1.5959802054139295e-05, 
61, 000000, 000000, 2.687178647800363e-06, 2.687178647800363e-06, 0.9999838769281132 1.612307188680218e-05, 
62, 000000, 000000, 2.8103814014378334e-06, 2.8103814014378334e-06, 0.9999831377115914 1.6862288408627e-05, 
63, 000000, 000000, 2.6483981223166125e-06, 2.6483981223166125e-06, 0.9999841096112662 1.5890388733899673e-05, 
64, 000000, 000000, 2.6697388342927605e-06, 2.6697388342927605e-06, 0.9999839815669943 1.6018433005756564e-05, 
65, 000000, 000000, 2.8830761560745854e-06, 2.8830761560745854e-06, 0.9999827015430636 1.7298456936447514e-05, 
66, 000000, 000000, 2.68604015198477e-06, 2.68604015198477e-06, 0.9999838837590881 1.6116240911908623e-05, 
67, 000000, 000000, 2.5290352070937667e-06, 2.5290352070937667e-06, 0.9999848257887574 1.5174211242562602e-05, 
68, 000000, 000000, 2.5358282616546754e-06, 2.5358282616546754e-06, 0.9999847850304301 1.5214969569928056e-05, 
69, 000000, 000000, 2.950649290189058e-06, 2.950649290189058e-06, 0.9999822961042589 1.770389574113435e-05, 
70, 000000, 000000, 2.9131826703799586e-06, 2.9131826703799586e-06, 0.9999825209039777 1.7479096022279754e-05, 
71, 000000, 000000, 3.0489075186236624e-06, 3.0489075186236624e-06, 0.9999817065548882 1.8293445111741975e-05, 
72, 000000, 000000, 2.7346882554754935e-06, 2.7346882554754935e-06, 0.9999835918704673 1.6408129532852963e-05, 
73, 000000, 000000, 2.6623551795569558e-06, 2.6623551795569558e-06, 0.9999840258689228 1.5974131077341733e-05, 
74, 000000, 000000, 2.8027173269237015e-06, 2.8027173269237015e-06, 0.9999831836960384 1.6816303961542212e-05, 
75, 000000, 000000, 2.7669737479888962e-06, 2.7669737479888962e-06, 0.999983398157512 1.660184248793338e-05, 
76, 000000, 000000, 2.9942415875631806e-06, 2.9942415875631806e-06, 0.9999820345504746 1.7965449525379087e-05, 
77, 000000, 000000, 3.129251312743428e-06, 3.129251312743428e-06, 0.9999812244921236 1.8775507876460572e-05, 
78, 000000, 000000, 2.777578670065258e-06, 2.777578670065258e-06, 0.9999833345279796 1.666547202039155e-05, 
79, 000000, 000000, 2.877311297962164e-06, 2.877311297962164e-06, 0.9999827361322122 1.7263867787772986e-05, 
80, 000000, 000000, 2.808209286145644e-06, 2.808209286145644e-06, 0.9999831507442831 1.684925571687386e-05, 
81, 000000, 000000, 2.979750389593915e-06, 2.979750389593915e-06, 0.9999821214976624 1.7878502337563494e-05, 
82, 000000, 000000, 3.029608097719767e-06, 3.029608097719767e-06, 0.9999818223514136 1.8177648586318603e-05, 
83, 000000, 000000, 2.630789698393985e-06, 2.630789698393985e-06, 0.9999842152618096 1.5784738190363915e-05, 
84, 000000, 000000, 3.2478798374379396e-06, 3.2478798374379396e-06, 0.9999805127209753 1.948727902462764e-05, 
85, 000000, 000000, 2.6246982163344577e-06, 2.6246982163344577e-06, 0.9999842518107019 1.574818929800675e-05, 
86, 000000, 000000, 2.517749588907888e-06, 2.517749588907888e-06, 0.9999848935024666 1.5106497533447329e-05, 
87, 000000, 000000, 2.5484000616484424e-06, 2.5484000616484424e-06, 0.9999847095996302 1.5290400369890654e-05, 
88, 000000, 000000, 2.7023872798159425e-06, 2.7023872798159425e-06, 0.9999837856763211 1.621432367889565e-05, 
89, 000000, 000000, 2.967465675808341e-06, 2.967465675808341e-06, 0.9999821952059452 1.780479405485005e-05, 
90, 000000, 000000, 2.9234137983756165e-06, 2.9234137983756165e-06, 0.9999824595172098 1.75404827902537e-05, 
91, 000000, 000000, 2.9453425686131966e-06, 2.9453425686131966e-06, 0.9999823279445883 1.767205541167918e-05, 
92, 000000, 000000, 3.177330939148123e-06, 3.177330939148123e-06, 0.9999809360143651 1.9063985634888743e-05, 
93, 000000, 000000, 2.8743998263625512e-06, 2.8743998263625512e-06, 0.9999827536010418 1.7246398958175307e-05, 
94, 000000, 000000, 2.9943970470436447e-06, 2.9943970470436447e-06, 0.9999820336177178 1.7966382282261867e-05, 
95, 000000, 000000, 2.704230669249765e-06, 2.704230669249765e-06, 0.9999837746159845 1.6225384015498594e-05, 
96, 000000, 000000, 2.822322512842005e-06, 2.822322512842005e-06, 0.9999830660649228 1.693393507705203e-05, 
97, 000000, 000000, 3.118081725671691e-06, 3.118081725671691e-06, 0.9999812915096459 1.8708490354030148e-05, 
98, 000000, 000000, 2.89450365049794e-06, 2.89450365049794e-06, 0.999982632978097 1.736702190298764e-05, 
99, 000000, 000000, 2.801770643023441e-06, 2.801770643023441e-06, 0.9999831893761418 1.6810623858140647e-05, 
100, 000000, 000000, 2.6560631827796467e-06, 2.6560631827796467e-06, 0.9999840636209033 1.593637909667788e-05, 
run, initial grid state, final grid state, mean grid cell occupancy, mean binding site occupancy, fraction of time with N TFs bound, warning
1, 000000, 000000, 2.4183165322094857e-06, 2.4183165322094857e-06, 0.9999854901008067 1.4509899193256915e-05, 
2, 000000, 000000, 3.1735918902806813e-06, 3.1735918902806813e-06, 0.9999809584486583 1.904155134168409e-05, 
3, 000000, 000000, 2.385796051663716e-06, 2.385796051663716e-06, 0.9999856852236901 1.4314776309982295e-05, 
4, 000000, 000000, 2.7625454459599554e-06, 2.7625454459599554e-06, 0.9999834247273242 1.6575272675759735e-05, 
5, 000000, 000000, 2.9258454583850243e-06, 2.9258454583850243e-06, 0.9999824449272496 1.7555072750310144e-05, 
6, 000000, 000000, 2.9855731500797054e-06, 2.9855731500797054e-06, 0.9999820865610995 1.7913438900478233e-05, 
7, 000000, 000000, 3.118128919553248e-06, 3.118128919553248e-06, 0.9999812912264827 1.8708773517319486e-05, 
8, 000000, 000000, 2.9138175233736234e-06, 2.9138175233736234e-06, 0.9999825170948597 1.748290514024174e-05, 
9, 000000, 000000, 2.482346874902076e-06, 2.482346874902076e-06, 0.9999851059187507 1.4894081249412458e-05, 
10, 000000, 000000, 3.1105803587839803e-06, 3.1105803587839803e-06, 0.9999813365178473 1.866348215270388e-05, 
11, 000000, 000000, 2.821601519871887e-06, 2.821601519871887e-06, 0.9999830703908807 1.692960911923132e-05, 
12, 000000, 000000, 3.4016734289801634e-06, 3.4016734289801634e-06, 0.9999795899594262 2.0410040573880982e-05, 
13, 000000, 000000, 3.1674840070320736e-06, 3.1674840070320736e-06, 0.999980995095958 1.9004904042192445e-05, 
14, 000000, 000000, 2.593330917744365e-06, 2.593330917744365e-06, 0.9999844400144935 1.5559985506466196e-05, 
15, 000000, 000000, 3.3063989266382507e-06, 3.3063989266382507e-06, 0.9999801616064402 1.9838393559829507e-05, 
16, 000000, 000000, 2.8785375314333013e-06, 2.8785375314333013e-06, 0.9999827287748114 1.7271225188599807e-05, 
17, 000000, 000000, 2.760925025239749e-06, 2.760925025239749e-06, 0.9999834344498486 1.6565550151438496e-05, 
18, 000000, 000000, 2.770464366350973e-06, 2.770464366350973e-06, 0.9999833772138019 1.662278619810584e-05, 
19, 000000, 000000, 2.549939527965727e-06, 2.549939527965727e-06, 0.9999847003628322 1.5299637167794363e-05, 
20, 000000, 000000, 2.9012708521650573e-06, 2.9012708521650573e-06, 0.999982592374887 1.7407625112990344e-05, 
21, 000000, 000000, 2.7400806452666534e-06, 2.7400806452666534e-06, 0.9999835595161284 1.6440483871599925e-05, 
22, 000000, 000000, 2.8523326127712857e-06, 2.8523326127712857e-06, 0.9999828860043234 1.7113995676627715e-05, 
23, 000000, 000000, 2.406352898194325e-06, 2.406352898194325e-06, 0.9999855618826109 1.443811738916595e-05, 
24, 000000, 000000, 2.7645742979496417e-06, 2.7645742979496417e-06, 0.9999834125542124 1.6587445787697852e-05, 
25, 000000, 000000, 3.0083403980947786e-06, 3.0083403980947786e-06, 0.9999819499576115 1.8050042388568673e-05, 
26, 000000, 000000, 2.8177677087854063e-06, 2.8177677087854063e-06, 0.9999830933937474 1.690660625271244e-05, 
27, 000000, 000000, 2.531789015315118e-06, 2.531789015315118e-06, 0.9999848092659082 1.5190734091890708e-05, 
28, 000000, 000000, 2.7766121164295403e-06, 2.7766121164295403e-06, 0.9999833403273014 1.6659672698577243e-05, 
29, 000000, 000000, 3.072653163358687e-06, 3.072653163358687e-06, 0.9999815640810199 1.8435918980152124e-05, 
30, 000000, 000000, 3.05203672332642e-06, 3.05203672332642e-06, 0.99998168777966 1.8312220339958522e-05, 
31, 000000, 000000, 2.8858966984035115e-06, 2.8858966984035115e-06, 0.9999826846198094 1.7315380190421073e-05, 
32, 000000, 000000, 2.5876345534364705e-06, 2.5876345534364705e-06, 0.9999844741926793 1.5525807320618822e-05, 
33, 000000, 000000, 2.8568717805000334e-06, 2.8568717805000334e-06, 0.999982858769317 1.7141230683000202e-05, 
34, 000000, 000000, 3.162616797247513e-06, 3.162616797247513e-06, 0.9999810242992165 1.8975700783485078e-05, 
35, 000000, 000000, 3.027705632870488e-06, 3.027705632870488e-06, 0.9999818337662029 1.8166233797222927e-05, 
36, 000000, 000000, 2.8504859614231813e-06, 2.8504859614231813e-06, 0.9999828970842315 1.7102915768539088e-05, 
37, 000000, 000000, 2.681153431694422e-06, 2.681153431694422e-06, 0.9999839130794099 1.608692059016653e-05, 
38, 000000, 000000, 3.3673804114670268e-06, 3.3673804114670268e-06, 0.9999797957175313 2.020428246880216e-05, 
39, 000000, 000000, 2.785793713705968e-06, 2.785793713705968e-06, 0.9999832852377177 1.6714762282235814e-05, 
40, 000000, 000000, 3.184758052327448e-06, 3.184758052327448e-06, 0.999980891451686 1.9108548313964688e-05, 
41, 000000, 000000, 2.821630363342618e-06, 2.821630363342618e-06, 0.9999830702178198 1.6929782180055707e-05, 
42, 000000, 000000, 2.6110639184847884e-06, 2.6110639184847884e-06, 0.9999843336164891 1.5666383510908732e-05, 
43, 000000, 000000, 2.732589905768677e-06, 2.732589905768677e-06, 0.9999836044605653 1.6395539434612062e-05, 
44, 000000, 000000, 2.865963594427236e-06, 2.865963594427236e-06, 0.9999828042184333 1.7195781566563415e-05, 
45, 000000, 000000, 3.0856846554344515e-06, 3.0856846554344515e-06, 0.9999814858920674 1.851410793260671e-05, 
46, 000000, 000000, 2.652023327298673e-06, 2.652023327298673e-06, 0.9999840878600362 1.5912139963792038e-05, 
47, 000000, 000000, 2.7057754812104296e-06, 2.7057754812104296e-06, 0.9999837653471129 1.6234652887262578e-05, 
48, 000000, 000000, 2.5880451077011424e-06, 2.5880451077011424e-06, 0.9999844717293537 1.5528270646206856e-05, 
49, 000000, 000000, 3.096560583801437e-06, 3.096560583801437e-06, 0.9999814206364972 1.8579363502808623e-05, 
50, 000000, 000000, 3.019535368316555e-06, 3.019535368316555e-06, 0.9999818827877902 1.811721220989933e-05, 
51, 000000, 000000, 2.8199655228626304e-06, 2.8199655228626304e-06, 0.9999830802068628 1.6919793137175784e-05, 
52, 000000, 000000, 3.054179744304468e-06, 3.054179744304468e-06, 0.9999816749215342 1.8325078465826808e-05, 
53, 000000, 000000, 3.442254803127767e-06, 3.442254803127767e-06, 0.9999793464711811 2.0653528818766602e-05, 
54, 000000, 000000, 2.7673825167821685e-06, 2.7673825167821685e-06, 0.9999833957048992 1.6604295100693013e-05, 
55, 000000, 000000, 2.9848928633422424e-06, 2.9848928633422424e-06, 0.99998209064282 1.7909357180053456e-05, 
56, 000000, 000000, 2.6390492536576223e-06, 2.6390492536576223e-06, 0.9999841657044782 1.5834295521945735e-05, 
57, 000000, 000000, 2.7518463436265784e-06, 2.7518463436265784e-06, 0.9999834889219383 1.651107806175947e-05, 
58, 000000, 000000, 2.523280543863869e-06, 2.523280543863869e-06, 0.9999848603167368 1.5139683263183215e-05, 
59, 000000, 000000, 2.6521173904122897e-06, 2.6521173904122897e-06, 0.9999840872956575 1.591270434247374e-05, 
60, 000000, 000000, 3.174427392177835e-06, 3.174427392177835e-06, 0.999980953435647 1.904656435306701e-05, 
61, 000000, 000000, 3.0803987324891224e-06, 3.0803987324891224e-06, 0.999981517607605 1.8482392394934735e-05, 
62, 000000, 000000, 3.0017851730364386e-06, 3.0017851730364386e-06, 0.9999819892889618 1.8010711038218632e-05, 
63, 000000, 000000, 2.896321959402116e-06, 2.896321959402116e-06, 0.9999826220682436 1.7377931756412697e-05, 
64, 000000, 000000, 2.6497757304848593e-06, 2.6497757304848593e-06, 0.9999841013456171 1.589865438290916e-05, 
65, 000000, 000000, 2.766408631260911e-06, 2.766408631260911e-06, 0.9999834015482125 1.6598451787565467e-05, 
66, 000000, 000000, 3.146859400409554e-06, 3.146859400409554e-06, 0.9999811188435974 1.8881156402457325e-05, 
67, 000000, 000000, 2.9128296064159697e-06, 2.9128296064159697e-06, 0.9999825230223616 1.7476977638495817e-05, 
68, 000000, 000000, 2.880114100159899e-06, 2.880114100159899e-06, 0.9999827193153991 1.7280684600959398e-05, 
69, 000000, 000000, 2.98263822324258e-06, 2.98263822324258e-06, 0.9999821041706605 1.789582933945548e-05, 
70, 000000, 000000, 2.9924171778114714e-06, 2.9924171778114714e-06, 0.9999820454969331 1.795450306686883e-05, 
71, 000000, 000000, 2.821187743638764e-06, 2.821187743638764e-06, 0.9999830728735383 1.6927126461832582e-05, 
72, 000000, 000000, 2.9015355961728604e-06, 2.9015355961728604e-06, 0.9999825907864229 1.7409213577037165e-05, 
73, 000000, 000000, 3.1162961946823258e-06, 3.1162961946823258e-06, 0.9999813022228319 1.8697777168093956e-05, 
74, 000000, 000000, 2.978334861730358e-06, 2.978334861730358e-06, 0.9999821299908296 1.787000917038215e-05, 
75, 000000, 000000, 2.989327247162305e-06, 2.989327247162305e-06, 0.999982064036517 1.793596348297383e-05, 
76, 000000, 000000, 2.556455080175979e-06, 2.556455080175979e-06, 0.9999846612695189 1.5338730481055874e-05, 
77, 000000, 000000, 2.898380807571497e-06, 2.898380807571497e-06, 0.9999826097151546 1.7390284845428983e-05, 
78, 000000, 000000, 2.722701848936747e-06, 2.722701848936747e-06, 0.9999836637889064 1.6336211093620483e-05, 
79, 000000, 000000, 3.3537303698509337e-06, 3.3537303698509337e-06, 0.999979877617781 2.01223822191056e-05, 
80, 000000, 000000, 2.9346684064104086e-06, 2.9346684064104086e-06, 0.9999823919895616 1.760801043846245e-05, 
81, 000000, 000000, 2.8917764166519985e-06, 2.8917764166519985e-06, 0.9999826493415 1.735065849991199e-05, 
82, 000000, 000000, 2.951193478825272e-06, 2.951193478825272e-06, 0.9999822928391271 1.7707160872951636e-05, 
83, 000000, 000000, 2.881527543487895e-06, 2.881527543487895e-06, 0.9999827108347391 1.7289165260927373e-05, 
84, 000000, 000000, 2.6302520530206143e-06, 2.6302520530206143e-06, 0.9999842184876818 1.5781512318123685e-05, 
85, 000000, 000000, 3.1253026152643114e-06, 3.1253026152643114e-06, 0.9999812481843083 1.875181569158587e-05, 
86, 000000, 000000, 3.260091098747918e-06, 3.260091098747918e-06, 0.9999804394534075 1.9560546592487508e-05, 
87, 000000, 000000, 2.9989811540073853e-06, 2.9989811540073853e-06, 0.9999820061130759 1.7993886924044314e-05, 
88, 000000, 000000, 2.7493120163099718e-06, 2.7493120163099718e-06, 0.9999835041279022 1.6495872097859833e-05, 
89, 000000, 000000, 2.9032750915029705e-06, 2.9032750915029705e-06, 0.999982580349451 1.7419650549017824e-05, 
90, 000000, 000000, 2.727643887105523e-06, 2.727643887105523e-06, 0.9999836341366773 1.636586332263314e-05, 
91, 000000, 000000, 3.039307666416575e-06, 3.039307666416575e-06, 0.9999817641540015 1.8235845998499452e-05, 
92, 000000, 000000, 2.6693572029073737e-06, 2.6693572029073737e-06, 0.9999839838567826 1.6016143217444242e-05, 
93, 000000, 000000, 3.035145043933261e-06, 3.035145043933261e-06, 0.9999817891297365 1.8210870263599567e-05, 
94, 000000, 000000, 2.8711509544340268e-06, 2.8711509544340268e-06, 0.9999827730942734 1.722690572660416e-05, 
95, 000000, 000000, 3.2814795467360233e-06, 3.2814795467360233e-06, 0.9999803111227196 1.9688877280416143e-05, 
96, 000000, 000000, 3.1467979280721564e-06, 3.1467979280721564e-06, 0.9999811192124316 1.8880787568432943e-05, 
97, 000000, 000000, 2.6663572887165675e-06, 2.6663572887165675e-06, 0.9999840018562677 1.5998143732299407e-05, 
98, 000000, 000000, 2.531652712490527e-06, 2.531652712490527e-06, 0.999984810083725 1.5189916274943165e-05, 
99, 000000, 000000, 2.928964353203847e-06, 2.928964353203847e-06, 0.9999824262138808 1.7573786119223082e-05, 
100, 000000, 000000, 2.741585717227842e-06, 2.741585717227842e-06, 0.9999835504856966 1.644951430336705e-05, 
run, initial grid state, final grid state, mean grid cell occupancy, mean binding site occupancy, fraction of time with N TFs bound, warning
1, 000000, 000000, 2.9896875029355874e-06, 2.9896875029355874e-06, 0.9999820618749824 1.7938125017613524e-05, 
2, 000000, 000000, 2.7139248852581815e-06, 2.7139248852581815e-06, 0.9999837164506885 1.628354931154909e-05, 
3, 000000, 000000, 2.9285546699987853e-06, 2.9285546699987853e-06, 0.99998242867198 1.7571328019992714e-05, 
4, 000000, 000000, 2.82704337411597e-06, 2.82704337411597e-06, 0.9999830377397553 1.6962260244695824e-05, 
5, 000000, 000000, 3.1527328909606865e-06, 3.1527328909606865e-06, 0.9999810836026543 1.8916397345764117e-05, 
6, 000000, 000000, 3.212944157871321e-06, 3.212944157871321e-06, 0.9999807223350528 1.9277664947227927e-05, 
7, 000000, 000000, 2.7519474530474478e-06, 2.7519474530474478e-06, 0.9999834883152816 1.6511684718284687e-05, 
8, 000000, 000000, 2.932110828458764e-06, 2.932110828458764e-06, 0.9999824073350292 1.7592664970752582e-05, 
9, 000000, 000000, 2.8637190629059205e-06, 2.8637190629059205e-06, 0.9999828176856226 1.7182314377435525e-05, 
10, 000000, 000000, 2.906127717257994e-06, 2.906127717257994e-06, 0.9999825632336964 1.7436766303547968e-05, 
11, 000000, 000000, 3.226596271295307e-06, 3.226596271295307e-06, 0.9999806404223722 1.9359577627771842e-05, 
12, 000000, 000000, 3.4398667020267904e-06, 3.4398667020267904e-06, 0.9999793607997879 2.0639200212160744e-05, 
13, 000000, 000000, 2.9329020137227104e-06, 2.9329020137227104e-06, 0.9999824025879177 1.7597412082336266e-05, 
14, 000000, 000000, 2.9646722143404335e-06, 2.9646722143404335e-06, 0.999982211966714 1.77880332860426e-05, 
15, 000000, 000000, 2.7940109956197965e-06, 2.7940109956197965e-06, 0.9999832359340264 1.676406597371878e-05, 
16, 000000, 000000, 2.7858768852343336e-06, 2.7858768852343336e-06, 0.9999832847386886 1.6715261311406e-05, 
17, 000000, 000000, 2.982701707460828e-06, 2.982701707460828e-06, 0.9999821037897553 1.789621024476497e-05, 
18, 000000, 000000, 2.6625041546738363e-06, 2.6625041546738363e-06, 0.9999840249750719 1.5975024928043017e-05, 
19, 000000, 000000, 2.7259924758500447e-06, 2.7259924758500447e-06, 0.9999836440451448 1.6355954855100273e-05, 
20, 000000, 000000, 3.29829312541559e-06, 3.29829312541559e-06, 0.9999802102412475 1.978975875249354e-05, 
21, 000000, 000000, 2.9403167549424635e-06, 2.9403167549424635e-06, 0.9999823580994703 1.7641900529654782e-05, 
22, 000000, 000000, 2.707515489630836e-06, 2.707515489630836e-06, 0.9999837549070623 1.6245092937785012e-05, 
23, 000000, 000000, 2.6986035266936947e-06, 2.6986035266936947e-06, 0.9999838083788398 1.6191621160162167e-05, 
24, 000000, 000000, 3.051408095392989e-06, 3.051408095392989e-06, 0.9999816915514276 1.8308448572357937e-05, 
25, 000000, 000000, 2.969472455700327e-06, 2.969472455700327e-06, 0.9999821831652659 1.781683473420196e-05, 
26, 000000, 000000, 2.9734858070455838e-06, 2.9734858070455838e-06, 0.9999821957034024 1.776767835320461e-05 3.6618244534447074e-08, 
27, 000000, 000000, 2.9034776116632632e-06, 2.9034776116632632e-06, 0.9999825791343301 1.742086566997958e-05, 
28, 000000, 000000, 3.0526084728030864e-06, 3.0526084728030864e-06, 0.9999816843491631 1.831565083681852e-05, 
29, 000000, 000000, 2.7469010661861725e-06, 2.7469010661861725e-06, 0.999983518593603 1.6481406397117033e-05, 
30, 000000, 000000, 2.9329728034513977e-06, 2.9329728034513977e-06, 0.9999824021631794 1.7597836820708388e-05, 
31, 000000, 000000, 2.5906479587330523e-06, 2.5906479587330523e-06, 0.9999844561122476 1.5543887752398313e-05, 
32, 000000, 000000, 2.8138298566991253e-06, 2.8138298566991253e-06, 0.9999831170208598 1.688297914019475e-05, 
33, 000000, 000000, 2.7415398690547967e-06, 2.7415398690547967e-06, 0.9999835507607856 1.644923921432878e-05, 
34, 000000, 000000, 2.8729759709889873e-06, 2.8729759709889873e-06, 0.999982762144174 1.7237855825933926e-05, 
35, 000000, 000000, 2.450452218586098e-06, 2.450452218586098e-06, 0.9999852972866885 1.470271331151659e-05, 
36, 000000, 000000, 2.883128037974554e-06, 2.883128037974554e-06, 0.9999827012317722 1.7298768227847326e-05, 
37, 000000, 000000, 2.7624185817809923e-06, 2.7624185817809923e-06, 0.9999834254885094 1.657451149068595e-05, 
38, 000000, 000000, 2.8060314614473588e-06, 2.8060314614473588e-06, 0.9999831638112313 1.683618876868415e-05, 
39, 000000, 000000, 3.371122729188156e-06, 3.371122729188156e-06, 0.9999797732636249 2.0226736375128936e-05, 
40, 000000, 000000, 3.132375794172819e-06, 3.132375794172819e-06, 0.9999812057452351 1.8794254765036914e-05, 
41, 000000, 000000, 2.656649225448509e-06, 2.656649225448509e-06, 0.9999840601046472 1.5939895352691054e-05, 
42, 000000, 000000, 2.5868711278303e-06, 2.5868711278303e-06, 0.9999844787732329 1.5521226766981802e-05, 
43, 000000, 000000, 2.7110609197071086e-06, 2.7110609197071086e-06, 0.9999837336344818 1.626636551824265e-05, 
44, 000000, 000000, 2.9930760468521875e-06, 2.9930760468521875e-06, 0.9999820415437188 1.7958456281113126e-05, 
45, 000000, 000000, 2.9183749914448705e-06, 2.9183749914448705e-06, 0.9999824897500514 1.7510249948669225e-05, 
46, 000000, 000000, 2.9286480782487443e-06, 2.9286480782487443e-06, 0.9999824281115305 1.7571888469492467e-05, 
47, 000000, 000000, 2.491125432874948e-06, 2.491125432874948e-06, 0.9999850532474027 1.4946752597249688e-05, 
48, 000000, 000000, 2.4677567974333135e-06, 2.4677567974333135e-06, 0.9999851934592154 1.4806540784599879e-05, 
49, 000000, 000000, 2.841243448414699e-06, 2.841243448414699e-06, 0.9999829525393095 1.7047460690488194e-05, 
50, 000000, 000000, 3.0626907813961482e-06, 3.0626907813961482e-06, 0.9999816238553116 1.837614468837689e-05, 
51, 000000, 000000, 1.9888059209344817e-06, 1.9888059209344817e-06, 0.9999880671644743 1.1932835525606891e-05, 
52, 000000, 000000, 2.8629885147047767e-06, 2.8629885147047767e-06, 0.9999828220689118 1.7177931088228665e-05, 
53, 000000, 000000, 2.6525405952819277e-06, 2.6525405952819277e-06, 0.9999840847564283 1.591524357169157e-05, 
54, 000000, 000000, 2.633674110245802e-06, 2.633674110245802e-06, 0.9999841979553385 1.580204466147481e-05, 
55, 000000, 000000, 2.8600914313188112e-06, 2.8600914313188112e-06, 0.9999828394514121 1.716054858791287e-05, 
56, 000000, 000000, 3.0457769964394404e-06, 3.0457769964394404e-06, 0.9999817253380213 1.8274661978636646e-05, 
57, 000000, 000000, 2.912638527701427e-06, 2.912638527701427e-06, 0.9999825241688338 1.7475831166208563e-05, 
58, 000000, 000000, 2.972956657424774e-06, 2.972956657424774e-06, 0.9999821622600554 1.7837739944548642e-05, 
59, 000000, 000000, 3.1561730679828256e-06, 3.1561730679828256e-06, 0.9999810629615921 1.8937038407896955e-05, 
60, 000000, 000000, 2.899280183290811e-06, 2.899280183290811e-06, 0.9999826043189002 1.7395681099744867e-05, 
61, 000000, 000000, 3.1547644337628484e-06, 3.1547644337628484e-06, 0.9999810714133974 1.8928586602577096e-05, 
62, 000000, 000000, 3.024714778547714e-06, 3.024714778547714e-06, 0.9999818517113287 1.8148288671286287e-05, 
63, 000000, 000000, 3.184354241560259e-06, 3.184354241560259e-06, 0.9999808938745507 1.9106125449361555e-05, 
64, 000000, 000000, 2.907845332864967e-06, 2.907845332864967e-06, 0.9999825529280028 1.7447071997189803e-05, 
65, 000000, 000000, 2.889542561493784e-06, 2.889542561493784e-06, 0.999982662744631 1.7337255368962705e-05, 
66, 000000, 000000, 2.7433785523844894e-06, 2.7433785523844894e-06, 0.9999835397286858 1.6460271314306936e-05, 
67, 000000, 000000, 2.9446752237697085e-06, 2.9446752237697085e-06, 0.9999823319486574 1.766805134261825e-05, 
68, 000000, 000000, 2.5422495193294583e-06, 2.5422495193294583e-06, 0.9999847465028842 1.5253497115976751e-05, 
69, 000000, 000000, 2.7763813528207143e-06, 2.7763813528207143e-06, 0.9999833417118831 1.6658288116924286e-05, 
70, 000000, 000000, 2.680925589081284e-06, 2.680925589081284e-06, 0.9999839144464655 1.6085553534487705e-05, 
71, 000000, 000000, 2.678279860684322e-06, 2.678279860684322e-06, 0.9999839303208359 1.6069679164105937e-05, 
72, 000000, 000000, 3.152681651646756e-06, 3.152681651646756e-06, 0.9999810839100902 1.8916089909880535e-05, 
73, 000000, 000000, 2.9924957769309786e-06, 2.9924957769309786e-06, 0.9999820450253384 1.7954974661585874e-05, 
74, 000000, 000000, 3.216257283997292e-06, 3.216257283997292e-06, 0.9999807024562959 1.9297543703983757e-05, 
75, 000000, 000000, 2.6503701811268303e-06, 2.6503701811268303e-06, 0.9999840977789133 1.590222108676098e-05, 
76, 000000, 000000, 2.856081514637769e-06, 2.856081514637769e-06, 0.9999828635109123 1.7136489087826614e-05, 
77, 000000, 000000, 2.7348951729613126e-06, 2.7348951729613126e-06, 0.9999835906289621 1.6409371037767878e-05, 
78, 000000, 000000, 2.9545129306918645e-06, 2.9545129306918645e-06, 0.9999822729224158 1.772707758415119e-05, 
79, 000000, 000000, 2.9755998304668837e-06, 2.9755998304668837e-06, 0.9999821464010171 1.7853598982801303e-05, 
80, 000000, 000000, 2.7834545594512938e-06, 2.7834545594512938e-06, 0.9999832992726434 1.6700727356707764e-05, 
81, 000000, 000000, 3.0058432315099455e-06, 3.0058432315099455e-06, 0.999981964940611 1.8035059389059672e-05, 
82, 000000, 000000, 3.3799002166952755e-06, 3.3799002166952755e-06, 0.9999797205986998 2.0279401300171655e-05, 
83, 000000, 000000, 2.3805707876587377e-06, 2.3805707876587377e-06, 0.9999857165752741 1.4283424725952429e-05, 
84, 000000, 000000, 3.1728622525651e-06, 3.1728622525651e-06, 0.9999809628264846 1.90371735153906e-05, 
85, 000000, 000000, 2.7261849236017503e-06, 2.7261849236017503e-06, 0.9999836428904585 1.6357109541610503e-05, 
86, 000000, 000000, 2.8270201964824943e-06, 2.8270201964824943e-06, 0.9999830378788211 1.6962121178894967e-05, 
87, 000000, 000000, 3.154031775240649e-06, 3.154031775240649e-06, 0.9999810758093486 1.8924190651443895e-05, 
88, 000000, 000000, 2.6450952879353495e-06, 2.6450952879353495e-06, 0.9999841294282723 1.5870571727612097e-05, 
89, 000000, 000000, 3.1664266905757324e-06, 3.1664266905757324e-06, 0.9999810014398566 1.8998560143454396e-05, 
90, 000000, 000000, 3.211661187388771e-06, 3.211661187388771e-06, 0.9999807300328757 1.926996712433263e-05, 
91, 000000, 000000, 3.200164355567641e-06, 3.200164355567641e-06, 0.9999807990138666 1.920098613340585e-05, 
92, 000000, 000000, 3.0384570907414073e-06, 3.0384570907414073e-06, 0.9999817692574555 1.8230742544448445e-05, 
93, 000000, 000000, 2.9722058027356284e-06, 2.9722058027356284e-06, 0.9999821667651836 1.783323481641377e-05, 
94, 000000, 000000, 2.514096544353025e-06, 2.514096544353025e-06, 0.999984915420734 1.508457926611815e-05, 
95, 000000, 000000, 3.4198787883162217e-06, 3.4198787883162217e-06, 0.99997948072727 2.0519272729897332e-05, 
96, 000000, 000000, 3.341109739147008e-06, 3.341109739147008e-06, 0.9999799533415651 2.0046658434882047e-05, 
97, 000000, 000000, 2.9111161730793993e-06, 2.9111161730793993e-06, 0.9999825333029615 1.74666970384764e-05, 
98, 000000, 000000, 2.809546252784969e-06, 2.809546252784969e-06, 0.9999831427224833 1.6857277516709816e-05, 
99, 000000, 000000, 2.9186927146486758e-06, 2.9186927146486758e-06, 0.999982487843712 1.7512156287892053e-05, 
100, 000000, 000000, 3.0953312031960564e-06, 3.0953312031960564e-06, 0.9999814280127808 1.857198721917634e-05, 
run, initial grid state, final grid state, mean grid cell occupancy, mean binding site occupancy, fraction of time with N TFs bound, warning
1, 000000, 000000, 3.063207696098538e-06, 3.063207696098538e-06, 0.9999816207538235 1.837924617659123e-05, 
2, 000000, 000000, 2.9173707525772115e-06, 2.9173707525772115e-06, 0.9999824957754845 1.750422451546327e-05, 
3, 000000, 000000, 2.9185478826666187e-06, 2.9185478826666187e-06, 0.999982488712704 1.7511287295999713e-05, 
4, 000000, 000000, 2.914947654215992e-06, 2.914947654215992e-06, 0.9999825103140748 1.748968592529595e-05, 
5, 000000, 000000, 2.6138765554978617e-06, 2.6138765554978617e-06, 0.9999843167406669 1.568325933298717e-05, 
6, 000000, 000000, 2.782164327306081e-06, 2.782164327306081e-06, 0.9999833070140361 1.6692985963836487e-05, 
7, 000000, 000000, 3.1892566963852866e-06, 3.1892566963852866e-06, 0.9999808644598217 1.913554017831172e-05, 
8, 000000, 000000, 2.942076178962911e-06, 2.942076178962911e-06, 0.9999823475429263 1.7652457073777467e-05, 
9, 000000, 000000, 2.556182064458003e-06, 2.556182064458003e-06, 0.9999846629076132 1.5337092386748018e-05, 
10, 000000, 000000, 3.0057719844025152e-06, 3.0057719844025152e-06, 0.9999819653680937 1.803463190641509e-05, 
11, 000000, 000000, 3.0720421649958368e-06, 3.0720421649958368e-06, 0.99998156774701 1.8432252989975024e-05, 
12, 000000, 000000, 2.7048149796528737e-06, 2.7048149796528737e-06, 0.999983771110122 1.6228889877917242e-05, 
13, 000000, 000000, 2.6108122138213363e-06, 2.6108122138213363e-06, 0.9999843351267171 1.5664873282928018e-05, 
14, 000000, 000000, 2.994277960409277e-06, 2.994277960409277e-06, 0.9999820343322375 1.796566776245566e-05, 
15, 000000, 000000, 2.6949807818428724e-06, 2.6949807818428724e-06, 0.999983830115309 1.6169884691057236e-05, 
16, 000000, 000000, 2.993358126967583e-06, 2.993358126967583e-06, 0.9999820398512382 1.79601487618055e-05, 
17, 000000, 000000, 2.793322025746668e-06, 2.793322025746668e-06, 0.9999832400678456 1.675993215448001e-05, 
18, 000000, 000000, 2.9593427972225028e-06, 2.9593427972225028e-06, 0.9999822439432166 1.7756056783335017e-05, 
19, 000000, 000000, 2.685398282301926e-06, 2.685398282301926e-06, 0.9999838876103062 1.6112389693811557e-05, 
20, 000000, 000000, 2.7599431979923782e-06, 2.7599431979923782e-06, 0.9999834403408121 1.655965918795427e-05, 
21, 000000, 000000, 2.7424955627931246e-06, 2.7424955627931246e-06, 0.9999835450266233 1.645497337675875e-05, 
22, 000000, 000000, 2.7389884713874563e-06, 2.7389884713874563e-06, 0.9999835660691717 1.6433930828324738e-05, 
23, 000000, 000000, 3.0534872150236538e-06, 3.0534872150236538e-06, 0.9999816790767099 1.8320923290141923e-05, 
24, 000000, 000000, 2.669004773848231e-06, 2.669004773848231e-06, 0.999983985971357 1.601402864308939e-05, 
25, 000000, 000000, 3.088727270315423e-06, 3.088727270315423e-06, 0.9999814676363782 1.853236362189254e-05, 
26, 000000, 000000, 3.0989970716554667e-06, 3.0989970716554667e-06, 0.9999814060175701 1.85939824299328e-05, 
27, 000000, 000000, 2.851937248378489e-06, 2.851937248378489e-06, 0.9999828883765097 1.7111623490270934e-05, 
28, 000000, 000000, 3.068751631632358e-06, 3.068751631632358e-06, 0.9999815874902103 1.841250978979415e-05, 
29, 000000, 000000, 3.03271959656369e-06, 3.03271959656369e-06, 0.9999818197151203 1.8164252179894328e-05 1.6032699743906655e-08, 
30, 000000, 000000, 2.7263287910824222e-06, 2.7263287910824222e-06, 0.9999836420272535 1.6357972746494536e-05, 
31, 000000, 000000, 2.8401427783006947e-06, 2.8401427783006947e-06, 0.9999829591433301 1.704085666980417e-05, 
32, 000000, 000000, 3.345942775590847e-06, 3.345942775590847e-06, 0.9999799243433464 2.0075656653545084e-05, 
33, 000000, 000000, 2.8027385373703095e-06, 2.8027385373703095e-06, 0.9999831835687759 1.6816431224221858e-05, 
34, 000000, 000000, 2.97063899647607e-06, 2.97063899647607e-06, 0.9999821761660211 1.7823833978856425e-05, 
35, 000000, 000000, 2.992760187917285e-06, 2.992760187917285e-06, 0.9999820434388724 1.795656112750371e-05, 
36, 000000, 000000, 2.8885338296690795e-06, 2.8885338296690795e-06, 0.9999826687970219 1.733120297801448e-05, 
37, 000000, 000000, 2.436022619682711e-06, 2.436022619682711e-06, 0.9999853838642818 1.4616135718096269e-05, 
38, 000000, 000000, 2.8886417281009726e-06, 2.8886417281009726e-06, 0.9999826681496314 1.7331850368605837e-05, 
39, 000000, 000000, 2.7878930623459787e-06, 2.7878930623459787e-06, 0.9999832726416259 1.6727358374075872e-05, 
40, 000000, 000000, 3.198461209958186e-06, 3.198461209958186e-06, 0.9999808092327402 1.9190767259749117e-05, 
41, 000000, 000000, 3.689931156305329e-06, 3.689931156305329e-06, 0.9999778604130621 2.2139586937831978e-05, 
42, 000000, 000000, 3.083433995899108e-06, 3.083433995899108e-06, 0.9999814993960245 1.850060397539465e-05, 
43, 000000, 000000, 2.6982550653438484e-06, 2.6982550653438484e-06, 0.9999838104696079 1.618953039206309e-05, 
44, 000000, 000000, 2.800253023376156e-06, 2.800253023376156e-06, 0.9999831984818597 1.6801518140256934e-05, 
45, 000000, 000000, 2.6241659967435726e-06, 2.6241659967435726e-06, 0.9999842550040196 1.574499598046144e-05, 
46, 000000, 000000, 3.1716059505459035e-06, 3.1716059505459035e-06, 0.9999809703642967 1.902963570327542e-05, 
47, 000000, 000000, 2.9515423218956185e-06, 2.9515423218956185e-06, 0.9999822907460686 1.770925393137371e-05, 
48, 000000, 000000, 2.625036411948736e-06, 2.625036411948736e-06, 0.9999842497815283 1.5750218471692417e-05, 
49, 000000, 000000, 2.669553769105483e-06, 2.669553769105483e-06, 0.9999839826773853 1.60173226146329e-05, 
50, 000000, 000000, 2.849247457490021e-06, 2.849247457490021e-06, 0.9999829045152551 1.709548474494013e-05, 
51, 000000, 000000, 3.153440276095348e-06, 3.153440276095348e-06, 0.9999810793583433 1.8920641656572085e-05, 
52, 000000, 000000, 3.2711050460719963e-06, 3.2711050460719963e-06, 0.9999803733697236 1.9626630276431982e-05, 
53, 000000, 000000, 2.8605068482675157e-06, 2.8605068482675157e-06, 0.9999828369589103 1.7163041089605095e-05, 
54, 000000, 000000, 3.2168075887632684e-06, 3.2168075887632684e-06, 0.9999806991544675 1.9300845532579612e-05, 
55, 000000, 000000, 2.5518033404782824e-06, 2.5518033404782824e-06, 0.9999846891799571 1.5310820042869697e-05, 
56, 000000, 000000, 3.3909752363775156e-06, 3.3909752363775156e-06, 0.9999796541485817 2.0345851418265093e-05, 
57, 000000, 000000, 3.011147458133369e-06, 3.011147458133369e-06, 0.9999819331152513 1.8066884748800213e-05, 
58, 000000, 000000, 2.5418989917523563e-06, 2.5418989917523563e-06, 0.9999847486060496 1.525139395051414e-05, 
59, 000000, 000000, 2.6639188099713134e-06, 2.6639188099713134e-06, 0.9999840164871402 1.598351285982788e-05, 
60, 000000, 000000, 2.8715282401412587e-06, 2.8715282401412587e-06, 0.9999827708305592 1.7229169440847553e-05, 
61, 000000, 000000, 3.0518418450697525e-06, 3.0518418450697525e-06, 0.9999816889489297 1.831105107041852e-05, 
62, 000000, 000000, 2.6852186332205452e-06, 2.6852186332205452e-06, 0.9999838886882007 1.6111311799323274e-05, 
63, 000000, 000000, 2.6396194221033724e-06, 2.6396194221033724e-06, 0.9999841622834673 1.5837716532620236e-05, 
64, 000000, 000000, 3.2886152089893945e-06, 3.2886152089893945e-06, 0.999980268308746 1.973169125393637e-05, 
65, 000000, 000000, 2.7975276321290236e-06, 2.7975276321290236e-06, 0.9999832148342073 1.6785165792774142e-05, 
66, 000000, 000000, 2.8742895184649843e-06, 2.8742895184649843e-06, 0.9999827542628892 1.7245737110789908e-05, 
67, 000000, 000000, 3.0772274177779424e-06, 3.0772274177779424e-06, 0.9999815366354932 1.8463364506667657e-05, 
68, 000000, 000000, 3.3042639929045076e-06, 3.3042639929045076e-06, 0.9999801744160425 1.9825583957427045e-05, 
69, 000000, 000000, 3.0012117628068733e-06, 3.0012117628068733e-06, 0.9999819927294231 1.800727057684124e-05, 
70, 000000, 000000, 2.7274535985137904e-06, 2.7274535985137904e-06, 0.9999836352784089 1.6364721591082742e-05, 
71, 000000, 000000, 2.953234911089142e-06, 2.953234911089142e-06, 0.9999822805905334 1.771940946653485e-05, 
72, 000000, 000000, 3.48273076592294e-06, 3.48273076592294e-06, 0.9999791036154044 2.0896384595537645e-05, 
73, 000000, 000000, 2.72314392258147e-06, 2.72314392258147e-06, 0.9999836611364645 1.633886353548882e-05, 
74, 000000, 000000, 2.8740250225213635e-06, 2.8740250225213635e-06, 0.9999827558498648 1.724415013512818e-05, 
75, 000000, 000000, 2.8289515688464722e-06, 2.8289515688464722e-06, 0.9999830262905869 1.6973709413078833e-05, 
76, 000000, 000000, 2.8170462150011756e-06, 2.8170462150011756e-06, 0.99998309772271 1.6902277290007052e-05, 
77, 000000, 000000, 2.5895099046857404e-06, 2.5895099046857404e-06, 0.9999844629405719 1.553705942811444e-05, 
78, 000000, 000000, 2.6573124775824146e-06, 2.6573124775824146e-06, 0.9999840561251345 1.5943874865494488e-05, 
79, 000000, 000000, 2.9300710750375963e-06, 2.9300710750375963e-06, 0.9999824195735497 1.7580426450225577e-05, 
80, 000000, 000000, 2.7175185317943045e-06, 2.7175185317943045e-06, 0.9999836948888092 1.6305111190765827e-05, 
81, 000000, 000000, 2.8029159711755157e-06, 2.8029159711755157e-06, 0.9999831825041728 1.6817495827053096e-05, 
82, 000000, 000000, 3.1542643009187526e-06, 3.1542643009187526e-06, 0.9999810744141944 1.892558580551252e-05, 
83, 000000, 000000, 2.9451131370172842e-06, 2.9451131370172842e-06, 0.9999823293211778 1.7670678822103707e-05, 
84, 000000, 000000, 2.832840741376359e-06, 2.832840741376359e-06, 0.9999830029555519 1.6997044448258154e-05, 
85, 000000, 000000, 3.0901739819007844e-06, 3.0901739819007844e-06, 0.9999814589561087 1.854104389140471e-05, 
86, 000000, 000000, 2.8848517900195554e-06, 2.8848517900195554e-06, 0.9999826908892598 1.7309110740117332e-05, 
87, 000000, 000000, 3.073506903188189e-06, 3.073506903188189e-06, 0.9999815589585809 1.8441041419129135e-05, 
88, 000000, 000000, 3.358402762949274e-06, 3.358402762949274e-06, 0.9999798495834223 2.0150416577695643e-05, 
89, 000000, 000000, 2.911804358754898e-06, 2.911804358754898e-06, 0.9999825291738474 1.7470826152529387e-05, 
90, 000000, 000000, 3.0717721820227603e-06, 3.0717721820227603e-06, 0.9999815693669079 1.8430633092136564e-05, 
91, 000000, 000000, 2.6318290576095768e-06, 2.6318290576095768e-06, 0.9999842090256543 1.5790974345657463e-05, 
92, 000000, 000000, 2.5407325237293182e-06, 2.5407325237293182e-06, 0.9999847556048577 1.524439514237591e-05, 
93, 000000, 000000, 3.088097448126516e-06, 3.088097448126516e-06, 0.9999814714153112 1.8528584688759095e-05, 
94, 000000, 000000, 3.312990586825513e-06, 3.312990586825513e-06, 0.9999801220564791 1.9877943520953078e-05, 
95, 000000, 000000, 2.9313049847733166e-06, 2.9313049847733166e-06, 0.9999824121700913 1.75878299086399e-05, 
96, 000000, 000000, 3.40322160539402e-06, 3.40322160539402e-06, 0.9999795806703675 2.041932963236412e-05, 
97, 000000, 000000, 2.683122279261948e-06, 2.683122279261948e-06, 0.9999839012663244 1.609873367557169e-05, 
98, 000000, 000000, 3.351781612056407e-06, 3.351781612056407e-06, 0.9999798893103277 2.011068967233844e-05, 
99, 000000, 000000, 2.6479404726781184e-06, 2.6479404726781184e-06, 0.999984112357164 1.588764283606871e-05, 
100, 000000, 000000, 2.6857194288820024e-06, 2.6857194288820024e-06, 0.9999838856834268 1.6114316573292014e-05, 
run, initial grid state, final grid state, mean grid cell occupancy, mean binding site occupancy, fraction of time with N TFs bound, warning
1, 000000, 000000, 3.1162773148391282e-06, 3.1162773148391282e-06, 0.9999813023361109 1.869766388903477e-05, 
2, 000000, 000000, 2.91923214655946e-06, 2.91923214655946e-06, 0.9999824846071206 1.751539287935676e-05, 
3, 000000, 000000, 2.9536452615663166e-06, 2.9536452615663166e-06, 0.9999822781284307 1.7721871569397903e-05, 
4, 000000, 000000, 2.9383034294442314e-06, 2.9383034294442314e-06, 0.9999823701794233 1.762982057666539e-05, 
5, 000000, 000000, 2.8436136834806064e-06, 2.8436136834806064e-06, 0.9999829383178991 1.706168210088364e-05, 
6, 000000, 000000, 2.795768867415183e-06, 2.795768867415183e-06, 0.9999832253867954 1.67746132044911e-05, 
7, 000000, 000000, 2.7925486978070275e-06, 2.7925486978070275e-06, 0.9999832447078133 1.6755292186842166e-05, 
8, 000000, 000000, 2.758599739985924e-06, 2.758599739985924e-06, 0.9999834484015601 1.6551598439915547e-05, 
9, 000000, 000000, 2.875200080796106e-06, 2.875200080796106e-06, 0.9999827487995152 1.7251200484776636e-05, 
10, 000000, 000000, 3.0119512141088666e-06, 3.0119512141088666e-06, 0.9999819282927154 1.8071707284653202e-05, 
11, 000000, 000000, 2.993648050831158e-06, 2.993648050831158e-06, 0.999982038111695 1.7961888304986944e-05, 
12, 000000, 000000, 2.59799473455318e-06, 2.59799473455318e-06, 0.9999844120315927 1.5587968407319082e-05, 
13, 000000, 000000, 2.8508799660826717e-06, 2.8508799660826717e-06, 0.9999828947202034 1.710527979649603e-05, 
14, 000000, 000000, 2.7476331942772395e-06, 2.7476331942772395e-06, 0.9999835142008343 1.648579916566344e-05, 
15, 000000, 000000, 2.945215647233731e-06, 2.945215647233731e-06, 0.9999823287061167 1.7671293883402386e-05, 
16, 000000, 000000, 2.8408849069080493e-06, 2.8408849069080493e-06, 0.9999829546905585 1.70453094414483e-05, 
17, 000000, 000000, 2.7215121308327205e-06, 2.7215121308327205e-06, 0.999983670927215 1.6329072784996325e-05, 
18, 000000, 000000, 2.6955554703793053e-06, 2.6955554703793053e-06, 0.9999838266671777 1.6173332822275835e-05, 
19, 000000, 000000, 2.846966741171901e-06, 2.846966741171901e-06, 0.9999829181995529 1.708180044703141e-05, 
20, 000000, 000000, 2.769326038945832e-06, 2.769326038945832e-06, 0.9999833840437663 1.6615956233674992e-05, 
21, 000000, 000000, 2.452777413897815e-06, 2.452777413897815e-06, 0.9999852833355166 1.4716664483386889e-05, 
22, 000000, 000000, 2.7911393686972317e-06, 2.7911393686972317e-06, 0.9999832531637878 1.6746836212183392e-05, 
23, 000000, 000000, 3.1866311070589077e-06, 3.1866311070589077e-06, 0.9999808802133576 1.9119786642353447e-05, 
24, 000000, 000000, 2.791084490042726e-06, 2.791084490042726e-06, 0.9999832534930597 1.674650694025636e-05, 
25, 000000, 000000, 3.05710515670312e-06, 3.05710515670312e-06, 0.9999816573690599 1.834263094021872e-05, 
26, 000000, 000000, 2.8185013172419234e-06, 2.8185013172419234e-06, 0.9999830889920964 1.6911007903451542e-05, 
27, 000000, 000000, 2.842811111818171e-06, 2.842811111818171e-06, 0.9999829431333291 1.7056866670909027e-05, 
28, 000000, 000000, 2.897639393248846e-06, 2.897639393248846e-06, 0.9999826141636404 1.738583635949308e-05, 
29, 000000, 000000, 3.0589526259342276e-06, 3.0589526259342276e-06, 0.9999816462842444 1.835371575560537e-05, 
30, 000000, 000000, 2.8975486125210883e-06, 2.8975486125210883e-06, 0.9999826147083248 1.7385291675126533e-05, 
31, 000000, 000000, 2.957260815444927e-06, 2.957260815444927e-06, 0.9999822564351074 1.774356489266956e-05, 
32, 000000, 000000, 2.7344882678944203e-06, 2.7344882678944203e-06, 0.9999835930703926 1.640692960736652e-05, 
33, 000000, 000000, 2.940854740976494e-06, 2.940854740976494e-06, 0.9999823548715542 1.7645128445858965e-05, 
34, 000000, 000000, 2.6433986600160976e-06, 2.6433986600160976e-06, 0.99998413960804 1.586039196009659e-05, 
35, 000000, 000000, 2.9892688141763574e-06, 2.9892688141763574e-06, 0.999982064387115 1.7935612885058144e-05, 
36, 000000, 000000, 2.567047913589677e-06, 2.567047913589677e-06, 0.9999845977125185 1.5402287481538062e-05, 
37, 000000, 000000, 3.262460349890983e-06, 3.262460349890983e-06, 0.9999804252379005 1.95747620993459e-05, 
38, 000000, 000000, 3.146453327510934e-06, 3.146453327510934e-06, 0.9999811212800349 1.8878719965065604e-05, 
39, 000000, 000000, 3.0127488154359002e-06, 3.0127488154359002e-06, 0.9999819235071075 1.8076492892615406e-05, 
40, 000000, 000000, 2.755332221292469e-06, 2.755332221292469e-06, 0.9999834680066721 1.6531993327754813e-05, 
41, 000000, 000000, 3.021083962885618e-06, 3.021083962885618e-06, 0.9999818734962226 1.812650377731371e-05, 
42, 000000, 000000, 2.890629211264285e-06, 2.890629211264285e-06, 0.9999826562247324 1.734377526758571e-05, 
43, 000000, 000000, 3.0930957547821504e-06, 3.0930957547821504e-06, 0.9999814414254713 1.8558574528692905e-05, 
44, 000000, 000000, 2.965332766519637e-06, 2.965332766519637e-06, 0.999982208003401 1.7791996599117826e-05, 
45, 000000, 000000, 2.6296331970523744e-06, 2.6296331970523744e-06, 0.9999842222008177 1.5777799182314247e-05, 
46, 000000, 000000, 2.8160695242333326e-06, 2.8160695242333326e-06, 0.9999831035828546 1.6896417145399995e-05, 
47, 000000, 000000, 3.3888046007492157e-06, 3.3888046007492157e-06, 0.9999796671723956 2.03328276044953e-05, 
48, 000000, 000000, 2.3596983396828365e-06, 2.3596983396828365e-06, 0.9999858418099619 1.415819003809702e-05, 
49, 000000, 000000, 2.6756924853175283e-06, 2.6756924853175283e-06, 0.9999839458450882 1.605415491190517e-05, 
50, 000000, 000000, 2.6979127329331085e-06, 2.6979127329331085e-06, 0.9999838125236025 1.618747639759865e-05, 
51, 000000, 000000, 2.8518334939378486e-06, 2.8518334939378486e-06, 0.9999828889990364 1.7111000963627093e-05, 
52, 000000, 000000, 3.019171281281917e-06, 3.019171281281917e-06, 0.9999818849723123 1.8115027687691504e-05, 
53, 000000, 000000, 2.784702897099667e-06, 2.784702897099667e-06, 0.9999832917826175 1.6708217382598003e-05, 
54, 000000, 000000, 3.0992050661751256e-06, 3.0992050661751256e-06, 0.999981404769603 1.8595230397050756e-05, 
55, 000000, 000000, 2.4974005839958165e-06, 2.4974005839958165e-06, 0.999985015596496 1.4984403503974898e-05, 
56, 000000, 000000, 2.5105190766049875e-06, 2.5105190766049875e-06, 0.9999849368855404 1.5063114459629923e-05, 
57, 000000, 000000, 2.6833567739059286e-06, 2.6833567739059286e-06, 0.9999838998593565 1.6100140643435573e-05, 
58, 000000, 000000, 2.7680271395686123e-06, 2.7680271395686123e-06, 0.9999833918371627 1.6608162837411674e-05, 
59, 000000, 000000, 2.7378459442659303e-06, 2.7378459442659303e-06, 0.9999835729243345 1.6427075665595585e-05, 
60, 000000, 000000, 2.624923978965463e-06, 2.624923978965463e-06, 0.9999842504561262 1.5749543873792778e-05, 
61, 000000, 000000, 2.93451452870467e-06, 2.93451452870467e-06, 0.9999823929128278 1.760708717222802e-05, 
62, 000000, 000000, 2.908198291939564e-06, 2.908198291939564e-06, 0.9999825508102484 1.744918975163739e-05, 
63, 000000, 000000, 2.9426367051622064e-06, 2.9426367051622064e-06, 0.9999823441797691 1.765582023097324e-05, 
64, 000000, 000000, 2.7724627786797893e-06, 2.7724627786797893e-06, 0.999983365223328 1.663477667207874e-05, 
65, 000000, 000000, 2.9808724908769083e-06, 2.9808724908769083e-06, 0.9999821147650547 1.788523494526145e-05, 
66, 000000, 000000, 3.115557089431935e-06, 3.115557089431935e-06, 0.9999813066574633 1.8693342536591612e-05, 
67, 000000, 000000, 3.348360616023955e-06, 3.348360616023955e-06, 0.9999799098363038 2.009016369614373e-05, 
68, 000000, 000000, 2.8101238919103084e-06, 2.8101238919103084e-06, 0.9999831392566486 1.686074335146185e-05, 
69, 000000, 000000, 3.192362091413048e-06, 3.192362091413048e-06, 0.9999808458274515 1.915417254847829e-05, 
70, 000000, 000000, 3.34763023976813e-06, 3.34763023976813e-06, 0.9999799142185615 2.0085781438608786e-05, 
71, 000000, 000000, 2.619369580981585e-06, 2.619369580981585e-06, 0.999984283782514 1.571621748588951e-05, 
72, 000000, 000000, 2.6415902472115564e-06, 2.6415902472115564e-06, 0.9999841504585167 1.584954148326934e-05, 
73, 000000, 000000, 2.9840975807092724e-06, 2.9840975807092724e-06, 0.9999820954145157 1.7904585484255634e-05, 
74, 000000, 000000, 2.7311048798103043e-06, 2.7311048798103043e-06, 0.9999836133707211 1.6386629278861826e-05, 
75, 000000, 000000, 2.9632755517513153e-06, 2.9632755517513153e-06, 0.9999822203466895 1.777965331050789e-05, 
76, 000000, 000000, 2.7038875424655682e-06, 2.7038875424655682e-06, 0.9999837766747454 1.622332525479341e-05, 
77, 000000, 000000, 2.8344712008660034e-06, 2.8344712008660034e-06, 0.9999829931727948 1.700682720519602e-05, 
78, 000000, 000000, 2.779937860093611e-06, 2.779937860093611e-06, 0.9999833203728394 1.6679627160561667e-05, 
79, 000000, 000000, 2.728879026874441e-06, 2.728879026874441e-06, 0.9999836267258387 1.6373274161246647e-05, 
80, 000000, 000000, 2.632066790811377e-06, 2.632066790811377e-06, 0.9999842075992551 1.5792400744868263e-05, 
81, 000000, 000000, 2.618135045858484e-06, 2.618135045858484e-06, 0.9999842911897249 1.5708810275150906e-05, 
82, 000000, 000000, 3.0534718207101676e-06, 3.0534718207101676e-06, 0.9999816791690758 1.8320830924261008e-05, 
83, 000000, 000000, 3.2576191438187e-06, 3.2576191438187e-06, 0.999980454285137 1.9545714862912203e-05, 
84, 000000, 000000, 2.588336899524318e-06, 2.588336899524318e-06, 0.9999844699786028 1.5530021397145908e-05, 
85, 000000, 000000, 2.5388562744269e-06, 2.5388562744269e-06, 0.9999847668623534 1.5233137646561398e-05, 
86, 000000, 000000, 2.5423035398842618e-06, 2.5423035398842618e-06, 0.9999847461787608 1.525382123930557e-05, 
87, 000000, 000000, 2.8584314021954514e-06, 2.8584314021954514e-06, 0.9999828494115868 1.715058841317271e-05, 
88, 000000, 000000, 3.081003983167724e-06, 3.081003983167724e-06, 0.9999815139761011 1.8486023899006345e-05, 
89, 000000, 000000, 2.9132081328576337e-06, 2.9132081328576337e-06, 0.9999825207512028 1.74792487971458e-05, 
90, 000000, 000000, 2.7899294799260167e-06, 2.7899294799260167e-06, 0.9999832604231205 1.67395768795561e-05, 
91, 000000, 000000, 2.8935356397843276e-06, 2.8935356397843276e-06, 0.9999826387861613 1.7361213838705968e-05, 
92, 000000, 000000, 2.553407555730082e-06, 2.553407555730082e-06, 0.9999846795546655 1.5320445334380493e-05, 
93, 000000, 000000, 2.601802750628419e-06, 2.601802750628419e-06, 0.9999843891834962 1.5610816503770514e-05, 
94, 000000, 000000, 2.549605936831129e-06, 2.549605936831129e-06, 0.999984702364379 1.5297635620986776e-05, 
95, 000000, 000000, 2.9902804357205543e-06, 2.9902804357205543e-06, 0.9999820583173857 1.7941682614323326e-05, 
96, 000000, 000000, 2.2548770421962175e-06, 2.2548770421962175e-06, 0.9999864707377468 1.3529262253177306e-05, 
97, 000000, 000000, 2.789292697338535e-06, 2.789292697338535e-06, 0.9999832642438159 1.673575618403121e-05, 
98, 000000, 000000, 2.9151038001439275e-06, 2.9151038001439275e-06, 0.9999825093771991 1.7490622800863568e-05, 
99, 000000, 000000, 2.9368440542258464e-06, 2.9368440542258464e-06, 0.9999823789356747 1.762106432535508e-05, 
100, 000000, 000000, 2.980775316631835e-06, 2.980775316631835e-06, 0.9999821153481001 1.788465189979101e-05, 
