run, initial grid state, final grid state, mean grid cell occupancy, mean binding site occupancy, fraction of time with N TFs bound, warning
1, 0011111100, 0011111100, 0.5808954152232704, 0.9681562281953192, 0.0 0.0 0.0 0.0017044870784930955 0.015504916336065497 0.15493933692047476 0.8278512596649668, 
2, 0001111100, 0011111100, 0.5792382636007576, 0.9653943053405284, 0.0 0.0 0.00010035971000501087 0.0016711476965450955 0.018101267468283222 0.16601675109060807 0.8141104740345586, 
3, 0011111100, 0010111100, 0.577430769920303, 0.962381861675587, 0.0 0.0 2.450334196191458e-05 0.002098584705363171 0.02062275874011903 0.1780695449823024 0.7991846082302534, 
4, 0011111100, 0011111100, 0.5782306740372413, 0.9637149926894713, 0.0 0.0 0.0 0.0017880557300906414 0.02134455574022436 0.16965676519245196 0.8072106233372329, 
5, 0011111100, 0001111100, 0.579311251383097, 0.9655160006374501, 0.0 0.0 0.0 0.001367505351030486 0.017727344583564696 0.167346790955078 0.8135583591103268, 
6, 0010111100, 0011111100, 0.5779949202853967, 0.963322127895671, 0.0 0.0 0.0 0.0008172609315248064 0.020904783017928072 0.17580588379554338 0.8024720722550037, 
7, 0011111100, 0011111100, 0.5804700452870297, 0.9674472086253307, 0.0 0.0 0.0 0.0009358785996480073 0.02024450408093954 0.15202010428719248 0.8267995130322199, 
8, 0011111100, 0000111100, 0.5795630444079921, 0.965935645961892, 0.0 0.0 6.430852235725947e-05 0.0014029730118926046 0.018222754681231888 0.163474461741078 0.8168355020434402, 
9, 0011111100, 0011111100, 0.5788552339283182, 0.9647559393025206, 0.0 0.0 0.0 0.0009247014618891282 0.018701880924631605 0.17128649794994658 0.8090869196635327, 
10, 0011111100, 0011011100, 0.5792274207862986, 0.965376290612771, 0.0 0.0 0.00010307820934326874 0.001912291502390901 0.021858284816466685 0.1578764993458956 0.8182498461259035, 
11, 0011110100, 0011111100, 0.5777659109017647, 0.9629403660158815, 0.0 0.0 0.0002569452618317377 0.0010379920050361893 0.01950865993179296 0.17919872697868972 0.7999976758226494, 
12, 0011111100, 0011111100, 0.5784602723685929, 0.9640976425421232, 0.0 0.0 0.0005182820967640195 0.0015881998421593364 0.023185015982486498 0.16220638486875402 0.8125021172098361, 
13, 0011111100, 0001111100, 0.5781341788988245, 0.963554150957168, 0.0 0.0 0.00014554206864737326 0.001659128008385148 0.017160476438774556 0.17879458907969822 0.8022402644044948, 
14, 0011111100, 0011111100, 0.5801138030194198, 0.966853523839425, 0.0 0.0 3.524813251574834e-05 0.0022924190455572944 0.021613957006061876 0.14863269328459092 0.8274256825312741, 
15, 0011111100, 0011111100, 0.5771736781084755, 0.9619532761356473, 0.0 0.0 0.00022778700744386228 0.0015940939100264366 0.021663321444582006 0.17926027053709717 0.7972545271008505, 
16, 0011111100, 0011111100, 0.5792535060084409, 0.9654196556738623, 0.0 0.0 0.0 0.0015947107701689712 0.019240830354216372 0.16421627293788651 0.8149481859377282, 
17, 0011001100, 0011111100, 0.5780464411118651, 0.9634078997133215, 0.0 0.0 0.0 0.0016778221549126645 0.022350249430124168 0.16981863639508446 0.8061532920198787, 
18, 0011111100, 0011111100, 0.5763736269677334, 0.9606198786180599, 0.0 0.0 0.0 0.001885536238255543 0.02340433548670176 0.18381544860347127 0.7908946796715713, 
19, 0011111100, 0011111100, 0.5774798921328449, 0.9624636457172928, 0.0 0.0 0.0005428181086272853 0.0027980759001181624 0.023267961792858637 0.16811670197566117 0.8052744422227348, 
20, 0011111100, 0011111000, 0.5771495583126247, 0.9619131380600681, 0.0 0.0 0.0005930768769252299 0.0020077948791183456 0.02716461978264773 0.1657962399292399 0.8044382685320689, 
21, 0011111100, 0011111100, 0.5788476227729081, 0.9647432494939769, 0.0 0.0 0.0 0.001982219289852388 0.018776790881139635 0.16804026340430223 0.8112007264247058, 
22, 0011111100, 0011111100, 0.5801462908084075, 0.966907574294068, 0.0 0.0 0.0 0.0017793080223347175 0.017062957562725457 0.15909071504313715 0.8220670193718027, 
23, 0011111100, 0011111100, 0.575246709612991, 0.9587417643946996, 0.0 0.0 0.0 0.0017033919375932214 0.02427032929411533 0.19389857923079182 0.7801276995374996, 
24, 0011111100, 0011110100, 0.5776261547590926, 0.9627074718742349, 0.0 0.0 7.074139623013989e-05 0.0017911772254712026 0.017626983647395577 0.1828447041984655 0.7976663935324375, 
25, 0011111100, 0011111100, 0.5793963298343537, 0.9656577761759771, 0.0 0.0 0.0 0.0017047443684898103 0.019238462799203073 0.16246218424026157 0.8165946085920456, 
26, 0001111100, 0011001100, 0.5789999430153676, 0.9649970718446409, 0.0 0.0 0.0 0.00045904154871103303 0.020396083135981437 0.16784827801405827 0.8112965973012491, 
27, 0011111100, 0011111100, 0.5791578649359008, 0.9652603587851841, 0.0 0.0 0.0 0.0006911106251005402 0.015171290107353885 0.1760219351988865 0.8081156640686591, 
28, 0011111100, 0011111100, 0.5794282433672192, 0.965711012636772, 0.0 0.0 0.0003191941717189834 0.001910703526960895 0.01937387274198376 0.15997729142764183 0.8184189381316946, 
29, 0011111100, 0011111100, 0.5796564430632319, 0.9660913489383313, 0.0 0.0 0.0 0.0006931097328673444 0.01701245542406979 0.1673476663232705 0.8149467685197923, 
30, 0011111100, 0011111100, 0.5791928891788392, 0.9653187079116178, 0.0 0.0 4.9431494831698276e-05 0.0013095082594763664 0.016452126124465654 0.17105724952360588 0.8111316845976204, 
31, 0011111100, 0011111100, 0.5781804408364268, 0.9636312696586916, 0.0 0.00012453988047906328 9.576097596057823e-05 0.001548970451816888 0.017682823552275618 0.1771940802816104 0.8033538248578574, 
32, 0011111100, 0011111100, 0.5772120481240042, 0.9620172200947364, 0.0 0.0 2.8610377233369005e-05 0.002933471660540029 0.027938124775664264 0.1631055733896999 0.8059942197968624, 
33, 0011111100, 0011111100, 0.5806005738560224, 0.9676647629415717, 0.0 0.0 0.0 0.0011372313232863515 0.017604729359368132 0.15539026966197497 0.8258677696553706, 
34, 0011111100, 0011111100, 0.5771491841304642, 0.9619124602507406, 0.0 0.0 0.0001641093392507235 0.0011049057191342114 0.02538285618112667 0.17378837161889737 0.7995597571415909, 
35, 0011111100, 0011111100, 0.5800986852370466, 0.9668283339067004, 0.0 0.0 0.00038103597860586073 0.002679402269692449 0.018583211291167166 0.15230122325396248 0.826055127206572, 
36, 0011111100, 0011111100, 0.5792548994395996, 0.965422064322991, 0.0 0.0 6.944618735097703e-05 0.0017827159475837149 0.017221161613467123 0.16739935824296434 0.8135273180086339, 
37, 0001111100, 0011111100, 0.580241962487365, 0.9670671391343422, 0.0 0.0 4.8939757829464614e-05 0.001120258366403395 0.017170287209825705 0.1597000566437671 0.8219604580221743, 
38, 0011111100, 0011111100, 0.5792299957201259, 0.9653805162206159, 0.0 0.0 3.768603137833731e-05 0.0007290532305760184 0.014104475737429888 0.1771700473842031 0.8079587376164127, 
39, 0011111100, 0011111100, 0.5790642192337593, 0.9651042369834043, 0.0 2.8474650664215993e-05 5.469010519470487e-05 0.0031361859648245142 0.020531120817418674 0.15854264489616404 0.817706883565734, 
40, 0011111100, 0011111100, 0.5794614344198141, 0.9657662465289709, 0.0 0.0 0.0001866834516117686 0.0027854661645265277 0.015619498135858233 0.1650603922544311 0.8163479599935725, 
41, 0011111100, 0011111100, 0.577000806334115, 0.9616652305352221, 0.0 0.0 0.0 0.0020572279060416775 0.02509872721236935 0.1736394786458034 0.7992045662357855, 
42, 0011111100, 0011111100, 0.5790669007216089, 0.9651087435442086, 0.0 0.0 0.0 0.0012008448984639913 0.016864860329067345 0.17201528338122143 0.8099190113912472, 
43, 0010111100, 0011111100, 0.5797973090226847, 0.9663260013290611, 0.0 0.0 0.0 0.0028662820403142484 0.02074877603433904 0.151947593836013 0.8244373480893338, 
44, 0001111100, 0011111100, 0.5796196490394225, 0.9660298993520864, 0.0 0.0 0.0 0.0018292807408592244 0.015257972605984724 0.16781681645293484 0.8150959302002212, 
45, 0011111100, 0011111100, 0.57973656840046, 0.9662248459972207, 0.0 0.0 1.7452115007695697e-05 0.0013830111918581311 0.016656534420493384 0.1651190131400845 0.8168239891325564, 
46, 0011111100, 0011111100, 0.5793454803564223, 0.9655729749744416, 0.0 0.0 0.0 0.0006169644153201153 0.01850906872675595 0.16769311945387752 0.8131808474040464, 
47, 0011111100, 0011111000, 0.5785435789997152, 0.9642364704042078, 0.0 0.0 0.0 0.0020682139336979386 0.023537669530751933 0.16130119671215482 0.8130929198233953, 
48, 0001111100, 0011111100, 0.5763087763666742, 0.9605118309239217, 0.0 0.0 0.00015370926694745107 0.0037909769748105033 0.022231303916753684 0.18047863863074098 0.7933453712107473, 
49, 0010111100, 0011111100, 0.5800652042843369, 0.9667725414830528, 0.0 0.0 0.0 0.0005050227754419474 0.01408452119763455 0.16968064038008845 0.8157298156468351, 
50, 0001111100, 0011111000, 0.5783604880756545, 0.9639313857368665, 0.0 0.0 0.0002594445153667671 0.0024063724423715894 0.026936128440857965 0.1542825333085029 0.8161155212929008, 
51, 0011111100, 0011111100, 0.5743104776602311, 0.9571813606220761, 0.0 0.0 0.0 0.003237770101262728 0.027805169058784565 0.19158818784618506 0.7773688729937677, 
52, 0011111100, 0011111100, 0.5776442473288005, 0.9627375329723897, 0.0 0.0 0.000355511483445054 0.0023211701276980553 0.022069884270558355 0.17104947730766978 0.8042039568106288, 
53, 0011111100, 0011111100, 0.5796812635729284, 0.9661326847141526, 0.0 0.0 0.0 0.0008373546391953314 0.01914529207775027 0.1624012436419983 0.8176161096410561, 
54, 0011111100, 0011111100, 0.5773674583863349, 0.9622763249227505, 0.0 0.0 0.0 0.0012687051136661995 0.02188926682298491 0.17875740147652847 0.7980846265868204, 
55, 0011111100, 0011111100, 0.5783752514549199, 0.9639559658947021, 0.0 0.0 0.0 0.0010449205142017773 0.02194315310742022 0.16924313687434092 0.8077687895040371, 
56, 0011111100, 0011111100, 0.5790413125215405, 0.9650660527046859, 0.0 0.0 0.0 0.0006616156508714669 0.018568681081658503 0.17048147465595248 0.8102882286115175, 
57, 0011111100, 0011111100, 0.5784752556193027, 0.9641227003231971, 0.0 0.0 0.0 0.0007303713464051342 0.018119500488136132 0.17683368304532968 0.8043164451201291, 
58, 0011111100, 0011111100, 0.5782064477106947, 0.9636746287653268, 0.0 0.0 0.00014448277921250886 0.0016369632222719417 0.020355184453760094 0.17175303771685357 0.8061103318279019, 
59, 0011111000, 0011111100, 0.5782123086391471, 0.9636843783291328, 0.0 0.0 1.350271521307173e-05 0.0005642287752337115 0.01729327912734893 0.18156047458395252 0.8005685147982519, 
60, 0011111100, 0011111100, 0.5777029955417343, 0.9628354784320369, 0.0 0.0 3.744446007177943e-05 0.0019928326525586485 0.02221735258142071 0.17242414844697349 0.8033282218589753, 
61, 0011111100, 0011111100, 0.5791162170164147, 0.9651909720265414, 0.0 0.0 0.0 0.0016300301456534363 0.01674822588648633 0.17046762563081974 0.8111541183370404, 
62, 0011101100, 0011111100, 0.5801150300715837, 0.9668555735106642, 0.0 0.0 0.0 0.0009745563996610044 0.018530430028867634 0.158882029679296 0.8216129838921753, 
63, 0011111100, 0011111100, 0.5784518168285119, 0.964083660490355, 0.0 0.0 0.00010708354291711534 0.0029750679089560915 0.018043404460468794 0.17005769023839534 0.8088167538492627, 
64, 0011111100, 0011111100, 0.5778328917291827, 0.9630520902643913, 0.0 0.0 0.0 0.0014872900111447078 0.020386578544790725 0.17645243129063679 0.8016737001534279, 
65, 0011111100, 0011111100, 0.578906575344565, 0.9648415580023249, 0.0 0.0 0.0 0.001086648083501458 0.019432772525289466 0.16882516268496758 0.8106554167062414, 
66, 0001111100, 0011111100, 0.5798853061861163, 0.9664727790464538, 0.0 0.0 0.0 0.001000225474093755 0.020882662176968103 0.15639732494505948 0.8217197874038787, 
67, 0011111000, 0011111100, 0.5781473248746611, 0.9635760700320615, 0.0 0.0 0.0 0.0016371269899521836 0.019631957592925305 0.1743682836519241 0.8043626317651984, 
68, 0011111100, 0011111100, 0.5801341840554289, 0.966887555043893, 0.0 0.0 0.0 0.0005652927146201119 0.01703376280504967 0.16291126598268268 0.8194896784976474, 
69, 0011111100, 0001111100, 0.5788665148168916, 0.9647747067276897, 0.0 4.2352070775259104e-05 0.000131788820803506 0.0007865676179267253 0.016502267125903997 0.17524860689118377 0.8072884174734067, 
70, 0011111100, 0011111100, 0.5765894288315284, 0.9609796857001411, 0.0 0.0 0.00022818252111806754 0.002666416108642873 0.024842907388078355 0.175524092612596 0.7967384013695646, 
71, 0010111100, 0011111100, 0.5788300816205307, 0.9647140272580216, 0.0 0.0 0.00022095609387647535 0.0012595384481854665 0.01686877802449483 0.17331584068281844 0.8083348867506248, 
72, 0011111100, 0011111100, 0.5793525749555755, 0.9655848414965347, 0.0 0.0 0.0 0.0010421109597827422 0.020273691361297374 0.16281723541884852 0.8158669622600715, 
73, 0011111100, 0011111100, 0.5779944273599151, 0.9633213242869882, 0.0 0.0 0.0 0.0015179871794474124 0.018901508888877764 0.17771507496197267 0.8018654289697021, 
74, 0011011100, 0001111100, 0.5809723345546927, 0.968284425125089, 0.0 0.0 0.0 0.00016585588668306667 0.01674789661116071 0.1563000883670952 0.826786159135061, 
75, 0011111100, 0011111100, 0.58025275000782, 0.9670851293920659, 0.0 0.0 0.0 0.0014986158794594875 0.017418520739911 0.15815633452940428 0.8229265288512253, 
76, 0011111100, 0011111100, 0.5784186455600826, 0.9640282862925494, 0.0 0.0 0.00028034079490514026 0.0016966586779456477 0.023253443989395314 0.16311205505245532 0.8116575014852985, 
77, 0011111100, 0011111100, 0.5778514216526187, 0.9630829765165415, 0.0 0.0 7.826317033500898e-05 0.0013154493917636643 0.01891454394718893 0.17941365214974117 0.8002780913409713, 
78, 0011111100, 0011111100, 0.5786956165956988, 0.9644898670403371, 0.0 0.0 0.00017025061381052491 0.0013981058098922312 0.02077321488207981 0.16663904810889874 0.8110193805853186, 
79, 0010011000, 0011011100, 0.5798836484961039, 0.9664699815595008, 0.0 0.0 0.0 0.0012417270994539641 0.017303442564722243 0.16284804421518856 0.8186067861206352, 
80, 0011111100, 0011111100, 0.5773349505306598, 0.9622221951978412, 0.0 0.0 0.0 0.0007436508574866538 0.022100307844133027 0.18023526055222724 0.7969207807461531, 
81, 0011111100, 0011011100, 0.577847463684572, 0.9630763241767891, 0.0 0.0 0.0 0.0006782463937653813 0.01685869475196966 0.1857899262540304 0.7966731326002346, 
82, 0011111100, 0011111100, 0.5767181100244761, 0.9611940276726392, 0.0 0.0 5.6956267524673816e-05 0.002711448217800068 0.022720057467285143 0.17903354930609602 0.7954779887412942, 
83, 0011111100, 0011111100, 0.5784755687704728, 0.964123196350052, 0.0 0.0 7.196645084310145e-05 0.0018490342445784663 0.01919832506177564 0.17102920323902884 0.807851471003774, 
84, 0011111100, 0011011100, 0.5775918743669426, 0.9626503799917993, 0.0 0.0 0.0003284235743910925 0.002244288994322778 0.020245706552110155 0.17555974566445223 0.8016218352147237, 
85, 0011111100, 0011111100, 0.5775680178176648, 0.9626106317909827, 0.0 0.0 0.0 0.0009811795577404222 0.02317590501528934 0.17504086055030307 0.8008020548766671, 
86, 0011111100, 0011111100, 0.578729191657049, 0.9645458604437971, 0.0 0.0 0.0 0.002786869393722342 0.021882957692373518 0.16059831377130362 0.8147318591426005, 
87, 0011111100, 0010111100, 0.578558107408268, 0.964260664047583, 0.0 0.0 0.0 0.0013533313433861448 0.016276733682098973 0.17782255432014543 0.8045473806543695, 
88, 0011111100, 0011111100, 0.5772889023857942, 0.962145378935273, 0.0 0.0 6.960207928634824e-05 0.0014371955263968732 0.022646081236100027 0.1772455690198262 0.7986015521383907, 
89, 0011111100, 0011111100, 0.5807915689409076, 0.9679831072416805, 0.0 0.0 3.269068203988529e-05 0.0015225628497616448 0.016349730465062787 0.15470344434234679 0.8273915716607889, 
90, 0011111100, 0011111100, 0.5814808300803727, 0.9691319538748681, 0.0 0.0 0.0 0.0008914121591112442 0.0170864528767783 0.1483611345199006 0.8336610004442099, 
91, 0001111100, 0011111100, 0.5784718254799154, 0.9641169023600026, 0.0 0.0 5.5712483761707936e-05 0.001238772159587205 0.021485013518048914 0.1683893923900789 0.8088311094485233, 
92, 0011111100, 0010111100, 0.5798146557401083, 0.9663549511382609, 0.0 0.0 0.0002586321828968184 0.002942972042014531 0.022727957591442405 0.14655093312992026 0.827519505053726, 
93, 0011111100, 0011111100, 0.5770833740758959, 0.9618028623010701, 0.0 0.0 0.0 0.0019060023445086392 0.02183883118072461 0.17978715679860433 0.7964680096761624, 
94, 0011111100, 0011111100, 0.5769934808112401, 0.9616530040720086, 0.0 0.0 0.00016404145527913454 0.0021169670674024412 0.02012321432032976 0.18282847990396453 0.7947672972530242, 
95, 0011011100, 0011110100, 0.5776037505934872, 0.9626700981192152, 0.0 0.0 0.00015401255812522909 0.001419699268770083 0.015860688518347415 0.18738288620920326 0.795182713445554, 
96, 0011111100, 0011111100, 0.581330595976693, 0.9688815728677692, 0.0 0.0 0.00025905513790661376 0.0016335724919761786 0.017426673724805518 0.14592027731621854 0.8347604213290931, 
97, 0011111100, 0011111100, 0.5776127518237026, 0.9626850603932325, 0.0 0.0 0.0002719330603655179 0.0011188208640586406 0.027941915170686882 0.16356161246559295 0.807105718439296, 
98, 0011111100, 0011111100, 0.5805087448011925, 0.9675117848843687, 0.0 0.0 2.531616563853763e-05 0.00035788095895103044 0.017286699078121096 0.15918098499813862 0.8231491187991508, 
99, 0011111100, 0011111100, 0.57836193484805, 0.9639338316982374, 0.0 0.0 0.0 0.0011686442030782074 0.01649470739937215 0.17990166240259678 0.8024349859949529, 
100, 0011111100, 0011111100, 0.5806228516006835, 0.967701919358314, 0.0 0.0 0.0 0.0008174475405332871 0.01636886917158945 0.15859840288533725 0.82421528040254, 
run, initial grid state, final grid state, mean grid cell occupancy, mean binding site occupancy, fraction of time with N TFs bound, warning
1, 0011111100, 0011111000, 0.5764825695264972, 0.9608014782055009, 0.0 0.0 0.0 0.0016006195984382553 0.021907136666758885 0.1865749986381618 0.7899172450966411, 
2, 0011111100, 0011011100, 0.5803651899181397, 0.9672725944777204, 0.0 0.0 0.0 0.0013757717388843068 0.017106739402875798 0.15802363911127262 0.8234938497469673, 
3, 0011111100, 0011111100, 0.5793401241104383, 0.9655641235630524, 0.0 0.0 0.0 0.0010889339087933301 0.014494191763036119 0.17436007336923234 0.8100568009589382, 
4, 0011111100, 0011111100, 0.5781148163768182, 0.963521891260823, 0.0 0.0 4.056260935011364e-06 0.0021026750191892895 0.02228951159474992 0.167965379144255 0.8076383779808708, 
5, 0011111100, 0011111100, 0.5789049948978255, 0.9648387921825919, 0.0 0.0 0.0 0.0010432038242635556 0.019275038107069715 0.16928755921751848 0.8103941988511483, 
6, 0011111100, 0011111100, 0.5801066005885955, 0.966841587434532, 0.0 0.0 0.00017219611765129225 0.0028506599509309227 0.0205326474613914 0.14864441614662702 0.8278000803233994, 
7, 0011111100, 0011111100, 0.5788984827541048, 0.9648281039860375, 0.0 0.0 6.552415760908807e-05 0.001358607022180714 0.02035530491346344 0.16598284855986983 0.8122377153468769, 
8, 0011111100, 0011111100, 0.5785954651441295, 0.9643229348435045, 0.0 0.0 0.000280475006397849 0.002372469276209367 0.01970833420336878 0.1664064146780151 0.8112323068360089, 
9, 0011111100, 0011111100, 0.5773840626667995, 0.962303988815968, 0.0 0.0 0.0 0.0011621297739625544 0.02221384826914515 0.17826198124401313 0.7983620407128792, 
10, 0011111100, 0011111100, 0.5759619046081758, 0.95993371856181, 0.0 0.0 9.824824297081855e-05 0.001700493467721687 0.024343981121818372 0.18621525301045455 0.7876420241570345, 
11, 0011111100, 0011111000, 0.5794337500179157, 0.9657201791166863, 0.0 0.0 0.0 0.0003097707645274627 0.018973276205421996 0.1668030605954557 0.8139138924345949, 
12, 0011111100, 0011110100, 0.5786241785467279, 0.964370896677201, 0.0 0.0 0.00012078522984260604 0.002619285408808482 0.023428038007739516 0.15857754677551858 0.8152543445780908, 
13, 0011111100, 0011111100, 0.5782391798222885, 0.9637291953215265, 0.0 0.0 3.711355631623949e-05 0.002000141236877157 0.022102650883351477 0.16727064836824204 0.8085894459552131, 
14, 0011111100, 0011111100, 0.5771686980150664, 0.961945079212146, 0.0 0.0 0.0 0.0013781880619291463 0.023198053161348955 0.17779885421863867 0.7976249045580832, 
15, 0011111100, 0011111000, 0.5784817239283755, 0.9641334787818451, 0.0 0.0 1.9041473978133427e-05 0.0016876913536850947 0.016657526126913406 0.17674483509813493 0.8048909059472884, 
16, 0011111100, 0011111100, 0.5797968321003597, 0.966325261134829, 0.0 0.0 0.0 3.6066433524858376e-05 0.014342198824669835 0.17325583624111265 0.8123658985006926, 
17, 0011111100, 0011110100, 0.5808077627531927, 0.9680100879681622, 0.0 0.0 0.0 0.000808818289704458 0.01858162059881501 0.15234977612428313 0.8282597849871975, 
18, 0011011100, 0001111100, 0.5797250963839056, 0.9662056880500981, 0.0 2.5673479093824112e-06 0.0006775223965804349 0.001451954768873453 0.01665592133401335 0.1623752383988951 0.8188367957537284, 
19, 0011111100, 0011110100, 0.5785378729644068, 0.9642270270344699, 0.0 0.0 0.00028340036039136704 0.0015033985876720432 0.020438055495457377 0.16811792959768418 0.809657215958795, 
20, 0011110100, 0011111000, 0.5762455130286466, 0.9604063836009951, 0.0 0.0 0.0001237527763634991 0.0034181886538192695 0.027287888514978043 0.17223634429716153 0.7969338257576777, 
21, 0011111100, 0011111100, 0.5815940095770282, 0.9693206240971046, 0.0 0.0 0.0 0.0006253368083996147 0.017090928665544475 0.14801838766108422 0.8342653468649717, 
22, 0011111100, 0011111100, 0.5798303530317671, 0.966381116009467, 0.0 0.0 0.0 0.0006818094260535921 0.019993092107705706 0.1596816914496261 0.8196434070166146, 
23, 0011111100, 0011111100, 0.5783038703948338, 0.963837047262772, 0.0 0.0 0.00010462530346762566 0.0018078176120604644 0.020441069330430408 0.1702536237124557 0.8073928640415858, 
24, 0011111100, 0011111100, 0.5783216388105042, 0.9638666024171724, 0.0 0.0 0.0003314679619523315 0.0020028102686249958 0.019303387374036182 0.17085930809520833 0.8075030263001781, 
25, 0011111100, 0011111100, 0.5789609464132952, 0.9649320750463, 0.0 0.0 0.0 0.001268536011034069 0.01772136977610917 0.17115920213687918 0.8098508920759776, 
26, 0011111100, 0011111100, 0.578963704424499, 0.9649367519809204, 0.0 0.0 0.0 0.0007897133162274814 0.017858739068056243 0.1722928700296825 0.8090586775860337, 
27, 0011111100, 0011111100, 0.5767711167682205, 0.961282421905944, 0.0 0.0 0.0 0.0013223377928251914 0.021857608772212912 0.18462323764143487 0.792196815793527, 
28, 0001111100, 0010111100, 0.579773224204498, 0.966285898555545, 0.0 0.0 0.0 0.0014710346518600837 0.018947060690778627 0.15997738332959235 0.819604521327769, 
29, 0001111100, 0011111100, 0.5772286277310641, 0.9620448830981289, 0.0 0.0 0.0 0.002258432694530344 0.024447938669348464 0.17205952598893873 0.8012341026471825, 
30, 0011111100, 0011111100, 0.5766511450292028, 0.9610824488153777, 0.0 0.0 0.0 0.0019446288059798873 0.02326558846346796 0.18114024376285737 0.7936495389676949, 
31, 0011111100, 0011111100, 0.580770000167812, 0.9679472770177717, 0.0 0.0 0.00010815463343135302 0.0006552478818491455 0.015945060260479274 0.15802785519313833 0.8252636820311019, 
32, 0011111100, 0011110100, 0.5796819907611066, 0.9661338462850535, 0.0 0.0 0.0 0.0002611839038662683 0.019426661432352416 0.16356004771337512 0.8167521069504062, 
33, 0011011100, 0011111100, 0.5788153183158727, 0.9646893500407531, 0.0 0.0 0.0 0.0007361367912938338 0.01697684408857279 0.17570180120445375 0.8065852179156796, 
34, 0011101100, 0011111100, 0.578465886693109, 0.9641070653096883, 0.0 0.0 1.2566981053465887e-05 0.0013662186527661979 0.01669114461016461 0.17782639503902892 0.8041036747169868, 
35, 0011111100, 0011111000, 0.5790931033532782, 0.96515237856124, 0.0 0.0 0.0 0.0013110876192690467 0.019134504430136087 0.16688345691448045 0.8126709510361144, 
36, 0011111100, 0011111100, 0.5785785981068545, 0.9642947964317818, 0.0 0.0 0.0 0.0020279686894551607 0.019985626876832217 0.1681760615872799 0.8098103428464326, 
37, 0011111100, 0011111100, 0.5794798493249255, 0.965796961853368, 0.0 0.0 0.0 0.0008586247500310554 0.021034520329754072 0.16057331397019028 0.8175335409500246, 
38, 0011111100, 0011111100, 0.5792445898520223, 0.9654047978408145, 0.0 0.0 0.00018539060611506302 0.001717911475179933 0.02330590482462496 0.15506410645586313 0.8197266866382169, 
39, 0011111100, 0011111100, 0.5772969934971333, 0.962158931606679, 0.0 0.0 0.0001758609458778018 0.002345924415544981 0.018786538999152405 0.18173211533147537 0.7969595603079495, 
40, 0011111100, 0011111100, 0.5794608564822473, 0.9657652731436838, 0.0 0.0 0.0002080995533192725 0.0015890235271007105 0.021353849336736924 0.1571011936698455 0.8197478339129977, 
41, 0011110000, 0011111100, 0.5750753789971158, 0.9584562624239028, 0.0 0.0 0.00028001791027790023 0.0024455274313960823 0.02768781225478634 0.1854301470117115 0.7841564953918281, 
42, 0011111100, 0011111100, 0.5804590893977726, 0.9674289879496282, 0.0 0.0 0.00040709345146199065 0.0015959937222915035 0.014482550918950343 0.16004461549160806 0.8234697464156882, 
43, 0011111100, 0001111100, 0.5774474961886504, 0.9624097702253411, 0.0 0.0 2.9662572006384527e-05 0.0018699544883615912 0.020655999988301227 0.17850086491824035 0.7989435180330904, 
44, 0011111100, 0011111100, 0.5813927305794747, 0.9689850857936767, 0.0 0.0 0.0 0.0002199845966870302 0.017081247574221255 0.15126703629943603 0.8314317315296557, 
45, 0011111100, 0011111100, 0.5774675603084403, 0.9624431951242235, 0.0 0.0 0.0002841852177680106 0.0017369447984522295 0.025351871631375537 0.1682895107254798 0.8043374876269245, 
46, 0001111100, 0011111100, 0.5799514939892626, 0.9665830758889965, 0.0 0.0 2.0068288394524936e-06 0.0018513911645780643 0.01866328148326957 0.15761278089038994 0.8218705396329229, 
47, 0010111100, 0011111100, 0.5767582180801799, 0.9612609169343149, 0.0 0.0 0.0 0.0008017796011012366 0.019739343398886344 0.19055047279303414 0.7889084042069783, 
48, 0011111100, 0011111100, 0.5793438274035643, 0.9655701677804335, 0.0 0.0 0.0 0.0009037829672110009 0.018421935992150563 0.16702377243146443 0.813650508609174, 
49, 0011011100, 0011111100, 0.5797718841253091, 0.9662836691390834, 0.0 0.0 1.7581892123903546e-05 0.0012833169301412857 0.01990770044075799 0.1585623059250645 0.8202290948119123, 
50, 0011111100, 0011111100, 0.5758186341071296, 0.9596949493295165, 0.0 0.0 0.00030658945750122973 0.0020345328107260236 0.024323209927805508 0.1858539279051073 0.78748173989886, 
51, 0011111100, 0011111100, 0.5798096812069641, 0.9663467054337578, 0.0 0.0 0.0 0.0008823386650237299 0.021565974586370364 0.1561408022296423 0.8214108845189635, 
52, 0011111100, 0011111100, 0.5774218473891042, 0.9623669377238727, 0.0 0.0 0.0 0.0014178203269776062 0.019636451195026383 0.18227201028577855 0.7966737181922174, 
53, 0011111100, 0011111100, 0.57946454137763, 0.9657714704033542, 0.0 0.0 0.0 0.0008695713877928824 0.019747720466237108 0.16326702248402256 0.8161156856619475, 
54, 0011111100, 0011011100, 0.5789635480198728, 0.9649364788794219, 0.0 0.0 0.0 0.0008083602098433744 0.02010325993552829 0.1677495262228817 0.8113388536317466, 
55, 0011111100, 0011111100, 0.5808642999594273, 0.9681044054876381, 0.0 0.0 0.0 0.00042404232843603403 0.017435545197187142 0.15523034969448904 0.8269100627798878, 
56, 0011111000, 0011111100, 0.5795916662076817, 0.9659832289533281, 0.0 0.0 0.0 0.0017204590661194315 0.019309172760631606 0.16032090356040976 0.8186494646128392, 
57, 0011111100, 0011111100, 0.5779338582074169, 0.9632202693414541, 0.0 0.0 8.857737100919087e-05 0.002297714481534324 0.0235103125092856 0.1664103060040645 0.8076930896341062, 
58, 0011111100, 0011111100, 0.5779960778361384, 0.9633239762186202, 0.0 0.0 0.0 0.0019878271491890007 0.018187890349003557 0.17771688054270432 0.8021074019591031, 
59, 0011111100, 0011111100, 0.5789240367318046, 0.9648705923757294, 0.0 0.0 0.00010717350852375938 0.0025141936691347754 0.02027625238861734 0.16225266592689 0.8148497145068342, 
60, 0001111100, 0011111100, 0.5789878362560456, 0.964976941143633, 0.0 0.0 0.0 0.0009726013392951232 0.020783809265925404 0.1656529305884657 0.8125906588063136, 
61, 0011111100, 0011111100, 0.578921136334036, 0.964865796647558, 0.0 0.0 8.704455793008918e-05 0.0014839473526785485 0.021483454971800497 0.16303828988129532 0.8139072632362956, 
62, 0011111100, 0011111000, 0.5791531000134017, 0.9652523247306699, 0.0 0.0 0.00016746220955973578 0.0019056407691689118 0.020232249482560305 0.16163478150511454 0.8160598660335966, 
63, 0011111100, 0011111100, 0.5787815225057747, 0.964633098443008, 0.0 0.0 0.00018784798405817576 0.0021936062057930795 0.017232860662549525 0.17040347746324036 0.8099822076843588, 
64, 0011111100, 0011111100, 0.5803082488662472, 0.9671776709856841, 0.0 0.0 0.00010774204392665908 0.0012223644371649764 0.014739619591932927 0.1633566734148273 0.8205736005121482, 
65, 0011111100, 0011111100, 0.5776546208149578, 0.9627549136187475, 0.0 0.0 0.00035271458061036606 0.0032278111785401437 0.02199984617577835 0.16837653407789666 0.8060430939871746, 
66, 0001111100, 0011111100, 0.582447740321805, 0.9707434326546283, 0.0 0.0 5.6417042190120326e-05 0.0006447363442293093 0.010822959665835918 0.1517336075391096 0.836742279408635, 
67, 0011011100, 0011111100, 0.5770447280889004, 0.9617384547313282, 0.0 0.0 9.397105022044408e-05 0.0002938217665323362 0.019133727813493494 0.19004446648456447 0.7904340128851892, 
68, 0011111100, 0011111100, 0.5767436036141866, 0.9612366127626284, 0.0 0.0 0.0 0.0009140636714653741 0.02194056193670622 0.18595700853642075 0.7911883658554076, 
69, 0011101000, 0011110100, 0.5774100255533265, 0.9623472923247737, 0.0 0.0 0.0 0.001274308410307105 0.023735914918080962 0.17462149098427474 0.8003682856873372, 
70, 0011111100, 0011111100, 0.579564144199499, 0.9659374157870582, 0.0 0.0 8.050765149729591e-05 0.0013228210586039933 0.01727866901285119 0.16552767347014793 0.8157903288068996, 
71, 0011111000, 0011111100, 0.5777555235491932, 0.962923026733183, 0.0 0.0 1.709979992662157e-05 0.0012068000342734264 0.02343767068272779 0.17189769893292006 0.8034407305501522, 
72, 0011111000, 0011111000, 0.5762542626789235, 0.9604209150372468, 0.0 4.85989794640314e-05 6.470816706044332e-05 0.0021628061147243634 0.019993463767846338 0.19049733633109142 0.7872330866398135, 
73, 0011111100, 0011111100, 0.5800594988429114, 0.9667630007895823, 0.0 0.0 0.0 0.0010193009550289525 0.014084664220947835 0.1681947639555237 0.8167012708684995, 
74, 0011111100, 0011111100, 0.5804088661583726, 0.9673452784967372, 0.0 0.0 0.0 0.0009415604083400964 0.016603937316499423 0.15989577316155695 0.8225587291136036, 
75, 0001111100, 0011111100, 0.5792856615308125, 0.9654732572164824, 0.0 0.0 8.274941238096781e-05 0.0010931670458960816 0.019161011458957915 0.1652279349959774 0.8144351370867876, 
76, 0011111100, 0011111100, 0.5749487638892196, 0.9582451604150453, 0.0 0.0 0.00012863691688066436 0.0032297223728390955 0.027985880656989693 0.1843535614097097 0.7843021986435808, 
77, 0011111100, 0011111100, 0.5760277532231607, 0.9600434787916206, 0.0 0.0 0.00011716097393614904 0.0011134625275851784 0.025839847090011706 0.18425040159175382 0.7886791278167131, 
78, 0010111100, 0011111100, 0.578347958782958, 0.963910397460248, 0.0 0.0 9.417031531447455e-05 0.0013413339445562872 0.020217383549255365 0.17170216504507488 0.806644947145799, 
79, 0011111100, 0001111100, 0.580474531618575, 0.9674547565539863, 0.0 0.0 0.0 0.0007646033607051344 0.01751914014013292 0.15793937031370103 0.8237768861854609, 
80, 0011111100, 0011111100, 0.5778084089738555, 0.9630111912611213, 0.0 0.0 0.00022388329582105079 0.0026136937843502773 0.01970471386004036 0.1737868101768566 0.8036708988829316, 
81, 0011111100, 0011111100, 0.577096706193011, 0.9618250963299622, 0.0 0.0 0.0 0.0017871311556554974 0.0222315679206695 0.17922489271192135 0.7967564082117536, 
82, 0010111100, 0011111100, 0.5790128191813154, 0.9650185571631427, 0.0 0.0 0.0 0.002006710148813128 0.016301339984079777 0.1712658466065451 0.810426103260562, 
83, 0011111100, 0011111100, 0.5769134298926598, 0.9615195889659727, 0.0 4.1207152346315834e-05 0.0003399359395409765 0.0025688626032032017 0.027171673935100178 0.1672667510044591 0.8026115693653502, 
84, 0011111100, 0011111100, 0.5750924286310627, 0.9584846114439841, 0.0 0.0 0.0002812264640891977 0.0014671507336843437 0.023809738486488617 0.1959464963057087 0.7784953880100292, 
85, 0011111100, 0011111100, 0.5777331629376019, 0.9628858940036088, 0.0 0.00010442975395117486 0.00036821472247472827 0.0018531031292650102 0.02092611261035948 0.17327809371017924 0.8034700460737704, 
86, 0011111100, 0011111100, 0.5794320596353475, 0.9657172616852897, 0.0 0.0 0.0 0.0006855179252185229 0.01865328697206267 0.1663333021684808 0.814327892934238, 
87, 0011011100, 0011110100, 0.577167133795399, 0.9619424475196978, 0.0 0.0 1.8401445039331558e-05 0.0017679137414093721 0.021347607040505867 0.18027275379641616 0.7965933239766294, 
88, 0011111100, 0011111100, 0.5772514496292952, 0.9620829648225102, 0.0 0.0 0.0004159303044971965 0.001458362448228257 0.021046642639138677 0.17937011722398852 0.7977089473841473, 
89, 0011111100, 0011111100, 0.580639390024325, 0.9677294770729609, 0.0 0.0 0.0001376999745885247 0.0013918505551444348 0.016606478415680907 0.15568382916708576 0.8261801418875003, 
90, 0001111100, 0011111100, 0.579208103015974, 0.9653440698205747, 0.0 0.0 0.0 0.0006910544590727488 0.01848161739398326 0.16889918291136743 0.8119281452355767, 
91, 0011111100, 0011111100, 0.5797171948498221, 0.9661925537248427, 0.0 0.0 0.0 0.0009553360646929059 0.018903452087535133 0.16217176528179506 0.8179694465659769, 
92, 0011111100, 0011111100, 0.5803923165730358, 0.9673177493842975, 0.0 0.0 0.00010062808976728291 0.0006622345649740809 0.0160862916744699 0.1615317042912841 0.8216191413795046, 
93, 0011111100, 0011111100, 0.5795650738253944, 0.9659390274108045, 0.0 1.1007916025377453e-05 8.178949317767506e-05 0.001490070307106631 0.016918759744175324 0.1656759075726648 0.8158224649668502, 
94, 0011111100, 0011111100, 0.5791158696924811, 0.9651902300572449, 0.0 0.0 0.0006181410799280518 0.002093147887769185 0.01492167707341876 0.17026325752667265 0.8121037764322113, 
95, 0011111100, 0011111100, 0.5788442580816179, 0.96473765685808, 0.0 0.0 0.0 0.0012159415453978236 0.022430834422683878 0.16306456536995914 0.8132886586619592, 
96, 0011111100, 0011111100, 0.5789671738026859, 0.9649425107399565, 0.0 0.0 0.0001660525461706661 0.0011592437402055305 0.018333501321458417 0.1695359915120451 0.8108052108801203, 
97, 0011111100, 0011111100, 0.5798168199950272, 0.9663585797659779, 0.0 0.0 0.00042340542199248356 0.0011174721659452716 0.016449417166562612 0.16390364888520137 0.8181060563602983, 
98, 0011111000, 0011111100, 0.5774170298734289, 0.9623589534278971, 0.0 0.0 7.553888397284915e-05 0.0009625099654081889 0.024204328292481005 0.17424793741553973 0.8005096854425983, 
99, 0011111100, 0011111100, 0.5797334689436758, 0.9662196247498825, 0.0 0.0 0.0 0.0015485420703801652 0.018748476223049964 0.16053967284346396 0.8191633088631058, 
100, 0011111100, 0011111100, 0.577801034936942, 0.9629989760034674, 0.0 0.0 1.6122180300780703e-05 0.0010170492523644084 0.02029399253936062 0.17830252242217814 0.800370313605796, 
run, initial grid state, final grid state, mean grid cell occupancy, mean binding site occupancy, fraction of time with N TFs bound, warning
1, 0011111100, 0011111100, 0.5785785301237183, 0.9642946896945628, 0.0 0.0 5.105002446804727e-05 0.0008860222973267237 0.02228800786157651 0.1667935791196181 0.8099813406970106, 
2, 0011111100, 0011111100, 0.5817844100075225, 0.969637881811434, 0.0 0.00016095193181571505 7.878980921892892e-05 0.00032525041121143666 0.013972387650633208 0.15213226370054128 0.8333303564965795, 
3, 0001101100, 0011111100, 0.5802842281447408, 0.9671375852787881, 0.0 0.0 0.0 0.0015217448178783803 0.01831413032653889 0.1559809932205591 0.8241831316350235, 
4, 0011111100, 0011111100, 0.5794739014056192, 0.9657869853832179, 0.0 0.0 0.0 0.0005369273944017716 0.01819830613036103 0.16727069325676508 0.8139940732184722, 
5, 0010111100, 0011101100, 0.5777882205424574, 0.9629775254431254, 0.0 0.0 1.8944640379349388e-05 0.0011525274976163533 0.01963992805697308 0.17932163017293412 0.799866969632097, 
6, 0011111100, 0011111100, 0.5790356311015897, 0.9650565585675153, 0.0 0.0 0.0 0.0015775623227662697 0.02353990713344643 0.15784814735971697 0.8170343831840704, 
7, 0011111100, 0011111100, 0.5777631704298473, 0.962935860088783, 0.0 0.0 0.0 0.0019434302700427528 0.021842448378543065 0.17286965190008782 0.8033444694513263, 
8, 0011111100, 0011111100, 0.5798851939645207, 0.9664724842527713, 0.0 0.0 2.7145262122977344e-05 0.0014959299999736887 0.019438784234194522 0.15769115496657019 0.8213469855371386, 
9, 0011111100, 0011111100, 0.5778147810705887, 0.9630217974065077, 0.0 0.0 0.0 0.0009739006805569217 0.020678280213832168 0.17759095309161882 0.8007568660139921, 
10, 0010111100, 0011111100, 0.5780857318937089, 0.9634734305934659, 0.0 0.0 0.0 0.0026929530015112526 0.018724446708432638 0.17363166401780541 0.8049509362722507, 
11, 0011111100, 0011111100, 0.5794480441375929, 0.9657439476845256, 0.0 0.0 0.00016556528828844426 0.0012445349535445017 0.017306489016019548 0.1665274698470193 0.8147559408951283, 
12, 0011111100, 0011111100, 0.5768700715058657, 0.9614473625544451, 0.0 0.0 0.0 0.0017157317578881694 0.020196387405672145 0.18577585458832097 0.7923120262481188, 
13, 0011111100, 0011111100, 0.5786185269147407, 0.9643613423999161, 0.0 0.0 0.0 0.001840918588696335 0.021001848875129212 0.1663054920841563 0.8108517404520181, 
14, 0011111100, 0011111100, 0.5786784921839142, 0.9644614447326407, 0.0 0.0 0.0 0.0011840958212537848 0.018060419418982038 0.17355820530243032 0.8071972794573339, 
15, 0011111100, 0011111100, 0.5790718470983253, 0.9651169763305241, 0.0 0.0 0.0002275730244131315 0.0014799560332200072 0.017430494645258164 0.16908699252902692 0.8117749837680818, 
16, 0011111100, 0011110100, 0.579026627047935, 0.965041517337582, 0.0 0.0 0.0005495516322736796 0.0028231621298726093 0.01628008578955316 0.16652303147668862 0.8138241689716119, 
17, 0011111100, 0011111100, 0.5771776548712262, 0.9619599861784743, 0.0 0.0 0.0 0.0007766472817119104 0.02192786286304581 0.18205441535792602 0.7952410744973163, 
18, 0011111100, 0011111100, 0.5788518285480345, 0.9647503397341103, 0.0 0.0 0.0003571235640096664 0.0019584630026278182 0.020609791685661592 0.1629744949600938 0.8141001267876071, 
19, 0011111100, 0011111100, 0.5756619533628173, 0.9594338006718407, 0.0 0.0 0.0 0.0004641002454656078 0.023394071220331124 0.195216752791897 0.7809250757423063, 
20, 0011111100, 0011111100, 0.5773817351114694, 0.9623000942549256, 0.0 0.0 0.0 0.00050489988200375 0.022023724283967896 0.18063728625650013 0.7968340895775282, 
21, 0011111100, 0011111100, 0.5779654099185495, 0.9632729382873325, 0.0 0.0 0.0 0.002154411912855676 0.020118302805184698 0.17366252892706827 0.8040647563548914, 
22, 0011111100, 0011111100, 0.5805919496365451, 0.9676504082674428, 0.0 0.0 5.236816532242865e-05 0.0012209040670643249 0.01636070865033038 0.1575039482322 0.8248620708850829, 
23, 0011111100, 0011111100, 0.5791184680640227, 0.9651947296963207, 0.0 0.0 2.3627982316357745e-05 0.0011245678731201943 0.02053900510392856 0.16428539606559217 0.8140274029750428, 
24, 0011111100, 0011111000, 0.5796093598895393, 0.9660128490504657, 0.0 0.0 0.00021639288439290506 0.0014438608188522039 0.015141934857910218 0.16844188198725774 0.814755929451587, 
25, 0011111100, 0011111100, 0.5777089337245077, 0.9628453878627513, 0.0 0.0 5.3683029178693174e-05 0.0013468350319334578 0.024981522063254887 0.16870939148446654 0.8049085683911664, 
26, 0010111100, 0011111100, 0.5790222818011036, 0.9650344158929927, 0.0 0.0 0.0 0.0015323266156263221 0.017742428245630895 0.16971166830390338 0.8110135768348394, 
27, 0011111100, 0011111100, 0.5796400405251103, 0.9660639713142425, 0.0 0.0 0.00021574084180434543 0.0014045030702558583 0.01858947701132395 0.16136074551391272 0.8184295335627032, 
28, 0011011000, 0001111100, 0.5771080966795825, 0.9618439998282464, 0.0 0.0 0.0002510066837030081 0.001522429921879683 0.02231868158528143 0.1787273213595074 0.7971805604496285, 
29, 0011111100, 0011111100, 0.5789110147771456, 0.9648489540091859, 0.0 0.0 4.907555326280139e-06 0.0005828851652507873 0.019793193202072606 0.16955160382368206 0.8100674102536682, 
30, 0011111100, 0011101100, 0.5792399663997722, 0.9653971861973641, 0.0 0.0 8.458311406578335e-05 0.0011372899167340353 0.018771514596417783 0.16632365141651367 0.8136829609562688, 
31, 0011111100, 0011111100, 0.5819088382564561, 0.9698453181057721, 0.0 0.0 0.0 0.0019500286034392458 0.016027423189632947 0.14302315917578345 0.8389993890311443, 
32, 0011111100, 0011111100, 0.5808423823160767, 0.9680678410558543, 0.0 5.9902275681268595e-05 3.9897573173727306e-05 0.0013361095885174755 0.015224447856122014 0.1566766275159767 0.8266630151905289, 
33, 0011111100, 0011111100, 0.5763491430408075, 0.9605791235211695, 0.0 0.0 0.0001084971273425647 0.0022285370543248984 0.026701580533888932 0.1760024981328605 0.7949588871515831, 
34, 0011111100, 0011111100, 0.5781895855907729, 0.9636464891158913, 0.0 0.0 0.00010736974996368089 0.00110153778640713 0.01846915575319131 0.1774486614391937 0.8028732752712442, 
35, 0011111100, 0011111100, 0.5791217481880637, 0.9652000748491675, 0.0 0.0 0.0 0.0008584288894382615 0.01734246816947674 0.17153932789772677 0.8102597750433582, 
36, 0011111100, 0011101100, 0.5782689338971889, 0.9637787873294092, 0.0 0.0 0.0 0.000983816361267251 0.024511153502913333 0.1653535199339166 0.8091515102019028, 
37, 0011100100, 0011111100, 0.5786880875253863, 0.9644773321287571, 0.0 0.0 0.00022413091915797617 0.003996628944321295 0.020588558169218053 0.15907248037942603 0.8161182015878766, 
38, 0011111100, 0011111100, 0.5790141927838544, 0.9650208018657032, 0.0 0.0 0.0 0.0027851672173060792 0.018702351876249808 0.16411498340136327 0.8143974975050808, 
39, 0011111100, 0011111100, 0.5787359356348846, 0.9645571889030371, 0.0 0.0 4.3609389870620903e-05 0.002051325720503784 0.020900259939498005 0.16452793198178753 0.81247687296834, 
40, 0011111100, 0011111100, 0.5789812530768431, 0.9649659581097177, 0.0 0.0 8.404119993925094e-05 0.0015455123705688826 0.018256008067738184 0.16871953329475328 0.8113949050670004, 
41, 0011111100, 0011111100, 0.5788434430156959, 0.9647362691003903, 0.0 0.0 0.0002548805658141062 0.0014760852231012922 0.019809013473407674 0.16651658051828164 0.8119434402193952, 
42, 0001111100, 0011111100, 0.5786867320668297, 0.9644750243662563, 0.0 0.0 0.00011517110799062818 0.0019733569809239604 0.022827037108934765 0.16111502420985832 0.8139694105922923, 
43, 0011111000, 0001111100, 0.5794705411928961, 0.9657813990925598, 0.0 0.0 4.337864478769756e-05 0.001267748421232115 0.020497738364026886 0.16033936887374003 0.8178517656962133, 
44, 0011111100, 0011111100, 0.5775413150549797, 0.9625661202986844, 0.0 0.0 0.0 0.0007053230552560374 0.021664593011569287 0.17915812301898681 0.7984719609141879, 
45, 0011111100, 0011111100, 0.5789781659539756, 0.9649608479014207, 0.0 6.758030069816679e-05 0.0002699682115143821 0.0010459332016604145 0.01460672777869494 0.1764658830795555 0.8075439074278766, 
46, 0001111100, 0011111100, 0.5778401981237494, 0.9630641857054247, 0.0 0.0 0.000573953420345031 0.003318509460484775 0.019869867541979343 0.16962380862065807 0.8066138609565329, 
47, 0011111100, 0011111100, 0.57885327751886, 0.9647526583799179, 0.0 0.0 0.0 0.001359259844401216 0.01776841163943963 0.1718694469084103 0.8090028816077488, 
48, 0001111100, 0011111100, 0.5775500918967585, 0.9625807491593795, 0.0 0.0 0.00015614839882768333 0.002539442362145909 0.023918936273633173 0.1684347118147071 0.8049507611506862, 
49, 0011111100, 0011111100, 0.5777919150440601, 0.9629838126329829, 0.0 0.0 0.0 0.0012695578041505245 0.01931986093071356 0.17964872892822373 0.7997618523369122, 
50, 0011111100, 0011111100, 0.5780698514778296, 0.9634469963286345, 0.0 0.0 0.00020137068518122036 0.0032068863112020346 0.018925402958455528 0.17104107443695088 0.8066252656082104, 
51, 0011111100, 0010111100, 0.5808046460256513, 0.968005067951213, 0.0 0.0 0.00016693703810317175 0.0009967676828173794 0.016431752228295304 0.15544803663526746 0.8269565064155167, 
52, 0011111100, 0011111000, 0.5796413971513182, 0.9660661837035519, 0.0 0.0 0.0 0.0022212163081188996 0.01441821809431751 0.16810281266569765 0.8152577529318659, 
53, 0011111100, 0011111100, 0.5782973693762906, 0.9638261516718365, 0.0 0.0 0.00020153245096288973 0.0023757269476006424 0.02091472448504055 0.16728033035224601 0.8092276857641498, 
54, 0011111100, 0011111100, 0.5790124362624324, 0.9650179264280402, 0.0 0.0 0.0 0.0023716392560016097 0.019721594867552702 0.1633343339286486 0.814572431947797, 
55, 0010111100, 0011111100, 0.579636901171787, 0.9660586601795731, 0.0 0.0 0.0005048917852028636 0.0019147914352132165 0.018474736330799876 0.15893462481451084 0.8201709556342731, 
56, 0011111100, 0011111100, 0.5776588892845096, 0.962762027614571, 0.0 0.0 8.59460322391419e-06 0.0012037115323405604 0.024325103442622342 0.17113211441741266 0.8033304760044006, 
57, 0011111100, 0011111100, 0.578586777964183, 0.9643085721234781, 0.0 0.0 0.00012466335862721715 0.001656726918745901 0.01837489242952832 0.17192994820932767 0.8079137690837708, 
58, 0011111100, 0011111100, 0.5767929250942975, 0.9613187820066444, 0.0 0.0 0.0 0.0033094289992564416 0.02382845574933974 0.17450210946368522 0.7983600057877186, 
59, 0011111100, 0001111100, 0.5775525640937182, 0.9625848501997786, 0.0 0.0 0.00019919000228393644 0.0013704183436083223 0.020796596199248965 0.17798969136287057 0.7996441040919882, 
60, 0011111100, 0011111100, 0.5791777268954903, 0.9652933906279781, 0.0 0.0 9.095639879033679e-05 0.0022821961790690038 0.018393607762810373 0.1642420265741419 0.8149912130851883, 
61, 0001101100, 0011111100, 0.577373657082434, 0.962286625600735, 0.0 0.0 0.0 0.0013039163554972055 0.02113500368384094 0.18009848996141586 0.797462589999246, 
62, 0011111100, 0011111100, 0.579023832848485, 0.9650369543506306, 0.0 0.0 0.0 0.001742227015407997 0.01822096607886714 0.1681096606922581 0.8119271462134667, 
63, 0011111100, 0011111100, 0.578247916140664, 0.963743686505742, 0.0 0.0 4.554955120634465e-05 0.0023041608794056763 0.022841113385280713 0.16476097335194373 0.8100482028321635, 
64, 0011111100, 0011111100, 0.5783507091249686, 0.9639150410962827, 0.0 0.0 0.00012997351832435243 0.0014825202842786622 0.023629885802685324 0.16428252689080033 0.8104750935039113, 
65, 0001111100, 0011111100, 0.5786726529281486, 0.9644516844715296, 0.0 0.0 0.00014547825916772796 0.001626865531732908 0.018261815678343868 0.17130375218226476 0.8086620883484907, 
66, 0011111100, 0011111100, 0.5781926047361362, 0.9636515725978896, 0.0 0.0 0.0 0.000675577795576031 0.02397648489362006 0.16811086123869418 0.8072370760721097, 
67, 0011111100, 0011111100, 0.5808796813250743, 0.9681300236951924, 0.0 0.0 0.0 0.0006902786677935435 0.014652534879860436 0.15984395206574364 0.8248132343866025, 
68, 0011111100, 0011111100, 0.5775615516971805, 0.9625998623931018, 0.0 3.115635426328295e-05 0.0002452565577231134 0.0019008407169178836 0.02186129345480294 0.17383890857882076 0.802122544337472, 
69, 0011111100, 0011111100, 0.5790639805616145, 0.9651039431587438, 0.0 0.0 0.0 0.00048180483928740017 0.019977654299164746 0.16797561793134572 0.8115649229302022, 
70, 0011111100, 0001111100, 0.5775175019297318, 0.9625263696772907, 0.0 0.0 2.138989432380313e-05 0.0013930495238094385 0.01943992538101699 0.18169722302549843 0.7974484121753513, 
71, 0011111100, 0001111100, 0.5772488815792769, 0.9620787115310666, 0.0 0.0 5.366938511837096e-05 0.0013146845254939181 0.022159916498756087 0.17904916669913362 0.7974225628914979, 
72, 0011111000, 0011111100, 0.5767935634983272, 0.9613197798279953, 0.0 0.0 0.0 0.0027108172419983995 0.020584269030689814 0.1827803312446534 0.7939245824826585, 
73, 0011111100, 0011111100, 0.5789293020786551, 0.9648793294674766, 0.0 0.0 7.326363026425952e-05 0.0009392050380790233 0.017207229867008792 0.1731988938258295 0.8085814076388184, 
74, 0011110100, 0011111100, 0.5794521100132929, 0.965750724560105, 0.0 0.0 0.0 0.002441093461383471 0.017720851019965927 0.1627306702152876 0.8171073853033629, 
75, 0011111100, 0010111100, 0.5782050699888686, 0.9636723655252311, 0.0 0.0 0.0 0.0026192231860809167 0.018916527623900073 0.172275082042571 0.8061891671474479, 
76, 0011111100, 0010011100, 0.5796867383860066, 0.9661417409876799, 0.0 0.0 6.869010156086513e-05 0.0021353128442197183 0.021377081783501808 0.15371469156801434 0.8227042237027034, 
77, 0001111100, 0011111000, 0.5801396778040022, 0.9668966819521035, 0.0 0.0 4.511717282851536e-05 0.0004277922189233416 0.016368753828841873 0.16441855528161053 0.8187397814977957, 
78, 0011111100, 0011111100, 0.5790690057237292, 0.9651122198008638, 0.0 0.0 5.72812710849444e-05 0.0011183348339036106 0.017243721950905653 0.17125510770695548 0.8103255542371504, 
79, 0011111100, 0011111100, 0.5778818768639375, 0.9631336185607869, 0.0 0.0 0.0001729713235537211 0.0024083186483495004 0.021768538083158366 0.1697443712296984 0.8059058007152401, 
80, 0011111100, 0011111100, 0.5810890300474668, 0.9684789822705492, 0.0 0.0 0.0 0.0013387457337589205 0.017821629491064916 0.14946661019329824 0.831373014581878, 
81, 0011111100, 0011111100, 0.5786047187902157, 0.9643384223602105, 0.0 0.0 7.709443972178868e-05 0.001869940334314051 0.02157084824081659 0.16490957059527453 0.8115725463898731, 
82, 0011111100, 0011111100, 0.577625819070391, 0.9627069035774529, 0.0 0.0 6.882135298405374e-05 0.0011633134523790789 0.02131209962040435 0.1773691535254008 0.8000866120488317, 
83, 0011111100, 0011111100, 0.5756272888907131, 0.9593760346925317, 0.0 0.0 0.000678206915881577 0.0012586541296588948 0.025173207740374307 0.18690858631155735 0.7859813449025278, 
84, 0011111100, 0011111100, 0.5794295441830551, 0.9657131235955615, 0.0 0.0 0.0 0.0021338081896323034 0.01986268180520628 0.15959447024732168 0.8184090397578397, 
85, 0011111100, 0011111100, 0.581528913312782, 0.9692120843920548, 0.0 0.0 0.0 0.00044561366904241693 0.013631409652942069 0.1561278333346597 0.8297951433433558, 
86, 0011111100, 0011111100, 0.5795380045132987, 0.9658939004394658, 0.0 0.0 7.191097635561511e-05 0.0010553899861270436 0.014745974144164032 0.1716908352110742 0.8124358896822791, 
87, 0011111100, 0011111100, 0.5801190675457361, 0.9668622941745618, 0.0 0.0 2.285912808881629e-05 0.000646924078515909 0.018752036384615214 0.15928995343549526 0.8212882269732847, 
88, 0011111100, 0011111100, 0.5793728121840553, 0.9656185803665607, 0.0 0.0 0.00026508130276555104 0.0015263014602789574 0.01999406186855364 0.16066116447163 0.8175533908967719, 
89, 0011111000, 0011111100, 0.5804147576660743, 0.9673551681639693, 0.0 0.0 0.00017118976037218454 0.0009696252471676893 0.02017381111919311 0.15192773399480636 0.8267576398784607, 
90, 0011111100, 0011101100, 0.5795867320972662, 0.96597504360449, 0.0 4.852809793619882e-05 0.0002938543674122719 0.001432606477479154 0.019192413250826212 0.16004903447963986 0.8189835633267062, 
91, 0011111100, 0011111100, 0.5785672478019857, 0.9642759379960761, 0.0 0.0 2.372640851111639e-05 0.001566748616178887 0.02178922708657922 0.1659707663678035 0.8106495315209272, 
92, 0001111100, 0011111100, 0.5805790996675331, 0.9676290567475198, 0.0 0.0 0.0 0.0022382795616522288 0.013706956867703997 0.16009690709451696 0.8239578564761267, 
93, 0011111100, 0011111100, 0.5792325899944606, 0.9653848927521201, 0.0 0.0 0.00015392197667161623 0.0014509888487403164 0.019741578662499273 0.16323883170937314 0.8154146788027156, 
94, 0011111100, 0011111100, 0.5781795949193891, 0.9636299343096117, 0.0 0.0 0.0 0.0020126939127788476 0.02022869924753758 0.17172491390891698 0.8060336929307667, 
95, 0011111100, 0011111100, 0.5771396665805472, 0.9618966895736157, 0.0 0.0 0.00016496859952955017 0.001949553363568215 0.026724560776937332 0.16866220651560826 0.8024987107443566, 
96, 0011011100, 0011111100, 0.5778980443812514, 0.9631606079019116, 0.0 0.0 8.6414257777759e-05 0.0018042785672959115 0.019366758645162765 0.1765443425652061 0.8021982059645575, 
97, 0011111100, 0011111100, 0.5762964326656365, 0.9604912543094345, 0.0 0.0 0.0 0.0020962945538475467 0.026151251585307195 0.17846108731123603 0.7932913665496092, 
98, 0011101100, 0011111100, 0.5795856385139676, 0.9659732119160694, 0.0 0.0 0.00010356061259962262 0.0009007345588684081 0.02055677791362809 0.1599307265493234 0.8185082003655805, 
99, 0011101100, 0011111100, 0.5767494589481729, 0.9612463680186257, 0.0 0.0 0.00022520900998223393 0.0013367793582331423 0.024272107776752542 0.17906640222011302 0.795099501634919, 
100, 0011111100, 0011101100, 0.5805780075182183, 0.9676272712938101, 0.0 0.0 0.00011551412354628244 0.0009887424859687365 0.01830151982436642 0.1542050486363153 0.8263891749298032, 
run, initial grid state, final grid state, mean grid cell occupancy, mean binding site occupancy, fraction of time with N TFs bound, warning
1, 0010111100, 0011111100, 0.5748774847503751, 0.9581263436479884, 0.0 0.0 0.000365883034054566 0.0035878731795890447 0.028094920974685716 0.1828249444877123 0.7851263783239583, 
2, 0001111100, 0011011100, 0.5801072784398189, 0.9668426054901943, 0.0 0.0 2.2481704913775125e-05 0.002069399123769757 0.01796342987066549 0.15671938312653902 0.823225306174112, 
3, 0001111100, 0011110000, 0.5781922035047824, 0.9636508908879732, 0.0 0.0 0.00016958945444087186 0.002038060007534793 0.021947361002002952 0.16740739482778735 0.8084375947082341, 
4, 0011111100, 0011111100, 0.5798145913941983, 0.9663548759891516, 0.0 0.0 0.0007434257624202398 0.002038494672095832 0.018989839175736073 0.15480187864764985 0.8234263617420979, 
5, 0011101100, 0010111100, 0.5789395784340892, 0.964896542253365, 0.0 0.0 0.00024896550116612794 0.002114058380101649 0.018698425490816007 0.16588585835320932 0.8130526922747069, 
6, 0011111100, 0011111100, 0.5775918547213471, 0.962650315423543, 0.0 0.0 0.00013939513944285256 0.0017789607449454244 0.02483506598051595 0.16853351270510292 0.8047130654299929, 
7, 0001111100, 0011111100, 0.5764940789141368, 0.9608207553717586, 0.0 6.745537458499271e-05 0.00028270233264446256 0.0015254137548092006 0.02254863284194112 0.1839338746176357 0.7916419210783845, 
8, 0011111100, 0011111100, 0.5781923314901347, 0.9636511812260673, 0.0 0.0 0.0 0.0008807105038380763 0.02243415665138596 0.17058246782931055 0.8061026650154653, 
9, 0011101100, 0011111100, 0.5793176674121224, 0.9655265855749787, 0.0 0.0 0.0001086177172385227 0.0018810361862535419 0.015511520375720822 0.16973986637097085 0.8127589593498162, 
10, 0011111100, 0011111100, 0.5771635900674263, 0.96193655460469, 0.0 0.0 0.0 0.0018425644168437094 0.019605410354160843 0.18364215841300777 0.7949098668159876, 
11, 0011111100, 0011111100, 0.5796842949707915, 0.9661377237940707, 0.0 0.0 0.0 0.0007195858341814222 0.02080016394739788 0.15941457183823657 0.8190656783801841, 
12, 0011111100, 0011111100, 0.5774079937376696, 0.962343914213911, 0.0 0.0 0.0 0.0011063001466818934 0.023388163905778886 0.17584128646493036 0.7996642494826088, 
13, 0011111100, 0011111000, 0.5792082885001993, 0.965344392314071, 0.0 0.0 0.0 0.0006627590819347826 0.017860924207413267 0.17022352045494293 0.811252796255709, 
14, 0011111100, 0011111100, 0.5765815928300395, 0.9609665890722187, 0.0 0.0 0.0 0.0006334240401894137 0.02049968928254993 0.19130081488102083 0.7875660717962399, 
15, 0011111100, 0011111100, 0.5774883382946141, 0.9624777585734076, 0.0 0.0 0.0 0.002012627016500185 0.019027502474142092 0.18104056256176992 0.7979193079475878, 
16, 0011111100, 0011111100, 0.57699021062175, 0.961647656449499, 0.0 0.0 0.0 0.001497064668214179 0.024176454157328116 0.17726995898370643 0.7970565221907513, 
17, 0011111100, 0011111100, 0.5767386356845768, 0.961228237601261, 0.0 0.0 0.00021978838687879696 0.0013428702691507621 0.024627014040546204 0.17846878195637453 0.7953415453470497, 
18, 0011111100, 0011111100, 0.5783605384629366, 0.9639314239797266, 0.0 0.0 0.0 0.0011051452883262646 0.01882788107090168 0.1754402581148586 0.8046267155259134, 
19, 0001111100, 0011111100, 0.5784429316514752, 0.9640688488828154, 0.0 0.00023659729906475257 0.00018268042286696885 0.002251264658454273 0.018054586523550215 0.1708102314938527 0.8084646396022112, 
20, 0011111100, 0011111000, 0.5769094084455098, 0.9615129082634517, 0.0 8.807221557390121e-05 0.0003534288399613471 0.002744701815869792 0.019960691514170417 0.1809129855056242 0.7959401201088003, 
21, 0011111100, 0011111100, 0.5774780521753569, 0.9624606459429647, 0.0 0.0 0.0 0.0010102944334741432 0.019514325491852218 0.18317659005808523 0.7962987900165884, 
22, 0011111100, 0011111100, 0.5767892261682931, 0.961312504818747, 0.0 0.0 0.00013974669737036737 0.003182511691667544 0.01905437460390845 0.18390970001521714 0.7937136669918364, 
23, 0011111100, 0011111100, 0.5782655038067922, 0.9637730429883683, 0.0 0.0 3.981833116327013e-05 0.002134720897293218 0.021451786630257083 0.16789473279274303 0.8084789413485434, 
24, 0011111100, 0011110100, 0.5765293615795897, 0.9608795108707799, 0.0 0.0 1.60265606767152e-05 0.002288569128424809 0.022620718461201422 0.18255168422493673 0.7925230016247604, 
25, 0011111100, 0011111100, 0.5785439808786569, 0.9642371400403866, 0.0 0.0 0.0 0.0016444992350716106 0.02001291846176213 0.16961782512894136 0.8087247571742249, 
26, 0011101100, 0011111100, 0.5776742619483414, 0.9627876883192993, 0.0 0.0 7.042742880058607e-06 0.000997551050633611 0.023576307907159613 0.1731004301464637 0.802318668152863, 
27, 0001111100, 0011111100, 0.5796191066288414, 0.9660290964059913, 0.0 0.0 3.8338074587980904e-05 0.0013016826359545616 0.01637840158560616 0.1670102181866235 0.8152713595172277, 
28, 0011111100, 0011111100, 0.5775761634927782, 0.9626242128371256, 0.0 0.0 0.0 0.0015561990751597143 0.019199529515401003 0.18118706672096518 0.7980572046884742, 
29, 0011111100, 0011111100, 0.5801515581219435, 0.9669165347025555, 0.0 0.0 8.423561851751236e-05 0.0017452609302284886 0.01827197350078004 0.15638411951835185 0.8235144104321221, 
30, 0011111100, 0011111100, 0.5803573886534295, 0.9672595164989471, 0.0 0.0 0.00011281596331556636 0.0008667317125676926 0.016511998627324477 0.16036744476070267 0.8221410089360895, 
31, 0011111100, 0011111100, 0.5774941368199428, 0.9624874448033994, 0.0 0.0 0.0002256663070364225 0.0010389637593381177 0.021172352945012945 0.17871106878341717 0.7988519482051955, 
32, 0011111100, 0011111100, 0.5786439783131221, 0.9644038767818658, 0.0 0.0 0.0 0.0012792473668018338 0.016133394920598884 0.177472207367202 0.8051151503453973, 
33, 0011111100, 0011111100, 0.5776032058955971, 0.9626692013487914, 0.0 0.0 6.493901531741732e-05 0.0012140172454266497 0.02499019722993426 0.17010258964983274 0.8036282568594889, 
34, 0011111100, 0011111100, 0.5771788578016873, 0.9619619804374179, 0.0 0.0 0.0 0.001989979487402524 0.020227817687305433 0.18180254353867442 0.7959796592866177, 
35, 0011111100, 0011111100, 0.5791944738867952, 0.9653212383269736, 0.0 0.0 0.0 0.0012482129128475522 0.022479989112256623 0.1593679530751027 0.8169038448997932, 
36, 0011111100, 0011111100, 0.5793275122903392, 0.9655430548897405, 0.0 0.0 0.0003595029945623874 0.002335756482005545 0.015320530507883772 0.1676553282215235 0.8143288817940247, 
37, 0011111100, 0011111100, 0.5799666313894342, 0.9666082439533206, 0.0 0.0 0.0 0.0009547735504747518 0.018828962617258544 0.15982829039413582 0.820387973438131, 
38, 0011111000, 0011111100, 0.5789832504357297, 0.9649693731256554, 0.0 0.0 0.0 0.0005750529614683843 0.021368923062391448 0.16572075623687885 0.8123352677392613, 
39, 0001111100, 0011111100, 0.5780009931032668, 0.96333226379765, 0.0 0.0 0.000343238171964827 0.0012238952624226218 0.017996340527140334 0.17896909768469194 0.8014674283537804, 
40, 0011111100, 0011111100, 0.5780553807680974, 0.9634228440975018, 0.0 0.0 9.536846920251846e-05 0.0018475248397633857 0.02421506301557213 0.16510876098774518 0.8087332826877167, 
41, 0011111000, 0001111100, 0.5780995763190617, 0.9634966223475003, 0.0 0.0 0.0 0.0011332744879480668 0.02041245682776492 0.1747955287956245 0.8036587398886625, 
42, 0011111100, 0011111100, 0.5784622491227693, 0.964100975564274, 0.0 0.0 0.0002731669820721944 0.0024629279056351807 0.02007917113510387 0.16675435269895367 0.8104303812782351, 
43, 0011111100, 0011111100, 0.5776699282972915, 0.9627804719077211, 0.0 0.0 0.0007085926727992579 0.0021919722527597844 0.022229165815814623 0.16944854947256757 0.8054217197860587, 
44, 0011111100, 0011111100, 0.5779304255495528, 0.9632146300915163, 3.229566652854283e-05 0.0002613702705893062 0.00032454225246149863 0.0028813296215903115 0.021773078905863448 0.16572327841244128 0.8090041048705257, 
45, 0011111100, 0011111100, 0.5788404629738841, 0.9647313476127687, 0.0 0.0 0.0 0.0017914305730758534 0.020476154667703073 0.16528531326875384 0.8124471014904672, 
46, 0011111000, 0011111100, 0.5803109376267037, 0.9671821108816826, 0.0 0.0 0.00010384004052391363 0.0009888343434244322 0.014109077143993086 0.16530731722954978 0.8194909312425088, 
47, 0011111100, 0011111100, 0.5792846713673016, 0.9654716308786085, 0.0 0.0 0.0 0.0014925370437991192 0.021293876488333037 0.16010485062028537 0.8171087358475824, 
48, 0011111100, 0011111100, 0.5811927871405758, 0.9686519576426805, 0.0 0.0 5.788857005147706e-05 0.001298086528216572 0.013325188832208285 0.15731206261464395 0.8280067734548797, 
49, 0011111100, 0011111100, 0.5787009261855899, 0.9644986798424565, 0.0 0.0 9.063945339180174e-06 0.0011131641338688986 0.020484914471659142 0.16866234381897918 0.8097305136301536, 
50, 0011111100, 0011111100, 0.5778292105837504, 0.9630458500871487, 0.0 0.0 0.00021547645071690987 0.001552513079428914 0.02093739153985344 0.17433067135624714 0.8029639475737536, 
51, 0001011000, 0011111100, 0.5788173594770728, 0.9646929382477891, 0.0 0.0 0.0 0.0016619368063562215 0.02011107713375046 0.1666344058266963 0.811592580233197, 
52, 0011111000, 0011111100, 0.579693603109351, 0.966153203630419, 0.0 0.0 0.0 0.0013246681866589116 0.021247156328237884 0.15661246100103407 0.8208157144840691, 
53, 0011111100, 0011111100, 0.5791420300597108, 0.9652339291752792, 0.0 0.0 6.883188251696881e-05 0.0015798911292651153 0.019987372009997565 0.16360668001046616 0.8147572249677542, 
54, 0011111100, 0011111100, 0.5796232297672094, 0.9660358753957463, 0.0 0.0 0.0 0.001608721872788114 0.017016727458206798 0.16492512709074336 0.8164494235782618, 
55, 0011111100, 0011111100, 0.5784184760262524, 0.9640280048793615, 0.0 0.0 1.392836157719294e-05 0.001246393754061134 0.01648682881316005 0.17906341838901949 0.8031894306821822, 
56, 0011111100, 0011111100, 0.5799769883260897, 0.9666255685724993, 0.0 0.0 0.0 0.0010606474107550297 0.014999751146960043 0.16706514403881878 0.8168744574034662, 
57, 0011111100, 0011111100, 0.5785153311053934, 0.9641894362301313, 0.0 0.0 7.864930107712745e-05 0.0019891081164676093 0.018728298215362062 0.17112486463477697 0.8080790797323163, 
58, 0011111100, 0011111100, 0.5772998615387562, 0.9621636667953549, 0.0 0.0 0.0001238719417087237 0.0010552662444184933 0.02338158450090152 0.17659354372597721 0.7988457335869941, 
59, 0011101100, 0011111000, 0.5787316847551508, 0.9645500266227418, 0.0 0.0 0.0 0.0014004033355659246 0.019812088232692 0.16887445379146726 0.8099130546402749, 
60, 0011111100, 0011111100, 0.579156731872348, 0.9652584087676543, 0.0 0.0004874842043805122 0.00032630731929563335 0.001758293795757109 0.01489160124493548 0.1696488132178471 0.8128875002177842, 
61, 0011111100, 0011111100, 0.5774616289058705, 0.9624332606359614, 0.0 0.0 0.00029571788951779403 0.0017097005185416657 0.017735953927470825 0.18361655521559356 0.7966420724488762, 
62, 0011111100, 0011011100, 0.5806545505667667, 0.9677548434851115, 0.0 0.0 0.0 0.0007388028990236775 0.01592522414921653 0.15940408209382667 0.8239318908579332, 
63, 0011111100, 0001111100, 0.5805081524586136, 0.9675108104441928, 0.0 0.0 0.00027708564362798413 0.0007348479106821438 0.017023722219236995 0.15757480658981024 0.8243895376366427, 
64, 0011111100, 0011111100, 0.5777287427889811, 0.9628784633782896, 0.0 0.0 7.189019610910188e-05 0.0015020325775374364 0.024062623820840175 0.1698103135715333 0.80455313983398, 
65, 0011111100, 0011111100, 0.579831965534411, 0.9663838475903956, 0.0 0.0 2.6093683942272547e-05 0.000794907641449088 0.014744555541856427 0.16971870571379635 0.8147157374189559, 
66, 0011111000, 0011111100, 0.5790249766645884, 0.9650388629689827, 0.0 0.0 3.285856533050537e-07 0.0013112919221581942 0.021344626938029354 0.16314237820095864 0.8142013743532005, 
67, 0011111100, 0011111100, 0.5797196239594925, 0.9661965372318431, 0.0 0.0 0.0 0.0012250161993418703 0.014929359089327434 0.16928700983226155 0.8145586148790692, 
68, 0011111100, 0011111100, 0.5767029257630225, 0.9611687740206704, 0.0 0.0 0.0 0.0018646091353356198 0.022852653595595122 0.18168822127878126 0.7935945159902881, 
69, 0011111100, 0011111100, 0.5788758871498793, 0.9647904160725747, 0.0 0.0 1.787605673764433e-05 0.0016670946559415821 0.021215569282503458 0.1637535768047693 0.8133458832000481, 
70, 0011111100, 0001111000, 0.5781188553535974, 0.963528668184155, 0.0 0.0 0.0 0.001526686873139733 0.019391954227414365 0.17546402182082232 0.8036173370786236, 
71, 0011111100, 0011111100, 0.5789054192508183, 0.9648396060458586, 0.0 0.0 0.0 0.0007633847461232116 0.01804833910163892 0.17257553128320097 0.8086127448690369, 
72, 0011111100, 0011111100, 0.578020946829933, 0.9633654304583008, 0.0 0.0 5.846516348350615e-06 0.0013693849930528905 0.020337948148967614 0.17499997990770821 0.803286840433923, 
73, 0011111100, 0011111100, 0.578772551840071, 0.9646181188247089, 0.0 0.0 0.0 0.001215064353996799 0.018746102072564254 0.17115388984462707 0.8088849437288119, 
74, 0011111100, 0011111100, 0.577972538304472, 0.9632847983780445, 0.0 0.0 1.638936840488797e-05 0.0010201251785563713 0.023786774515363634 0.16959172769171685 0.8055849832459582, 
75, 0001111100, 0011111100, 0.5786626255078252, 0.9644349383360753, 0.0 0.0 0.00012175101109319232 0.0021058258400035975 0.018809506695145466 0.16896687502887422 0.8099960414248836, 
76, 0011111100, 0011111000, 0.5772541302703597, 0.962087403915977, 0.0 0.0 0.0 0.001882849032202022 0.02410575380162697 0.17361552180427747 0.8003958753618935, 
77, 0011111100, 0011111100, 0.5769129327954821, 0.9615187380519048, 0.0 0.0 0.0001352181175912952 0.002003222557157083 0.026605397858825194 0.17112623582908354 0.800129925637343, 
78, 0011111100, 0011111100, 0.5774899346978042, 0.9624803520647123, 0.0 1.6397928896404447e-06 0.00027281927840119315 0.002958529962068785 0.019662071484217235 0.1758186786790331 0.80128626080339, 
79, 0011111100, 0011111100, 0.5790022945827575, 0.9650009775100165, 0.0 0.0 0.00020171456565902345 0.0018482204616123224 0.017903130158695556 0.16783635497503732 0.8122105798389957, 
80, 0011111100, 0011111100, 0.578066889895253, 0.9634420039701395, 0.0 0.0 0.0 0.0007447511134687207 0.0216817103054106 0.1737503022279359 0.8038232363531848, 
81, 0011111100, 0011111100, 0.579305896973881, 0.9655070350336875, 0.0 0.0 7.499342704250698e-05 0.0016309844325752625 0.022227563285961233 0.1573097362200563 0.8187567226343647, 
82, 0011111100, 0011111100, 0.578136303824883, 0.9635577373558186, 0.0 0.0 2.4141615992500666e-07 0.001340501006572821 0.024766178097289968 0.16509875098614993 0.8087943284938274, 
83, 0011110100, 0011111100, 0.5767097126437145, 0.9611800353911211, 0.0 0.0 0.0 0.001477790505425504 0.019976934818963094 0.1885325464990716 0.7900127281765398, 
84, 0010111100, 0011111100, 0.5796789356830939, 0.96612872891276, 0.0 0.0 0.0 0.0012983973628709802 0.019206872025158462 0.16091869038450904 0.8185760402274616, 
85, 0011111100, 0011111100, 0.5761544524229475, 0.9602546081834733, 0.0 0.0 0.0 0.0020375784953851816 0.02620808768737069 0.17994344003826349 0.7918108937789806, 
86, 0011111100, 0011111100, 0.578177052287045, 0.9636257123090173, 0.0 0.0 0.00019965649038734888 0.0026215883374426548 0.021026758910967135 0.16752881735008435 0.8086231789111186, 
87, 0011111100, 0011111100, 0.5795389452180704, 0.9658955495032092, 0.0 0.0 0.0002366563219954286 0.00043195515506250513 0.01648466034204276 0.16941489154349043 0.8134318366374089, 
88, 0011111100, 0011111100, 0.5790416513426198, 0.9650666263937636, 0.0 0.0 0.00019904445088471682 0.0006842221164555209 0.02007426101048791 0.16660287546353758 0.8124395969586342, 
89, 0011111100, 0011111100, 0.582659428188364, 0.9710962380824084, 0.0 0.0 9.884796425126847e-05 0.0009340403623615843 0.01448956347464105 0.1412459316121769 0.8432316165865692, 
90, 0011111100, 0011111100, 0.5774084698385646, 0.9623447307426161, 0.0 0.0 0.000564608798467602 0.001785866696647221 0.021600408851992207 0.17511476255650651 0.8009343530963864, 
91, 0001111100, 0011111000, 0.5772694199281501, 0.9621129397961767, 0.0 0.0 0.0 0.0027245481527311743 0.021760631711305437 0.1756274533421353 0.799887366793828, 
92, 0011111100, 0011111100, 0.5801386208924435, 0.9668948929435627, 0.0 0.0 0.0002005811214300564 0.0012391098996971618 0.015283277165809857 0.16354443382219197 0.819732597990871, 
93, 0001111100, 0011111100, 0.5801623881081849, 0.9669345671183197, 0.0 2.1393683862629387e-05 0.0003357118335426989 0.0011044502957981575 0.020281413692027295 0.1530666032651495 0.8251904272296198, 
94, 0011111100, 0001011100, 0.5765248676381038, 0.9608719779930907, 0.0 0.0 0.0001300020386938254 0.0018663681860161038 0.023814080998025795 0.18102085733258144 0.7931686914446827, 
95, 0011111100, 0001111100, 0.5784417626586487, 0.9640668281866218, 0.0 0.0 2.8416970731530868e-05 0.0014014056726979994 0.01678661427390733 0.17770791743143483 0.8040756456512284, 
96, 0011111100, 0011111100, 0.5773154640921478, 0.9621896933485309, 0.0 0.0001844550682050557 0.0003905265891425098 0.0015309037753459597 0.018548450438835327 0.18268784600751026 0.7966578181209609, 
97, 0011111000, 0010111100, 0.5782554214472004, 0.9637562496045328, 0.0 0.0 0.0 0.0007862444526403006 0.021907883240428187 0.17128800253402607 0.8060178697729055, 
98, 0011111100, 0011111100, 0.5768856850686931, 0.9614733432069653, 0.0 0.0 0.00023069424028338418 0.0028206712414709655 0.02648065299011608 0.16881384409242894 0.8016541374357007, 
99, 0011111100, 0011111100, 0.5808546115731663, 0.9680881133120732, 0.0 0.0 0.0 0.0011165565606584434 0.01789405170706611 0.15233354703145308 0.8286558447008224, 
100, 0011111100, 0011111100, 0.5783271750427691, 0.9638758968616445, 0.0 0.0 0.0 0.0014389071442839076 0.017830470541228643 0.1767669563148235 0.803963665999664, 
run, initial grid state, final grid state, mean grid cell occupancy, mean binding site occupancy, fraction of time with N TFs bound, warning
1, 0011111100, 0011111100, 0.5795155516559909, 0.9658563764918553, 0.0 0.0 0.0 0.0008955457284545046 0.016586802222226735 0.16900149941905115 0.8135161526302677, 
2, 0011111100, 0011011100, 0.5776375439600598, 0.9627265310485941, 0.0 0.0 0.0 0.0017738000101727742 0.016463078903996325 0.1853932558699248 0.7963698652159061, 
3, 0011111100, 0011111100, 0.5781150355131052, 0.9635222888130768, 0.0 0.0 3.913346091259093e-05 0.0016666122803853521 0.019087115420850197 0.17553566559503272 0.8036714732428192, 
4, 0011111100, 0011111100, 0.5809077268724719, 0.9681767762329169, 0.0 0.0 0.0 0.0009526338558286427 0.014303745053616406 0.15947395092777994 0.8252696701627751, 
5, 0011111100, 0011111100, 0.5795433782916416, 0.9659029498425038, 0.0 0.0 0.0 0.0009742920771974253 0.016192425094084743 0.16927457452521527 0.8135587083035025, 
6, 0011111100, 0011111100, 0.5766319860940754, 0.9610504728145443, 0.0 0.0 7.2381510214465e-05 0.00213869211342874 0.02561087722886125 0.17576980627386787 0.7964082428736275, 
7, 0011111100, 0011111000, 0.5779158805004192, 0.9631903235442183, 0.0 0.0 0.0 0.002033183519599253 0.019894375167481396 0.17496975784092975 0.8031026834719895, 
8, 0011111100, 0011111100, 0.5781489128939542, 0.963578756451353, 0.0 0.0 0.0 0.0009053527422910927 0.019330185397044643 0.17715103227091958 0.8026134295897448, 
9, 0011111100, 0011111100, 0.5775457775597806, 0.9625734857504854, 0.0 0.0 0.00016330825977734154 0.0027229736251101534 0.025460749964533624 0.1648154316535811 0.8068375364969979, 
10, 0011111100, 0001111100, 0.5782976624663232, 0.9638266642317787, 0.0 7.900915638015382e-05 3.3284032534985314e-05 0.000739685860277471 0.01891091758477113 0.17647093994691235 0.8037661634191239, 
11, 0011111100, 0011111100, 0.5773743616490983, 0.9622878438959713, 0.0 0.0 6.976859528155553e-05 0.001472676218840579 0.023156532282689973 0.17526276902114385 0.8000382538820441, 
12, 0011111100, 0000111100, 0.5783796923627536, 0.9639633096089296, 0.0 0.0 0.0 0.00037909638122249746 0.01858197169729663 0.17791890980816136 0.8031200221133195, 
13, 0011111100, 0011111100, 0.5789818223882559, 0.9649669083812026, 0.0 0.0 0.0 0.002490857266889356 0.018318380056192574 0.16608921779973157 0.8131015448771866, 
14, 0011111100, 0011111100, 0.5793290952359818, 0.9655456294530255, 0.0 0.0 0.0 0.0015710225562257708 0.019500931407002403 0.1630112927991658 0.815916753237606, 
15, 0011111100, 0011111100, 0.5788161523378295, 0.9646908306629093, 0.0 0.0 0.0 0.0013191125451780074 0.02003793736002307 0.16782180366696398 0.810821146427835, 
16, 0011111100, 0011111100, 0.5788942520859642, 0.9648209401745704, 0.0 0.0 0.0 0.0011404893051770754 0.017059564818056847 0.1735337614009329 0.8082661844758332, 
17, 0011111000, 0011111100, 0.580677533843034, 0.9677930767800352, 0.0 0.0 0.0 0.002114058003523591 0.017751760524973688 0.15139584425926988 0.8287383372122329, 
18, 0011111100, 0011111100, 0.5769019667334708, 0.9615004672266142, 0.0 9.471754126830824e-06 0.00017466617449846827 0.0017486300430542318 0.021953376995445095 0.18109852905163348 0.795015325981242, 
19, 0011111100, 0011111100, 0.5785039804804042, 0.9641705201884889, 0.0 0.0 9.526251607142742e-05 0.002555619609917221 0.0213087118002345 0.1643115463745598 0.811728859699217, 
20, 0010111100, 0011111100, 0.578676332871166, 0.9644577988124727, 0.0 0.0 0.00019361387339160554 0.0010339310561870534 0.018940381534952703 0.17149619539313057 0.8083358781423382, 
21, 0011111100, 0011111100, 0.578455446137492, 0.9640896517472476, 0.0 0.0 5.526383545955022e-05 0.002150411959610585 0.02156013921062474 0.16566951987459497 0.8105646651197103, 
22, 0011110100, 0011111100, 0.5766246163345023, 0.9610381979458931, 0.0 0.0 0.0 0.002551734243074712 0.020556480228938807 0.18500264913754058 0.7918891363904459, 
23, 0011111100, 0011111100, 0.5785153674633128, 0.964189490891778, 0.0 0.0 0.0001648573804029964 0.001518997332777707 0.01874593441538613 0.17215476429861562 0.8074154465728175, 
24, 0001111100, 0011111100, 0.5787841841434989, 0.9646376032244549, 0.0 0.0 0.0003174366213229724 0.0008401488779633562 0.016108401229691476 0.1761673850747047 0.8065666281963175, 
25, 0011111100, 0011111100, 0.5761228491304251, 0.9602018983845573, 0.0 0.0 2.6368272567249477e-05 0.0018749731310735783 0.02380559863853914 0.18544701993208842 0.7888460400257316, 
26, 0011011100, 0011111100, 0.5779883801429937, 0.9633111519292801, 0.0 0.0 0.0 0.0003817831796127274 0.020664543189810796 0.1776586525058598 0.8012950211247167, 
27, 0011111100, 0001111100, 0.5792472449178184, 0.9654093375959198, 0.0 0.0 2.985807427684466e-05 0.0018762235874323332 0.02065622605775748 0.16048341924956105 0.8169542730309722, 
28, 0011111100, 0011111100, 0.5770231401318928, 0.9617024026587264, 0.0 0.0 0.0 0.00252997210412437 0.021011404455004865 0.18017285882525885 0.796285764615612, 
29, 0011111100, 0001111100, 0.576748839243064, 0.9612452453840984, 0.0 0.0 0.0002503582466855503 0.0019552543406275266 0.022291879040797463 0.18107757360518997 0.7944249347666995, 
30, 0011111100, 0011111000, 0.5788081003126824, 0.9646774626093807, 0.0 0.0002796724223555127 0.00016496435123869349 0.0009237200153911928 0.018861086768543298 0.16938367124372378 0.8103868851987475, 
31, 0011111100, 0011111100, 0.5781146733944904, 0.9635216884567087, 0.0 0.0 0.00021222812893519796 0.001948309774505737 0.018863581847291408 0.17444886372590687 0.8045270165233607, 
32, 0011111000, 0011111100, 0.5783002237172151, 0.9638309216528261, 0.0 0.0 0.0 0.0012124425653223306 0.018741112694128755 0.17589491699881876 0.8041515277417302, 
33, 0011111100, 0011111100, 0.5792795246901633, 0.9654630973722464, 0.0 0.0 0.0 0.0009877879804133232 0.016839550248173664 0.17057895132893414 0.8115937104424789, 
34, 0011111100, 0011111100, 0.5746416943340344, 0.9577333703902435, 0.0 0.0 0.0001323399335815784 0.002353536719732936 0.019897335328302488 0.20621513710840847 0.7714016509099745, 
35, 0011111100, 0011111100, 0.5759750822253592, 0.9599557662637106, 0.0 0.0 0.0 0.0009759907168054473 0.025365206156957042 0.18660701795340634 0.7870517851728313, 
36, 0011101100, 0011111100, 0.5795780124357601, 0.9659605532601692, 0.0 0.0 0.0 0.0012178950694815387 0.02222486424072701 0.15613326674908665 0.8204239739407048, 
37, 0011111100, 0011111100, 0.5806402011435455, 0.9677309170669566, 0.0 0.0 0.0 0.00041988423663387334 0.01582369883083095 0.16070744722669686 0.8230489697058384, 
38, 0000111100, 0011111100, 0.5790887952256576, 0.9651451816148662, 0.0 0.0 0.0 0.0008089905886815097 0.018912015912006416 0.1688779067207452 0.8114010867785668, 
39, 0011111000, 0011111100, 0.576200070134464, 0.9603306938085486, 0.0 0.0 0.0 0.0025640090010741775 0.020861359911345065 0.1886010903227952 0.7879735407647855, 
40, 0011111100, 0011111100, 0.5782453461875596, 0.9637394893258321, 0.0 0.0 1.5179048275379906e-05 0.0015281553310028922 0.022070549367644025 0.16877678312360955 0.8076093331294681, 
41, 0011111100, 0011111100, 0.5788063867733271, 0.9646745612229506, 0.0 0.0 0.0 0.0005601295618833388 0.01985036617510991 0.17057151162642625 0.8090179926365805, 
42, 0011111100, 0011111100, 0.5792571172216608, 0.9654257997706893, 0.0 0.0 0.0 0.0016589655535132542 0.020950035759122018 0.16056823319708008 0.8168227654902845, 
43, 0011111100, 0011111100, 0.5806321523353734, 0.9677174379662483, 0.0 0.0 0.0 0.0017572554315403528 0.017016582250366997 0.15439044140715524 0.8268357209109375, 
44, 0011111100, 0011111100, 0.5754842779688631, 0.9591376283991311, 0.0 0.0 9.708254490284691e-05 0.003483684825127167 0.026058798477483623 0.18221724799525293 0.7881431861572336, 
45, 0011111100, 0011111100, 0.5796985114981155, 0.9661614006581433, 0.0 0.0 2.9453139698863735e-05 0.0008030110960472446 0.018580205448505704 0.1633443393071921 0.817242991008556, 
46, 0011111100, 0011111100, 0.5802663066500339, 0.9671077935560797, 0.0 0.0 0.0 0.0009268656244043508 0.01584355433364321 0.16288553312302267 0.8203440469189298, 
47, 0011111100, 0011011100, 0.5789206464452155, 0.9648650376761213, 0.0 0.0 1.2516166391315912e-05 0.0012207294944240365 0.016585236249186792 0.1739270482960618 0.8082544697939361, 
48, 0011111100, 0011111100, 0.5768025542398962, 0.9613348429077162, 0.0 0.00010624090573782011 0.00024838321554254916 0.001573305615443587 0.01953634526954591 0.18667359777742054 0.7918621272163097, 
49, 0011111100, 0011111100, 0.5786951164938091, 0.9644890936425623, 0.0 0.0 8.50104803651855e-05 0.0018839962450557164 0.018488157921936376 0.1700970916441257 0.809445743708517, 
50, 0011111100, 0011111100, 0.5777325280266241, 0.9628847696358, 0.0 0.0 6.8625826169195625e-06 0.0017478998328700802 0.0227350757540187 0.17195008084808458 0.8035600809824098, 
51, 0011111100, 0011111100, 0.5770490278254985, 0.9617456347533012, 0.0 0.0 0.00011881781113533746 0.002104496136464551 0.020890357000069224 0.1809567178261191 0.7959296112262118, 
52, 0011111100, 0011111100, 0.5808755413531839, 0.9681230428516482, 0.0 0.0 0.0 0.0010357356967057782 0.01613983382947667 0.1558748681410398 0.8269495623327777, 
53, 0010111100, 0011111100, 0.5766668392198937, 0.9611086699290075, 0.0 0.0 0.00035760465937344796 0.0027297602886401187 0.02478176144751296 0.17416475802751555 0.7979661155769578, 
54, 0011111100, 0011111100, 0.5795062593639566, 0.9658410426941473, 0.0 0.0 0.00030219911052451246 0.0014557118479721885 0.017727479822556756 0.163922852203988 0.8165917570149586, 
55, 0011111100, 0011111100, 0.5784477676846101, 0.964076875272378, 0.0 0.0 0.0 0.001382638679968147 0.018593312010854523 0.17420420830411898 0.8058198410050583, 
56, 0011101100, 0011111100, 0.5778503453826184, 0.963081140424942, 0.0 0.0 8.67974932360649e-05 0.002805265069888752 0.021997959128252833 0.16875425401123223 0.8063557242973901, 
57, 0011111100, 0011111100, 0.5801823072732211, 0.9669677643180927, 0.0 0.0 0.00022247881796334115 0.001509893868442167 0.018951734068437517 0.15487034907738811 0.8244455441677688, 
58, 0001111100, 0011111000, 0.5771712827150772, 0.9619494123916095, 0.0 0.0 5.4025856514090574e-05 0.001074822378591565 0.019870377280761266 0.18512220052698916 0.793878573957144, 
59, 0011111000, 0011111100, 0.5771010125627758, 0.9618321979310077, 0.0 0.0 0.0001915190158419382 0.002286419674007481 0.01836761112897252 0.18464625507061844 0.7945081951105596, 
60, 0011111100, 0011111100, 0.5785867002605133, 0.9643083431052604, 0.0 0.0 0.0 0.0015745886447879813 0.017430993421215946 0.17456418859164113 0.806430229342355, 
61, 0011111100, 0011110100, 0.5795575988767295, 0.9659265906001472, 0.0 0.0 0.0 0.0004731449851825691 0.018874396298061497 0.16527222884744636 0.8153802298693096, 
62, 0011111100, 0011111100, 0.5790402956647289, 0.9650644541239715, 0.0 0.0 0.0 0.0025167620451593893 0.018001343109168823 0.16606030290235496 0.8134215919433169, 
63, 0011111100, 0011111100, 0.5797637803860672, 0.9662701949022581, 0.0 0.0 2.259676579236984e-05 0.0014392642623802592 0.017607394651406993 0.16275586143332754 0.818174882887093, 
64, 0011111100, 0011111100, 0.5801622743302766, 0.9669344140643696, 0.0 0.0 0.0 0.001353688630738684 0.013655368866362217 0.1670217119888413 0.8179692305140578, 
65, 0011111100, 0011111100, 0.5767668076161705, 0.9612752940971849, 0.0 0.0 0.0 0.0025309578351037413 0.026269800128312162 0.17221576165495456 0.7989834803816295, 
66, 0011111100, 0011111100, 0.5782035816473848, 0.96366980171705, 0.0 0.0 2.2584247952302295e-05 0.0014376281953777585 0.017198066078433088 0.17918183596289167 0.8021598855153452, 
67, 0011011100, 0011110100, 0.5776117970961068, 0.9626835059082813, 0.0 0.0 0.0002446172221026966 0.0010648437271439616 0.017087090881033218 0.18555178271840286 0.7960516654513173, 
68, 0011111100, 0011111100, 0.5795450703469675, 0.9659056638444397, 0.0 0.0 0.0 0.0031888813622071325 0.01563466295039713 0.16373004694594606 0.8174464087414497, 
69, 0011011100, 0011111100, 0.5772151316815785, 0.9620224413453836, 0.0 0.0 8.363574460466702e-05 0.002023359438986168 0.025286443850115706 0.17088784293208945 0.801718718034204, 
70, 0011111100, 0011111100, 0.5790148198457115, 0.9650219328485061, 0.0 0.0 0.0 0.0029039407161154914 0.0185626799486494 0.16403122086331834 0.8145021584719168, 
71, 0011110100, 0011011100, 0.5788417714813989, 0.9647334966887051, 0.0 0.0 0.00021679745115558304 0.0016791959177766525 0.019485839468749287 0.16672256337231803 0.8118956037900005, 
72, 0011111100, 0011111100, 0.5796921677033501, 0.9661508400371955, 0.0 0.0 0.0 0.0015257242360622258 0.01443625649637853 0.16964527407588284 0.8143927451916764, 
73, 0011111100, 0011111100, 0.5796142431105259, 0.9660209654939114, 0.0 0.0 4.2197325889723637e-05 0.0019695360560568454 0.018464318707167887 0.16086817215046673 0.8186557757604188, 
74, 0011111100, 0001111000, 0.5802409709927536, 0.9670655349441972, 0.0 0.0 0.0 0.0009448612404608193 0.015331158205518267 0.16410989020239786 0.819614090351623, 
75, 0011111100, 0011111100, 0.5806825562656853, 0.9678014833617176, 0.0 0.0 0.0 0.001080889589824272 0.012660426909366553 0.16462757724148783 0.8216311062593213, 
76, 0001111100, 0011111100, 0.5770620433473393, 0.9617672729773055, 0.0 0.0 4.1145830990019295e-05 0.0019126998973915405 0.019807438865573398 0.18387880138888513 0.7943599140171599, 
77, 0011111100, 0011111100, 0.5776606835535311, 0.9627649662715114, 0.0 0.0 0.0 0.0010716062991906205 0.02068246955566748 0.17883044436202497 0.7994154797831169, 
78, 0011111100, 0011111100, 0.576788598332569, 0.9613115429142121, 0.0 0.0 0.0 0.001218130595259865 0.024665175599273913 0.17914599953040006 0.7949706942750662, 
79, 0011111000, 0001111100, 0.5797401074424314, 0.9662306159728402, 0.0 0.0 8.470586525894346e-05 0.002524212912767799 0.019109563720369198 0.15648571452288126 0.8217958029787228, 
80, 0011111100, 0011111100, 0.5774302023465011, 0.9623809257440991, 0.0 0.0 0.00012323515182529175 0.0010424071255213164 0.019542170617443014 0.18300994231665438 0.796282244788556, 
81, 0011111100, 0011111100, 0.5789764274136315, 0.9649579731926244, 0.0 0.0 0.00012017147076652162 0.0025205718998110574 0.0186713466520113 0.1648670659577318 0.8138208440196794, 
82, 0011111100, 0011111100, 0.5791996790454597, 0.965330058997476, 0.0 0.0 0.0 0.00040687612737482496 0.021108235940366017 0.1645825457522879 0.8139023421799714, 
83, 0011111100, 0011111100, 0.5798975180188012, 0.9664930251815882, 0.0 0.0 4.254448852346057e-05 0.0011211360703892704 0.01689384801635875 0.16372056671249113 0.8182219047122374, 
84, 0011111100, 0011111100, 0.5776491179772338, 0.9627457229498324, 0.0 0.0 0.0 0.0013509935419966518 0.022132299727815788 0.1752080822193841 0.8013086245108034, 
85, 0011111100, 0011111100, 0.5771308132236205, 0.9618819177843378, 0.0 0.0 4.29234024778718e-06 0.002176721423742849 0.021306316046544906 0.17954852756866255 0.796964142620802, 
86, 0011111100, 0011111100, 0.5801991603318676, 0.9669957626836375, 0.0 0.0 7.282763295230411e-05 0.0022759243926256893 0.014841921310122526 0.1612224975682443 0.8215868290960553, 
87, 0011111100, 0011111100, 0.5803166169402122, 0.9671915163896883, 0.0 0.0 0.0001404710940109548 0.001378226698725807 0.01622169817081502 0.15971094084801984 0.8225486631884283, 
88, 0011111000, 0011011100, 0.5761151863851851, 0.9601891788410547, 0.0 0.0 0.0005030426711641606 0.0017821331211348905 0.023714010795534632 0.1840783353145413 0.7899224780976251, 
89, 0011111100, 0011111100, 0.5772815022938729, 0.9621329787627213, 0.0 0.0 0.0 0.0016975066976749453 0.021559970847701917 0.17898966563524368 0.7977528568193795, 
90, 0011111100, 0011111100, 0.5791862462479631, 0.9653076404928855, 0.0 0.0 0.000336088475715149 0.0015217327230103667 0.021368533926480734 0.15950753711783372 0.8172661077569601, 
91, 0011111100, 0011111100, 0.5795808399054551, 0.9659652705901735, 0.0 0.0 0.00011344881593352271 0.00067661296573216 0.016668654570844366 0.16838743315634022 0.8141538504911496, 
92, 0011111100, 0011111100, 0.57982182007352, 0.9663669291895066, 0.0 0.0 0.0 0.0011764837097409402 0.015555323167820798 0.16715832739809502 0.8161098657243433, 
93, 0011111100, 0011111100, 0.5789358224067063, 0.9648902890535386, 0.0 0.0 0.00014962147742555252 0.0013806621118769473 0.019262525298817508 0.16739274283580052 0.8118144482760795, 
94, 0011111100, 0011111100, 0.5762860871618568, 0.960474010084381, 0.0 0.0 0.0002569995831109228 0.002834107053589003 0.021828223012783213 0.1839691739749376 0.7911114963755793, 
95, 0011111100, 0011111100, 0.581231195669455, 0.9687158895070206, 0.0 0.0 0.00012901829830487568 0.002393645496658072 0.014656859543505603 0.150693934187672 0.8321265424738594, 
96, 0011111100, 0011111100, 0.5799322462019068, 0.9665508710983891, 0.0 0.0 0.0003800198389435666 0.0018765806308374516 0.018841014127701134 0.1558629239059767 0.8230394614965412, 
97, 0011111000, 0011111100, 0.5778055059687084, 0.9630064275507916, 0.0 0.0 0.0 0.001600894923786684 0.018207095387476065 0.1807445591489383 0.7994474505397989, 
98, 0011111100, 0011111100, 0.5794178553871306, 0.9656936100375999, 0.0 0.0 0.0 0.0002758106920775061 0.01564406947846256 0.17372276874124304 0.8103573510882169, 
99, 0011111100, 0011111100, 0.5779484404115436, 0.963244600354207, 0.0 2.9828939567179904e-05 0.0002721085682811339 0.001332020581110517 0.019565378124850263 0.17616800091076543 0.8026326628754255, 
100, 0011111100, 0011111100, 0.5773382034091125, 0.9622275769265081, 0.0 0.0 0.00024550595522500215 0.0017914546607859963 0.02342178546472299 0.17343457970824736 0.8011066742110187, 
