run, initial grid state, final grid state, mean grid cell occupancy, mean binding site occupancy, fraction of time with N TFs bound, warning
1, 000000, 000000, 2.214900290920465e-05, 2.214900290920465e-05, 0.9998671059825448 0.00013289401745522793, 
2, 000000, 000000, 1.9343355997894843e-05, 1.9343355997894843e-05, 0.9998839398640126 0.00011606013598736907, 
3, 000000, 000000, 1.727561505998603e-05, 1.727561505998603e-05, 0.9998963463096402 0.00010365369035991617, 
4, 000000, 000000, 1.5596967890993283e-05, 1.5596967890993283e-05, 0.999906418192654 9.35818073459597e-05, 
5, 000000, 000000, 1.8050242996590123e-05, 1.8050242996590123e-05, 0.9998916985420204 0.00010830145797954073, 
6, 000000, 000000, 1.5142755043520958e-05, 1.5142755043520958e-05, 0.9999091434697388 9.085653026112577e-05, 
7, 000000, 000000, 1.4292015480420712e-05, 1.4292015480420712e-05, 0.9999142479071176 8.575209288252428e-05, 
8, 000000, 000000, 1.549208056671264e-05, 1.549208056671264e-05, 0.9999070475165998 9.295248340027584e-05, 
9, 000000, 000000, 2.0059612411296302e-05, 2.0059612411296302e-05, 0.9998796423255322 0.00012035767446777782, 
10, 000000, 000000, 1.768574139349918e-05, 1.768574139349918e-05, 0.999893885551639 0.0001061144483609951, 
11, 000000, 000000, 1.7678745454718274e-05, 1.7678745454718274e-05, 0.9998939275272717 0.00010607247272830966, 
12, 000000, 000000, 1.8594511696519143e-05, 1.8594511696519143e-05, 0.9998884329298209 0.00011156707017911486, 
13, 000000, 000000, 1.8571389086275462e-05, 1.8571389086275462e-05, 0.9998885716654824 0.00011142833451765277, 
14, 000000, 000000, 1.6739467158631068e-05, 1.6739467158631068e-05, 0.9998995631970482 0.00010043680295178644, 
15, 000000, 000000, 1.7132266319188332e-05, 1.7132266319188332e-05, 0.9998972064020848 0.00010279359791513, 
16, 000000, 000000, 1.6252039340746823e-05, 1.6252039340746823e-05, 0.9999024877639556 9.751223604448094e-05, 
17, 000000, 000000, 1.660324660009455e-05, 1.660324660009455e-05, 0.9999003805203994 9.961947960056729e-05, 
18, 000000, 000000, 1.5608255358165986e-05, 1.5608255358165986e-05, 0.9999063504678509 9.364953214899591e-05, 
19, 000000, 000000, 1.8224964144568413e-05, 1.8224964144568413e-05, 0.9998906502151326 0.0001093497848674105, 
20, 000000, 000000, 1.7113796062007885e-05, 1.7113796062007885e-05, 0.9998973172236281 0.0001026827763720473, 
21, 000000, 000000, 1.9249293293107653e-05, 1.9249293293107653e-05, 0.9998845042402414 0.00011549575975864592, 
22, 000000, 000000, 1.6755391628154153e-05, 1.6755391628154153e-05, 0.9998996710490261 0.00010012555217889624 2.0339879501433598e-07, 
23, 000000, 000000, 2.021185291580146e-05, 2.021185291580146e-05, 0.9998787288825052 0.00012127111749480876, 
24, 000000, 000000, 1.7191260759637555e-05, 1.7191260759637555e-05, 0.9998968524354421 0.00010314756455782534, 
25, 000000, 000000, 1.826680599670317e-05, 1.826680599670317e-05, 0.9998903991640198 0.00010960083598021904, 
26, 000000, 000000, 1.812052280864872e-05, 1.812052280864872e-05, 0.999891276863148 0.00010872313685189232, 
27, 000000, 000000, 1.799719157474751e-05, 1.799719157474751e-05, 0.9998920168505514 0.00010798314944848505, 
28, 000000, 000000, 1.6850818800498164e-05, 1.6850818800498164e-05, 0.9998988950871971 0.00010110491280298901, 
29, 000000, 000000, 1.4937719646178938e-05, 1.4937719646178938e-05, 0.9999103736821229 8.962631787707363e-05, 
30, 000000, 000000, 1.63970298545778e-05, 1.63970298545778e-05, 0.9999016178208725 9.838217912746681e-05, 
31, 000000, 000000, 1.8634421682597567e-05, 1.8634421682597567e-05, 0.9998881934699044 0.00011180653009558538, 
32, 000000, 000000, 2.0382688528182395e-05, 2.0382688528182395e-05, 0.9998777038688309 0.00012229613116909437, 
33, 000000, 000000, 2.1507337657805043e-05, 2.1507337657805043e-05, 0.9998709559740532 0.00012904402594683025, 
34, 000000, 000000, 1.8687737435656843e-05, 1.8687737435656843e-05, 0.9998878735753861 0.00011212642461394106, 
35, 000000, 000000, 1.7848232390980512e-05, 1.7848232390980512e-05, 0.9998929106056541 0.00010708939434588309, 
36, 000000, 000000, 1.700611499124613e-05, 1.700611499124613e-05, 0.9998979633100525 0.00010203668994747678, 
37, 000000, 000000, 1.9476693601578412e-05, 1.9476693601578412e-05, 0.9998831398383906 0.00011686016160947048, 
38, 000000, 000000, 1.6900458167474233e-05, 1.6900458167474233e-05, 0.9998985972509952 0.00010140274900484541, 
39, 000000, 000000, 1.9718093402491663e-05, 1.9718093402491663e-05, 0.9998816914395852 0.00011830856041495, 
40, 000000, 000000, 1.6440064102623622e-05, 1.6440064102623622e-05, 0.9999013596153843 9.864038461574175e-05, 
41, 000000, 000000, 1.8068761433070553e-05, 1.8068761433070553e-05, 0.9998915874314015 0.00010841256859842331, 
42, 000000, 000000, 1.7143652407774212e-05, 1.7143652407774212e-05, 0.9998971380855535 0.00010286191444664527, 
43, 000000, 000000, 1.7400773502745022e-05, 1.7400773502745022e-05, 0.9998955953589835 0.00010440464101647014, 
44, 000000, 000000, 1.7334681016761393e-05, 1.7334681016761393e-05, 0.9998959919138994 0.00010400808610056836, 
45, 000000, 000000, 1.994935172663506e-05, 1.994935172663506e-05, 0.9998803038896403 0.00011969611035981036, 
46, 000000, 000000, 1.6060788078654024e-05, 1.6060788078654024e-05, 0.9999036352715281 9.636472847192414e-05, 
47, 000000, 000000, 0.0002225556238520831, 0.0002225556238520831, 0.9992873195090574 9.002723877297979e-05 0.0006226532521697594, 
48, 000000, 000000, 1.682781180647501e-05, 1.682781180647501e-05, 0.9998990331291611 0.00010096687083885006, 
49, 000000, 000000, 1.7297111014810108e-05, 1.7297111014810108e-05, 0.9998962173339111 0.00010378266608886065, 
50, 000000, 000000, 1.957989036423117e-05, 1.957989036423117e-05, 0.9998825206578147 0.00011747934218538702, 
51, 000000, 000000, 1.7863392353248854e-05, 1.7863392353248854e-05, 0.9998928196458805 0.00010718035411949313, 
52, 000000, 000000, 1.773118625385498e-05, 1.773118625385498e-05, 0.9998936128824769 0.00010638711752312988, 
53, 000000, 000000, 1.7437871510370756e-05, 1.7437871510370756e-05, 0.9998953727709379 0.00010462722906222455, 
54, 000000, 000000, 1.9058516973937224e-05, 1.9058516973937224e-05, 0.9998856488981563 0.00011435110184362334, 
55, 000000, 000000, 1.7838037572959214e-05, 1.7838037572959214e-05, 0.9998929717745622 0.00010702822543775529, 
56, 000000, 000000, 1.6326093899266132e-05, 1.6326093899266132e-05, 0.9999020434366044 9.795656339559681e-05, 
57, 000000, 000000, 1.6840350643965738e-05, 1.6840350643965738e-05, 0.9998989578961363 0.00010104210386379444, 
58, 000000, 000000, 1.6386309941738787e-05, 1.6386309941738787e-05, 0.9999016821403496 9.831785965043275e-05, 
59, 000000, 000000, 1.6489735237009348e-05, 1.6489735237009348e-05, 0.9999010615885778 9.893841142205609e-05, 
60, 000000, 000000, 1.5906935754786537e-05, 1.5906935754786537e-05, 0.9999045583854713 9.544161452871924e-05, 
61, 000000, 000000, 1.6157502191118698e-05, 1.6157502191118698e-05, 0.9999030549868533 9.694501314671221e-05, 
62, 000000, 000000, 1.9119653206236792e-05, 1.9119653206236792e-05, 0.9998852820807627 0.00011471791923742075, 
63, 000000, 000000, 1.5812438642938897e-05, 1.5812438642938897e-05, 0.9999051253681425 9.487463185763341e-05, 
64, 000000, 000000, 1.700599329499198e-05, 1.700599329499198e-05, 0.9998979640402301 0.00010203595976995189, 
65, 000000, 000000, 1.7281463516729196e-05, 1.7281463516729196e-05, 0.9998963112188997 0.00010368878110037516, 
66, 000000, 000000, 1.5209165042564252e-05, 1.5209165042564252e-05, 0.9999087450097446 9.125499025538552e-05, 
67, 000000, 000000, 1.852956279141015e-05, 1.852956279141015e-05, 0.9998888226232516 0.0001111773767484609, 
68, 000000, 000000, 1.667600275441856e-05, 1.667600275441856e-05, 0.9998999439834735 0.00010005601652651137, 
69, 000000, 000000, 1.878431003397604e-05, 1.878431003397604e-05, 0.9998872941397962 0.00011270586020385624, 
70, 000000, 000000, 2.102938699442346e-05, 2.102938699442346e-05, 0.9998738236780335 0.00012617632196654076, 
71, 000000, 000000, 1.8895970325584535e-05, 1.8895970325584535e-05, 0.9998866241780465 0.00011337582195350722, 
72, 000000, 000000, 1.6578555919007435e-05, 1.6578555919007435e-05, 0.999900528664486 9.947133551404463e-05, 
73, 000000, 000000, 1.9339276422000255e-05, 1.9339276422000255e-05, 0.999883964341468 0.00011603565853200154, 
74, 000000, 000000, 1.5962510962921216e-05, 1.5962510962921216e-05, 0.9999042249342225 9.577506577752729e-05, 
75, 000000, 000000, 1.6654831766803182e-05, 1.6654831766803182e-05, 0.9999000710093993 9.992899060081912e-05, 
76, 000000, 000000, 1.76816589020105e-05, 1.76816589020105e-05, 0.9998939100465879 0.00010608995341206301, 
77, 000000, 000000, 1.7251952977374427e-05, 1.7251952977374427e-05, 0.9998964882821356 0.00010351171786424658, 
78, 000000, 000000, 1.7946513405295e-05, 1.7946513405295e-05, 0.9998923209195684 0.00010767908043176999, 
79, 000000, 000000, 1.6723579179773784e-05, 1.6723579179773784e-05, 0.9998996585249214 0.0001003414750786427, 
80, 000000, 000000, 1.9900595201007366e-05, 1.9900595201007366e-05, 0.999880596428794 0.0001194035712060442, 
81, 000000, 000000, 1.681896183582791e-05, 1.681896183582791e-05, 0.9998990862289852 0.00010091377101496748, 
82, 000000, 000000, 2.047403244765209e-05, 2.047403244765209e-05, 0.999877155805314 0.00012284419468591254, 
83, 000000, 000000, 1.86734941368777e-05, 1.86734941368777e-05, 0.9998879590351787 0.00011204096482126618, 
84, 000000, 000000, 1.719509729897958e-05, 1.719509729897958e-05, 0.9998968294162061 0.00010317058379387747, 
85, 000000, 000000, 1.7020735862513908e-05, 1.7020735862513908e-05, 0.9998978755848249 0.00010212441517508344, 
86, 000000, 000000, 1.6015521430230572e-05, 1.6015521430230572e-05, 0.9999039068714186 9.609312858138343e-05, 
87, 000000, 000000, 1.571064255964513e-05, 1.571064255964513e-05, 0.9999057361446422 9.42638553578708e-05, 
88, 000000, 000000, 1.700747764363175e-05, 1.700747764363175e-05, 0.9998979551341381 0.00010204486586179051, 
89, 000000, 000000, 1.865595313822525e-05, 1.865595313822525e-05, 0.9998880642811706 0.0001119357188293515, 
90, 000000, 000000, 1.8226285657684374e-05, 1.8226285657684374e-05, 0.999890642286054 0.00010935771394610626, 
91, 000000, 000000, 1.7587187596550134e-05, 1.7587187596550134e-05, 0.9998944768744208 0.00010552312557930081, 
92, 000000, 000000, 1.6698961611801446e-05, 1.6698961611801446e-05, 0.9998998062303293 0.00010019376967080868, 
93, 000000, 000000, 1.682527436090973e-05, 1.682527436090973e-05, 0.9998990483538345 0.00010095164616545838, 
94, 000000, 000000, 1.7580329379322714e-05, 1.7580329379322714e-05, 0.999894518023724 0.00010548197627593629, 
95, 000000, 000000, 1.8099982009319555e-05, 1.8099982009319555e-05, 0.9998914001079441 0.00010859989205591734, 
96, 000000, 000000, 1.56013248448157e-05, 1.56013248448157e-05, 0.9999063920509311 9.36079490688942e-05, 
97, 000000, 000000, 1.7493555263696828e-05, 1.7493555263696828e-05, 0.9998950386684178 0.00010496133158218098, 
98, 000000, 000000, 1.7596671505974387e-05, 1.7596671505974387e-05, 0.9998944199709642 0.00010558002903584633, 
99, 000000, 000000, 1.8029116974802064e-05, 1.8029116974802064e-05, 0.9998918252981511 0.00010817470184881238, 
100, 000000, 000000, 1.858696169361827e-05, 1.858696169361827e-05, 0.9998884782298384 0.0001115217701617096, 
run, initial grid state, final grid state, mean grid cell occupancy, mean binding site occupancy, fraction of time with N TFs bound, warning
1, 000000, 000000, 1.6211463463360603e-05, 1.6211463463360603e-05, 0.9999027312192198 9.726878078016363e-05, 
2, 000000, 000000, 1.8319363293024294e-05, 1.8319363293024294e-05, 0.9998900838202419 0.00010991617975814577, 
3, 000000, 000000, 1.5989940141454516e-05, 1.5989940141454516e-05, 0.9999040603591512 9.593964084872709e-05, 
4, 000000, 000000, 1.8954001797019603e-05, 1.8954001797019603e-05, 0.9998862759892179 0.00011372401078211763, 
5, 000000, 000000, 1.7843691368940273e-05, 1.7843691368940273e-05, 0.9998929378517863 0.00010706214821364164, 
6, 000000, 000000, 1.7248823294418433e-05, 1.7248823294418433e-05, 0.9998965070602335 0.0001034929397665106, 
7, 000000, 000000, 1.7310676464914075e-05, 1.7310676464914075e-05, 0.9998961359412106 0.00010386405878948446, 
8, 000000, 000000, 1.83307357363879e-05, 1.83307357363879e-05, 0.9998900155855817 0.00010998441441832738, 
9, 000000, 000000, 1.6037565454947096e-05, 1.6037565454947096e-05, 0.9999037746072703 9.622539272968258e-05, 
10, 000000, 000000, 1.787860509404033e-05, 1.787860509404033e-05, 0.9998927283694358 0.00010727163056424197, 
11, 000000, 000000, 1.5784135178472725e-05, 1.5784135178472725e-05, 0.9999052951889291 9.470481107083635e-05, 
12, 000000, 000000, 1.937051702178489e-05, 1.937051702178489e-05, 0.9998837768978692 0.00011622310213070938, 
13, 000000, 000000, 1.8344109819694787e-05, 1.8344109819694787e-05, 0.9998899353410818 0.00011006465891816873, 
14, 000000, 000000, 1.956263184084956e-05, 1.956263184084956e-05, 0.9998826242089549 0.00011737579104509735, 
15, 000000, 000000, 1.7707141985904152e-05, 1.7707141985904152e-05, 0.9998937571480845 0.0001062428519154249, 
16, 000000, 000000, 1.8540262997712538e-05, 1.8540262997712538e-05, 0.9998887584220137 0.00011124157798627523, 
17, 000000, 000000, 1.92105268821167e-05, 1.92105268821167e-05, 0.9998847368387074 0.0001152631612927002, 
18, 000000, 000000, 1.674658672779693e-05, 1.674658672779693e-05, 0.9998995204796333 0.00010047952036678158, 
19, 000000, 000000, 1.7190844880948802e-05, 1.7190844880948802e-05, 0.9998968549307143 0.00010314506928569281, 
20, 000000, 000000, 1.6178512130151722e-05, 1.6178512130151722e-05, 0.9999029289272191 9.707107278091033e-05, 
21, 000000, 000000, 1.7317817019659698e-05, 1.7317817019659698e-05, 0.9998960930978821 0.00010390690211795818, 
22, 000000, 000000, 1.776589261679289e-05, 1.776589261679289e-05, 0.9998934046442992 0.00010659535570075735, 
23, 000000, 000000, 1.7962676933254627e-05, 1.7962676933254627e-05, 0.9998922239384005 0.00010777606159952779, 
24, 000000, 000000, 1.663662945886874e-05, 1.663662945886874e-05, 0.9999001802232468 9.981977675321245e-05, 
25, 000000, 000000, 1.7196181596626953e-05, 1.7196181596626953e-05, 0.9998968229104203 0.00010317708957976173, 
26, 000000, 000000, 1.656014829942335e-05, 1.656014829942335e-05, 0.9999006391102033 9.936088979654013e-05, 
27, 000000, 000000, 1.9139500377130736e-05, 1.9139500377130736e-05, 0.9998851629977372 0.00011483700226278443, 
28, 000000, 000000, 1.5987718905748887e-05, 1.5987718905748887e-05, 0.9999040736865654 9.592631343449331e-05, 
29, 000000, 000000, 1.6917249298186614e-05, 1.6917249298186614e-05, 0.9998984965042109 0.0001015034957891197, 
30, 000000, 000000, 1.76269119212602e-05, 1.76269119212602e-05, 0.9998942385284725 0.00010576147152756118, 
31, 000000, 000000, 1.7570781356935055e-05, 1.7570781356935055e-05, 0.9998945753118584 0.00010542468814161034, 
32, 000000, 000000, 1.615022043057909e-05, 1.615022043057909e-05, 0.9999030986774166 9.690132258347457e-05, 
33, 000000, 000000, 1.6817830047157427e-05, 1.6817830047157427e-05, 0.9998990930197171 0.00010090698028294457, 
34, 000000, 000000, 1.7015835333602825e-05, 1.7015835333602825e-05, 0.9998979049879984 0.00010209501200161696, 
35, 000000, 000000, 1.7432540145592084e-05, 1.7432540145592084e-05, 0.9998954047591265 0.00010459524087355252, 
36, 000000, 000000, 1.6597863133141587e-05, 1.6597863133141587e-05, 0.9999004128212012 9.958717879884953e-05, 
37, 000000, 000000, 1.593037596042275e-05, 1.593037596042275e-05, 0.9999044177442374 9.558225576253651e-05, 
38, 000000, 000000, 1.5815459084230422e-05, 1.5815459084230422e-05, 0.9999051072454945 9.489275450538255e-05, 
39, 000000, 000000, 1.7346156829688253e-05, 1.7346156829688253e-05, 0.9998959230590219 0.00010407694097812952, 
40, 000000, 000000, 1.8800148281297746e-05, 1.8800148281297746e-05, 0.9998871991103122 0.00011280088968778649, 
41, 000000, 000000, 1.741437734960881e-05, 1.741437734960881e-05, 0.9998955137359024 0.00010448626409765287, 
42, 000000, 000000, 1.624461440698249e-05, 1.624461440698249e-05, 0.9999025323135581 9.746768644189494e-05, 
43, 000000, 000000, 2.0207713816866924e-05, 2.0207713816866924e-05, 0.9998787537170988 0.00012124628290120157, 
44, 000000, 000000, 1.6195842359318054e-05, 1.6195842359318054e-05, 0.9999028249458441 9.717505415590833e-05, 
45, 000000, 000000, 1.8568492735179917e-05, 1.8568492735179917e-05, 0.999888589043589 0.0001114109564110795, 
46, 000000, 000000, 1.7356626095443605e-05, 1.7356626095443605e-05, 0.9998958602434272 0.00010413975657266164, 
47, 000000, 000000, 1.7791812784574382e-05, 1.7791812784574382e-05, 0.9998932491232926 0.00010675087670744628, 
48, 000000, 000000, 1.6523091723478382e-05, 1.6523091723478382e-05, 0.9999008614496591 9.91385503408703e-05, 
49, 000000, 000000, 1.814344799613757e-05, 1.814344799613757e-05, 0.9998911393120232 0.00010886068797682544, 
50, 000000, 000000, 1.8164234553268177e-05, 1.8164234553268177e-05, 0.9998910145926804 0.00010898540731960906, 
51, 000000, 000000, 1.8229311399943793e-05, 1.8229311399943793e-05, 0.9998906241316003 0.00010937586839966276, 
52, 000000, 000000, 1.671062473097452e-05, 1.671062473097452e-05, 0.9998997362516141 0.00010026374838584711, 
53, 000000, 000000, 1.6044266533167418e-05, 1.6044266533167418e-05, 0.9999037344008009 9.626559919900452e-05, 
54, 000000, 000000, 1.71172928155629e-05, 1.71172928155629e-05, 0.9998972962431066 0.00010270375689337738, 
55, 000000, 000000, 1.8241928588941482e-05, 1.8241928588941482e-05, 0.9998905484284664 0.0001094515715336489, 
56, 000000, 000000, 1.7636497944256966e-05, 1.7636497944256966e-05, 0.9998941810123345 0.00010581898766554181, 
57, 000000, 000000, 1.785634133039131e-05, 1.785634133039131e-05, 0.9998928619520178 0.00010713804798234785, 
58, 000000, 000000, 1.6812404516122358e-05, 1.6812404516122358e-05, 0.9998991255729033 0.00010087442709673417, 
59, 000000, 000000, 1.672899211618251e-05, 1.672899211618251e-05, 0.9998996260473029 0.00010037395269709505, 
60, 000000, 000000, 1.728905042354106e-05, 1.728905042354106e-05, 0.9998962656974588 0.00010373430254124636, 
61, 000000, 000000, 1.8097487137563015e-05, 1.8097487137563015e-05, 0.9998914150771746 0.00010858492282537809, 
62, 000000, 000000, 1.686447109998484e-05, 1.686447109998484e-05, 0.9998988131734001 0.00010118682659990908, 
63, 000000, 000000, 1.6965492335038465e-05, 1.6965492335038465e-05, 0.9998982070459898 0.00010179295401023079, 
64, 000000, 000000, 1.6094649628584106e-05, 1.6094649628584106e-05, 0.9999034321022285 9.656789777150465e-05, 
65, 000000, 000000, 0.0016616658127810607, 0.0016616658127810607, 0.9949643664746349 0.00010127961156939078 0.0049343464762701015 7.437525590260823e-09, 
66, 000000, 000000, 1.7814119633121622e-05, 1.7814119633121622e-05, 0.9998931152822012 0.00010688471779872973, 
67, 000000, 000000, 1.5817513027208268e-05, 1.5817513027208268e-05, 0.9999050949218368 9.490507816324962e-05, 
68, 000000, 000000, 1.801237351455755e-05, 1.801237351455755e-05, 0.9998919257589126 0.0001080742410873453, 
69, 000000, 000000, 2.1304091263109342e-05, 2.1304091263109342e-05, 0.9998721754524214 0.00012782454757865604, 
70, 000000, 000000, 1.865451117399104e-05, 1.865451117399104e-05, 0.9998884524829625 0.000111167967031167 3.795500063896179e-07, 
71, 000000, 000000, 1.7991164875203304e-05, 1.7991164875203304e-05, 0.9998920530107488 0.00010794698925121984, 
72, 000000, 000000, 1.8127829437210417e-05, 1.8127829437210417e-05, 0.9998912330233768 0.00010876697662326251, 
73, 000000, 000000, 1.7301401453977523e-05, 1.7301401453977523e-05, 0.9998961915912761 0.00010380840872386513, 
74, 000000, 000000, 1.6838065509366714e-05, 1.6838065509366714e-05, 0.9998989716069439 0.0001010283930562003, 
75, 000000, 000000, 1.6680190890217566e-05, 1.6680190890217566e-05, 0.9998999188546587 0.0001000811453413054, 
76, 000000, 000000, 1.5329756443262214e-05, 1.5329756443262214e-05, 0.9999080214613405 9.19785386595733e-05, 
77, 000000, 000000, 1.7738913228486344e-05, 1.7738913228486344e-05, 0.9998935665206291 0.00010643347937091807, 
78, 000000, 000000, 1.9265439901898595e-05, 1.9265439901898595e-05, 0.9998844073605886 0.00011559263941139159, 
79, 000000, 000000, 1.674762018248601e-05, 1.674762018248601e-05, 0.9998995142789051 0.00010048572109491608, 
80, 000000, 000000, 1.7945968354388122e-05, 1.7945968354388122e-05, 0.9998923241898736 0.00010767581012632873, 
81, 000000, 000000, 1.680569005353091e-05, 1.680569005353091e-05, 0.9998991658596789 0.00010083414032118546, 
82, 000000, 000000, 1.7621658456299064e-05, 1.7621658456299064e-05, 0.9998942700492621 0.0001057299507377944, 
83, 000000, 000000, 1.4833890493700041e-05, 1.4833890493700041e-05, 0.9999109966570378 8.900334296220025e-05, 
84, 000000, 000000, 1.7238120445528453e-05, 1.7238120445528453e-05, 0.9998965712773269 0.0001034287226731707, 
85, 000000, 000000, 1.4916383922248411e-05, 1.4916383922248411e-05, 0.9999105016964664 8.949830353349047e-05, 
86, 000000, 000000, 1.9231178150388744e-05, 1.9231178150388744e-05, 0.9998846129310976 0.00011538706890233247, 
87, 000000, 000000, 1.6875233906127818e-05, 1.6875233906127818e-05, 0.9998987485965632 0.00010125140343676691, 
88, 000000, 000000, 1.9105359802501298e-05, 1.9105359802501298e-05, 0.9998853678411851 0.0001146321588150078, 
89, 000000, 000000, 1.7559274835115118e-05, 1.7559274835115118e-05, 0.9998946443509893 0.00010535564901069071, 
90, 000000, 000000, 1.6483148259517274e-05, 1.6483148259517274e-05, 0.999901101110443 9.889888955710367e-05, 
91, 000000, 000000, 1.625647298397023e-05, 1.625647298397023e-05, 0.9999024611620962 9.753883790382139e-05, 
92, 000000, 000000, 1.7109944278320705e-05, 1.7109944278320705e-05, 0.9998973403343301 0.00010265966566992423, 
93, 000000, 000000, 1.8899826849598152e-05, 1.8899826849598152e-05, 0.9998866010389025 0.00011339896109758891, 
94, 000000, 000000, 1.7502881613222082e-05, 1.7502881613222082e-05, 0.9998949827103207 0.0001050172896793325, 
95, 000000, 000000, 1.658982544545819e-05, 1.658982544545819e-05, 0.9999004610473273 9.953895267274917e-05, 
96, 000000, 000000, 1.8936800966841565e-05, 1.8936800966841565e-05, 0.999886379194199 0.0001136208058010494, 
97, 000000, 000000, 1.633465070178333e-05, 1.633465070178333e-05, 0.9999019920957892 9.800790421069998e-05, 
98, 000000, 000000, 1.64119132008249e-05, 1.64119132008249e-05, 0.9999015285207952 9.847147920494943e-05, 
99, 000000, 000000, 1.9286306404886355e-05, 1.9286306404886355e-05, 0.9998842821615707 0.00011571783842931811, 
100, 000000, 000000, 1.789606896842519e-05, 1.789606896842519e-05, 0.9998926235861894 0.00010737641381055116, 
run, initial grid state, final grid state, mean grid cell occupancy, mean binding site occupancy, fraction of time with N TFs bound, warning
1, 000000, 000000, 1.9267719064314982e-05, 1.9267719064314982e-05, 0.9998843936856141 0.00011560631438588988, 
2, 000000, 000000, 1.6262870205710785e-05, 1.6262870205710785e-05, 0.9999024227787657 9.757722123426473e-05, 
3, 000000, 000000, 1.709468455745528e-05, 1.709468455745528e-05, 0.9998974318926553 0.00010256810734473168, 
4, 000000, 000000, 1.4684894771597361e-05, 1.4684894771597361e-05, 0.9999118906313704 8.810936862958417e-05, 
5, 000000, 000000, 1.9865725148958317e-05, 1.9865725148958317e-05, 0.9998808056491063 0.00011919435089374991, 
6, 000000, 000000, 1.6137085750026788e-05, 1.6137085750026788e-05, 0.9999031774854998 9.682251450016074e-05, 
7, 000000, 000000, 1.5708359515702584e-05, 1.5708359515702584e-05, 0.9999057498429059 9.425015709421553e-05, 
8, 000000, 000000, 1.9137092297915882e-05, 1.9137092297915882e-05, 0.9998851774462125 0.0001148225537874953, 
9, 000000, 000000, 1.5863657870256684e-05, 1.5863657870256684e-05, 0.9999048180527784 9.51819472215401e-05, 
10, 000000, 000000, 1.765962038046272e-05, 1.765962038046272e-05, 0.9998940422777173 0.00010595772228277634, 
11, 000000, 000000, 1.4128183361086993e-05, 1.4128183361086993e-05, 0.9999152308998336 8.476910016652196e-05, 
12, 000000, 000000, 1.8252708478734813e-05, 1.8252708478734813e-05, 0.9998904837491276 0.00010951625087240887, 
13, 000000, 000000, 1.784046991214932e-05, 1.784046991214932e-05, 0.9998929571805272 0.00010704281947289592, 
14, 000000, 000000, 1.658633473670906e-05, 1.658633473670906e-05, 0.9999004819915798 9.951800842025438e-05, 
15, 000000, 000000, 1.7900229096878907e-05, 1.7900229096878907e-05, 0.9998925986254187 0.00010740137458127345, 
16, 000000, 000000, 1.5910009415233396e-05, 1.5910009415233396e-05, 0.9999045399435087 9.546005649140037e-05, 
17, 000000, 000000, 1.647362188443719e-05, 1.647362188443719e-05, 0.9999011582686934 9.884173130662313e-05, 
18, 000000, 000000, 1.963194683891292e-05, 1.963194683891292e-05, 0.9998822083189666 0.00011779168103347753, 
19, 000000, 000000, 1.4439509822003955e-05, 1.4439509822003955e-05, 0.9999134461099691 8.647072112984067e-05 8.31689010915302e-08, 
20, 000000, 000000, 1.7042224933276958e-05, 1.7042224933276958e-05, 0.9998977466504004 0.00010225334959966173, 
21, 000000, 000000, 1.9206464248368852e-05, 1.9206464248368852e-05, 0.9998847612145098 0.00011523878549021313, 
22, 000000, 000000, 1.6344870505251343e-05, 1.6344870505251343e-05, 0.9999019307769684 9.806922303150806e-05, 
23, 000000, 000000, 1.777368467428468e-05, 1.777368467428468e-05, 0.9998933578919542 0.00010664210804570808, 
24, 000000, 000000, 1.6856081716862416e-05, 1.6856081716862416e-05, 0.9998988635096988 0.0001011364903011745, 
25, 000000, 000000, 1.7828264256029144e-05, 1.7828264256029144e-05, 0.9998930304144638 0.00010696958553617487, 
26, 000000, 000000, 1.7471953029338314e-05, 1.7471953029338314e-05, 0.9998951682818239 0.00010483171817602988, 
27, 000000, 000000, 1.9718143976721025e-05, 1.9718143976721025e-05, 0.9998816911361397 0.00011830886386032615, 
28, 000000, 000000, 1.7899904873032297e-05, 1.7899904873032297e-05, 0.9998926005707618 0.0001073994292381938, 
29, 000000, 000000, 1.8922046865954222e-05, 1.8922046865954222e-05, 0.9998864677188043 0.00011353228119572535, 
30, 000000, 000000, 1.6546343508600136e-05, 1.6546343508600136e-05, 0.9999007219389484 9.927806105160081e-05, 
31, 000000, 000000, 1.8121628282508618e-05, 1.8121628282508618e-05, 0.999891270230305 0.00010872976969505171, 
32, 000000, 000000, 1.7916424865985342e-05, 1.7916424865985342e-05, 0.9998925014508041 0.00010749854919591207, 
33, 000000, 000000, 1.872098856461988e-05, 1.872098856461988e-05, 0.9998876740686123 0.00011232593138771929, 
34, 000000, 000000, 2.041429176596976e-05, 2.041429176596976e-05, 0.9998775142494042 0.00012248575059581858, 
35, 000000, 000000, 1.735583294009812e-05, 1.735583294009812e-05, 0.9998958650023594 0.00010413499764058871, 
36, 000000, 000000, 1.6671328946130087e-05, 1.6671328946130087e-05, 0.9998999720263233 0.00010002797367678052, 
37, 000000, 000000, 1.5780251601637295e-05, 1.5780251601637295e-05, 0.9999053184903902 9.468150960982377e-05, 
38, 000000, 000000, 1.5100637148733265e-05, 1.5100637148733265e-05, 0.9999093961771076 9.060382289239958e-05, 
39, 000000, 000000, 1.7325810390611043e-05, 1.7325810390611043e-05, 0.9998960451376563 0.00010395486234366627, 
40, 000000, 000000, 1.6504615675849868e-05, 1.6504615675849868e-05, 0.9999009723059449 9.902769405509921e-05, 
41, 000000, 000000, 1.726709746692019e-05, 1.726709746692019e-05, 0.9998963974151985 0.00010360258480152113, 
42, 000000, 000000, 1.7700333413368766e-05, 1.7700333413368766e-05, 0.9998937979995197 0.00010620200048021261, 
43, 000000, 000000, 1.670950782965654e-05, 1.670950782965654e-05, 0.9998997429530221 0.00010025704697793925, 
44, 000000, 000000, 1.5410502842246215e-05, 1.5410502842246215e-05, 0.9999075369829465 9.246301705347728e-05, 
45, 000000, 000000, 1.9909046192322793e-05, 1.9909046192322793e-05, 0.9998805457228461 0.00011945427715393676, 
46, 000000, 000000, 1.842744551222431e-05, 1.842744551222431e-05, 0.9998894353269266 0.00011056467307334587, 
47, 000000, 000000, 1.7122833174162796e-05, 1.7122833174162796e-05, 0.999897263000955 0.00010273699904497678, 
48, 000000, 000000, 1.6231868393949662e-05, 1.6231868393949662e-05, 0.9999026087896363 9.739121036369795e-05, 
49, 000000, 000000, 1.8397661658473755e-05, 1.8397661658473755e-05, 0.9998896140300492 0.00011038596995084257, 
50, 000000, 000000, 1.8327824965098515e-05, 1.8327824965098515e-05, 0.9998900330502094 0.00010996694979059109, 
51, 000000, 000000, 1.7533621335873112e-05, 1.7533621335873112e-05, 0.9998947982719848 0.00010520172801523867, 
52, 000000, 000000, 1.900384817839245e-05, 1.900384817839245e-05, 0.9998859769109296 0.0001140230890703547, 
53, 000000, 000000, 1.7961636778169517e-05, 1.7961636778169517e-05, 0.9998922301793309 0.0001077698206690171, 
54, 000000, 000000, 1.6601873422631294e-05, 1.6601873422631294e-05, 0.9999003887594642 9.961124053578779e-05, 
55, 000000, 000000, 2.0226140952743366e-05, 2.0226140952743366e-05, 0.9998786431542835 0.0001213568457164602, 
56, 000000, 000000, 1.82281519422485e-05, 1.82281519422485e-05, 0.9998906310883466 0.000109368911653491, 
57, 000000, 000000, 1.8610782152640276e-05, 1.8610782152640276e-05, 0.9998883353070841 0.00011166469291584165, 
58, 000000, 000000, 1.8720211351947452e-05, 1.8720211351947452e-05, 0.9998876787318882 0.0001123212681116847, 
59, 000000, 000000, 1.6100215925621457e-05, 1.6100215925621457e-05, 0.9999033987044462 9.660129555372875e-05, 
60, 000000, 000000, 1.9690940869613993e-05, 1.9690940869613993e-05, 0.9998818543547823 0.00011814564521768398, 
61, 000000, 000000, 1.8468632240764764e-05, 1.8468632240764764e-05, 0.9998891882065554 0.00011081179344458859, 
62, 000000, 000000, 2.028424242149639e-05, 2.028424242149639e-05, 0.999878294545471 0.00012170545452897835, 
63, 000000, 000000, 1.4912820844633266e-05, 1.4912820844633266e-05, 0.9999105230749322 8.94769250677996e-05, 
64, 000000, 000000, 1.542958470301632e-05, 1.542958470301632e-05, 0.9999074224917819 9.257750821809793e-05, 
65, 000000, 000000, 1.8005088732958072e-05, 1.8005088732958072e-05, 0.9998919694676024 0.00010803053239774845, 
66, 000000, 000000, 1.504731317225704e-05, 1.504731317225704e-05, 0.9999097161209665 9.028387903354223e-05, 
67, 000000, 000000, 1.6057473975829036e-05, 1.6057473975829036e-05, 0.999903655156145 9.634484385497423e-05, 
68, 000000, 000000, 1.717919907364373e-05, 1.717919907364373e-05, 0.9998969248055581 0.00010307519444186239, 
69, 000000, 000000, 1.650772207609422e-05, 1.650772207609422e-05, 0.9999009536675434 9.904633245656532e-05, 
70, 000000, 000000, 1.7734625646044304e-05, 1.7734625646044304e-05, 0.9998935922461237 0.00010640775387626584, 
71, 000000, 000000, 1.7906538733082668e-05, 1.7906538733082668e-05, 0.9998925607676015 0.00010743923239849601, 
72, 000000, 000000, 1.65587534234767e-05, 1.65587534234767e-05, 0.9999006474794591 9.93525205408602e-05, 
73, 000000, 000000, 1.611083307658706e-05, 1.611083307658706e-05, 0.9999033350015405 9.666499845952239e-05, 
74, 000000, 000000, 1.887737371357082e-05, 1.887737371357082e-05, 0.9998867357577186 0.00011326424228142491, 
75, 000000, 000000, 1.7529999877340976e-05, 1.7529999877340976e-05, 0.999894820000736 0.00010517999926404589, 
76, 000000, 000000, 1.8031961090348562e-05, 1.8031961090348562e-05, 0.9998918082334579 0.00010819176654209138, 
77, 000000, 000000, 1.6503247425612206e-05, 1.6503247425612206e-05, 0.9999009805154463 9.901948455367325e-05, 
78, 000000, 000000, 1.8697699367604733e-05, 1.8697699367604733e-05, 0.9998878138037943 0.0001121861962056284, 
79, 000000, 000000, 1.7386112407032022e-05, 1.7386112407032022e-05, 0.9998956833255578 0.00010431667444219213, 
80, 000000, 000000, 1.6319996713501702e-05, 1.6319996713501702e-05, 0.999902080019719 9.791998028101021e-05, 
81, 000000, 000000, 1.870157347268629e-05, 1.870157347268629e-05, 0.9998877905591639 0.00011220944083611773, 
82, 000000, 000000, 1.751732264561963e-05, 1.751732264561963e-05, 0.9998948960641263 0.00010510393587371777, 
83, 000000, 000000, 1.8343302314007016e-05, 1.8343302314007016e-05, 0.999889940186116 0.00011005981388404211, 
84, 000000, 000000, 1.6567837412814414e-05, 1.6567837412814414e-05, 0.9999005929755231 9.940702447688649e-05, 
85, 000000, 000000, 1.630879367325957e-05, 1.630879367325957e-05, 0.9999021472379603 9.785276203955744e-05, 
86, 000000, 000000, 1.8153256816997353e-05, 1.8153256816997353e-05, 0.999891080459098 0.00010891954090198412, 
87, 000000, 000000, 1.9544377554760918e-05, 1.9544377554760918e-05, 0.9998827337346715 0.00011726626532856551, 
88, 000000, 000000, 1.746052693965135e-05, 1.746052693965135e-05, 0.9998952368383622 0.0001047631616379081, 
89, 000000, 000000, 1.6893530562632967e-05, 1.6893530562632967e-05, 0.9998986388166242 0.0001013611833757978, 
90, 000000, 000000, 1.7603611610283155e-05, 1.7603611610283155e-05, 0.9998943783303383 0.00010562166966169893, 
91, 000000, 000000, 1.7789884720376338e-05, 1.7789884720376338e-05, 0.9998932606916778 0.00010673930832225803, 
92, 000000, 000000, 1.5414582590861687e-05, 1.5414582590861687e-05, 0.9999075125044546 9.248749554517012e-05, 
93, 000000, 000000, 1.9714020200686912e-05, 1.9714020200686912e-05, 0.9998817158787958 0.00011828412120412147, 
94, 000000, 000000, 1.6001107224084525e-05, 1.6001107224084525e-05, 0.9999039933566556 9.600664334450715e-05, 
95, 000000, 000000, 1.7529186562660724e-05, 1.7529186562660724e-05, 0.999894824880624 0.00010517511937596435, 
96, 000000, 000000, 2.0021732938607898e-05, 2.0021732938607898e-05, 0.9998798696023683 0.00012013039763164738, 
97, 000000, 000000, 1.7511343455102275e-05, 1.7511343455102275e-05, 0.9998949319392694 0.00010506806073061367, 
98, 000000, 000000, 1.5574463512559776e-05, 1.5574463512559776e-05, 0.9999065532189245 9.344678107535865e-05, 
99, 000000, 000000, 1.6804379933932202e-05, 1.6804379933932202e-05, 0.9998991737203965 0.00010082627960359322, 
100, 000000, 000000, 1.744802513129558e-05, 1.744802513129558e-05, 0.9998953118492123 0.00010468815078777349, 
run, initial grid state, final grid state, mean grid cell occupancy, mean binding site occupancy, fraction of time with N TFs bound, warning
1, 000000, 000000, 1.5943170444351104e-05, 1.5943170444351104e-05, 0.9999043409773339 9.565902266610662e-05, 
2, 000000, 000000, 1.857551860769413e-05, 1.857551860769413e-05, 0.9998885468883538 0.00011145311164616478, 
3, 000000, 000000, 1.5980499961695355e-05, 1.5980499961695355e-05, 0.9999041170002299 9.58829997701721e-05, 
4, 000000, 000000, 1.8348877393122506e-05, 1.8348877393122506e-05, 0.9998899067356413 0.00011009326435873505, 
5, 000000, 000000, 1.7019975865292546e-05, 1.7019975865292546e-05, 0.9998978801448083 0.00010211985519175528, 
6, 000000, 000000, 1.758976620306793e-05, 1.758976620306793e-05, 0.9998944614027817 0.00010553859721840757, 
7, 000000, 000000, 1.8008230943233105e-05, 1.8008230943233105e-05, 0.9998919506143406 0.00010804938565939863, 
8, 000000, 000000, 1.9138531562478264e-05, 1.9138531562478264e-05, 0.9998851688106252 0.00011483118937486959, 
9, 000000, 000000, 2.00328006998791e-05, 2.00328006998791e-05, 0.9998798031958007 0.00012019680419927461, 
10, 000000, 000000, 1.8946527363263987e-05, 1.8946527363263987e-05, 0.9998863208358204 0.00011367916417958392, 
11, 000000, 000000, 1.769164040307004e-05, 1.769164040307004e-05, 0.9998938501575815 0.00010614984241842025, 
12, 000000, 000000, 1.7760268799686617e-05, 1.7760268799686617e-05, 0.9998934383872019 0.0001065616127981197, 
13, 000000, 000000, 1.4312621992329033e-05, 1.4312621992329033e-05, 0.999914124268046 8.587573195397421e-05, 
14, 000000, 000000, 1.647294171741439e-05, 1.647294171741439e-05, 0.9999011623496955 9.883765030448634e-05, 
15, 000000, 000000, 1.838132336065912e-05, 1.838132336065912e-05, 0.999889712059836 0.00011028794016395473, 
16, 000000, 000000, 1.875266203156384e-05, 1.875266203156384e-05, 0.9998874840278107 0.00011251597218938304, 
17, 000000, 000000, 1.6543835733238023e-05, 1.6543835733238023e-05, 0.9999007369856006 9.926301439942813e-05, 
18, 000000, 000000, 1.9268460142400615e-05, 1.9268460142400615e-05, 0.9998843892391456 0.00011561076085440369, 
19, 000000, 000000, 1.3231995088881147e-05, 1.3231995088881147e-05, 0.9999206080294667 7.939197053328687e-05, 
20, 000000, 000000, 1.7599518948527094e-05, 1.7599518948527094e-05, 0.9998944028863088 0.00010559711369116258, 
21, 000000, 000000, 1.5407470020084187e-05, 1.5407470020084187e-05, 0.9999075551798794 9.244482012050514e-05, 
22, 000000, 000000, 1.7728399525569634e-05, 1.7728399525569634e-05, 0.9998936296028466 0.00010637039715341779, 
23, 000000, 000000, 1.8401748193589643e-05, 1.8401748193589643e-05, 0.9998895895108384 0.00011041048916153786, 
24, 000000, 000000, 1.76720320875293e-05, 1.76720320875293e-05, 0.9998939678074749 0.00010603219252517579, 
25, 000000, 000000, 1.577752361261317e-05, 1.577752361261317e-05, 0.9999053348583244 9.466514167567903e-05, 
26, 000000, 000000, 1.7120538766029256e-05, 1.7120538766029256e-05, 0.9998972767674038 0.00010272323259617555, 
27, 000000, 000000, 1.6817286996961463e-05, 1.6817286996961463e-05, 0.9998990962780182 0.0001009037219817688, 
28, 000000, 000000, 1.8433572303376027e-05, 1.8433572303376027e-05, 0.9998893985661799 0.00011060143382025615, 
29, 000000, 000000, 1.7493997044787017e-05, 1.7493997044787017e-05, 0.9998950360177312 0.0001049639822687221, 
30, 000000, 000000, 1.6842328641993538e-05, 1.6842328641993538e-05, 0.999898946028148 0.00010105397185196123, 
31, 000000, 000000, 1.947626343847045e-05, 1.947626343847045e-05, 0.9998831424193692 0.00011685758063082271, 
32, 000000, 000000, 1.530297239146614e-05, 1.530297239146614e-05, 0.9999081821656512 9.181783434879682e-05, 
33, 000000, 000000, 1.8863386043916854e-05, 1.8863386043916854e-05, 0.9998868196837365 0.00011318031626350112, 
34, 000000, 000000, 1.5025327661675649e-05, 1.5025327661675649e-05, 0.9999098480340299 9.015196597005389e-05, 
35, 000000, 000000, 1.738536905203428e-05, 1.738536905203428e-05, 0.9998956877856878 0.0001043122143122057, 
36, 000000, 000000, 1.8823729352456705e-05, 1.8823729352456705e-05, 0.9998870576238854 0.00011294237611474024, 
37, 000000, 000000, 1.6911992474528218e-05, 1.6911992474528218e-05, 0.9998985280451528 0.00010147195484716931, 
38, 000000, 000000, 1.8704396974479495e-05, 1.8704396974479495e-05, 0.9998877736181531 0.00011222638184687699, 
39, 000000, 000000, 1.7480926850001427e-05, 1.7480926850001427e-05, 0.9998951144389 0.00010488556110000857, 
40, 000000, 000000, 1.8248117435621613e-05, 1.8248117435621613e-05, 0.9998905112953863 0.00010948870461372967, 
41, 000000, 000000, 1.6108008589723092e-05, 1.6108008589723092e-05, 0.9999033519484617 9.664805153833857e-05, 
42, 000000, 000000, 1.930115378673639e-05, 1.930115378673639e-05, 0.9998841930772796 0.00011580692272041834, 
43, 000000, 000000, 1.8101155223009053e-05, 1.8101155223009053e-05, 0.9998913930686619 0.00010860693133805434, 
44, 000000, 000000, 1.7558328657085962e-05, 1.7558328657085962e-05, 0.9998946500280574 0.00010534997194251577, 
45, 000000, 000000, 1.5727904911240084e-05, 1.5727904911240084e-05, 0.9999056481157547 9.433633902328442e-05 1.5545222078050886e-08, 
46, 000000, 000000, 1.7448257844276457e-05, 1.7448257844276457e-05, 0.9998953104529343 0.00010468954706565875, 
47, 000000, 000000, 1.7867884124494746e-05, 1.7867884124494746e-05, 0.9998927926952531 0.00010720730474696848, 
48, 000000, 000000, 1.8900812336920965e-05, 1.8900812336920965e-05, 0.9998865951259784 0.0001134048740215258, 
49, 000000, 000000, 1.8715600481398813e-05, 1.8715600481398813e-05, 0.9998877063971117 0.00011229360288839287, 
50, 000000, 000000, 1.9542528151802658e-05, 1.9542528151802658e-05, 0.9998827448310892 0.00011725516891081595, 
51, 000000, 000000, 1.913488127179436e-05, 1.913488127179436e-05, 0.9998851907123691 0.00011480928763076617, 
52, 000000, 000000, 1.838548536419942e-05, 1.838548536419942e-05, 0.9998896870878148 0.00011031291218519653, 
53, 000000, 000000, 1.677056755908297e-05, 1.677056755908297e-05, 0.9998993765946456 0.00010062340535449783, 
54, 000000, 000000, 1.7246683109891377e-05, 1.7246683109891377e-05, 0.9998965199013407 0.00010348009865934826, 
55, 000000, 000000, 1.7535418173283325e-05, 1.7535418173283325e-05, 0.9998947874909603 0.00010521250903969997, 
56, 000000, 000000, 1.7450470317832176e-05, 1.7450470317832176e-05, 0.999895297178093 0.00010470282190699307, 
57, 000000, 000000, 1.575594426197746e-05, 1.575594426197746e-05, 0.9999055168178014 9.443069882557993e-05 5.248337314242408e-08, 
58, 000000, 000000, 1.936572408007354e-05, 1.936572408007354e-05, 0.9998838056555195 0.00011619434448044125, 
59, 000000, 000000, 1.6660802482176748e-05, 1.6660802482176748e-05, 0.999900035185107 9.996481489306048e-05, 
60, 000000, 000000, 1.71708504382682e-05, 1.71708504382682e-05, 0.9998969748973705 0.00010302510262960922, 
61, 000000, 000000, 1.4733165288330275e-05, 1.4733165288330275e-05, 0.9999116010082701 8.839899172998165e-05, 
62, 000000, 000000, 1.583726660940308e-05, 1.583726660940308e-05, 0.9999049764003436 9.502359965641849e-05, 
63, 000000, 000000, 2.0986320652612056e-05, 2.0986320652612056e-05, 0.9998740820760843 0.00012591792391567234, 
64, 000000, 000000, 2.089316813357795e-05, 2.089316813357795e-05, 0.9998746409911986 0.0001253590088014677, 
65, 000000, 000000, 1.6840411832244798e-05, 1.6840411832244798e-05, 0.9998989575290065 0.0001010424709934688, 
66, 000000, 000000, 1.7392723281236717e-05, 1.7392723281236717e-05, 0.9998956436603126 0.00010435633968742031, 
67, 000000, 000000, 1.8798452622439002e-05, 1.8798452622439002e-05, 0.9998872092842653 0.000112790715734634, 
68, 000000, 000000, 1.6668738664807157e-05, 1.6668738664807157e-05, 0.9998999875680111 0.00010001243198884295, 
69, 000000, 000000, 1.621152354439007e-05, 1.621152354439007e-05, 0.9999027308587336 9.726914126634043e-05, 
70, 000000, 000000, 1.57302746393397e-05, 1.57302746393397e-05, 0.999905618352164 9.438164783603821e-05, 
71, 000000, 000000, 1.708882285896001e-05, 1.708882285896001e-05, 0.9998974670628462 0.00010253293715376007, 
72, 000000, 000000, 1.7210906717992856e-05, 1.7210906717992856e-05, 0.9998967345596921 0.00010326544030795715, 
73, 000000, 000000, 1.7184138387194092e-05, 1.7184138387194092e-05, 0.999896895169677 0.00010310483032316456, 
74, 000000, 000000, 2.042568912509004e-05, 2.042568912509004e-05, 0.9998774458652495 0.00012255413475054024, 
75, 000000, 000000, 1.5906277773154765e-05, 1.5906277773154765e-05, 0.9999045623333611 9.543766663892859e-05, 
76, 000000, 000000, 1.712804807577829e-05, 1.712804807577829e-05, 0.9998972317115453 0.00010276828845466974, 
77, 000000, 000000, 1.8638574066456877e-05, 1.8638574066456877e-05, 0.9998881685556014 0.00011183144439874127, 
78, 000000, 000000, 1.8213452108834115e-05, 1.8213452108834115e-05, 0.999890719287347 0.00010928071265300468, 
79, 000000, 000000, 1.6756278156173886e-05, 1.6756278156173886e-05, 0.9998994623310631 0.00010053766893704332, 
80, 000000, 000000, 1.9431893854442212e-05, 1.9431893854442212e-05, 0.9998834086368733 0.00011659136312665328, 
81, 000000, 000000, 1.5097281366212675e-05, 1.5097281366212675e-05, 0.9999094163118027 9.058368819727606e-05, 
82, 000000, 000000, 1.808791558992479e-05, 1.808791558992479e-05, 0.9998914725064605 0.00010852749353954877, 
83, 000000, 000000, 1.8644122428426605e-05, 1.8644122428426605e-05, 0.9998881352654295 0.00011186473457055964, 
84, 000000, 000000, 1.9578101349845706e-05, 1.9578101349845706e-05, 0.999882531391901 0.00011746860809907426, 
85, 000000, 000000, 1.9056138257458323e-05, 1.9056138257458323e-05, 0.9998856631704551 0.00011433682954474995, 
86, 000000, 000000, 1.77141610267612e-05, 1.77141610267612e-05, 0.9998937150338394 0.0001062849661605672, 
87, 000000, 000000, 2.0147369921164886e-05, 2.0147369921164886e-05, 0.999879115780473 0.00012088421952698932, 
88, 000000, 000000, 2.0049364896981423e-05, 2.0049364896981423e-05, 0.9998797038106181 0.00012029618938188855, 
89, 000000, 000000, 1.6753703627380882e-05, 1.6753703627380882e-05, 0.9998994777782357 0.00010052222176428528, 
90, 000000, 000000, 1.697769115079682e-05, 1.697769115079682e-05, 0.9998981338530951 0.00010186614690478092, 
91, 000000, 000000, 1.9803992550544406e-05, 1.9803992550544406e-05, 0.9998811760446967 0.00011882395530326645, 
92, 000000, 000000, 1.884129823585144e-05, 1.884129823585144e-05, 0.999886952210585 0.00011304778941510864, 
93, 000000, 000000, 1.4697217034111242e-05, 1.4697217034111242e-05, 0.9999118166977954 8.818330220466745e-05, 
94, 000000, 000000, 1.831703360704143e-05, 1.831703360704143e-05, 0.9998900977983578 0.00010990220164224859, 
95, 000000, 000000, 1.5394010083240024e-05, 1.5394010083240024e-05, 0.9999076359395005 9.236406049944016e-05, 
96, 000000, 000000, 1.6697738321340226e-05, 1.6697738321340226e-05, 0.999899813570072 0.00010018642992804136, 
97, 000000, 000000, 1.7775930419146105e-05, 1.7775930419146105e-05, 0.9998933444174851 0.00010665558251487663, 
98, 000000, 000000, 1.734814154997103e-05, 1.734814154997103e-05, 0.9998959111507001 0.00010408884929982621, 
99, 000000, 000000, 1.5553014476642543e-05, 1.5553014476642543e-05, 0.9999066819131401 9.331808685985526e-05, 
100, 000000, 000000, 1.7444342294399416e-05, 1.7444342294399416e-05, 0.9998953339462336 0.00010466605376639649, 
run, initial grid state, final grid state, mean grid cell occupancy, mean binding site occupancy, fraction of time with N TFs bound, warning
1, 000000, 000000, 1.9112348259704792e-05, 1.9112348259704792e-05, 0.9998853259104419 0.00011467408955822875, 
2, 000000, 000000, 1.9429405960461773e-05, 1.9429405960461773e-05, 0.9998834235642373 0.00011657643576277064, 
3, 000000, 000000, 1.8478104098454295e-05, 1.8478104098454295e-05, 0.9998891313754094 0.00011086862459072576, 
4, 000000, 000000, 1.8409506972218596e-05, 1.8409506972218596e-05, 0.9998895429581667 0.00011045704183331157, 
5, 000000, 000000, 2.1188678854720753e-05, 2.1188678854720753e-05, 0.9998728679268717 0.0001271320731283245, 
6, 000000, 000000, 1.980503271099091e-05, 1.980503271099091e-05, 0.9998811698037341 0.00011883019626594546, 
7, 000000, 000000, 1.691998893234058e-05, 1.691998893234058e-05, 0.9998984800664059 0.00010151993359404349, 
8, 000000, 000000, 1.5948383195665737e-05, 1.5948383195665737e-05, 0.999904309700826 9.569029917399442e-05, 
9, 000000, 000000, 1.538523129844188e-05, 1.538523129844188e-05, 0.9999076886122094 9.231138779065127e-05, 
10, 000000, 000000, 1.576526006867562e-05, 1.576526006867562e-05, 0.999905408439588 9.459156041205372e-05, 
11, 000000, 000000, 1.6337871037713795e-05, 1.6337871037713795e-05, 0.9999019727737737 9.802722622628279e-05, 
12, 000000, 000000, 1.4586307509889738e-05, 1.4586307509889738e-05, 0.9999124821549407 8.751784505933843e-05, 
13, 000000, 000000, 1.9753133315310203e-05, 1.9753133315310203e-05, 0.9998814812001082 0.00011851879989186124, 
14, 000000, 000000, 1.6413282775457554e-05, 1.6413282775457554e-05, 0.9999015203033473 9.847969665274533e-05, 
15, 000000, 000000, 1.8239440531867576e-05, 1.8239440531867576e-05, 0.9998905633568088 0.00010943664319120546, 
16, 000000, 000000, 1.7834973147805085e-05, 1.7834973147805085e-05, 0.9998929901611132 0.00010700983888683052, 
17, 000000, 000000, 1.7051962421686488e-05, 1.7051962421686488e-05, 0.9998976882254699 0.00010231177453011895, 
18, 000000, 000000, 1.900414033230698e-05, 1.900414033230698e-05, 0.9998859751580061 0.00011402484199384187, 
19, 000000, 000000, 1.689514464495489e-05, 1.689514464495489e-05, 0.9998986291321302 0.00010137086786972934, 
20, 000000, 000000, 1.463538832667982e-05, 1.463538832667982e-05, 0.9999121876700399 8.781232996007892e-05, 
21, 000000, 000000, 1.5505488235588482e-05, 1.5505488235588482e-05, 0.9999069670705865 9.303292941353089e-05, 
22, 000000, 000000, 1.762204167254217e-05, 1.762204167254217e-05, 0.9998942677499647 0.00010573225003525304, 
23, 000000, 000000, 1.7353760485774758e-05, 1.7353760485774758e-05, 0.9998958774370854 0.00010412256291464857, 
24, 000000, 000000, 1.8041603207205355e-05, 1.8041603207205355e-05, 0.9998917503807567 0.00010824961924323212, 
25, 000000, 000000, 1.6897786493265318e-05, 1.6897786493265318e-05, 0.9998986132810403 0.00010138671895959192, 
26, 000000, 000000, 1.657691808577904e-05, 1.657691808577904e-05, 0.9999005384914853 9.946150851467423e-05, 
27, 000000, 000000, 1.834189876371551e-05, 1.834189876371551e-05, 0.9998899486074178 0.00011005139258229306, 
28, 000000, 000000, 2.0062663155239193e-05, 2.0062663155239193e-05, 0.9998796240210687 0.00012037597893143515, 
29, 000000, 000000, 1.7746024047795882e-05, 1.7746024047795882e-05, 0.9998935238557133 0.00010647614428677528, 
30, 000000, 000000, 1.9563985975997237e-05, 1.9563985975997237e-05, 0.9998826160841441 0.00011738391585598343, 
31, 000000, 000000, 1.714128501676614e-05, 1.714128501676614e-05, 0.9998971522898994 0.00010284771010059685, 
32, 000000, 000000, 1.6269837830140077e-05, 1.6269837830140077e-05, 0.9999023809730192 9.761902698084046e-05, 
33, 000000, 000000, 1.9104230719218543e-05, 1.9104230719218543e-05, 0.9998853746156847 0.00011462538431531127, 
34, 000000, 000000, 1.6137967747566393e-05, 1.6137967747566393e-05, 0.9999031721935147 9.682780648539833e-05, 
35, 000000, 000000, 1.8017956632704374e-05, 1.8017956632704374e-05, 0.9998918922602038 0.00010810773979622626, 
36, 000000, 000000, 1.7069026706653482e-05, 1.7069026706653482e-05, 0.9998975858397601 0.0001024141602399209, 
37, 000000, 000000, 1.5253110952510806e-05, 1.5253110952510806e-05, 0.9999084813342849 9.151866571506485e-05, 
38, 000000, 000000, 1.7458273595440094e-05, 1.7458273595440094e-05, 0.9998952503584273 0.00010474964157264058, 
39, 000000, 000000, 1.684932465889461e-05, 1.684932465889461e-05, 0.9998989040520466 0.00010109594795336768, 
40, 000000, 000000, 1.9121221328687052e-05, 1.9121221328687052e-05, 0.9998852726720279 0.00011472732797212232, 
41, 000000, 000000, 1.8160151799766878e-05, 1.8160151799766878e-05, 0.9998910390892014 0.00010896091079860127, 
42, 000000, 000000, 1.4567943005725842e-05, 1.4567943005725842e-05, 0.9999125923419656 8.740765803435506e-05, 
43, 000000, 000000, 1.788682203280292e-05, 1.788682203280292e-05, 0.9998926790678032 0.00010732093219681752, 
44, 000000, 000000, 1.7297999823515684e-05, 1.7297999823515684e-05, 0.9998962120010589 0.00010378799894109411, 
45, 000000, 000000, 1.6534426479009346e-05, 1.6534426479009346e-05, 0.999900793441126 9.920655887405608e-05, 
46, 000000, 000000, 1.7640991066923983e-05, 1.7640991066923983e-05, 0.9998941540535985 0.0001058459464015439, 
47, 000000, 000000, 1.527287079392751e-05, 1.527287079392751e-05, 0.9999083627752364 9.163722476356506e-05, 
48, 000000, 000000, 1.805560602038764e-05, 1.805560602038764e-05, 0.9998916663638777 0.00010833363612232584, 
49, 000000, 000000, 0.000930232570917625, 0.000930232570917625, 0.9971647488315829 8.978270228215576e-05 0.002744792675181343 6.757909536361693e-07, 
50, 000000, 000000, 1.992626647723646e-05, 1.992626647723646e-05, 0.9998804424011366 0.00011955759886341878, 
51, 000000, 000000, 1.599289950785992e-05, 1.599289950785992e-05, 0.9999040426029527 9.595739704715952e-05, 
52, 000000, 000000, 1.8365282017775518e-05, 1.8365282017775518e-05, 0.9998898083078933 0.00011019169210665312, 
53, 000000, 000000, 1.7444320233022528e-05, 1.7444320233022528e-05, 0.9998953340786019 0.00010466592139813516, 
54, 000000, 000000, 1.91477512722608e-05, 1.91477512722608e-05, 0.9998851134923664 0.0001148865076335648, 
55, 000000, 000000, 1.5268145329752603e-05, 1.5268145329752603e-05, 0.9999083911280214 9.160887197851563e-05, 
56, 000000, 000000, 1.5940077278540277e-05, 1.5940077278540277e-05, 0.9999043595363287 9.564046367124166e-05, 
57, 000000, 000000, 1.775605005296331e-05, 1.775605005296331e-05, 0.9998934636996822 0.00010653630031777988, 
58, 000000, 000000, 1.8215401839596192e-05, 1.8215401839596192e-05, 0.9998907075889625 0.00010929241103757715, 
59, 000000, 000000, 1.77842748058435e-05, 1.77842748058435e-05, 0.9998932943511649 0.00010670564883506101, 
60, 000000, 000000, 1.4168628878773352e-05, 1.4168628878773352e-05, 0.9999149882267274 8.501177327264011e-05, 
61, 000000, 000000, 1.5363203292677328e-05, 1.5363203292677328e-05, 0.999907820780244 9.217921975606397e-05, 
62, 000000, 000000, 1.747487004245114e-05, 1.747487004245114e-05, 0.9998951507797453 0.00010484922025470683, 
63, 000000, 000000, 1.936168070388573e-05, 1.936168070388573e-05, 0.9998838299157768 0.00011617008422331439, 
64, 000000, 000000, 1.740579337605943e-05, 1.740579337605943e-05, 0.9998955652397437 0.00010443476025635658, 
65, 000000, 000000, 1.983993186309705e-05, 1.983993186309705e-05, 0.9998809604088215 0.00011903959117858231, 
66, 000000, 000000, 1.613158660105182e-05, 1.613158660105182e-05, 0.9999032104803938 9.678951960631091e-05, 
67, 000000, 000000, 1.7264960140960108e-05, 1.7264960140960108e-05, 0.9998964102391543 0.00010358976084576065, 
68, 000000, 000000, 1.6281512930370523e-05, 1.6281512930370523e-05, 0.9999023109224178 9.768907758222315e-05, 
69, 000000, 000000, 1.808418136530369e-05, 1.808418136530369e-05, 0.9998914949118082 0.00010850508819182216, 
70, 000000, 000000, 1.6879072192777722e-05, 1.6879072192777722e-05, 0.9998987255668433 0.00010127443315666633, 
71, 000000, 000000, 1.7332553294396677e-05, 1.7332553294396677e-05, 0.9998961283385084 0.00010374800321676101 1.2365827480951944e-07, 
72, 000000, 000000, 1.5229488074677655e-05, 1.5229488074677655e-05, 0.9999086230715519 9.137692844806593e-05, 
73, 000000, 000000, 1.8022917943146992e-05, 1.8022917943146992e-05, 0.9998918624923411 0.00010813750765888197, 
74, 000000, 000000, 1.7127989177479304e-05, 1.7127989177479304e-05, 0.999897232064935 0.00010276793506487582, 
75, 000000, 000000, 1.7949083622867047e-05, 1.7949083622867047e-05, 0.9998923054982627 0.00010769450173720228, 
76, 000000, 000000, 1.8950867117832425e-05, 1.8950867117832425e-05, 0.999886294797293 0.00011370520270699456, 
77, 000000, 000000, 1.738526213948851e-05, 1.738526213948851e-05, 0.999895688427163 0.00010431157283693107, 
78, 000000, 000000, 1.5214862626040508e-05, 1.5214862626040508e-05, 0.9999087108242438 9.128917575624304e-05, 
79, 000000, 000000, 1.7292128761494454e-05, 1.7292128761494454e-05, 0.9998962472274311 0.00010375277256896673, 
80, 000000, 000000, 1.7012813159452363e-05, 1.7012813159452363e-05, 0.9998979231210433 0.00010207687895671419, 
81, 000000, 000000, 1.866905187108746e-05, 1.866905187108746e-05, 0.9998879856887735 0.00011201431122652475, 
82, 000000, 000000, 1.6375379990407573e-05, 1.6375379990407573e-05, 0.9999017477200575 9.825227994244544e-05, 
83, 000000, 000000, 2.0706537010320904e-05, 2.0706537010320904e-05, 0.9998757607779382 0.0001242392220619254, 
84, 000000, 000000, 1.6861242812582778e-05, 1.6861242812582778e-05, 0.9998988325431245 0.00010116745687549667, 
85, 000000, 000000, 1.7482037382760332e-05, 1.7482037382760332e-05, 0.9998951077757035 0.00010489222429656201, 
86, 000000, 000000, 1.7378335006542925e-05, 1.7378335006542925e-05, 0.9998957299899608 0.00010427001003925754, 
87, 000000, 000000, 2.0227370995182232e-05, 2.0227370995182232e-05, 0.9998786357740289 0.00012136422597109338, 
88, 000000, 000000, 1.6271428857191737e-05, 1.6271428857191737e-05, 0.9999023714268569 9.762857314315042e-05, 
89, 000000, 000000, 1.898255867272214e-05, 1.898255867272214e-05, 0.9998861046479637 0.00011389535203633286, 
90, 000000, 000000, 1.697144057145904e-05, 1.697144057145904e-05, 0.9998981713565712 0.00010182864342875422, 
91, 000000, 000000, 1.606648480410998e-05, 1.606648480410998e-05, 0.9999036010911754 9.639890882465988e-05, 
92, 000000, 000000, 1.6798423405212483e-05, 1.6798423405212483e-05, 0.9998992094595688 0.00010079054043127489, 
93, 000000, 000000, 1.7388658739074424e-05, 1.7388658739074424e-05, 0.9998956680475656 0.00010433195243444655, 
94, 000000, 000000, 1.8584119517882408e-05, 1.8584119517882408e-05, 0.9998884952828928 0.00011150471710729445, 
95, 000000, 000000, 1.8146386045047948e-05, 1.8146386045047948e-05, 0.9998911216837297 0.0001088783162702877, 
96, 000000, 000000, 1.8529726835372042e-05, 1.8529726835372042e-05, 0.9998888216389877 0.00011117836101223226, 
97, 000000, 000000, 1.6252603574467322e-05, 1.6252603574467322e-05, 0.9999024843785532 9.75156214468039e-05, 
98, 000000, 000000, 1.7681815702591222e-05, 1.7681815702591222e-05, 0.9998939091057845 0.00010609089421554733, 
99, 000000, 000000, 1.6746832841302798e-05, 1.6746832841302798e-05, 0.9998995190029523 0.00010048099704781679, 
100, 000000, 000000, 1.717758423930581e-05, 1.717758423930581e-05, 0.9998969344945642 0.00010306550543583484, 
