run, initial grid state, final grid state, mean grid cell occupancy, mean binding site occupancy, fraction of time with N TFs bound, warning
1, 0011111100, 0011111100, 0.5869058475082747, 0.9777618788494591, 0.0 0.0 0.0 0.0009636504177190575 0.013540760872003154 0.10345625390608176 0.882039334804196, 
2, 0011111100, 0011111100, 0.5854225272070391, 0.9753008619172332, 0.0 0.0 0.0 0.0019492996728875237 0.011590716836759385 0.11916549580441922 0.8672944876859339, 
3, 0011111100, 0011111100, 0.5879654950082719, 0.9795440424812237, 0.0 0.0 0.0 0.001060333466652433 0.009437501535265137 0.10067974164217018 0.8888224233559122, 
4, 0011111100, 0011111100, 0.5885596600314543, 0.9805358316474101, 0.0 0.0 0.0 0.00021639184859795227 0.0040106524297501105 0.10811452971024499 0.887658426011407, 
5, 0011111100, 0011111100, 0.585821622729294, 0.9759651582591415, 0.0 0.0 0.0 0.0003314679195589678 0.016843876180654534 0.1095268943251648 0.8732977615746217, 
6, 0001111100, 0011111100, 0.5886053551148126, 0.9806045581445371, 0.0 0.0 0.0 0.0 0.005207662923995277 0.10595732528478771 0.888835011791217, 
7, 0011111100, 0011111100, 0.5878677678108813, 0.9793834927133952, 0.0 0.0 0.0002976625029389063 0.0006854241584811181 0.006444401907785201 0.10756331741685994 0.8850091940139349, 
8, 0011111100, 0011111100, 0.5877380336802852, 0.9791732812481161, 0.0 0.0 0.0 0.000779223821980499 0.010316833720247056 0.10198897360486817 0.8869149688529042, 
9, 0011111100, 0000111100, 0.5872302731326204, 0.9783263036757898, 0.0 0.0 0.0 0.0014025053803666998 0.010477718837246113 0.10487922412966952 0.8832405516527176, 
10, 0001111100, 0011111000, 0.5865878389985848, 0.9772442995966234, 0.0 0.0 0.0 0.0018709074382103153 0.01603316298597996 0.09885515413366976 0.88324077544214, 
11, 0011111100, 0011111100, 0.5864933541593798, 0.977096242977854, 0.0 0.0 0.0002089496687978222 0.001081980446309206 0.010993818510791233 0.11135316509717423 0.8763620862769276, 
12, 0011111100, 0011111100, 0.5874843206060456, 0.9787291156856701, 0.0 0.0 0.00022847357170581816 0.00025193857807375136 0.008280884801286173 0.10939382626236305 0.8818448767865711, 
13, 0011111100, 0011111100, 0.5879102338765706, 0.9794594104579726, 0.0 0.0 0.0 0.00029910585004289944 0.007412660473155024 0.10752089875572542 0.8847673349210766, 
14, 0000111100, 0011111100, 0.5865471698388729, 0.9771763614290482, 0.0 0.0 0.0 0.002079064995922276 0.012552975547351233 0.1055986853432416 0.8797692741134849, 
15, 0011011100, 0011111100, 0.5866560846099257, 0.9773650661408071, 0.0 0.0 4.6811615105924145e-05 0.0007770651227556239 0.011037561827618123 0.11121603767123064 0.8769225237632896, 
16, 0011111100, 0011111100, 0.5896543219974297, 0.9823519916118565, 0.0 0.0 0.00011666937980754033 0.0009815349278682753 0.006054340670398729 0.09036808668522857 0.9024793683366968, 
17, 0011111100, 0011111100, 0.5874529973251108, 0.9786925282897092, 0.0 0.0 0.0 0.0003368951289412805 0.010355247076825147 0.10612365072127057 0.883184207072963, 
18, 0011111100, 0011111100, 0.5860115227394979, 0.9762903978760528, 0.0 0.0 0.0006828592026596977 0.001212737252131757 0.009726751073934413 0.11643446202878077 0.8719431904424935, 
19, 0011111100, 0011111100, 0.5867438677907076, 0.9774974896957728, 0.0 0.0 0.0 0.0004806361774693748 0.01287843191876583 0.10781628945542321 0.8788246424483415, 
20, 0011111100, 0011111100, 0.5875403787072044, 0.978833909742685, 0.0 0.0 0.0 0.0019132112358891961 0.009699082424712686 0.10185874298679723 0.886528963352601, 
21, 0011111100, 0011111100, 0.5886716655060197, 0.9807236971428287, 0.0 0.0 0.0 9.08863542438121e-05 0.007946008288377548 0.09949314150354124 0.8924699638538375, 
22, 0011111100, 0011111100, 0.5881253603846816, 0.9797833596962062, 0.0 0.0 0.0 5.1442257355394814e-05 0.008951257597168014 0.10324299985635968 0.887754300289117, 
23, 0011111100, 0011111100, 0.5872716194051852, 0.978389643292701, 0.0 0.0 0.00017610440010570343 0.001269585893845104 0.009157058640697446 0.10683484768044176 0.88256240338491, 
24, 0011111100, 0011111100, 0.5871931257790268, 0.9782474950058262, 0.0 0.0 0.0 0.0002618428892560551 0.0100502006200247 0.10962910005722618 0.8800588564334931, 
25, 0011111100, 0011111100, 0.5881605621895925, 0.9798771885195917, 0.0 0.0 0.0 9.473956100480896e-05 0.007040684889757505 0.10637128041992018 0.8864932951293175, 
26, 0001111100, 0011111100, 0.5880679508212174, 0.9797072020482273, 0.0002931922783545085 0.00014127941686800546 0.0003916628268919672 0.0003745943968030384 0.007908150959987485 0.10078450053821728 0.8901066195828777, 
27, 0011111000, 0011111100, 0.5877365204099863, 0.9791621545783629, 0.0 0.0 0.00011906140178714478 0.0016078879332241645 0.007079287019158301 0.10556858908468507 0.8856251745611453, 
28, 0011111100, 0011111100, 0.5882071461603079, 0.979956064519006, 0.0 0.0 0.0 0.0004995203806199346 0.009513730751845667 0.09973759024041295 0.8902491586271215, 
29, 0011110000, 0001111100, 0.5883741916826889, 0.9802172033280968, 0.0 0.0 0.0 8.658823410227185e-05 0.006428814033553841 0.10557938726200446 0.8879052104703394, 
30, 0011111100, 0011111100, 0.5869058680478415, 0.9777748266579622, 0.0 0.0 0.0006229216853640335 0.00107584610805344 0.009146768185080327 0.1093382786164493 0.879816185405053, 
31, 0011111000, 0011111100, 0.5862881760585298, 0.9767487555475319, 0.0 0.0 0.0 0.00114896501580139 0.008766489253717192 0.11852759315997043 0.871556952570511, 
32, 0011111100, 0011111100, 0.5876025558060121, 0.9789403397756787, 0.0 0.0 0.0 0.0 0.007372465102105331 0.11161303114171614 0.8810145037561786, 
33, 0001111100, 0011111100, 0.5874387061574373, 0.9786641916693058, 0.0 0.0 0.0 0.000877484680159404 0.005034795612288653 0.11531280471910872 0.8787749149884433, 
34, 0011111100, 0011111100, 0.5885465653190193, 0.9805030236647714, 0.0 0.0 0.0 0.00044132244591781067 0.007478186724213413 0.1007015172251922 0.8913789736046767, 
35, 0011111100, 0011111100, 0.5875290787358918, 0.9788008316209474, 0.0 0.0 0.0 0.0010136291366854451 0.011616964004179628 0.10092019485589994 0.886449212003235, 
36, 0001111100, 0011111100, 0.5871159952359248, 0.978120755677619, 0.0 0.0 0.00016889802091150054 0.0008663416099667264 0.009803731170418844 0.10839338667990235 0.8807676425188006, 
37, 0011111100, 0011111100, 0.5891064217900462, 0.9814373584305491, 0.0 0.0 0.0 0.0003534974729598136 0.004353974624704285 0.10160740774841788 0.8936851201539181, 
38, 0011111100, 0011111000, 0.5888088841462112, 0.980947218066631, 0.0 0.0 0.0 0.0009525807057430629 0.00611385107689927 0.0992312473291865 0.8937023208881711, 
39, 0011111100, 0001111100, 0.5883631307931604, 0.9802047246726883, 0.0 0.0 0.0 0.0006900561316240401 0.008011061010008227 0.10067936154898192 0.8906195213093858, 
40, 0011111000, 0011111100, 0.5902924264519578, 0.9834100701498466, 0.0 0.0 0.0 0.0007593049182027861 0.0069668869142688605 0.08332789051777495 0.9089459176497533, 
41, 0001111000, 0011111100, 0.5880749885542521, 0.9797124127241218, 0.0 0.0 0.0 0.0005316449901449679 0.007672072657538603 0.10478644336975808 0.8870098389825584, 
42, 0011111100, 0011111100, 0.5872948169789043, 0.9784130866475781, 0.0 0.0 0.0 0.00029883574084355627 0.008593540239776747 0.11143789241244775 0.8796697316069321, 
43, 0011111100, 0011111100, 0.5875673164265838, 0.9788691975549949, 0.0 0.0 0.00024841625499282563 0.0004097523897757416 0.011534452980109586 0.10149298652051325 0.8863143918546086, 
44, 0011111100, 0011111100, 0.5855863540129148, 0.9755908005931122, 0.0 0.0 0.0 0.0007795524829767289 0.014285002309446213 0.11554653437350465 0.8693889108340724, 
45, 0011111100, 0011111100, 0.5884265556615723, 0.9803189253310892, 0.0 0.0 0.0 0.000263149378300224 0.008484261887087015 0.10032847610438965 0.8909241126302231, 
46, 0011111100, 0011111100, 0.5876804059108308, 0.9790595733168405, 0.0 0.0 0.0 0.00032251675100071085 0.011292369758279613 0.10209027032939541 0.8862948431613242, 
47, 0011111100, 0011111100, 0.5860807735644413, 0.9763895526979738, 0.0 0.0 0.0 0.0002756933774423599 0.009972035518402159 0.1208915326430263 0.8688607384611291, 
48, 0011111100, 0011111100, 0.5881259485336938, 0.9798080440725957, 0.0 0.0 8.674676425025576e-05 0.0006605328574512401 0.010446291556968166 0.0979305668211349 0.8908758620001954, 
49, 0011111100, 0011111100, 0.5875998356662325, 0.97891593338743, 0.0 0.0 0.0 0.00027962245037578396 0.008555566393639346 0.10855439953701415 0.8826104116189707, 
50, 0011111100, 0011111100, 0.586380523309179, 0.9769002654573289, 0.0 0.0 0.00017365946299768628 0.0014778637700140474 0.0111948153350694 0.11108054742385545 0.8760731140080635, 
51, 0011111100, 0011111100, 0.5887691828226881, 0.9808698743989572, 0.0 0.0 0.0 0.0002565396912505371 0.009167820052058295 0.0956754944283884 0.8949001458283027, 
52, 0011111100, 0011111100, 0.5869176619951341, 0.9778034064815732, 0.0 0.0 0.0 0.0001471654058071545 0.010817779465379686 0.11110250596238062 0.8779325491664326, 
53, 0011111100, 0011111100, 0.5870954576405629, 0.9780878773139199, 0.0 0.0 0.0 0.0 0.013892694049324647 0.1036873480178315 0.882419957932844, 
54, 0011111100, 0011111100, 0.5885867653459759, 0.9805669104588225, 0.0 0.0 0.0 0.0002266081607542719 0.007281218582318204 0.10135627560016591 0.8911358976567617, 
55, 0011111100, 0011111100, 0.587454443747374, 0.9786894816446527, 0.0 0.0 0.0 0.00016840219848133267 0.011030250822623213 0.10529740189139361 0.8835039450875017, 
56, 0011111100, 0011111000, 0.5885622702759943, 0.9805333847398383, 0.0 0.0 0.0 0.00018065052772453852 0.006353248157605713 0.1035512436625842 0.8899148576520857, 
57, 0011111100, 0011111100, 0.5874693119967037, 0.9787194952120859, 0.0 0.0 0.0 0.0004948951350982221 0.010666129739185435 0.10486608384381886 0.8839728912818975, 
58, 0011111100, 0011111100, 0.5863914675092089, 0.9769211579351275, 0.0 0.0 0.00030956224977152685 0.0007499872200158663 0.010723773528219745 0.11353729467366203 0.8746793823283308, 
59, 0011111100, 0011111100, 0.5860088050130172, 0.9762841553079835, 0.0 0.0 0.0 0.0009214067783774363 0.010884593928173935 0.11776165996061874 0.8704323393328299, 
60, 0011111100, 0011111100, 0.5881508290859704, 0.9798605432519625, 0.0 0.0 0.0 0.00021306220280045552 0.009930983331932512 0.10033558721595869 0.8895203672493083, 
61, 0011111100, 0011111100, 0.5882190952243095, 0.9799547084607874, 0.0 0.0 0.0 0.0 0.008819256615139628 0.10263323600499626 0.8885475073798641, 
62, 0011111100, 0001111100, 0.5867627399877273, 0.9775280064224751, 0.0 0.0 0.0 8.361682917611939e-05 0.007858005063697998 0.11886510085022547 0.8731932772569004, 
63, 0011111100, 0001111100, 0.5858284746010074, 0.9759836241112195, 0.0 0.0 0.0 0.0013902292667105083 0.014594611141266981 0.11073834525001815 0.8732768143420043, 
64, 0011111100, 0011111100, 0.58785121554221, 0.9793640992665115, 0.0 0.0 0.0 0.001124811761838476 0.007691341329719111 0.1050582864559785 0.8861255604524639, 
65, 0011111100, 0011111100, 0.5880174533312892, 0.9796231671141111, 0.0 0.0 0.000343345681836378 0.0006651591123381115 0.009754104236092393 0.09938392877878864 0.8898534621909445, 
66, 0011111100, 0011111100, 0.5870252709463192, 0.9779786064773222, 0.0 0.0 0.0 0.0008828557277396746 0.010107011057587973 0.10926577183767187 0.8797443613770005, 
67, 0011111100, 0011111100, 0.5875911966608065, 0.9789134295175115, 0.0 0.0 0.0 0.00020058897166683559 0.010699445852267925 0.10451876427539464 0.8845812009006706, 
68, 0011111100, 0011111100, 0.5881805127096138, 0.9799108839513925, 0.0 0.0 0.0 9.15701357151213e-05 0.008367037699234364 0.10352591048603105 0.8880154816790194, 
69, 0011111100, 0001111100, 0.5863672183111023, 0.9768822930225876, 0.0 0.0 0.0 0.0007513231824511856 0.009135532202712963 0.11818120791169431 0.8719319367031415, 
70, 0011111100, 0011111000, 0.5878467009899607, 0.9793485050407181, 0.0 0.0 0.0 0.0015043275761270805 0.009658389192282797 0.10007920864274453 0.8887580745888456, 
71, 0011111100, 0011111100, 0.586591313036029, 0.9772469773976281, 0.0008393649941523869 0.00027091007217339104 0.00019849247946841374 0.0016543709085852616 0.009714682639462804 0.10494094736589457 0.8823812315402632, 
72, 0011111100, 0001111100, 0.5891191831122878, 0.9814688856763363, 0.0 0.0 0.0 0.00024228553530150932 0.006736926125029367 0.09698597708601905 0.89603481125365, 
73, 0011111100, 0011111100, 0.5884535840527264, 0.9803458244401981, 0.0 0.0 0.0 0.0009850522830456778 0.0075252513747188846 0.09991939376023563 0.8915703025819998, 
74, 0011111100, 0011111100, 0.5886451576950301, 0.9806568314595737, 0.0 0.0 0.0 0.00024000719649070073 0.004335928333234187 0.10666713298661742 0.8887569314836576, 
75, 0011111100, 0011111100, 0.5886193552176687, 0.9806379961735773, 0.0 0.0 0.0 0.0005548723391081038 0.007718606577745711 0.09907019278572061 0.8926563282974256, 
76, 0011111100, 0011111000, 0.5862011868790609, 0.9766061564728497, 0.0 0.0 0.0 0.0012825938483086085 0.00926477153581426 0.11798573654634795 0.8714668980695293, 
77, 0011111100, 0011111100, 0.5884736664692164, 0.980382125349231, 0.0 0.0 0.0 0.0004863173878186373 0.007274272624763281 0.10169975049163134 0.8905396594957867, 
78, 0001111100, 0011111100, 0.5894615473839817, 0.9820332324133982, 0.0 0.0 0.0 9.37425506171726e-05 0.005134748934105279 0.09724987999954911 0.8975216285157285, 
79, 0011111100, 0011111100, 0.5871479289285539, 0.9781652342235089, 0.0 0.0 0.0 0.0008449205429907923 0.010057342800021365 0.10835914742993223 0.8807385892270556, 
80, 0011111100, 0011111100, 0.5869582487620337, 0.977865607622897, 0.0 0.0 0.0 0.0014477535984230927 0.012748281047934054 0.10296653137148028 0.8828374339821626, 
81, 0011111100, 0011111100, 0.5846796213576331, 0.9740756791050331, 0.0 0.0 0.00023573332076873095 0.0015721150408232777 0.01090561920482282 0.1280754085546108 0.8592111238789744, 
82, 0011111100, 0011111100, 0.587619840255049, 0.9789582567811067, 0.0 0.0 0.0 2.6797609787526583e-05 0.009269171416540937 0.10763172365091639 0.8830723073227551, 
83, 0011111100, 0011111000, 0.5876848765121784, 0.9790723531770584, 0.0 0.0 0.0 0.0006873509060071585 0.010229630613290212 0.10304456699304758 0.886038451487655, 
84, 0011111100, 0011111100, 0.5871909185967893, 0.9782438330806652, 0.0 0.0 0.0 0.000821954936691409 0.007191263177173151 0.11368861035158863 0.8782981715345468, 
85, 0011111100, 0011111000, 0.5874129347289462, 0.9786171982281769, 0.0 0.0 0.0 0.0 0.006595679580180508 0.11510545147057728 0.8782988689492423, 
86, 0011111100, 0011111100, 0.5862618989904073, 0.9767032372218871, 0.0 0.0 0.0 0.0007701413126675642 0.011352745010582803 0.11476466270950912 0.8731124509672404, 
87, 0011111100, 0011111100, 0.5868095176805396, 0.9776122933463155, 0.0 0.0 0.0002712464888138714 0.0019667820036385667 0.006870194909633483 0.11360051813666891 0.8772912584612451, 
88, 0011111100, 0011111100, 0.5866537545421325, 0.9773565134947295, 0.0 0.0 0.0 0.00138840489032409 0.009179753262471942 0.11333619783570642 0.8760956440114975, 
89, 0011111100, 0011111100, 0.5871446111324103, 0.9781720168443565, 0.0 0.0 2.521545187322866e-05 0.0010585054733704667 0.0106375666894475 0.10641638732736179 0.8818623250579469, 
90, 0011111100, 0011111100, 0.5858174831845918, 0.9759594100949062, 0.0 0.0 0.0 0.0014744246061364809 0.009216478207668032 0.12138730919681763 0.8679217879893778, 
91, 0011111100, 0011111100, 0.5848253987679427, 0.9743143720188706, 0.0 0.0 0.00019290995065927502 0.0009457847468463862 0.014987642149491994 0.12052948954461641 0.863344173608386, 
92, 0011111100, 0011111100, 0.585531674766918, 0.9754980537327375, 0.0 0.0 0.0 0.00047992879710628865 0.01060625626229189 0.12435937868767283 0.8645544362529289, 
93, 0011111100, 0011111100, 0.5878636273181735, 0.9793780507528246, 0.0 0.0 0.0 0.00023793713486302463 0.007340764909742903 0.10833635425897804 0.8840849436964161, 
94, 0011111100, 0011111000, 0.5858224817782265, 0.9759852899043812, 0.0 0.0 9.391624571062269e-05 0.0005199700986157712 0.011181188147483336 0.11979030900005586 0.8684146165081343, 
95, 0011111100, 0011111100, 0.5889330751695961, 0.9811532025536572, 0.0 0.0 0.0 0.0 0.006129817616660826 0.10082114944473436 0.8930490329386048, 
96, 0011111100, 0011111100, 0.587719970212237, 0.979143697147787, 0.0 0.0 0.0 0.0004979158878726618 0.008470484377944879 0.1067031006937697 0.8843284990404128, 
97, 0011111100, 0011111100, 0.5870873846334203, 0.9780771634397969, 0.0 0.0 0.0 0.0007587105737083298 0.008225235923834052 0.11281041579242568 0.878205637710032, 
98, 0011111100, 0011111000, 0.5880798280107503, 0.979720654666739, 0.0 0.0 3.327613054729643e-05 0.0009642062748628712 0.007046625663762951 0.10455709732526239 0.8873987946055645, 
99, 0011111100, 0011111100, 0.587555083379032, 0.9788565629726529, 0.0 0.0 0.0 0.00023714508187024362 0.008131097574791007 0.10988699176888962 0.8817447655744491, 
100, 0011111100, 0011111000, 0.5852229645000122, 0.97497055461918, 0.0 0.0 5.8352643275601514e-05 0.003919086808503496 0.01098472134795755 0.11621655859039119 0.8688212806098722, 
run, initial grid state, final grid state, mean grid cell occupancy, mean binding site occupancy, fraction of time with N TFs bound, warning
1, 0011111100, 0011111100, 0.5877709602520865, 0.9792006011134858, 0.0 0.0 0.0 0.0003610894968887028 0.00950172320590181 0.10470967841661515 0.8854275088805944, 
2, 0001111100, 0011111100, 0.5886555337461213, 0.9806912304044886, 0.0 0.0 2.8645659804344174e-05 0.0004518331132974794 0.006248225592986686 0.10188608440798486 0.8913852112259266, 
3, 0011111100, 0011111100, 0.5886273444409634, 0.9806477090447608, 0.0 0.0 0.0 4.304016195603779e-05 0.007586074189857666 0.10081247686585211 0.8915584087823343, 
4, 0011111100, 0011111100, 0.587982579103521, 0.9795596795958863, 0.0 0.0 0.0 0.0005240187551519416 0.006742971502264943 0.1075839231546964 0.8851490865878867, 
5, 0011111100, 0011111100, 0.5851737495766757, 0.9748942908069014, 0.0 0.0 0.0 0.0016840748603242776 0.012774482850046778 0.12003306487752576 0.8655083774121032, 
6, 0011111100, 0011111100, 0.5869579589986806, 0.9778659271071957, 0.0 0.0 0.0 0.000876504381520819 0.008038908485932413 0.11409710724039805 0.8769874798921488, 
7, 0011111100, 0011111100, 0.5870693096261292, 0.9780522129554515, 0.0 0.0 0.0 0.001132458999643269 0.010751098339887775 0.10678714858858573 0.8813292940718832, 
8, 0011111100, 0011111100, 0.58701945412885, 0.9779461834050357, 0.0 0.0 0.0 0.0007175367437598569 0.00920045151909662 0.1117693863003129 0.8783126254368306, 
9, 0011111100, 0011111100, 0.5879134246707718, 0.9794565014372699, 0.0 0.0 0.0 0.00013422545192115363 0.007470466871688433 0.10791738127723917 0.8844779263991512, 
10, 0011111000, 0011111100, 0.5870932278075199, 0.9780787659128269, 0.0 0.0 0.00016408802684982616 0.001688426114081797 0.008358709259274743 0.10908835555484457 0.8807004210449491, 
11, 0011111100, 0011111100, 0.5854295888585095, 0.975317110559902, 0.0 0.0 0.0 0.0017272414465557605 0.017371823116729704 0.10817196606746218 0.8727289693692523, 
12, 0011111100, 0011111100, 0.5882983421351857, 0.9800961202925125, 0.0 0.0 0.0 0.0005812278342149513 0.009968840610519164 0.09774191352124276 0.8917080180340231, 
13, 0011111100, 0011111100, 0.5855581216887071, 0.975532545343068, 0.0 0.0 0.0002497724775350661 0.0015789499567188604 0.01093032596149589 0.11920813623830323 0.868032815365947, 
14, 0001111100, 0011111100, 0.5878332341442126, 0.9793046851453874, 0.0 0.0 0.0 0.0009905687446725368 0.008584647233248515 0.10403088842716038 0.8863938955949185, 
15, 0011111100, 0011111100, 0.5886455025565119, 0.9806773755471229, 0.0 0.0 0.0 0.00048704599193588605 0.006725658789274143 0.10102329116290733 0.8917640040558825, 
16, 0011111100, 0011111100, 0.5862340811363586, 0.9766617233532048, 0.0 0.0 0.0002071302127919878 0.0009195132798751194 0.009573093134289404 0.11729641292139906 0.8720038504516444, 
17, 0011111100, 0011111100, 0.5865066797148699, 0.9770964609695101, 0.0 0.0 0.0 0.0016101026480355716 0.00983341681383274 0.11292409261116693 0.8756323879269647, 
18, 0011111100, 0011111100, 0.5871706796153721, 0.9782082469333927, 0.0 0.0 0.0 0.0013520615253653696 0.009524521146178919 0.10764529153119036 0.8814781257972654, 
19, 0011111100, 0011111000, 0.5885563084219855, 0.9805217501779014, 0.0 0.0 0.0001444600816401981 0.0024074634237744694 0.008790617879781143 0.09148803257514411 0.89716942603966, 
20, 0011111100, 0011111100, 0.5869489448448189, 0.9778373440259719, 0.0 0.0 0.0 0.0007774139094402392 0.010879942326387943 0.10888380946307262 0.8794588343010992, 
21, 0011111100, 0011111100, 0.5856562271568628, 0.9757006649645036, 0.0 0.0 0.0 0.00010420798144567579 0.013680517893488448 0.11812235048166429 0.8680929236434016, 
22, 0011111100, 0001111100, 0.5863945146568622, 0.9769237704964495, 0.0 0.0 0.0007516656073737712 0.002898078135181438 0.00928282794951752 0.10819082428722827 0.878876604020699, 
23, 0011111100, 0001111100, 0.58725876246135, 0.9783698590207925, 0.0 0.0 0.0 0.000910019474597715 0.009905598387113947 0.1072395906772231 0.8819447914610653, 
24, 0011111100, 0011111100, 0.5878149948839836, 0.9792836252070687, 0.0 0.0 0.0 0.0004590470571900549 0.007168422377367278 0.10858426283128289 0.8837882677341597, 
25, 0011111100, 0011111100, 0.5871157549840011, 0.9781169809141758, 0.0 0.0 0.0 0.0006641336209769191 0.009454938894627733 0.11039583586275971 0.8794850916216357, 
26, 0011111100, 0011111100, 0.5876434756904936, 0.9790038479865124, 0.0 0.0 0.0 0.0007785971809598874 0.006650731543578728 0.110339657450888 0.8822310138245735, 
27, 0011111100, 0011111100, 0.5876657032086506, 0.9790377432087586, 0.0 0.0 0.0 0.0007506813532402401 0.010704310992790926 0.1021128747021453 0.8864321329518235, 
28, 0011111100, 0011111100, 0.5888854110008747, 0.9810722224445383, 0.0 0.0 0.0 0.0004925831445625566 0.006571858511911591 0.09894519887525889 0.893990359468267, 
29, 0011111100, 0011111100, 0.5880791903464937, 0.9797247757669226, 0.0 0.0 0.0 0.0003243985755695899 0.008226253293308157 0.10422564308513983 0.8872237050459825, 
30, 0011111100, 0011111100, 0.5855952628556487, 0.9755900213095178, 0.0 0.0 0.0 0.0016171061694790635 0.011109800186422452 0.11938895326161159 0.867884140382487, 
31, 0011111100, 0011111100, 0.5883447019420174, 0.9801683383602595, 0.0 0.0 0.0 0.0008661612738752932 0.005637458436972174 0.10511656914287333 0.8883798111462792, 
32, 0011111100, 0011111100, 0.5893514849168509, 0.9818394794467968, 0.0 0.0 0.0 0.00021295397478841597 0.007744166310230464 0.0928359287743925 0.8992069509405887, 
33, 0011111100, 0011111100, 0.5865230974929428, 0.9771491835942553, 0.0001096323371140162 8.35581974697113e-05 0.00031934059750749947 0.0020548878202195676 0.008820720020261073 0.11094584753322446 0.8776660134942037, 
34, 0011111100, 0011111100, 0.5871360605658306, 0.9781538101606316, 0.0 0.0 0.0 0.0011255582543000862 0.01176749449856839 0.10416547527617236 0.8829414719709591, 
35, 0011111100, 0011111100, 0.5851956140743473, 0.9749238483614884, 0.0 0.0 0.0 0.0007642506549733024 0.012947152292291137 0.12226985328156799 0.8640187437711676, 
36, 0011111100, 0011111100, 0.5886710867512829, 0.9807269710906307, 0.0 0.0 6.320003166337718e-05 0.0012189396496897818 0.006134214104107139 0.09946012617227905 0.8931235200422606, 
37, 0011111100, 0011111100, 0.5867028338285308, 0.9774458995321821, 0.0 0.0 0.0 0.0008543447763377143 0.009820067286018795 0.11312143390585637 0.8762041540317872, 
38, 0011111000, 0011111100, 0.5883244860695401, 0.9801473552601163, 0.0 0.0 0.0 0.0005224279462349982 0.006226433556946681 0.10509571748670378 0.8881554210101145, 
39, 0011111100, 0011111100, 0.5882737536273527, 0.9800548819986933, 0.0 0.0 0.0 0.0003178222784649474 0.006902792453041223 0.10491165626636297 0.8878677290021308, 
40, 0011111100, 0011111100, 0.5870619689186234, 0.9780430233950249, 0.0 0.0 0.0 0.000667998756550153 0.00934444288216861 0.11104897759586287 0.8789385807654184, 
41, 0011111100, 0011111100, 0.5870903697386901, 0.9780957671443952, 0.0 0.0 0.0010686596098556972 0.0010839514972429687 0.007927957693057442 0.10804298881636201 0.881876442383482, 
42, 0001111100, 0011111100, 0.587045993072765, 0.9780102004127789, 0.0 0.0 0.00013249319926023482 0.0009299968882573075 0.010400813688453392 0.10781720668460748 0.8807194895394216, 
43, 0011111100, 0011111100, 0.5862988402164494, 0.9767674762509649, 0.0 0.0 0.0 0.0008196223608437038 0.010563122814727837 0.11581002978222273 0.8728072250422058, 
44, 0011111100, 0011111100, 0.5868176843475531, 0.977623882474077, 0.0 0.0 0.0 0.0011749191634167942 0.01168432255458511 0.1073633025561169 0.8797774557258813, 
45, 0011111100, 0011111100, 0.5865465429731515, 0.9771911487700644, 0.0 0.0 0.0 0.0007380234041979199 0.00960418005335862 0.11543067706030251 0.8742271194821409, 
46, 0011111000, 0011111100, 0.5870959794318699, 0.9780955537467046, 0.0 0.0 0.0 0.0003754520480075904 0.010209278802366667 0.10988176377101641 0.8795335053786093, 
47, 0011111100, 0011111000, 0.584781059579742, 0.9742399154652317, 0.0 0.0 0.0009088901750083196 0.0027050782165340013 0.013709375677628522 0.11539096050371671 0.8672856954271125, 
48, 0011111100, 0011111100, 0.5858859732427678, 0.976091987991912, 0.0 0.0 0.0 0.0017571524421540327 0.014782297106635566 0.10861202050879479 0.8748485299424157, 
49, 0001111100, 0011111100, 0.5876438047729818, 0.9790071516902088, 0.0 0.0 0.0 0.00029112694431341826 0.01169326566109392 0.10169717770361876 0.8863184296909739, 
50, 0011111100, 0011111100, 0.5885186126463777, 0.9804551143172333, 0.0 0.0 0.00017470193643931474 0.00028333901522054555 0.006833705603602993 0.1020530780979757 0.8906551753467614, 
51, 0011111100, 0011111100, 0.5867126187169365, 0.9774629214970207, 0.0 0.0 0.00017546071828910282 0.0004529771595974195 0.009841583863092163 0.11347852893974297 0.8760514493192783, 
52, 0011111100, 0011111100, 0.5861083051689987, 0.9764450942411949, 0.0 0.0 8.647441400278182e-05 0.0002348004671758697 0.013076763024229079 0.11412560944683434 0.8724763526477579, 
53, 0001111100, 0011111000, 0.5856743191967538, 0.9757117366776726, 0.0 0.0 0.0 0.00011002127380212147 0.008645016965378593 0.12810948218180038 0.8631354795790189, 
54, 0011111100, 0011111100, 0.5866509549161604, 0.9773548979726155, 0.0 0.0 0.0 3.915584770979625e-05 0.013013746636776216 0.10972565134762487 0.8772214461678891, 
55, 0011111100, 0011111100, 0.5872960234367984, 0.9784257130985347, 0.0 0.0 0.00037146650208691044 0.0005933346967937974 0.008163133653197752 0.10985358400366711 0.8810184811442544, 
56, 0011111100, 0011111100, 0.5860985627544396, 0.9764435286522716, 0.0 0.0 0.00030321081568967725 0.0005375869108371224 0.011097824218581766 0.11631757565393708 0.8717438024009544, 
57, 0011111100, 0011111100, 0.5870504857206708, 0.9780200031894757, 0.0 0.0 3.7639459474881486e-05 0.0007725497475336279 0.008246887055959187 0.112917999670728 0.8780249240663044, 
58, 0011111100, 0001111100, 0.5878619886503587, 0.9793758828371085, 0.0 0.0 0.0 0.001131234677043699 0.009697777594639278 0.10095544375693907 0.8882155439713779, 
59, 0011111100, 0011111100, 0.5864441872496002, 0.9770093353166102, 0.0 0.0 0.0 0.0005090376869784082 0.016501534011555737 0.10341380701629299 0.8795756212851729, 
60, 0011111100, 0011111100, 0.5864520670089489, 0.977018526779036, 0.0 0.0 0.0 0.001356856904852163 0.011401506128925785 0.11101525635337596 0.8762263806128461, 
61, 0011111100, 0011111100, 0.5841031865800318, 0.9731110785222205, 0.0 0.0 0.0004197501193598338 0.0016517691522252274 0.01412503728217981 0.12644914636820326 0.8573542970780318, 
62, 0011111100, 0011111100, 0.5873319377229017, 0.9784780234848455, 0.0 0.0 0.0 0.0007780336609673002 0.010043556089788923 0.10671064592844771 0.882467764320796, 
63, 0011111100, 0011111100, 0.5875820906199012, 0.9789018340453002, 0.0 0.0 0.0 0.0010021257750282683 0.010027370147951452 0.10352787810721231 0.885442625969808, 
64, 0011111100, 0011111100, 0.5880995627405535, 0.979765697212906, 0.0 0.0 0.0 0.0005880616583744081 0.009116452683245763 0.10140872638094957 0.8888867592774303, 
65, 0011111100, 0011111100, 0.5883564778580305, 0.9801923214355698, 0.0 0.0 0.0 0.0001348091813556637 0.008135264639403138 0.10217111456370716 0.889558811615534, 
66, 0001111100, 0011111100, 0.5866426772111951, 0.9773380483064372, 0.0 0.0 0.0 0.0011060261052249797 0.010883073737310662 0.11088748437108081 0.8771234157863835, 
67, 0011111100, 0011111100, 0.5856600923017824, 0.9757094932338424, 0.0 0.0 0.0 0.0016107102890534626 0.013428327303911063 0.11405425512196307 0.8709067072850724, 
68, 0011111100, 0011111100, 0.588962298208037, 0.9811954421444438, 0.0 0.0 0.0 0.0002622621454909869 0.00805365658374115 0.09593324752938265 0.8957508337413852, 
69, 0011111000, 0011111100, 0.5865181464067768, 0.9771288179077042, 0.0 0.0 0.00034531949415785924 0.0006793156520348503 0.015308720291859809 0.10319042703731893 0.8804762175246286, 
70, 0011111100, 0011111100, 0.5883424119867772, 0.9801678144559255, 0.0 0.0 8.99420779397374e-05 0.0003197232646272296 0.009511445635444702 0.09865128388791648 0.8914276051340717, 
71, 0011111100, 0011111100, 0.5879965855683457, 0.9796047302236058, 0.0003100854203990811 0.00010551104578886712 0.0002298963095467147 0.0008475231205363922 0.008382186843525902 0.0997570226201781 0.8903677746400248, 
72, 0011111100, 0011111100, 0.5882149117032259, 0.9799596690988172, 0.0 0.0 0.0 0.0010574541817791972 0.009603815737829676 0.09786199138610056 0.8914767386942906, 
73, 0011111100, 0011111100, 0.587087887352523, 0.9780778383718735, 0.0 0.0 0.0 0.00026224496403789234 0.008704804294593298 0.11333662628745876 0.8776963244539101, 
74, 0011111100, 0011111100, 0.5870642563823167, 0.9780459750443732, 0.0 0.0 0.0003272388962356817 0.000581816637895391 0.01212267971135045 0.1044243848124307 0.8825438799420877, 
75, 0011111100, 0011111100, 0.5867323014267455, 0.9774891551950483, 0.0 0.0 0.0 0.00039147900997990647 0.008855864612006045 0.11617890257575834 0.8745737538022557, 
76, 0011111100, 0001111100, 0.5872050990077159, 0.9782825096290435, 0.0 0.0 0.0 0.0006249519506788679 0.009943478728721993 0.1085431289162584 0.8808884404043408, 
77, 0001111100, 0011111100, 0.5877543662037088, 0.9791894781437982, 0.0 0.0 6.578515465957777e-05 0.0015362242530360675 0.005517291703212218 0.10895673435304044 0.8839239645360516, 
78, 0011111100, 0011111100, 0.5885301792726824, 0.980476158832606, 0.0 0.0 0.0 8.631102998312738e-05 0.008058835059505288 0.100766443795403 0.8910884101151086, 
79, 0011111100, 0001111100, 0.5880658035588802, 0.9797094509361014, 0.0 0.0 0.0 0.0009907814014284099 0.007098552379769519 0.10457384541956735 0.8873368207992347, 
80, 0011111100, 0011111100, 0.5866911327254968, 0.977409515377904, 0.0 0.0 0.0 0.0008845644191038608 0.008895265288209822 0.1150986838988439 0.8751214863938424, 
81, 0011111100, 0011111100, 0.5861253048493991, 0.9764655130740033, 0.0 0.0 0.00014395331649632678 0.001200561344333603 0.010432821372636928 0.11616378151172016 0.872058882454813, 
82, 0011111100, 0011111100, 0.5873182217061343, 0.9784461124622256, 0.0 0.0 0.0 0.000797379270004261 0.007089037302118603 0.11275311281239714 0.8793604706154801, 
83, 0011111100, 0011111100, 0.5849196443018257, 0.974461349921611, 0.0 0.0 0.0 0.0018304534944294179 0.014294735779890941 0.11915106842726361 0.864723742298416, 
84, 0011111100, 0011111100, 0.5878201878916363, 0.9793031252711132, 0.0 0.0 0.0 0.0 0.006798317048565851 0.11058461427618843 0.8826170686752458, 
85, 0011111000, 0011111100, 0.5869451422680325, 0.9778509715670554, 0.0 0.0 0.0 0.0011631414986659797 0.011355288655994724 0.10669416878967988 0.8807874010556593, 
86, 0011111100, 0011111100, 0.5872526452255689, 0.9783608593812022, 0.0 0.0 7.82484823791186e-05 0.0010088391801490954 0.012005483151046681 0.10248436594072978 0.8844230632456953, 
87, 0011111100, 0011111100, 0.5867899580933094, 0.9775786875418834, 0.0 0.0 0.0 0.0008700272575621377 0.009584131582886068 0.11274952981024117 0.8767963113493107, 
88, 0011111000, 0011111100, 0.5868614183266752, 0.9777024472366409, 0.0 0.0 0.0 0.0009300794925839133 0.009958945685559144 0.11107718673128458 0.8780337880905723, 
89, 0011111100, 0011111000, 0.5876612710312042, 0.9790395732925069, 0.0 0.0 0.0 0.0003629528725427318 0.009608691045465186 0.10545631953640061 0.8845720365455915, 
90, 0011111100, 0011111100, 0.5891532901906035, 0.9815279825555017, 0.0 0.0 0.0 0.00034657010565512233 0.007315057213891098 0.09516227992224247 0.8971760927582113, 
91, 0011111100, 0011111100, 0.5871436273041153, 0.9781649652129106, 0.0 0.0 0.0 0.0005634079007799568 0.009378132211902078 0.11056372059639215 0.8794947392909258, 
92, 0011111100, 0011111100, 0.5868495534470152, 0.9776966508083879, 0.0 0.0 0.0 0.00011827701612989106 0.010133542948539631 0.11319817820420489 0.8765500018311255, 
93, 0011111100, 0011111100, 0.5874170445248184, 0.9786273725549731, 0.0 0.0 0.00016044112491088252 0.00025773111371555496 0.010192973422580737 0.10643485998420944 0.8829539943545833, 
94, 0011111100, 0011111100, 0.5894317300896958, 0.9819847384174657, 0.0 0.0 0.0 0.00026468437788126014 0.0050250006396837495 0.09724751508219458 0.8974627999002404, 
95, 0011111100, 0011111100, 0.5872546865313296, 0.9783595612229745, 0.0 0.0 7.488734398944037e-05 0.001067903404830467 0.01073637703928021 0.1048666189931444 0.8832542132187555, 
96, 0011111100, 0011111100, 0.5876843385033141, 0.9790829303848303, 0.0 0.0 0.0 0.0002159649789751711 0.006212669738872638 0.11242918327634782 0.8811421820058044, 
97, 0011111100, 0011111100, 0.5874841163314832, 0.9787309118033204, 0.0 0.0 0.0 0.00024929209909825095 0.010577821388355274 0.1057110101060726 0.8834618764064739, 
98, 0011111100, 0011111100, 0.5883223638648531, 0.9801331269901471, 0.0 0.0 0.0 0.0009497893398477632 0.007787267673218028 0.10077733469313876 0.8904856082937954, 
99, 0011111100, 0011111100, 0.5872852124612734, 0.9784180374437512, 0.0 0.0 0.0 0.0005595107080226001 0.010130116022204202 0.10755301116901607 0.8817573621007571, 
100, 0011111100, 0011111100, 0.5865878351464403, 0.9772481642755764, 0.0 0.0 0.0 0.0011458364794631806 0.009169453330857696 0.11473459824643738 0.8749501119432418, 
run, initial grid state, final grid state, mean grid cell occupancy, mean binding site occupancy, fraction of time with N TFs bound, warning
1, 0011111100, 0011111100, 0.5867937737898425, 0.9775918651088656, 0.0 0.0 0.0 0.0005093866075749695 0.012243068298562665 0.10843451292695572 0.8788130321669066, 
2, 0011111100, 0011111100, 0.5866712887159637, 0.9773956074953992, 0.0 0.0 0.0 0.001517317793584778 0.012077471881081905 0.10691945788468601 0.8794857524406473, 
3, 0011111100, 0001111100, 0.5868442725504144, 0.9776703010795741, 0.0 0.0 9.43232323486748e-05 0.001016643115096972 0.012843176105469612 0.10486461903693052 0.8811812385101542, 
4, 0011111100, 0011111100, 0.5879468244732674, 0.9795008500970073, 0.0 0.0 0.0 0.0010258969640886866 0.007858991112322942 0.10419922630104546 0.886915885622543, 
5, 0011111100, 0011111100, 0.5865823166874498, 0.977232745608136, 0.0 0.0 0.0004561760884678789 0.0010970520186029268 0.013270350709823318 0.1049469645218572 0.8802294566612486, 
6, 0011111100, 0011111100, 0.5848563013685943, 0.9743572162006493, 0.0 0.0 0.0 0.0014899172439898477 0.017002178960331574 0.11538259314347184 0.8661253106522068, 
7, 0011111100, 0011111100, 0.5869772999328506, 0.9778910485627643, 0.0 0.0 0.0 0.0010602813528878348 0.009445821608034116 0.11058122134868276 0.8789126756903953, 
8, 0011111100, 0011111100, 0.5854505741703571, 0.9753532753090558, 0.0 0.0 0.00010097836222705386 0.000523482283668518 0.01336430721637405 0.11917737341300348 0.866833858724727, 
9, 0011111100, 0011111100, 0.5876205894537991, 0.9789615020428329, 0.0 0.0 0.0 0.00026662079416456676 0.008695294853333592 0.10804053565384185 0.88299754869866, 
10, 0011111100, 0011111100, 0.5868336001573863, 0.977651850133513, 0.0 0.0 0.0 0.0002673550999831585 0.013555077963261148 0.10617667797245045 0.8800008889643053, 
11, 0011111100, 0011111100, 0.5847283398055176, 0.9741486057876689, 0.0 0.0 0.0003648571533337093 0.0017441869091971926 0.01299284780626173 0.12243068032053656 0.8624674278106709, 
12, 0011111100, 0011111100, 0.5867562326377498, 0.9775270636907538, 0.0 0.0 0.0 0.0007669957113179422 0.010822751654299311 0.11089112741292421 0.8775191252214585, 
13, 0011111000, 0011111100, 0.5876604211431596, 0.979021210892639, 0.0 0.0 0.0001603650090618928 0.0007027408665060429 0.009343758011027211 0.10443553598634525 0.8853576001270597, 
14, 0011111100, 0011111100, 0.5879364532967422, 0.9794968975319238, 0.0 0.0 0.0 2.596487382996295e-05 0.010535595660095577 0.10186952886677604 0.8875689105992985, 
15, 0011111100, 0011111100, 0.584705724866155, 0.9741209819007138, 0.0 0.0 0.00014262840720381055 0.002013893354605493 0.01421939533352306 0.12022312423603927 0.8634009586686283, 
16, 0011111100, 0011111100, 0.5867572919165468, 0.9775262742983909, 0.0 0.0 0.0 0.0007306486313059783 0.009057945971290894 0.11453451637315476 0.8756768890242483, 
17, 0011111100, 0011111100, 0.5881613317786805, 0.9798642138242871, 0.0 0.0 0.0 0.0001477807403891427 0.0064806908516418 0.10740999312982534 0.8859615352781438, 
18, 0001111100, 0011111100, 0.5863860357091369, 0.976905042970726, 0.0 0.0 0.0 0.0005291411539459512 0.009617840981355472 0.11774663675109555 0.8721063811136031, 
19, 0011111100, 0011111100, 0.587474855431075, 0.9787253158978093, 0.0 0.0 0.0 0.0006660442811749094 0.008554385354592239 0.10854120106043481 0.882238369303798, 
20, 0011111100, 0001111100, 0.5880904701491059, 0.979755362820847, 0.0 0.0 0.0 0.00022959532493772958 0.007494780373385347 0.10578947635333408 0.8864861479483429, 
21, 0011111100, 0011111100, 0.5867288969104029, 0.9774967623379164, 0.0 0.0 0.0 0.0005810116804319051 0.014844485587821527 0.1035874197555635 0.8809870829761831, 
22, 0011111100, 0011111100, 0.588330659795311, 0.9801387485373696, 0.0 0.0 0.0 0.0004677965866163798 0.006376265562679265 0.10501158789057528 0.888144349960129, 
23, 0011111100, 0011111000, 0.5860888710061686, 0.9764224909426633, 0.0 0.0 0.0 0.0004453581607733489 0.014796271225344033 0.11053643741101145 0.8742219332028711, 
24, 0011111100, 0011111100, 0.5864694315192224, 0.9770451025580938, 0.0 0.0 0.0 0.0008651482915109324 0.008909535838610514 0.11731486809968321 0.8729104477701952, 
25, 0011111100, 0011111100, 0.5879288698240357, 0.9794753604483539, 0.0 0.0 6.44234855701242e-05 0.0015822740366995191 0.01041818389460327 0.09730695346829074 0.8906281651148363, 
26, 0011111000, 0011111100, 0.5870031023115003, 0.9779364432146966, 0.0 0.0 0.0 0.0008034161620199502 0.011696125422544631 0.10657884138067131 0.8809216170347642, 
27, 0011111100, 0011111100, 0.5889572317820871, 0.9811827802485529, 0.0 0.0 0.0 0.0007165352462527439 0.0070597154349851384 0.09663428189995539 0.8955894674188066, 
28, 0011111100, 0011111100, 0.587580665697088, 0.9788958157248285, 0.0 0.0 0.0 6.86333624218759e-05 0.011208866255042924 0.10400147305367624 0.8847210273288589, 
29, 0011111100, 0011111100, 0.5877819687537837, 0.9792444057842489, 0.0 0.0 0.0 0.0007642632364782265 0.01058806238801878 0.10106465080903455 0.8875830235664685, 
30, 0011111100, 0011111100, 0.5877620180520742, 0.9791951332634649, 0.0 0.0 0.0 0.0 0.007308214241145891 0.11021277193691933 0.8824790138219347, 
31, 0011111100, 0011111100, 0.5877068186359836, 0.9791074137659248, 0.0 0.0 0.0 0.0005036919797448033 0.010067429468996658 0.10370958252722433 0.8857192960240342, 
32, 0011111100, 0011111000, 0.5875224325954201, 0.9788037687579766, 0.0 0.0 0.0 3.420979620842706e-06 0.008224213631639303 0.11071869724999939 0.8810536681387404, 
33, 0011111100, 0011111100, 0.5884331888569504, 0.9803251012460992, 0.0 0.0 0.0 0.0 0.004925027453890384 0.10819933761562514 0.8868756349304845, 
34, 0011111100, 0011111100, 0.5882177239608186, 0.9799613168783899, 0.0 0.0 0.0 0.00014513070768855865 0.00890010134244351 0.10199650392170785 0.8889582640281601, 
35, 0011111100, 0011111100, 0.5869012592815059, 0.97777411592173, 0.0 0.0 0.0 0.0004024268787598042 0.010137197134028384 0.11187362956528392 0.8775867464219278, 
36, 0011111100, 0011111100, 0.5863094252869971, 0.9767955585919395, 0.0 0.0 0.0 0.0015167159726659455 0.011592109798998778 0.11149228093236681 0.8753988932959685, 
37, 0001111100, 0011111100, 0.5866957701072746, 0.9774280742925404, 0.0 0.0 0.0 0.000695901931338225 0.013600296670536787 0.10614325510966939 0.8795605462884556, 
38, 0000111100, 0011111100, 0.5879372277830411, 0.9795079010020443, 0.0 0.0 0.0 0.0006636248993199212 0.00971019047475338 0.10154133834026793 0.8880848462856588, 
39, 0011111100, 0011111100, 0.5878395004323693, 0.9793241247113019, 0.0 0.0 0.0 0.0010841322686150243 0.01005802497854226 0.10068680496925903 0.8881710377835837, 
40, 0011111000, 0011111100, 0.5882106207976763, 0.9799394689080818, 0.0 0.0 0.0 0.0005877200352662233 0.008962660550317806 0.10067470534507429 0.8897749140693416, 
41, 0011111100, 0011111100, 0.5869446370319177, 0.9778343958028479, 0.0 0.0 2.707718971241088e-05 0.0025361520010822084 0.009261849635618925 0.10675316114957868 0.8814217600240078, 
42, 0001111100, 0011111100, 0.587313459618419, 0.9784509486525077, 0.0 0.0 0.00016197672489245732 0.0012288404831769918 0.010885391371753577 0.10318909699234587 0.8845346944278312, 
43, 0011111100, 0011111100, 0.5876616907720006, 0.9790484280953279, 0.0 0.0 0.0 0.0010040383890400613 0.010718920160242165 0.10125947594042845 0.8870175655102893, 
44, 0011111100, 0011111100, 0.5863470081710764, 0.9768407264674523, 0.0 0.0 0.00011890019610439027 0.0005856337322259516 0.012689669311984843 0.11134380059022014 0.8752619961694648, 
45, 0011111100, 0011111100, 0.5881967172487066, 0.9799201414032704, 0.0 0.0 0.0 0.0008615042088212285 0.00850864563263704 0.10087734768863918 0.8897525024699025, 
46, 0011111100, 0011111100, 0.5889081160845926, 0.9811067960331676, 0.0 0.0 0.0 6.349159459715797e-05 0.009570772765220796 0.0940272034867615 0.8963385321534204, 
47, 0011111100, 0001111100, 0.5879163600842419, 0.9794654950836215, 0.0 0.0 0.0 0.00019220288838622113 0.006579984436154087 0.10947045196080459 0.8837573607146552, 
48, 0011111100, 0011111100, 0.5878395201291161, 0.9793296543885548, 0.0 0.0 0.0 0.00015819534974892933 0.00887076336276042 0.10580596089390384 0.8851650803935869, 
49, 0011111100, 0011111100, 0.5861492620175046, 0.976522911662712, 0.0 0.0 0.00036853056675752 0.0012702501974881828 0.01140152800102818 0.11277460116217657 0.8741850900725495, 
50, 0011111100, 0011111100, 0.5872762265700182, 0.9783816799614615, 0.0 0.0 0.0 0.0015934290433530863 0.007635323922888288 0.10965898525539527 0.8811122617783633, 
51, 0011111100, 0011111100, 0.5874562001602974, 0.9786873142666145, 0.0 0.0 0.0 0.0009874233331424848 0.010226262335699109 0.10446131972948702 0.8843249946016714, 
52, 0011111100, 0011111100, 0.5886075598039017, 0.9806163109336007, 0.0 0.0 0.0 0.0004671422772406396 0.009292296646206627 0.09631611427426036 0.8939244468022924, 
53, 0011111100, 0011111100, 0.586616778711817, 0.9772907995958671, 0.0 0.0 0.00014672684892018634 0.0016957554594328997 0.007282402431394662 0.11601622378802882 0.8748588914722234, 
54, 0011111100, 0011111100, 0.5873295493397591, 0.9784891870107736, 0.0 0.0 0.0 0.0006750757162817177 0.008960908151849193 0.10911783448281534 0.8812461816490537, 
55, 0011111100, 0011111100, 0.5878921209696203, 0.9794228397064838, 0.0 0.0 0.0 0.0005722956066870405 0.009822283081408301 0.10210150877821887 0.8875039125336859, 
56, 0011111100, 0011111100, 0.5867917916616715, 0.9775765478443297, 0.0 0.0 0.0002999353384127503 0.0011612769336056708 0.00955452663316227 0.11074808751322848 0.8782361735815908, 
57, 0011111100, 0011111000, 0.587180601173573, 0.9782384536128774, 0.0 0.0 0.00012117858772198357 0.0006923493210334436 0.012267460267416968 0.10347259547391283 0.8834464163499147, 
58, 0011111100, 0011111100, 0.5866301156091862, 0.9773310902149484, 0.0 0.0 0.0001975072483339196 0.0006056137229049205 0.011383759279174562 0.11063906998991095 0.8771740497596756, 
59, 0011111100, 0011111100, 0.5884831800502851, 0.9804012828900164, 0.0 0.0 0.0 0.0004080918830150649 0.01097352148853596 0.09442098403378495 0.894197402594664, 
60, 0011111100, 0011111100, 0.5877327788085314, 0.9791565055391042, 0.0 0.0 1.3280417945271444e-06 0.00023310536466303322 0.012986024930052993 0.09838428864410238 0.888395253019387, 
61, 0011111100, 0011111100, 0.5871352938852511, 0.9781577869776327, 0.0 0.0 0.0 0.0005527917128027053 0.0058534536288766415 0.11768799573804255 0.875905758920278, 
62, 0011111100, 0011111100, 0.5874950137244181, 0.9787442215413718, 0.0 0.0 0.0 0.0009114764558743861 0.008666071890742515 0.10746809760266086 0.8829543540507222, 
63, 0011111100, 0011111100, 0.5879337842555815, 0.9794980741002944, 0.0 0.0 0.0 9.906149973166129e-05 0.008043394488940887 0.10662758192115676 0.8852299620901707, 
64, 0011111100, 0011111100, 0.5876045903292882, 0.9789486681216981, 0.0 0.0 0.0001534405061705907 0.00037593547202958766 0.010024553727871388 0.10451731537329721 0.8849287549206313, 
65, 0011111100, 0011111100, 0.5873554068253181, 0.9785215525457096, 0.0 0.0 0.0 0.0006197922394629887 0.012507961875718633 0.1019953842559161 0.8848768616289023, 
66, 0011111100, 0011111100, 0.5877379006407493, 0.9791643076528845, 0.0 0.0 0.0 0.0007956218404243743 0.012067841247978989 0.09849160606546087 0.8886449308461357, 
67, 0011111100, 0011111100, 0.5843960961524907, 0.9735993750429719, 0.0 0.0 0.0 0.0013339928081639535 0.014557999215517835 0.12528577288664128 0.8588222350896769, 
68, 0001111100, 0011111100, 0.586867554166877, 0.9777241192597751, 0.0 0.0 0.0 0.0004148952471293863 0.011589190341298423 0.10923221801736459 0.8787636963942076, 
69, 0011111100, 0011111100, 0.5879563511928498, 0.9795293722877935, 0.0 0.0 0.0005030473735433816 0.0016476994952176296 0.009170392598074567 0.0975276930972641 0.8911511674359004, 
70, 0011111100, 0011111100, 0.5864019446111578, 0.9769337943369035, 0.0 0.0 0.0 0.0017804500485005582 0.011695021960792324 0.10966583991149262 0.8768586880792145, 
71, 0011111100, 0011111100, 0.5870459032498913, 0.9780098625163881, 0.0 0.0 0.0 0.0013018047795044807 0.01392308652539834 0.10018923751236176 0.8845858711827355, 
72, 0011111100, 0011111100, 0.5869071988944917, 0.9777734969365274, 0.0 0.0 2.4815437387199625e-05 0.0007063570041356767 0.010693991325998721 0.109752702966883 0.8788221332655954, 
73, 0011111100, 0011111100, 0.5870906767920565, 0.9780784923027832, 0.0 0.0 0.0 0.0002910600104065736 0.01238837209019394 0.10587912197169251 0.881441445927707, 
74, 0001111100, 0011111100, 0.5848672797305425, 0.9743793003287762, 0.0 0.0 0.0 0.002964031832453445 0.012552850613381723 0.11972640130321904 0.8647567162509459, 
75, 0011111100, 0011111100, 0.5895344856107345, 0.9821683519030142, 0.0 0.0 0.0 0.00042181633413641574 0.005030541159730507 0.09566335726004474 0.8988842852460883, 
76, 0011111100, 0011111100, 0.5856096849129384, 0.9756207270300398, 0.0 0.0 0.0 0.0 0.015679411238259017 0.11491681534324392 0.8694037734184971, 
77, 0011111100, 0011111100, 0.5848137342812988, 0.974299491742191, 0.0 0.0 0.0 0.0009167371427548215 0.01250452956659186 0.12644377898540635 0.860134954305247, 
78, 0001111100, 0011111100, 0.5876000886303381, 0.978937725892162, 0.0 0.0 0.0 0.0006417438566908949 0.007280073719785149 0.10988826563738563 0.8821899167861382, 
79, 0011111100, 0011111100, 0.5870905188896222, 0.978091335605927, 0.0 0.0 0.0 0.0004940019137746947 0.010267593678090613 0.10943479326693317 0.8798036111412014, 
80, 0011111100, 0011111100, 0.5884031096744345, 0.9802641989705085, 0.0 0.0 0.0 0.00046994487856486184 0.009796829556783284 0.09741131242768794 0.8923219131369639, 
81, 0001111100, 0011111100, 0.5884998301366238, 0.9804314638233413, 0.0 0.0 0.0 0.0002618739001502735 0.010380496629765703 0.09586460209996993 0.8934930273701142, 
82, 0011111100, 0011111100, 0.5880176750153093, 0.9796209356186226, 0.0 0.0 0.0 0.0006272638066695417 0.008416429940046362 0.10355973498816248 0.8873965712651215, 
83, 0011111000, 0001111100, 0.5867464955530735, 0.977519926877417, 0.0 0.0 0.0007190596615098771 0.0006269593872295391 0.01234833341341335 0.10542665510094389 0.8808789924369034, 
84, 0011111100, 0011111100, 0.5871310418512686, 0.9781546291060568, 0.0 0.0 0.0 0.0001596207243073554 0.008137213466352338 0.1143189362580325 0.8773842295513078, 
85, 0011111100, 0011111100, 0.5874271898654518, 0.9786307746624096, 0.0 0.0 3.381348567917233e-07 0.0017437202558235041 0.00821770735652275 0.10654742400559998 0.883490810247197, 
86, 0011111100, 0011111100, 0.5867480661770405, 0.9775121872138549, 0.0 0.0 0.0 0.0008703190331603799 0.010516655995824612 0.11128260762573966 0.8773304173452753, 
87, 0011111100, 0011111100, 0.5865182139221479, 0.9771135403319641, 0.0009965275582303318 0.00011704030364853994 7.75798479646728e-05 0.0018159546423230674 0.010810155779789929 0.10337589626218241 0.882806845605861, 
88, 0011111100, 0001111100, 0.5879772983547571, 0.979553747564521, 0.0 0.0 7.078766975062234e-05 0.00035528161866755706 0.0083710502757245 0.10458641852642087 0.8866164619094365, 
89, 0011111100, 0011111100, 0.5884251613514334, 0.9802972083914456, 0.0 0.0 0.0 0.0004974524796841169 0.0077304222318425354 0.10126354774858894 0.8905085775398843, 
90, 0011111100, 0011111100, 0.5872394307742635, 0.9783341341053429, 0.0 0.0 0.00016742318643910543 0.00043914420787873716 0.011942900884413807 0.10412226822972262 0.8833282634915458, 
91, 0011111000, 0011111100, 0.5882796010849758, 0.9800500486945015, 0.0 0.0 0.0 0.0008980696578506344 0.010555188760195849 0.0958951213390478 0.8926516202429057, 
92, 0011111100, 0011111000, 0.5852167130445807, 0.9749652763734087, 0.0 0.0 3.174035242901671e-05 0.0014694901473510725 0.011457441266329638 0.1227580273751204 0.8642833008587699, 
93, 0011111100, 0011111100, 0.5856328699559534, 0.9756646643801823, 0.0 0.0 0.0 0.0013422455079026945 0.013133293886319447 0.11571868942255847 0.8698057711832194, 
94, 0011111100, 0011111100, 0.5887064108811552, 0.9807716762477838, 0.0 0.0 0.0 0.00029760080186034947 0.00694067713035081 0.10059578584701458 0.8921659362207743, 
95, 0011111100, 0001111100, 0.5871210642210954, 0.9781314927072616, 0.0 0.0 0.0 0.0008309338184405507 0.014336004690940752 0.10004623291922699 0.8847868285713917, 
96, 0011111100, 0011111100, 0.5895111643693274, 0.9821125917311042, 0.0 0.0 0.0 0.0003532233382936318 0.007052593282324895 0.092159593033845 0.9004345903455364, 
97, 0011111100, 0011111100, 0.5862760580190504, 0.9767252425580096, 0.0 0.0 2.6516539581247736e-05 0.0006499425892917314 0.010246993738099619 0.11709866324954268 0.8719778838834847, 
98, 0011111100, 0011111100, 0.5884115996058259, 0.9802786195388971, 0.0 0.0 0.0 1.7090238061518893e-05 0.0033678815004845384 0.11154124905146459 0.8850737792099893, 
99, 0011111100, 0011111100, 0.5874257921417613, 0.9786495328469305, 0.0 0.0 0.0 4.761867542698269e-05 0.007885980897896714 0.11218798509634247 0.8798784153303338, 
100, 0011111100, 0011111100, 0.5873771964859611, 0.9785613468696138, 0.0 0.0 0.00010885885842255183 0.0005040018106320358 0.008791125026927273 0.10910222786287556 0.8814937864411426, 
run, initial grid state, final grid state, mean grid cell occupancy, mean binding site occupancy, fraction of time with N TFs bound, warning
1, 0011111100, 0011111100, 0.587799843163022, 0.97926106950611, 0.0 0.0 0.0 0.000126716624051446 0.008083627636613664 0.10788617781795852 0.8839034779213764, 
2, 0011111100, 0011111100, 0.5878374307127507, 0.97932058537336, 0.0 0.0 0.0 0.0 0.007984836274840193 0.10810681521015968 0.8839083485150001, 
3, 0011111100, 0011111100, 0.5889744041793179, 0.9812238683989551, 0.0 0.0 0.0 0.0011236722086019743 0.005127381937029858 0.0990310091064037 0.8947179367479645, 
4, 0011111100, 0011111000, 0.5876732756098051, 0.9790520392382465, 0.0 0.0 0.0 0.0015650524191415309 0.009232325140028337 0.10252795703303942 0.8866746654077907, 
5, 0011111100, 0011111100, 0.5859224411639284, 0.9761457748640884, 0.0 0.0 0.0 0.0003470162279218151 0.012269228815031806 0.11754584450164075 0.8698379104554056, 
6, 0011111100, 0011111100, 0.5874644961001666, 0.9787114721000673, 0.0 0.0 0.0 0.00041059646631227357 0.009902136160795064 0.10669510567906887 0.8829921616938237, 
7, 0011111100, 0011111100, 0.5865909351012699, 0.9772540416681189, 0.0 0.0 0.00020575352082581746 0.002190715672441873 0.010498173648952181 0.10808424159275348 0.8790211155650266, 
8, 0011111000, 0011111100, 0.5873733661063918, 0.9785513659061522, 0.0 0.0 0.0005600162338924691 0.0007187821395645822 0.010924046021270275 0.10244730116628357 0.8853498544389892, 
9, 0011111100, 0001111000, 0.588568748603737, 0.9805492858307414, 0.0 0.0 0.0 5.063217149331456e-05 0.007598168264062929 0.10135605197294617 0.8909951475914977, 
10, 0011111100, 0011111100, 0.5872107185178838, 0.9782799821166617, 0.0 0.0 0.0 0.0006225628898637564 0.011205221370796343 0.10604197588884622 0.8821302398504938, 
11, 0011111100, 0011111100, 0.5865805749836254, 0.9772369450613804, 0.0 0.0 0.0 0.00014648546759916202 0.01049163921780909 0.11515559479330215 0.8742062805212896, 
12, 0011111000, 0011111100, 0.5872743533635063, 0.9783658681677405, 0.0 0.0 0.0 0.0001969604433253833 0.010422224295557666 0.10836946107246528 0.8810113541886517, 
13, 0011111100, 0011111100, 0.5863380333940355, 0.9768241790659974, 0.0 0.0 9.863231537134873e-05 0.0018664882059820774 0.010959548709864963 0.11114183430485486 0.8759334964639267, 
14, 0011111100, 0011111100, 0.5875545339354487, 0.9788568364976868, 0.0 0.0 0.0 0.0005938964714315249 0.010667977780051435 0.1037413360394819 0.8849967897090353, 
15, 0011111100, 0011111100, 0.5867232706741082, 0.9774714489553307, 0.0 0.0 0.0 0.0011328035747560999 0.01185700279419318 0.10805888995536156 0.8789513036756892, 
16, 0001111100, 0011111100, 0.5864332048159123, 0.9769801139776955, 0.0 0.0 0.0 0.00034196905283075 0.011675957173966302 0.113741494627403 0.8742405791458, 
17, 0011111100, 0011111000, 0.5884827644521908, 0.9803901852103987, 0.0 0.0 0.00019735200366508392 0.0015802403259510085 0.007486592512136086 0.09715557472082248 0.8935802404374253, 
18, 0011111100, 0011111000, 0.5859498846798357, 0.9761829179546377, 0.0 0.0 0.0 0.0009738135887996355 0.013828842747090724 0.1123233660115926 0.8728739776525171, 
19, 0011111000, 0011111100, 0.5873071337048769, 0.9784441977202051, 0.0 0.0 2.8170533526511416e-06 0.0005543349304668108 0.008098961196067284 0.11146261828182333 0.87988126853829, 
20, 0011111100, 0011111100, 0.5869157794294871, 0.9777764533780549, 0.0 0.0 0.0 0.0016738734013194696 0.010661334951102275 0.1069969896255073 0.8806678020220708, 
21, 0011111100, 0011111100, 0.5858364099595204, 0.9759803024511012, 0.0 0.0 0.00018975743768930432 0.0005702028541757379 0.010285797603839911 0.12107695177242792 0.8678772903318671, 
22, 0011111100, 0001111100, 0.5853238128821492, 0.975138805989444, 0.0 0.0 0.0 0.0011894906921350262 0.013704721547190976 0.11818924889254911 0.8669165388681248, 
23, 0011111100, 0011111000, 0.5876372378590629, 0.9789839666910745, 0.0 0.0 0.0001105595816700799 0.0007338864797117028 0.008784536892603216 0.10588322830253132 0.8844877887434837, 
24, 0011111100, 0001111100, 0.5864084336132784, 0.9769521134675719, 0.0 0.0 0.0 0.0008497495093067903 0.012998448884083903 0.10974117289847998 0.8764106287081292, 
25, 0011111100, 0011111100, 0.5862918077995052, 0.9767557353400221, 0.0014964707346106709 0.0002693996903666144 0.0014637906581211088 0.0017101280652302075 0.009478996931148722 0.0991962244098976 0.886384989510625, 
26, 0011111100, 0011111100, 0.5881352869908534, 0.9798282462567159, 0.0 0.0 0.0005779741850480578 0.0009856721935763812 0.007907138051129085 0.0999473330365252 0.8905818825337214, 
27, 0011111100, 0011111100, 0.5872432531768141, 0.9783342028372275, 0.0 0.0 0.0 0.0007135706863498119 0.00897971416780349 0.10989464258197856 0.8804120725638681, 
28, 0011111100, 0011111100, 0.5878681329045322, 0.9793731875087608, 0.0 0.0 0.0 0.0004463343614086082 0.01057355426338797 0.10127476333643409 0.8877053480387693, 
29, 0011111100, 0011111100, 0.5873540798158943, 0.9785193131123864, 0.0 0.0 0.0 0.0005054482289385511 0.007287101189432753 0.11279357426000021 0.8794138763216286, 
30, 0011111100, 0011111100, 0.5870258163965579, 0.977981713880659, 0.0 0.0 0.0 0.0004719670064845645 0.008331607456277977 0.11403060078403628 0.8771658247532012, 
31, 0011111100, 0011111100, 0.5874957300072684, 0.9787514188314297, 0.0 0.0 0.0 0.00036799627838012716 0.006607040237999785 0.11317341770028194 0.8798515457833382, 
32, 0011111100, 0011111100, 0.5865531864410203, 0.9771910447470485, 0.0 0.0 0.0 0.0012355860651940744 0.010898488991633645 0.11134999533885875 0.8765159296043135, 
33, 0011111100, 0011111100, 0.5872122514440635, 0.9782856990810627, 0.0 0.0 0.0 0.0007421056085235448 0.008635700475454354 0.11078808773714385 0.8798341061788783, 
34, 0011111100, 0011111100, 0.5854626860186649, 0.9753731614469, 0.0 0.0 1.0508062447352067e-05 0.0018576995520379143 0.013953473386838703 0.11423895363901862 0.8699393653596574, 
35, 0011111100, 0011111100, 0.5848479883556741, 0.974350678713706, 0.0 0.0 0.0 0.0006372118317875975 0.013959512780144725 0.12406526666211187 0.8613380087259558, 
36, 0011111100, 0011111100, 0.5845033400107136, 0.973767830895145, 0.0 0.0 9.557616083962576e-07 0.002688664869280315 0.015747600352343585 0.11782799627016835 0.8637347827465993, 
37, 0011111100, 0011111100, 0.5881075137706494, 0.9797789639233366, 0.0 0.0 0.0 0.0010101540044125488 0.00863472517931507 0.10102630408811207 0.8893288167281603, 
38, 0011111100, 0011111100, 0.5873717856623908, 0.9785462012647598, 0.0 0.0 0.0 0.0 0.009249666634244463 0.11022345914295241 0.8805268742228032, 
39, 0011111100, 0011111100, 0.588771798553392, 0.9808905208991322, 0.0 0.0 0.000295964745457144 0.0022552385992800337 0.005212678721023826 0.09628194238349025 0.8959541755507487, 
40, 0011111100, 0011111100, 0.5886033367641124, 0.9806015455278945, 0.0 0.0 9.840267581031435e-07 0.0010869074098907765 0.007159357058033684 0.09880735437986089 0.8929453971254565, 
41, 0011111100, 0011111100, 0.5879824993512984, 0.9795772776894099, 0.0 0.0 0.00011427986908241395 0.0013187068715852922 0.007573800671727614 0.1029754924289994 0.8880177201586053, 
42, 0011111100, 0011111100, 0.5871084522827976, 0.9781152133017638, 0.0 0.0 0.0 0.0015735306053095486 0.009406653932566627 0.1077748205083556 0.8812449949537682, 
43, 0011111100, 0011111100, 0.5872358871026251, 0.9783402117619029, 0.0 0.0 0.0 0.0003098500774109931 0.01121489401480701 0.10659939116673627 0.8818758647410457, 
44, 0011111100, 0011111100, 0.5858025463544293, 0.9759412586783885, 0.0 0.0 3.8815044929867695e-05 0.0021068267609035823 0.013759084531149117 0.11035853840494018 0.8737367352580773, 
45, 0011111000, 0011111100, 0.5868817911781893, 0.9777351967278171, 0.0 0.0 0.0 0.0007403478712806247 0.008421892555872485 0.11452399090751124 0.8763137686653356, 
46, 0011111000, 0001111100, 0.5878374551305041, 0.9793188184867591, 0.0 0.0 0.0 0.0007245399292488289 0.0076174550449054825 0.10667855920188778 0.8849794458239579, 
47, 0011111100, 0011111100, 0.585969222321911, 0.9762125353303601, 0.0 0.0 0.0003593413738769576 0.0009037382791792352 0.010500968535002585 0.11757427061478937 0.8706616811971519, 
48, 0001111100, 0011111100, 0.5842324333187768, 0.9733231820001971, 0.0002316576094998632 0.00014599110799971078 0.00019980678265037988 0.003007086513065383 0.012937139528248221 0.12224624107552602 0.8612320773830104, 
49, 0011111100, 0011111100, 0.5868676132015752, 0.9777119190295639, 0.0 0.0 0.00018248188866933185 0.0023009743465375898 0.011651348396736084 0.102792938434854 0.883072256933203, 
50, 0011111100, 0011111100, 0.5865127092087522, 0.9771291560886266, 0.0 0.0 0.0 0.00011600107426268712 0.010721550385784052 0.11543395947388495 0.8737284890660683, 
51, 0011111100, 0011111100, 0.5880034839289903, 0.9796039870638596, 0.0 0.0 0.0 0.0016813034505214009 0.009317326169971088 0.09869751492533603 0.8903038554541716, 
52, 0011111100, 0011111100, 0.5867475631664015, 0.9775234950304185, 0.0 0.0 0.0 0.00035122818197647727 0.012517568609749048 0.10877020805206115 0.8783609951562134, 
53, 0001111100, 0011111100, 0.5859370683864319, 0.9761727193525165, 0.0 0.0 0.0 0.0005401163908480462 0.01243263183283766 0.11647807104668247 0.8705491807296318, 
54, 0011111100, 0011111100, 0.5870954693215469, 0.9780898129009781, 0.0 0.0 0.0 0.0008792505539768011 0.013192299597990906 0.10243877173621922 0.8834896781118131, 
55, 0011111100, 0001111100, 0.5871506187164872, 0.9781808531510441, 0.0 0.0 1.9379515338965822e-05 0.0014731853863258588 0.010555849917027233 0.10530610703934722 0.8826454781419607, 
56, 0011111100, 0011111000, 0.5875617412589722, 0.9788683033491482, 0.0 0.0 7.037593298185439e-05 0.00032490394854670475 0.008735073348623293 0.10806381763029738 0.8828058291395507, 
57, 0011111100, 0011111100, 0.587660274970525, 0.9790387445602502, 0.0 0.0 0.0 0.0006340767329913377 0.010722304342226286 0.1024206937550722 0.8862229251697101, 
58, 0011111100, 0011111100, 0.5867935041231528, 0.977587487444635, 0.0 0.0 0.0 0.0005754672844570023 0.007185351122007021 0.11837797123480483 0.8738612103587312, 
59, 0011111100, 0011111100, 0.5886557046878714, 0.980678399386216, 0.0 0.0 0.0 0.0010221110430946804 0.006735623971561146 0.0993920226102971 0.892850242375047, 
60, 0011111100, 0011111000, 0.58537591064575, 0.9752219140462045, 0.0 0.0 0.00022217909889516373 0.000725894105123622 0.01167905858695955 0.12224399983790202 0.8651288683711196, 
61, 0011111100, 0011111100, 0.5873312458217413, 0.9784891110910687, 0.0 0.0 0.0 0.00041785649530388057 0.008951999875540177 0.10990776421659557 0.8807223794125604, 
62, 0011111100, 0011111100, 0.587307462254246, 0.9784601683878654, 0.0 0.0 5.0263847665559676e-05 0.0005998761838057778 0.010792321592509755 0.10565366254570861 0.8829038758303103, 
63, 0011111100, 0011111100, 0.58878701761963, 0.980919563112974, 0.0 0.0 0.0 0.0 0.005541737251677623 0.10339914681880066 0.8910591159295216, 
64, 0011111100, 0001111100, 0.5863647523969985, 0.9768810103300491, 0.0 0.0 0.0 0.0006194696418121314 0.009477328749387797 0.11790087159549346 0.8720023300133066, 
65, 0011111100, 0011111100, 0.5851969976080238, 0.974930453272814, 0.0 0.0 0.00010198083171322231 0.0022847001062687553 0.013722773237142565 0.11570971024317131 0.8681808355817041, 
66, 0001111100, 0011111000, 0.5869235983542379, 0.9778034737047342, 0.0 0.0 0.0 0.0003021489892070598 0.00957870849436828 0.11311529381523693 0.8770038487011877, 
67, 0011111100, 0011111100, 0.5857830229124136, 0.9759054495945355, 0.0004453496818351745 8.139433791932605e-05 0.00022906376295362196 0.0016163420273436818 0.0111827912057689 0.11335736910679606 0.8730876898773833, 
68, 0011111100, 0011111100, 0.5878536995310537, 0.9793467543577291, 0.0 0.0 3.843017240705944e-06 0.00014496670032963864 0.01050606846184064 0.10245706475999165 0.8868880570605973, 
69, 0011111100, 0011111100, 0.5875301665223781, 0.9788110404901578, 0.0 0.0 0.0 0.00065918166259364 0.008521829040190037 0.10811255399089298 0.8827064353063234, 
70, 0011111100, 0011111100, 0.5865844147743965, 0.9772476439045824, 0.0 0.0 0.0 0.00019548526748401775 0.010358450266858062 0.11521078023633737 0.8742352842293205, 
71, 0011111100, 0011111100, 0.5852954111154269, 0.9750808746462237, 0.0 0.0 0.0004310375417311986 0.0013004336524250393 0.014397596105162273 0.11509410878813255 0.868776823912549, 
72, 0011111100, 0011111100, 0.587969133390283, 0.9795382161053503, 0.0 0.0 0.0 0.0006406891323593116 0.01353584518451632 0.09377694560178758 0.8920465200813369, 
73, 0011111100, 0011111100, 0.5871538188535944, 0.9781868235330865, 0.0 0.0 0.00040687926409727044 0.0013782378916040133 0.009056519150299983 0.10700378976967999 0.8821545739243187, 
74, 0011111100, 0011111100, 0.5870354901483629, 0.9779921212343353, 0.0 0.0 0.0008360262235751605 0.0003253367118634496 0.009642810620747996 0.10844153632260076 0.8807542901212125, 
75, 0011111100, 0011111100, 0.5868793213185076, 0.9777269339694827, 0.0 0.0 0.0 0.001080395668109641 0.011665907671512918 0.10706539383574841 0.880188302824629, 
76, 0011111100, 0011111100, 0.5888215786956496, 0.9809655475647118, 0.0 0.0 0.0 0.0009855428470658687 0.010240682119740899 0.09076872183104998 0.8980050532021432, 
77, 0011111100, 0011111100, 0.5865110355016966, 0.977116011500996, 0.0 0.0 0.0 0.0005398472456920714 0.010816388505175882 0.11405161224659512 0.8745921520025369, 
78, 0011111100, 0011111100, 0.5883601483639334, 0.9802002435664531, 0.0 0.0 0.0 0.0005044401836109445 0.005693354696325272 0.10589850865779836 0.8879036964622654, 
79, 0011111100, 0011111100, 0.588044979775461, 0.9796770999626025, 0.0 0.0 0.0 0.0006540396821184101 0.006964138743371707 0.10604700369128572 0.8863348178832242, 
80, 0011111100, 0011111100, 0.5868545288625093, 0.977705782377997, 0.0 0.0 0.0 0.001311283083349225 0.011404819140257302 0.10702181820145504 0.8802620795749384, 
81, 0011111100, 0011111100, 0.588162508798015, 0.9798808043146491, 0.0 0.0 0.0 7.833223371937161e-05 0.006396846072795818 0.10768648526535572 0.8858383364281291, 
82, 0001111100, 0011111100, 0.5873054330139865, 0.9784451775899139, 0.0 0.0 0.0 3.3383375218013918e-06 0.011776819262931587 0.10576528092208841 0.8824545614774582, 
83, 0011111100, 0011111100, 0.58736784328836, 0.978563794815679, 0.0 0.0 0.0 0.0007104150371339881 0.01035217688632969 0.10578163222186447 0.8831557758546718, 
84, 0011111100, 0011111100, 0.5857005075692393, 0.9757834787654337, 0.0 0.0 5.538226064500354e-05 0.001217334774238467 0.012381671696106449 0.11666225064988936 0.8696833606191208, 
85, 0011111000, 0011111100, 0.5873245145014996, 0.9784837478451041, 0.0 0.0 0.00039648378308252205 0.0002697473006789173 0.01149683805840986 0.10370865977818981 0.8841282710796388, 
86, 0011111100, 0011111100, 0.587399340428794, 0.9786043463008807, 0.0 0.0 0.000183772682233765 0.0008873522950683321 0.010443276235978504 0.10409022210861901 0.8843953766781004, 
87, 0011111100, 0011111100, 0.5886532628915678, 0.9806907212967487, 0.0 0.0 0.0 0.0005313058967003722 0.008747205867900173 0.0967673427936064 0.8939541454417931, 
88, 0011111100, 0011111100, 0.5863045112912342, 0.9767649278951209, 0.0 0.0 3.8803170331035335e-05 0.0015802416269382975 0.010426214440605692 0.11366206618592406 0.874292674576201, 
89, 0001111000, 0011111100, 0.5889616597497713, 0.9811960872278903, 0.0 0.0 0.0 0.000415808209760189 0.005903125030117104 0.0997698019431434 0.8939112648169794, 
90, 0011111100, 0011111100, 0.588020268540099, 0.9796406361241861, 0.0 0.0 0.0 0.0005016253774144109 0.007806964012153134 0.10503737909833394 0.8866540315120985, 
91, 0011111100, 0011111100, 0.5873384649370728, 0.9784910547954097, 0.0 0.0 0.0 0.0005715326795963729 0.008675688855553346 0.10998769547764616 0.880765082987204, 
92, 0011111100, 0011111100, 0.5873669763502878, 0.978553647094755, 0.0 0.0 0.0005814609319957097 0.0014009501183043632 0.012971242291823514 0.0962069387649275 0.8888394078929489, 
93, 0011111100, 0011111100, 0.5887915668379827, 0.980916476959033, 0.0 0.0 0.0 0.0002366435725867748 0.008115907351622964 0.09755939282479587 0.8940880562509944, 
94, 0011111100, 0011111100, 0.5881028723655544, 0.9797759257716623, 0.0 0.0 0.0 0.0007819452088912611 0.010020485282002254 0.09895763917934908 0.8902399303297575, 
95, 0011111100, 0011111100, 0.588901446957943, 0.981099874162076, 0.0 0.0 0.0 0.0009142495778648909 0.008556228324282463 0.09354554964538474 0.896983972452468, 
96, 0011111100, 0011111100, 0.5901494822732241, 0.9831718982112485, 0.0 0.0 0.0 0.000579827997043445 0.0073727244837281545 0.08448367777392177 0.9075637697453066, 
97, 0011111100, 0011111100, 0.587238356621496, 0.9783158973154736, 0.0 0.0 0.0 0.0008651359104624531 0.00965016445866529 0.10820887945843974 0.8812758201724326, 
98, 0001111100, 0011111100, 0.5843138759809523, 0.973453681092442, 0.003686689809963362 0.00043414665784744985 0.00029932237078450974 0.0006106059288953031 0.010752257451903181 0.11045341912270089 0.8737635586579052, 
99, 0011111100, 0011111100, 0.5875961844383857, 0.9789299393323121, 0.0 0.0 0.0 0.00035165130013416207 0.007112320073722979 0.1111407699582791 0.8813952586678638, 
100, 0011111100, 0011111100, 0.5875005607419851, 0.9787666558753007, 0.0 0.0 0.0 0.0010834605709707115 0.008542082219173039 0.10706551859693735 0.8833089386129188, 
run, initial grid state, final grid state, mean grid cell occupancy, mean binding site occupancy, fraction of time with N TFs bound, warning
1, 0011111100, 0011111100, 0.5883119933077787, 0.9801091971522874, 0.0 0.0 1.0376033097675867e-05 0.0019777290122063953 0.008946965863474269 0.09547619419031778 0.8935887349009038, 
2, 0011111100, 0011111100, 0.5879282970157164, 0.9794650715218077, 0.0 0.0 0.0 0.00018855902006728308 0.009021376161571872 0.10460114148580818 0.8861889233325527, 
3, 0011111100, 0011111000, 0.5867747048415474, 0.9775566387736794, 0.0 0.0 0.0007140561570402553 0.0012436653754563558 0.010106784898578303 0.10785937680623658 0.8800761167626885, 
4, 0011111100, 0011111100, 0.5888390099164084, 0.9809994375421405, 0.0 0.0 0.0 0.000731527623901651 0.008216937020586398 0.09537491783427995 0.895676617521232, 
5, 0011111000, 0011111100, 0.5866702649452533, 0.9773839928095651, 0.0 0.0 0.0 0.0008115568856432323 0.010767022206025973 0.11172732807362808 0.8766940928347027, 
6, 0011111100, 0011111000, 0.5878293403447808, 0.9793136002462998, 0.0 0.0 3.822537700573603e-05 0.0006428442416565475 0.009210235620820162 0.10361649304756786 0.8864922017129497, 
7, 0011111100, 0011111100, 0.5873584641994545, 0.9785330842183783, 0.0 0.0 0.0 5.881287764204399e-05 0.010637758155684027 0.10734953974543573 0.8819538892212382, 
8, 0011111100, 0011111100, 0.5855180268737248, 0.975464551549831, 0.0 0.0 0.00012454142993245806 0.00255954974109727 0.014732533771654883 0.10957080821468168 0.8730125668426337, 
9, 0011111100, 0011111100, 0.5879825458925639, 0.9795673028221917, 0.0 0.0 0.0 0.0005337610836994506 0.008950645544876349 0.1030936087259986 0.8874219846454257, 
10, 0011111100, 0001111100, 0.5854311606730682, 0.9753213281025295, 0.0 0.0 0.0 0.0010483110366416686 0.013031689175027554 0.11886371992484347 0.8670562798634872, 
11, 0011111000, 0011111100, 0.5885656527241089, 0.9805426306352406, 0.0 0.0 0.0 0.0003379520771370828 0.007511019621647578 0.10070832071385008 0.8914427075873652, 
12, 0011111100, 0011111100, 0.5867410453783455, 0.9774954675712821, 0.0 0.0 0.0 0.001178153694240621 0.006013800425143427 0.11946513263929873 0.8733429132413173, 
13, 0011111100, 0000111100, 0.5855849892203102, 0.9755884790948737, 0.0 0.0 0.0 0.002508708073240745 0.012312259965435945 0.11431848128016445 0.8708605506811589, 
14, 0011111100, 0011111100, 0.5854484220927946, 0.9753436132904223, 0.0 0.0 0.0 0.0012082397320050283 0.010980158752798844 0.12235328355585343 0.8654583179593427, 
15, 0011111100, 0011111100, 0.5874905560861247, 0.9787578587462029, 0.0 0.0 0.0 0.0016726741031113832 0.011027715554538013 0.10037939410437285 0.8869202162379777, 
16, 0011111100, 0011111100, 0.5874910826759053, 0.9787454135720125, 0.0 0.0 0.0 0.001998173376859125 0.011503884374205922 0.09852522968893616 0.8879727125599988, 
17, 0011111100, 0011111100, 0.5873969595530533, 0.9786037419883508, 0.0 0.0 0.00033151455673565463 0.0020936717286166263 0.007452774036310271 0.10586492658448216 0.8842571130938552, 
18, 0011111100, 0011111100, 0.5868610057167117, 0.9777041991739568, 0.0 0.0 9.04432419098275e-05 0.0009274111290664615 0.01311999347881276 0.10439081164379423 0.8814713405064167, 
19, 0001111100, 0011111100, 0.5874616164242784, 0.9787061905319399, 0.0 0.0 0.0 0.00013307917135005904 0.012516117328234391 0.10233138463784146 0.8850194188625741, 
20, 0011111100, 0001111100, 0.5867905330804665, 0.977578891508001, 0.0 0.0 0.0 0.0011632743637822354 0.01124563286084468 0.1085455621389582 0.8790455306364148, 
21, 0011111100, 0011111100, 0.5863160538091892, 0.9767909676987397, 0.0 0.0 0.0 0.0021207698322855306 0.010794668478962351 0.11130254735278085 0.8757820143359712, 
22, 0011111100, 0011111100, 0.5889765641845282, 0.9812272852122801, 0.0 0.0 0.0 0.0011952192123975923 0.006863940918087391 0.09532274925295124 0.8966180906165637, 
23, 0011111100, 0011111100, 0.5875692470888717, 0.9788790156475091, 0.0 0.0 0.0 3.4263274594694375e-05 0.006754933786387854 0.1131132487183862 0.8800975542206313, 
24, 0011111100, 0011111100, 0.5870012610521579, 0.9779417492747535, 0.0 0.0 0.0003702952351529825 0.0011397641112872532 0.013099480711612956 0.10125006965377946 0.8841403902881674, 
25, 0011111100, 0011111100, 0.58558295855594, 0.9755793235101016, 0.0 0.0 0.00022495840206600368 0.0012015512769842573 0.013331303042254052 0.11535696541566527 0.8698852218630304, 
26, 0011111100, 0011111100, 0.5851978927270707, 0.9749436924940231, 0.0 0.0 0.0 0.000977369898116702 0.011144447925724648 0.12511683949006222 0.8627613426860964, 
27, 0011111100, 0011111100, 0.588044793132815, 0.9796734008501424, 0.0 0.0 0.0 0.00023069326480967521 0.010474125665571522 0.1003192637735736 0.8889759172960453, 
28, 0011111100, 0011111100, 0.5865407516406963, 0.9771622345226573, 0.0 0.0 8.103529382501328e-05 0.0020254872334815772 0.009235380853824976 0.11215522828066081 0.8765028683382077, 
29, 0011111100, 0011111100, 0.5877073570119579, 0.9791142596208149, 0.0 0.0 0.0 0.0012308176685644897 0.008561484325807285 0.10449902061780222 0.885708677387826, 
30, 0011111100, 0011111100, 0.5861391162836883, 0.9765014583526699, 0.0 0.0 0.0001168253277640967 0.0017765723626050449 0.010692520058866667 0.11380919136737615 0.873604890883388, 
31, 0011111100, 0011111100, 0.5858594730404171, 0.9760399273523116, 0.0 0.0 1.6552747004287583e-05 0.001960360899752563 0.011462432540988889 0.11488827711687782 0.8716723766953764, 
32, 0001111100, 0011111100, 0.5872893924597701, 0.9784188129281526, 0.0 0.0 0.00019878849706297827 0.0008670565580021766 0.008457531612623751 0.10917573554357815 0.8813008877887328, 
33, 0011111100, 0011111100, 0.5873176167414836, 0.9784631824064924, 0.0 0.0 0.0 0.0018925936911166068 0.010577093002455393 0.10238893848278538 0.8851413748236426, 
34, 0011111100, 0011111000, 0.5875522638971065, 0.9788537271186469, 0.0 0.0 0.0 0.00043486174534613175 0.010953470195831408 0.10366611166041734 0.8849455563984051, 
35, 0011111100, 0011111100, 0.5887024186904618, 0.9807650223987475, 0.0 0.0 0.0 0.0004087684764428365 0.00814486605030071 0.0978938280775854 0.893552537395671, 
36, 0011111100, 0011111100, 0.5854669212560948, 0.9753790456529502, 0.0 0.0 8.409336652154014e-05 0.0007473110141265391 0.013190849004231044 0.11876572156537185 0.867212025049749, 
37, 0011111100, 0011111100, 0.5869424390640042, 0.9778257807741828, 0.0 0.0 0.0 0.0002876472925007059 0.010721805443353457 0.11073876259069376 0.878251784673452, 
38, 0011111100, 0011111100, 0.5877497014460304, 0.9791748247972262, 0.0 0.0 0.0 0.0008429903561269952 0.009081335165170143 0.10425940981792178 0.8858162646607811, 
39, 0011111100, 0011111100, 0.5866101850019998, 0.9772794035609849, 0.0 0.0 0.00035151419677337004 0.0018702752329100736 0.009000452175449217 0.1113057917973691 0.8774719665974983, 
40, 0011111100, 0001111100, 0.5876653243159848, 0.9790463145544888, 0.0 0.0 0.0 0.00037354316688316207 0.010870949369783365 0.1028595844328517 0.8858959230304817, 
41, 0011111100, 0011111100, 0.5878313526227101, 0.979319401646354, 0.0 0.0 0.00029403940338679717 0.000755631456325792 0.010036118317798489 0.10056830150375425 0.8883459093187346, 
42, 0011111100, 0011111100, 0.5877997098399865, 0.979259453308991, 0.0 0.0 0.0 0.0009103322698917416 0.008106314328771042 0.1054996546788363 0.8854836987225009, 
43, 0011111100, 0011111100, 0.5873165662868032, 0.9784582200993586, 0.0 0.0 0.0 0.0011888458624887217 0.012914431570830713 0.0998552786747213 0.8860414438919593, 
44, 0011111100, 0011111100, 0.5845079770258713, 0.9737786457948194, 0.0 0.0 0.00013523029947902474 0.0020498363530297077 0.01733709961938078 0.1159634957353166 0.8645143379927939, 
45, 0011111000, 0011111100, 0.5859851110848308, 0.9762477221886869, 0.0 0.0 0.0 0.0005459890153357811 0.010562018961660995 0.11975166189854924 0.8691403301244539, 
46, 0011111100, 0011111100, 0.5858733486819565, 0.9760628735356219, 0.0 0.0 0.0 0.001491262741809175 0.01364455231448216 0.11185986593187663 0.873004319011832, 
47, 0011111100, 0011111100, 0.586591273880362, 0.9772530096951971, 0.00014602200136797766 4.5618671500228695e-05 0.00020355968353907264 0.0022160610811638227 0.011883615495299735 0.10414806349486116 0.881357059572268, 
48, 0001111000, 0011111100, 0.5882693429294256, 0.9800328797780881, 0.0 0.0 0.0 0.0008927778054501328 0.012095934304404072 0.09293251930631374 0.8940787685838321, 
49, 0011111100, 0001111100, 0.586700562217102, 0.9774287156103043, 0.0 0.0 0.00028339738306442893 0.0005342994631654946 0.010785157908713629 0.11112090259899185 0.8772762426460646, 
50, 0011111100, 0011111100, 0.588434190474092, 0.9803150676698121, 0.0 0.0 0.0 6.182125881995473e-05 0.006994907947862495 0.10393431430894207 0.8890089564843755, 
51, 0011111100, 0011111100, 0.5885741507704171, 0.9805487616294858, 0.0 0.0 7.521758658602123e-05 0.0005681684167636292 0.008707364425976694 0.09728732577449678 0.8933619237961768, 
52, 0011111100, 0011111000, 0.5879816048899211, 0.9795588523331374, 0.0 0.0 0.0 0.0004535103604831227 0.007987350607499086 0.10531165370472824 0.8862474853272896, 
53, 0011111100, 0011111100, 0.5874299199838499, 0.978650541690791, 0.0 0.0 9.750070431635492e-05 0.0011911862648244839 0.007962686148688232 0.10820781594613871 0.8825408109360323, 
54, 0011111100, 0011111100, 0.5873423825383931, 0.978503855146239, 0.0 0.0 0.0 0.0015857509169940579 0.010233285226058849 0.10375304591946682 0.8844279179374803, 
55, 0011111100, 0011111100, 0.5882940425250861, 0.9800870714547536, 0.0 0.0 0.0 0.0009893649356912714 0.00995712398632671 0.09659522849175126 0.8924582825862308, 
56, 0011111100, 0011111100, 0.5883117374602465, 0.9801074741303988, 0.0 0.0 0.0 0.0004888011919295769 0.0060317576436200926 0.10582523635457887 0.8876542048098714, 
57, 0001111100, 0011111100, 0.5860045496836014, 0.9762681261444348, 0.0 0.0 0.0 0.0011459283438912742 0.00890295821268458 0.12114754167634775 0.8688035717670765, 
58, 0011111100, 0011111100, 0.5865235549181826, 0.9771543410523554, 0.0 0.0 0.0 0.0011407575003599551 0.011465205504708417 0.1107212701753707 0.876672766819561, 
59, 0011111100, 0011111100, 0.5858371278175967, 0.9759932196493363, 0.0 0.0 8.621082611069792e-05 0.0017097220906938948 0.015218757735118396 0.10812915705722173 0.8748561522908552, 
60, 0011111100, 0011111100, 0.5867451676551052, 0.9774900214465191, 0.0 0.0 0.0 0.00048762899532916993 0.01355222875590073 0.10649252682309593 0.8794676154256741, 
61, 0011111100, 0011111100, 0.587074212462259, 0.9780667389725198, 0.0 0.0 0.00026025539235273996 0.0015605711315516062 0.009487325875870324 0.10690217944907568 0.8817896681511497, 
62, 0011111100, 0011111100, 0.5873080615150816, 0.9784496794966174, 0.0 0.0 0.0 0.0006415345946881033 0.010124025669215612 0.10712926789779975 0.8821051718382965, 
63, 0011111100, 0011111100, 0.5870174449053318, 0.9779573933600435, 0.0 0.0 0.0 0.0014429298685675006 0.011306241121111213 0.10531436799181404 0.8819364610185073, 
64, 0011111100, 0011111100, 0.5865562418937779, 0.9771969968261189, 0.0 0.0 0.0 9.804615684656868e-05 0.011118062096076114 0.11428775638059445 0.8744961353664829, 
65, 0011111100, 0011111100, 0.5879167845691826, 0.9794518950857378, 0.0 0.0 0.0 4.189034786374795e-05 0.008735751420007817 0.10569145560196654 0.8855309026301619, 
66, 0011111100, 0011111100, 0.5872732350011054, 0.9783933290974456, 0.0 0.0 0.0 0.00018823603832676295 0.009898319126499034 0.10927867904734806 0.8806347657878261, 
67, 0011111100, 0011111100, 0.5885158382484696, 0.9804479052512431, 0.0 0.0 0.0001210986754856223 0.0007906972007461388 0.008917317491780447 0.09662144720479977 0.893549439427188, 
68, 0011111100, 0011111100, 0.587099282497365, 0.9780886446814311, 0.0 0.0 0.0005743923237714313 0.00040262435525042665 0.011058956183194357 0.10584477718418793 0.8821192499535958, 
69, 0011111100, 0011111100, 0.5882929977266812, 0.9800860289295443, 0.0 0.0 0.0 5.679867664700462e-05 0.004829248334816497 0.10965493372316058 0.885459019265376, 
70, 0011111100, 0001111100, 0.5872377666059356, 0.9783169853786258, 0.0 0.0 4.843072942789111e-05 0.0015877677650669357 0.011621899640091811 0.10189726223514942 0.8848446396302639, 
71, 0011111100, 0011110000, 0.5873243758195104, 0.9784625229250127, 0.0 0.0 0.0 0.00015834465029761902 0.009444526643002988 0.10986077521302558 0.8805363534936738, 
72, 0011111000, 0011111100, 0.5876323581469447, 0.9789870154157913, 0.0 0.0 0.0 0.0004284976506585858 0.008277230971544168 0.10823795261018893 0.8830563187676084, 
73, 0011111100, 0011111100, 0.58696883027246, 0.9778740595028734, 0.0 0.0 0.0 0.0008357053060464915 0.00976292324604003 0.11072268057254032 0.8786786908753731, 
74, 0011111100, 0011111100, 0.5872352679425571, 0.978323054894623, 0.0 0.0 0.0 0.0009653628570656265 0.011675887109654323 0.10381380784175687 0.8835449421915231, 
75, 0011111100, 0011111100, 0.5867796281401293, 0.9775647197656969, 0.0 0.0 0.0003789793300260816 0.0006705020765564554 0.011791711242491364 0.10750083537106303 0.8796579719798631, 
76, 0011111100, 0011111100, 0.5886775305145099, 0.9807135513668012, 0.0 0.0 0.0001224561142187317 0.0001695969122427134 0.006670077911501068 0.10137992078258735 0.8916579482794501, 
77, 0011111100, 0011111100, 0.5889457817824026, 0.9811799294666929, 0.0 0.0 7.477325632946831e-05 0.0003272442070462022 0.006194840760207387 0.09924991603297204 0.8941532257434449, 
78, 0011111100, 0011111100, 0.5847863778849915, 0.9742501537839601, 0.0 0.0 0.0 0.0011933652644576201 0.014259869497281424 0.12239924250830347 0.8621475227299574, 
79, 0011111100, 0011111100, 0.5860117755863758, 0.9762828449742159, 0.0 0.0 0.0 0.001402634028569403 0.010323352610208043 0.11744832284858017 0.8708256905126425, 
80, 0011111100, 0011111100, 0.5868995426054775, 0.9777639759566994, 0.0 0.0 8.343050252047322e-05 0.0004437416704351348 0.009093026046544352 0.1135651451453275 0.8768146566351727, 
81, 0011111100, 0001111100, 0.586616981217928, 0.977296958125948, 0.0 0.0 0.0 8.530901452612308e-05 0.00879144293363271 0.11837943833346815 0.8727438097183731, 
82, 0011111100, 0011111100, 0.5862827797029175, 0.9767402085722046, 0.0 0.0 0.0003482035245346455 0.001557429795463596 0.012377633337867237 0.10873837840650824 0.8769783549356264, 
83, 0011111100, 0011111100, 0.5860760261142339, 0.9763983126541756, 0.0 0.0 0.0 0.001360104685527221 0.013474072209960022 0.11058166559844504 0.8745841575060678, 
84, 0011111100, 0011111100, 0.5857968856579648, 0.9759184029606597, 0.0 0.0 0.0 0.001551870302766022 0.013254157724541329 0.11332565587866066 0.871868316094032, 
85, 0011111100, 0011111100, 0.5881823367562012, 0.9798908504497679, 0.0 0.0 0.0 0.0012785602384802555 0.009793426637366334 0.0972323633112191 0.8916956498129343, 
86, 0001111100, 0011111100, 0.5869520595988449, 0.9778356835871043, 0.0 0.0 0.0 0.0015814409750618819 0.011535513167960663 0.10517054921626766 0.8817124966407098, 
87, 0011111000, 0011111100, 0.5869657505954017, 0.9778843110652561, 0.0 0.0 0.0 9.035557795042082e-05 0.009750512612547611 0.11292204164951729 0.8772370901599846, 
88, 0011111100, 0011111100, 0.588911371490922, 0.9811065213361668, 0.0 0.0 0.0 0.00027175570854260804 0.005391087251177415 0.10176343035501642 0.8925737266852636, 
89, 0011111100, 0011111100, 0.5872896859042578, 0.9784257226990274, 0.0 0.0 0.0 0.0002080336447651613 0.00803134171784162 0.11275887943585698 0.8790017452015363, 
90, 0011111100, 0011111100, 0.5879589192425245, 0.9795357587446938, 0.0 0.0 0.0 0.0 0.0073418444914357785 0.10810175854896623 0.884556396959598, 
91, 0011111100, 0011111100, 0.5859718166255877, 0.9762183893040859, 0.0 0.0 0.0 0.0011342803270506857 0.011103322314471396 0.11708017856538908 0.8706822187930888, 
92, 0011111100, 0011111100, 0.5887705938822954, 0.9808825384601425, 0.0 0.0 0.0 0.0006358591671763715 0.00801683505771341 0.09676352162218946 0.8945837841529208, 
93, 0011111100, 0011111100, 0.5868780489645181, 0.9777362304680358, 0.0 0.0 0.0 0.00024792972698041367 0.01108826964898523 0.11066228871287408 0.8780015119111603, 
94, 0011111100, 0011111000, 0.5883009374666838, 0.9800883085899379, 0.0 0.0 0.0 0.0008263339171916246 0.00811237415854467 0.10076639839170869 0.890294893532555, 
95, 0001111100, 0011111100, 0.5897682563824633, 0.9825490363060267, 0.0 0.0 0.0004990075471527235 0.0005241968243188091 0.006310856424740594 0.08851544865279062 0.9041504905509973, 
96, 0011111100, 0011111100, 0.5872490489637774, 0.978340848153825, 0.0 0.0 0.0 0.0012516201455612054 0.012668173021882816 0.10086370459660099 0.885216502235955, 
97, 0011111100, 0011111100, 0.5870815112442496, 0.9780689022522194, 0.0 0.0 0.0 0.00048751674509094403 0.010743923664591343 0.10863618892222693 0.8801323706680908, 
98, 0011111100, 0011111100, 0.5872225754144094, 0.9782970582052561, 0.0 0.0 0.0 0.0013638700918429095 0.012117034374387239 0.10189197174416026 0.8846271237896096, 
99, 0011111100, 0011111100, 0.5882757215091524, 0.9800607203202637, 0.0 0.0 0.0 5.4756218223798836e-05 0.010796595886685306 0.09787821765037584 0.8912704302447151, 
100, 0011111100, 0011111100, 0.5865635360766124, 0.9771993985105879, 0.0 0.0 0.0 0.0007550873513339459 0.012859327203145724 0.10881969247617941 0.877565892969341, 
