run, initial grid state, final grid state, mean grid cell occupancy, mean binding site occupancy, fraction of time with N TFs bound, warning
1, 0111111110, 0011111000, 0.6111137535115748, 0.9693597340625417, 0.0 0.0 0.0 0.0013072029167287122 0.019331763619118935 0.14125645963632633 0.8381045738278261, 
2, 0011111100, 0011111100, 0.6090058545668933, 0.9652451557633678, 0.0 0.0 0.0 0.003786072990739359 0.02826199013654389 0.1406468661744878 0.8273050706982289, 
3, 0011111100, 0011111100, 0.6064809901688748, 0.964605527986919, 0.0 0.0 0.0 0.0014579292839992008 0.01717913608811447 0.17363477205025976 0.8077281625776265, 
4, 0111111100, 0111111100, 0.6134152934598016, 0.9702622303821422, 0.0 0.0 0.0 0.0 0.019627396576012795 0.1391718245551211 0.8412007788688661, 
5, 0011111100, 0011111100, 0.32917968642835843, 0.5209308846110573, 0.4649944728472529 0.0001610814856749489 0.0004316161527013778 0.0002642338329472286 0.005572660547278423 0.06997796061756 0.4585979745165851, 
6, 0000000000, 0000000000, 3.522936654761775e-05, 5.811745668881651e-05, 0.9996512989970356 0.0003486972657958208 3.737168539138067e-09, 
7, 0000000000, 0000000000, 3.4370532356561155e-05, 5.6699013817235076e-05, 0.9996598262654743 0.0003401533861478196 2.0348377795446486e-08, 
8, 0111111110, 0011111100, 0.6103864845321618, 0.9680211288401811, 0.0 0.0 0.0 0.00036422276334975974 0.027003780470624208 0.13677299772761561 0.8358589990384104, 
9, 0011111100, 0011111100, 0.601820878166223, 0.9581745917844517, 0.0 0.0 0.0004405700042860848 0.004127255581197397 0.031533502875006676 0.1737413967825394 0.7901572747569704, 
10, 0011111100, 0011111110, 0.6084038756345717, 0.9648323481175095, 0.0 0.0 0.0007595264890853847 0.0018782597047925845 0.0207278334043248 0.16087735941557377 0.8157570209862235, 
11, 0011111110, 0011111100, 0.6088878842299268, 0.9651269171953514, 0.0 0.0 0.0 0.0 0.02615243845370282 0.1569336199204866 0.8169139416258105, 
12, 0001111100, 0011111100, 0.6090079955783378, 0.9644395218825549, 0.0 0.0 0.0 0.003197468071413324 0.03372138249764393 0.13632769949514228 0.8267534499358005, 
13, 0000000000, 0011111100, 0.5776829961253854, 0.9141540517916873, 0.05981990919144923 2.336199138368056e-05 0.00044404970064214295 0.0021258445755686075 0.020856675526055718 0.10617234056287736 0.8105578184520232, 
14, 0000000000, 0001111100, 0.4313646313476929, 0.6855408480154735, 0.288489868147146 9.954656643628331e-05 0.00047590038959389634 0.0010267918424124944 0.015928674496852726 0.11847664411278315 0.5755025744447755, 
15, 0011111100, 1111111100, 0.6131103359043234, 0.9704445799673219, 0.0 0.0 0.0001060663004253024 0.00180513099869308 0.01755327150474343 0.1363863189888014 0.8441492122073367, 
16, 0011111000, 0011111100, 0.6102071959613266, 0.9683648417426571, 0.0 0.0 0.0 0.0 0.02310856935219598 0.14359381083966494 0.833297619808139, 
17, 0011111100, 0011111100, 0.6004342345804807, 0.9570046108668199, 0.0 0.0 0.00020882339275291986 0.0052475462277444054 0.02929458400601301 0.18280523453281008 0.7824438118406796, 
18, 0000000000, 0000000000, 3.4342433500071964e-05, 5.665000109692032e-05, 0.9996601034536287 0.00033989308616107965 3.460210221154349e-09, 
19, 0011111100, 0011111100, 0.6118085554385434, 0.9693965441664482, 0.0 0.0 0.0 0.004319937649040222 0.01924100647590509 0.13217890910238078 0.8442601467726739, 
20, 0011111100, 0011111100, 0.6165133876308493, 0.9756978363245323, 0.0 0.0 0.001683248415406495 0.0004532227995000992 0.010746287875869386 0.1162277442409409 0.8708894966682832, 
21, 0111111000, 0011111100, 0.6131709890898551, 0.9698438551949835, 0.0 0.0 0.0 0.00024922474225858845 0.02869838297880381 0.12279242864571588 0.8482599636332216, 
22, 0111111110, 0011111100, 0.612395574781685, 0.9694795596508748, 0.0 0.0 0.0006241687250914317 0.003884054978806419 0.02395205897118927 0.12106968431558755 0.8504700330093253, 
23, 0111111100, 0011111100, 0.6102742585581108, 0.9681134133685942, 0.0 0.0 0.0 0.002372262575055985 0.015551179612402119 0.15310037283846292 0.828976184974079, 
24, 0011111110, 0011111100, 0.6097735626765639, 0.9676207595817227, 0.0 0.0 0.00021640359511250539 0.0023805662419189725 0.012582431694870179 0.1611032660137169 0.8237173324543814, 
25, 0111111100, 0011111100, 0.610839328716155, 0.9699564636164051, 0.0 0.0 0.0 0.0001471178098976612 0.013705002362546473 0.15240986014678365 0.8337380196807722, 
26, 0011111100, 0011111100, 0.6130639828992723, 0.9724402073769629, 0.0 0.0 0.0 2.673049666881561e-05 0.01271135628333721 0.13985585168154197 0.8474060615384521, 
27, 0011111100, 0011111100, 0.601095408329166, 0.9557138020985634, 0.0 0.0 0.00017258486122884918 0.011000369657074212 0.0356868795381766 0.16065197991612803 0.7924881860273923, 
28, 0011111100, 0001111100, 0.604143392923825, 0.9589027222090979, 0.0 0.0 0.0010005702284504117 0.0060804275115864895 0.029120330433978613 0.1660994424288946 0.7976992293970899, 
29, 0011111100, 0011111100, 0.6135911970932436, 0.9743165856771902, 0.0 0.0 0.0 0.0009117546597771984 0.010702978404140499 0.12995926514924708 0.8584260017868353, 
30, 0011111100, 0000000000, 0.2707550980706479, 0.4300225022482021, 0.5523575194801617 0.0001800764897785868 0.001702380452951306 0.003595375942599319 0.0051916977750435895 0.0768404419912343 0.3601325078682313, 
31, 0000000000, 0000000000, 3.5792352600467784e-05, 5.9032838608575425e-05, 0.9996458403243552 0.0003541223196381625 3.735600664502098e-08, 
32, 0111111100, 0011111100, 0.4577037046784484, 0.7266651100519954, 0.24560644380229538 9.127935704441296e-05 0.0002071045051845766 0.0054192010685937455 0.01850716176219026 0.11181393533813316 0.6183548741665585, 
33, 0011111100, 0011111100, 0.6156387074250947, 0.9740900840019843, 0.0 0.0 0.0 0.00023379373020583673 0.011087708288734944 0.13258269822000718 0.856095799761052, 
34, 0011111100, 0000000000, 0.3302312724958679, 0.5234236241711623, 0.4599737573366124 0.00015868836398851303 0.0008679134741897809 0.0008841997646749587 0.010589816536282392 0.07151838287006115 0.4560072416541909, 
35, 0000000000, 0000000000, 0.0010541803843267536, 0.0017557644681429128, 0.9958310989202632 0.00034059188252613497 0.0012914540994737633 0.0025363336635638415 5.214341730730874e-07, 
36, 0000000000, 0111111000, 0.3579755593755346, 0.5673651283748731, 0.40421961665773587 0.00013690948447546064 0.0008367318876580964 0.0033091103427290913 0.017620473543999704 0.12129177671514998 0.4525853813682518, 
37, 0000000000, 0011110000, 0.5827081324685368, 0.9259154139387895, 0.03246129574790289 1.1201361950005036e-05 0.00032778275714456323 0.008557774540867818 0.03032320304747556 0.1620528743239625 0.7662658682206966, 
38, 0011111100, 0001111100, 0.6110244349161981, 0.9695818020599911, 0.0 0.0 0.0011506731033040227 0.0024542540275020825 0.021986246891010933 0.12657123936230916 0.8478375866158738, 
39, 0011111000, 0011111000, 0.6087956722861131, 0.967020949941499, 0.0 0.0 0.0 0.001037557680783669 0.025604801660631494 0.14355202398739178 0.8298056166711931, 
40, 0011111110, 0011111100, 0.6145276213676952, 0.9729071356231209, 0.0 0.0 0.0 0.000618577809849353 0.017086176898621238 0.12652909903448367 0.8557661462570457, 
41, 0001111100, 0011111100, 0.610885593669117, 0.9700948503224917, 0.0 0.0 0.0 0.0 0.01199160272158878 0.15544769262187222 0.832560704656539, 
42, 0001111100, 0001111100, 0.6023382779399734, 0.9569058062048867, 0.0 0.0 2.299395069928396e-05 0.008390370311861342 0.03759739354385009 0.1581072889445983 0.7958819532489909, 
43, 0011111100, 0011111100, 0.6072491132014785, 0.963100970883716, 0.0 0.0 0.0 0.0032170595151408297 0.02140950633938168 0.16892398347351792 0.8064494506719595, 
44, 0011111100, 0111111100, 0.6095763839854444, 0.9670411286169287, 0.0 0.0 0.00017852476728212263 0.0023166686640395716 0.024165780261840974 0.1417575627134982 0.8315814635933392, 
45, 0001111110, 0011111100, 0.618124898038941, 0.9759753685072323, 0.0 0.0 0.0 0.001898239288146893 0.011917312195102116 0.11461844670196146 0.8715660018147895, 
46, 0011111110, 0001111100, 0.6071680588695401, 0.9618772833804539, 0.0 0.0 0.0002149897351712272 0.006944617010437405 0.022053269037608552 0.16293595167006292 0.8078511725467199, 
47, 0000000000, 0000000000, 3.474779032918324e-05, 5.731086535817077e-05, 0.9996561356686042 0.0003438634706424518 8.607532864525204e-10, 
48, 0011111100, 0000000000, 0.44313510712821996, 0.7033515295746955, 0.2692450963790899 8.992285841385523e-05 4.3102284557592294e-05 0.004789731892277399 0.023323927376477746 0.10278117041720053 0.5997270487919829, 
49, 0011111100, 0111111100, 0.608008217269911, 0.9641270448436996, 0.0 0.0 0.00012134573713790802 0.003976638237242542 0.019092351581264547 0.1646377301149943 0.8121719343293606, 
50, 0011111100, 0011111000, 0.6108339560427982, 0.9690347670344145, 0.0 0.0 0.0 0.0022031026145969686 0.012546954390867586 0.15408818116798673 0.8311617618265487, 
51, 0011111100, 0011111100, 0.6099024132838555, 0.9646411861119086, 0.0 0.0 0.0004150450298652194 0.004243555474441475 0.032225757882859155 0.13331052102004412 0.82980512059279, 
52, 0011111000, 0011111000, 0.6034585088324914, 0.957700366755092, 0.0 0.0 0.00010344077331730296 0.004793807441386296 0.0314350967436155 0.17613242056478992 0.7875352344768909, 
53, 0011111100, 0011111100, 0.6093507854300991, 0.9671339440695116, 0.0 0.0 0.0 0.0011767581371116354 0.03443134559595 0.12480336997969596 0.8395885262872425, 
54, 0011111100, 0011111100, 0.6084066542463039, 0.9660384234267893, 0.0 0.0 0.0 0.002533266148332889 0.022910916145991632 0.15034782870228275 0.8242079890033928, 
55, 0001111100, 0011111100, 0.6120956854807238, 0.9680454330234252, 0.0 0.0 0.0 0.003625387182399999 0.014698909614622297 0.15145342108300475 0.830222282119973, 
56, 0001111100, 0011111110, 0.6062122570617935, 0.9641098527456738, 0.0 0.0 0.0 0.0007627001937611897 0.015965663633192788 0.1811214556782876 0.8021501804947584, 
57, 0111111110, 0011111100, 0.6125549256819626, 0.9719192610640215, 0.0 0.0 0.0 0.0009177745081775528 0.014614885981571285 0.13650133812819581 0.8479660013820555, 
58, 0111111100, 0011110000, 0.6025986600095298, 0.9557714558967194, 0.0 0.0 0.0 0.006537462799567381 0.04034373067277681 0.1650714148754282 0.7880473916522276, 
59, 0111111100, 0011111110, 0.6036448126286903, 0.9605315436243994, 0.0 0.0 0.0 0.0030715086445426937 0.02979569533715245 0.1680048216456703 0.7991279743726346, 
60, 0011111100, 0011111100, 0.6082711042831223, 0.9615575869158139, 0.0 0.0 0.000464544635939371 0.004211082573571117 0.02420792421412641 0.16774720381239241 0.8033692447639708, 
61, 0011111100, 0111111100, 0.6069371157055559, 0.9597194002127698, 0.0 0.0 0.0 0.0030119938117848404 0.031893858633818294 0.16885990002038986 0.7962342475340071, 
62, 0011111100, 0011111111, 0.6122169004745339, 0.9722885874076866, 0.0 0.0 0.0 0.0005170755648593675 0.02131798412138646 0.12208128061652941 0.8560836596972248, 
63, 0011111100, 0011111100, 0.6110187106668272, 0.9683520099293921, 0.0 0.0 0.0 0.004105762480668369 0.019740903749412838 0.1380888454828173 0.8380644882871015, 
64, 0000000000, 0000000000, 3.5872470050070784e-05, 5.917800188817215e-05, 0.999644931988671 0.00035506801132903287, 
65, 0111111100, 0011111110, 0.6074625233577463, 0.9651855629060604, 0.0 0.0 0.0 0.0014337226518679374 0.013754099847654386 0.17707725491272566 0.807734922587752, 
66, 0011111110, 0011111100, 0.60832927457006, 0.9642752025058811, 0.0 0.0 0.0 0.0023878084703687257 0.01862635154984092 0.16993265645392558 0.8090531835258647, 
67, 0111111100, 0011111100, 0.6087580708854963, 0.9669355103596191, 0.0 0.0 0.0012549262270088422 0.0013144411745380218 0.02157312894646409 0.14627765151770825 0.8295798521342808, 
68, 0111111100, 0111111100, 0.6102846101025236, 0.9665442772851911, 0.0 0.0 0.0 0.00205148493704594 0.022028797228578728 0.15052228702055798 0.8253974308138173, 
69, 0011111100, 0111111100, 0.6053390089589334, 0.9608593964804578, 0.0 0.0 0.0 0.0019810309208566942 0.043854600135403494 0.1411913280838755 0.8129730408598642, 
70, 0011111100, 0011111000, 0.6060208256815556, 0.9594534354817379, 0.0 0.0 0.0 0.0020580303059117566 0.02623467081050876 0.1846359545708195 0.7870713443127599, 
71, 0011111100, 0011111000, 0.6091115234693376, 0.9663230128386877, 0.0 0.0 0.0 0.0033839067993346066 0.022405129191487076 0.1470999441868965 0.8271110198222817, 
72, 0011111100, 0011111100, 0.6056998507187952, 0.9632598693576876, 0.0 0.0 0.0013987378515976383 0.004263841361256894 0.02596308240638247 0.15012814355094806 0.8182461948298149, 
73, 0000000000, 0000000000, 3.4264653640838276e-05, 5.6493002585341395e-05, 0.9996610419844879 0.00033895801551204834, 
74, 0000000000, 0000000000, 3.4295677965907904e-05, 5.656375566716104e-05, 0.9996606372861495 0.00033934289369792395 1.982015252113342e-08, 
75, 0111111100, 0011111100, 0.6034850430418041, 0.9583767453254638, 0.0 0.0 0.0010770010342930044 0.011112997976103055 0.03212130004025858 0.1478499299012186 0.8078387710481268, 
76, 0011111100, 0011111100, 0.61026811515615, 0.9681808411590254, 0.0 0.0 5.587151065400668e-05 0.0025206693442003498 0.01999457415026473 0.14314031067010138 0.8342885743247795, 
77, 0011111100, 0011111000, 0.6111271734119097, 0.9708332020474035, 0.0 0.0 0.0 0.0012606992786612396 0.0161520224224337 0.13891464503472792 0.8436726332641771, 
78, 0011111100, 0011111100, 0.6058290722118681, 0.9620452257051345, 0.0 0.0 0.0 0.0028709241320801064 0.03584444701868161 0.14742697933558932 0.8138576495136489, 
79, 0011111100, 0011111110, 0.6005136188669283, 0.9564089803333652, 0.0 0.0 0.0 0.005643479178092876 0.033294476858105625 0.1780267267493191 0.7830353172144824, 
80, 0001111100, 0011111100, 0.6075959805814906, 0.9622258470578131, 0.0 0.0 0.0 0.0013340070641706101 0.022756658653343954 0.17712957915392125 0.7987797551285641, 
81, 0111111111, 0111111100, 0.6074209099226927, 0.9639230407663184, 0.0 0.0 0.0018340834575876165 0.005408220855374704 0.03049412184675474 0.13191251531210535 0.8303510585281775, 
82, 0111111100, 0001111111, 0.6096367023638032, 0.9688128107712597, 0.0 0.0 0.0 0.002705937427373883 0.01853189439737532 0.1419415342955694 0.8368206338796814, 
83, 0011111100, 0011111100, 0.6113826908386583, 0.9691844751622728, 0.0 0.0 0.0 0.002718773325215975 0.021728463212485012 0.13327990262574552 0.8422728608365535, 
84, 0011111100, 0011111100, 0.6071148970799205, 0.9628463043157829, 0.0 0.0 0.0 0.003437389551220834 0.02607167417491276 0.16046665710181457 0.8100242791720519, 
85, 0011111110, 0011111110, 0.604962547630363, 0.9602604716906653, 0.0 0.0 0.0 0.004106986329862078 0.027681761032303555 0.1707526888018151 0.7974585638360193, 
86, 0011111100, 0011111100, 0.6089038572421857, 0.9641123278491085, 0.0 0.0 8.670393258957635e-06 0.003337513863778192 0.02869412625371995 0.14789055723353864 0.8200691322557042, 
87, 0011111100, 0001111100, 0.6113421988422488, 0.9699857789933489, 0.0 0.0 0.0 0.0016637697112274169 0.01784600394980033 0.1394020090066233 0.841088217332349, 
88, 0000000000, 0011111100, 0.4840807717123861, 0.7677599164930001, 0.20458831040029557 7.222090490133864e-05 5.4314445931485716e-05 0.0037467878218881002 0.026390107305643555 0.10131169825504191 0.663836560866298, 
89, 0011111100, 0011111100, 0.6116596329578574, 0.9674835282516548, 0.0 0.0 0.0 0.004271542849528874 0.026082870827572102 0.13011846028634025 0.8395271260365588, 
90, 0011111100, 0011111100, 0.6052239514166093, 0.9606785578261133, 0.0 0.0 0.00022839704997096742 0.005694978957825387 0.025147854492215724 0.16763441898552853 0.8012943505144594, 
91, 0000000000, 0000000000, 3.411463179845551e-05, 5.628225586588987e-05, 0.9996623299222172 0.0003376466203702972 2.345741252104441e-08, 
92, 0011111000, 0011111100, 0.6051464427326183, 0.9631435120571319, 0.0 0.0 0.0 0.004413858081770198 0.02897488941328829 0.1499475745853215 0.81666367791962, 
93, 0011111100, 0011111100, 0.6066643132649301, 0.9640455373423608, 0.0 0.0 0.0 0.0022242438599682987 0.017347179426038573 0.17435968551385417 0.806068891200139, 
94, 0011111100, 0011111100, 0.6069554788699224, 0.9657663067562807, 0.0 0.0 0.0 0.0017360607828727787 0.024293873734759597 0.15160622964417864 0.8223638358381891, 
95, 0011111100, 0011111100, 0.607345410894855, 0.9633427242712964, 0.0 0.0 0.0003684211272070521 0.002004301113455251 0.026905191744868082 0.15864668303329088 0.8120754029811788, 
96, 0000000000, 0000000000, 3.352874807887492e-05, 5.526381001392273e-05, 0.9996684171399164 0.0003315828600835364, 
97, 0011111110, 0001111100, 0.6103157122567792, 0.9695966090426404, 0.0 0.0 0.0012843133123434157 0.00188511198272495 0.017267807669922516 0.13709214120676402 0.8424706258282452, 
98, 0011111100, 0011111100, 0.6034382564055959, 0.9588384506871388, 0.0 0.0 0.0 0.0017674069130962022 0.03844348680647301 0.16478010152493278 0.7950090047554981, 
99, 0001111100, 0001111100, 0.6086622348885188, 0.9651494739890287, 0.0 0.0 3.7127171114115484e-05 0.0025887082318284678 0.02308592127240251 0.15501668014108055 0.8192715631835743, 
100, 0011111100, 0011111100, 0.6144550244921199, 0.9735830513714047, 0.0 0.0 0.0019419675502819105 0.004366688594629821 0.01038607467095226 0.11686160644465012 0.8664436627394859, 
run, initial grid state, final grid state, mean grid cell occupancy, mean binding site occupancy, fraction of time with N TFs bound, warning
1, 0011111110, 0011111100, 0.6065635692821418, 0.965241683896039, 0.0 0.0 0.0018632083427258899 0.0025693555819211117 0.018469672952332348 0.15644965060243485 0.8206481125205859, 
2, 0011111100, 0011111100, 0.6055482990673253, 0.9632194200686799, 0.0 0.0 0.0 0.003176320215887597 0.025910935089455224 0.15933264876134784 0.8115800959333094, 
3, 0000000000, 0000000000, 3.515982646583642e-05, 5.8015354547918015e-05, 0.9996519149214357 0.0003480780298413616 7.048723073232741e-09, 
4, 0011111100, 0011111100, 0.6098783752064938, 0.9655036546379361, 0.0 0.0 0.0 0.005360628694569241 0.022127067580355566 0.14664205092796512 0.8258702527971101, 
5, 0000000000, 0011111100, 0.531507715999833, 0.8445513014289205, 0.12908265934792376 4.350529518198008e-05 0.0009354292317850816 0.0019378422485603036 0.016959031393128633 0.11450540240394556 0.7365361300794747, 
6, 0011111100, 0011111100, 0.6079253993636508, 0.9669551459832295, 0.0 0.0 0.0005173609293380238 0.003259152638109205 0.019208194292872405 0.14800583388319916 0.8290094582564812, 
7, 0011111000, 0011111100, 0.6068481903636779, 0.9627748311042388, 0.0 0.0 0.0 0.005229750003185499 0.025293981020111673 0.15707380132478696 0.8124024676519159, 
8, 0011111100, 0011111100, 0.6063639245640394, 0.962077430582217, 0.0 0.0 0.00038814739239635915 0.00504310199157167 0.02849679781094135 0.15385992534051507 0.8122120274645755, 
9, 0011111100, 0000000000, 0.46537394892215356, 0.738377325336658, 0.23137332743097971 7.994399525483448e-05 0.00073129200285026 0.007713193477604168 0.018447941259947333 0.11813573245379155 0.6235185693795721, 
10, 0011111100, 0111111100, 0.6092663768866184, 0.9657913889514042, 0.0 0.0 0.001202271371190775 0.003644755605142457 0.012940158830502762 0.16362799633038 0.8185848178627839, 
11, 0111111100, 0000000000, 0.0874915017725796, 0.1386884826799115, 0.8566143467193155 0.0002967300627718653 0.0010297770685465278 0.0003431960473223811 0.0024138180536335207 0.016723040767358432 0.12257909128105181, 
12, 0000000000, 0011111100, 0.5546568960497877, 0.8784086647791424, 0.08667523025342841 3.076529527463146e-05 0.0009817803212486562 0.005431992417987144 0.024134599594705514 0.14085050559983517 0.7418951265175204, 
13, 0000000000, 0000000000, 3.387444552172596e-05, 5.584702713685293e-05, 0.9996649228707088 0.0003350720957612373 5.033529940105619e-09, 
14, 0011111100, 0011111110, 0.6054911571585532, 0.9609802027857929, 0.0 0.0 0.0005534908898246571 0.0031391851248785993 0.030903192092429057 0.16068088016645032 0.8047232517264173, 
15, 0011111100, 0111111110, 0.6144078439535565, 0.970992808256328, 0.0 0.0 0.0008570332045123689 0.0023542515544722757 0.014162447748219157 0.13522736748412753 0.8473989000086686, 
16, 0011111100, 0111111000, 0.6077586210306084, 0.9651947010784944, 0.0 0.0 0.0010559711622868265 0.0013795707722549777 0.023863006353889354 0.15274318385534336 0.8209582678562255, 
17, 0111111100, 0011111000, 0.6096665591209243, 0.9673929418873881, 0.0 0.0 0.0 0.0 0.020798431041071583 0.1540454865935283 0.8251560823654002, 
18, 0011111100, 0011111100, 0.6090986620949189, 0.9673331281935263, 0.0 0.0 0.0 0.0026544571539589973 0.020853616197868102 0.14633062698122867 0.8301612996669442, 
19, 0000000000, 0000000000, 3.4366593614111814e-05, 5.6689194275411424e-05, 0.9996598833453777 0.000340098143592256 1.8511030106317427e-08, 
20, 0111111100, 0011111100, 0.6094755855523017, 0.9671158477504642, 0.0 0.0 0.0 0.001461705777334443 0.024556256332916217 0.1438072834993793 0.83017475439037, 
21, 0011111100, 0000000000, 0.22191957741308965, 0.35105062350813476, 0.6384378657363662 0.0002235625283850942 0.0005952571591067313 0.0028973465075527484 0.005798684676263928 0.03928081437945621 0.31276646901286914, 
22, 0111111100, 0011111100, 0.6099015632071858, 0.9673308176812297, 0.0 0.0 0.0010932358788392656 0.003497583036396503 0.01424081480135059 0.15266777168537338 0.8285005945980403, 
23, 0011111100, 0000000000, 0.446722923978556, 0.7097105654186463, 0.2602180141773731 9.553814909855523e-05 0.000492972869414602 0.006476199410533131 0.01520099123609117 0.12814835949695108 0.5893679246605383, 
24, 0111111100, 0000000000, 0.210749718199295, 0.33370116276869377, 0.6547582321481465 0.00022270875422591253 4.324035321519488e-05 0.0014801077291289396 0.008923078090779774 0.045670645946021174 0.28890198697848235, 
25, 0011111100, 0111111100, 0.6084862630303985, 0.9642288306596913, 0.0 0.0 0.00015698009457724434 0.0041448795586840875 0.020637253727746985 0.1602899495319959 0.8147709370869958, 
26, 0011111100, 0011111100, 0.6101499909951902, 0.9711702120976665, 0.0 0.0 0.0 0.002043115643659603 0.015248599852245363 0.13635218077853123 0.8463561037255638, 
27, 0011111100, 0011111100, 0.6070796320452915, 0.9675764276795281, 0.0 0.0 0.0 0.0024150083676649273 0.02387525173591876 0.13954590534799852 0.8341638345484177, 
28, 0011111100, 0111111100, 0.6044674034607382, 0.960400906661438, 0.0 0.0 0.00022467038705314905 0.005067205937222014 0.02869968019322331 0.16409490028504717 0.8019135431974544, 
29, 0111111100, 0011111100, 0.6054728314069101, 0.9612620504003503, 0.0 0.0 0.0 0.003960225458892792 0.023911188808768483 0.17272464360368323 0.7994039421286555, 
30, 0011111100, 0011111100, 0.6120442724831296, 0.9688191610942457, 0.0 0.0 0.0 0.0037483339873391527 0.01707877533943443 0.14168248079363946 0.8374904098795869, 
31, 0011111100, 0011111100, 0.60305458587962, 0.9580961472334134, 0.0 0.0 0.0004175243996430862 0.007190344610688217 0.03061028903275974 0.16696140710336335 0.7948204348535456, 
32, 0011111100, 0011111100, 0.6119174544753728, 0.9707155128381044, 0.0 0.0 0.0 0.005184501587197638 0.01620343142161683 0.12774655536654747 0.8508655116246382, 
33, 0011111100, 0011110000, 0.6027465436218302, 0.9584588814805944, 0.0 0.0 0.0 0.006696553410764376 0.028716194439571623 0.1717246620049964 0.7928625901446675, 
34, 0011111100, 0000000000, 0.11144468291904013, 0.1766827428220587, 0.814434633149288 0.0002720508352981827 0.001553858273830105 0.004339515280810772 0.004849496159376604 0.02300251873892297 0.15154792756247334, 
35, 0000000000, 0000000000, 3.412767671717113e-05, 5.627466460847717e-05, 0.9996624305266768 0.0003374909589955384 7.851432766233171e-08, 
36, 0011111100, 0011111100, 0.6083030552479484, 0.964319564564808, 0.0 0.0 0.0009439925157587868 0.002255707766244241 0.02287146176265324 0.1577965957240772 0.8161322422312666, 
37, 0011111100, 0011111100, 0.6091143710789083, 0.9674357860500591, 0.0 0.0 0.0 0.000953376802321729 0.01791362261901025 0.15669790805465986 0.8244350925240082, 
38, 0011111100, 0011111000, 0.6057421195544117, 0.9626810224140752, 0.0 0.0 0.0 0.008222378731370028 0.025946055843798707 0.14735461763384125 0.81847694779099, 
39, 0011111100, 0111111000, 0.6062318996636928, 0.9612779513158395, 0.0 0.0 0.0 0.003931412963136619 0.02899591701801591 0.16254621917952128 0.8045264508393262, 
40, 0011111100, 0111111100, 0.6036872070570378, 0.9596112191898493, 0.0 0.0 1.913898512931097e-05 0.004109111007998784 0.029939048187695484 0.17005069952100024 0.7958820022981762, 
41, 0011111110, 0011111100, 0.614229390318191, 0.9728114700069372, 0.0 0.0 0.0 0.0 0.01380669567743522 0.13551778860350666 0.8506755157190581, 
42, 0000000000, 0011111100, 0.36091671775703427, 0.573001129012434, 0.40004765250472046 0.0001384171475003405 0.00015766041823086282 0.00365949234821961 0.019294272606685557 0.11081756122861793 0.46588494374602524, 
43, 0011111100, 0011111110, 0.6108059894638862, 0.9700331280275996, 0.0 0.0 0.0 0.0009587815251517295 0.023523852076872874 0.12987718310520188 0.8456401832927735, 
44, 0111111100, 0011111100, 0.6037630572427146, 0.9585960517899159, 0.0 0.0 0.0 0.005677866054730443 0.030196480495115537 0.1709971301060825 0.7931285233440715, 
45, 0001111100, 0011111100, 0.6024574580353872, 0.9601589630384874, 0.0 0.0 0.0009450520896409806 0.0065742370334309335 0.026691793973923683 0.16215971436237214 0.8036292025406323, 
46, 0011111100, 0011111110, 0.5999678346148221, 0.9521350060128196, 0.0 0.0 0.0006708898490774347 0.013178525600079155 0.02922051894888023 0.18652978982877472 0.7704002757731884, 
47, 0011111000, 0011111110, 0.6104522560513403, 0.9682458253606052, 0.0 0.0 0.0 0.0006820900917460236 0.017852181953712715 0.1527744136537052 0.8286913143008361, 
48, 0000000000, 0011111100, 0.40726303793987473, 0.6454835584735559, 0.3337209718776657 0.00011939225911979384 0.0002264560486981982 0.0010098952341349918 0.015674483788349968 0.08889137912317412 0.5603574216688573, 
49, 0011111100, 0111111100, 0.6081078077329338, 0.9648048091339971, 0.0 0.0 0.0 0.0011456839486947512 0.02224943957309201 0.1632352142037489 0.8133696622744643, 
50, 0011111100, 0011111100, 0.6088202907975143, 0.9648160688222693, 0.0 0.0 0.0 0.0025546024301517645 0.01903845605577409 0.1653628676643813 0.8130440738496929, 
51, 0000000000, 0000000000, 3.498102495429763e-05, 5.7691976965412636e-05, 0.9996538481382076 0.0003461518617924758, 
52, 0011111100, 0011111000, 0.6117244414368844, 0.9690228437120562, 0.0 0.0 0.0 0.0001368338750507718 0.01906536416422395 0.14732170777406312 0.8334760941866621, 
53, 0011111100, 0011111100, 0.607804820211421, 0.9636737827371191, 0.0 0.0 0.0 0.006109696671272913 0.03174615497540518 0.13613590361265634 0.8260082447406656, 
54, 0000000000, 0011111100, 0.1672097845525597, 0.26487682782008654, 0.723154285070922 0.00025443265913011905 8.883958061536153e-06 0.0015675015672267048 0.015737208363282112 0.034328702097807154 0.22494898628357032, 
55, 0001111100, 0011111110, 0.6094037622473772, 0.9654917357187806, 0.0 0.0 0.0 0.002168613766424088 0.018358367388350463 0.1638270096113436 0.8156460092338818, 
56, 0011111100, 0111111000, 0.6088085134537049, 0.9645896462040098, 0.0 0.0 0.0 0.001298958352746055 0.028665650248153637 0.15123394722139613 0.8188014441777042, 
57, 0000000000, 0111111100, 0.06477553347488181, 0.10220696755668061, 0.8946240309842519 0.00030638106585874017 0.000876817537945665 0.0014628695581757453 0.0031175534251372014 0.003351117748526959 0.0962612296801038, 
58, 0011111100, 0011111000, 0.6082663010326345, 0.9662910791037149, 0.0 0.0 0.0 0.0025577009060337996 0.036995245648398005 0.12058993136281307 0.8398571220827551, 
59, 0011111100, 0001111100, 0.6111024027900367, 0.9680308349846946, 0.0 0.0 0.0 0.002371219639230115 0.011908644889844782 0.16088404139445325 0.824836094076472, 
60, 0011111100, 0111111100, 0.6064675690456129, 0.963096449934014, 0.0 0.0 0.0 0.0 0.024901525050774944 0.1716182502943662 0.8034802246548588, 
61, 0011111100, 0011111100, 0.6051913988812101, 0.959615440767728, 0.0 0.0 0.0 0.005111485978813312 0.025908731024162263 0.17515543540886863 0.7938243475881558, 
62, 0011111100, 0011111000, 0.6139122513786942, 0.9703513657973976, 0.0 0.0 3.543979398534411e-05 0.0032413856760877937 0.021381379196755174 0.12526313061789976 0.850078664715272, 
63, 0011111110, 0011111100, 0.6105197589227062, 0.9700106100367102, 0.0 0.0 0.0 0.0009614634040156716 0.018872156779793415 0.13930763600810495 0.8408587438080859, 
64, 0011111100, 0011111110, 0.610184795190035, 0.9658444213723401, 0.0 0.0 0.0 0.003661079289915448 0.02452225208195258 0.14490572973230784 0.8269109388958242, 
65, 0011111100, 0011111110, 0.6103807671042255, 0.9676688491726206, 0.0 0.0 0.0001450215858030319 0.004388289282548115 0.02492372869307086 0.13039449338727785 0.8401484670513001, 
66, 0011111100, 0001111100, 0.6092778039684302, 0.9681836209811173, 0.0 0.0 0.0015665152146136475 0.004400663403938469 0.018465693933225884 0.1344988351765746 0.8410682922716474, 
67, 0011111100, 0011110000, 0.6062314603788524, 0.9632998033626214, 0.0 0.0 1.8691641308920723e-05 0.002170555410969825 0.02682706225832836 0.15996062250946988 0.811023068179923, 
68, 0011111110, 0011111100, 0.6096575646002934, 0.9635687779918034, 0.0 0.0 0.00023527289501065296 0.0035400979970695782 0.030315069053020904 0.1463958083718865 0.8195137516830123, 
69, 0011111100, 0111111100, 0.6100276409813535, 0.9657930963917994, 0.0 0.0 0.0 0.003317754778504485 0.016171575919463946 0.16294500547476265 0.8175656638272689, 
70, 0011111100, 0011111000, 0.6118985407577241, 0.969561592767844, 0.0 0.0 0.0 0.001545548702975483 0.015060038772321867 0.14787371973936483 0.8355206927853379, 
71, 0111111100, 0000000000, 0.009278042242199067, 0.014474637684305238, 0.9824155701227204 0.0003415334996255132 0.0031942511685827033 0.0009890709974895806 0.00020893486323214533 0.0007889982664546618 0.012061641081894978, 
72, 0011111100, 0011111100, 0.6080648159056363, 0.9643893711027504, 0.0 0.0 0.0 0.0006543326371657209 0.020992106139263417 0.16971656319347408 0.8086369980300968, 
73, 0011111100, 0011111100, 0.6054431459182419, 0.9604859780316456, 0.0 0.0 0.0 0.004310739680366402 0.027293855274421932 0.16956420222018354 0.7988312028250282, 
74, 0011111100, 0111111110, 0.6104821511650904, 0.9651807765985713, 0.0 0.0 0.0 0.003694238320721785 0.02401229031140916 0.1498080448235885 0.8224854265442806, 
75, 0111111100, 0111111100, 0.6092741169772845, 0.9676866078183063, 0.0 0.0 0.0 0.0027595017774199302 0.023082065931297725 0.13943771589530699 0.8347207163959753, 
76, 0000000000, 0011111100, 0.02502450009497025, 0.03873420679880938, 0.9561340148036216 0.00032683130122379675 0.0022674302774286976 0.0044598054115099 0.000837731549591791 0.005031913435867967 0.03094227322075639, 
77, 0001111100, 0011111000, 0.6053326628720024, 0.9615436207710054, 0.0 0.0 0.0007097119061514308 0.007410429147579159 0.019415222110612588 0.16683769608539917 0.8056269407502576, 
78, 0011100000, 0011111110, 0.6017905935580037, 0.9557556293245633, 0.0 0.0 0.0020892599092272725 0.012030708541794426 0.038611683320568795 0.14379369214919105 0.8034746560792184, 
79, 0001111110, 0011111100, 0.6096839773221371, 0.9678616861766719, 0.0 0.0 0.0 0.0021575964667548166 0.026055231383251908 0.1342466307732004 0.8375405413767928, 
80, 0011111100, 0011111100, 0.60879663422674, 0.9666295311547276, 0.0 0.0 0.0 0.0018502321486813962 0.02560561782011699 0.14346088098535623 0.8290832690458454, 
81, 0011111110, 0011111000, 0.6090703439126441, 0.965700668012341, 0.0 0.0 0.002260928464265891 0.007434297549379808 0.01415387186568949 0.1461416416893728 0.8300092604312921, 
82, 0011111100, 0011111100, 0.6082645433271179, 0.9678326519973403, 0.0 0.0 0.0 0.0019604108919685226 0.026621707510658534 0.13387944031873544 0.8375384412786375, 
83, 0001111100, 0000000000, 0.22561788216153927, 0.360148970421933, 0.6272777402879526 0.00022299030223273093 0.0005723283630739507 0.0006790607070845081 0.009036811503945795 0.05192466564808212 0.31028640318762835, 
84, 0011111100, 0011111100, 0.6115080661422835, 0.9701236994654442, 0.0 0.0 0.0 0.0012271978514294963 0.01922103254124519 0.13713414457055587 0.8424176250367695, 
85, 0000000000, 0000000000, 3.491717168105748e-05, 5.7594669100017015e-05, 0.9996545564906515 0.00034531900409678163 1.2450525166023344e-07, 
86, 0011111110, 0011111100, 0.6067579981390436, 0.9622938909043275, 0.0 0.0 0.0 0.003356772376017059 0.026278335387364928 0.1636096666712545 0.8067552255653635, 
87, 0011111100, 0011111000, 0.6081785461356273, 0.9670422111394749, 0.0 0.0 4.091684605605545e-05 0.0017758274082253233 0.017775993126562018 0.15670359730112693 0.8237036653180296, 
88, 0000000000, 0000000000, 4.840832658359247e-05, 8.007560900002808e-05, 0.9995910214853897 0.00033750337522038944 7.147513938988957e-05, 
89, 0011111100, 0011111100, 0.612648400401144, 0.9681513194609378, 0.0 0.0 0.0 0.0019702389985108088 0.016369973123444043 0.15244141999195313 0.829218367886092, 
90, 0011111100, 0011111000, 0.6091110636248408, 0.9671990484052125, 0.0 0.0 0.0 0.0016872294263221251 0.02387894654348672 0.14398612820278472 0.8304476958274064, 
91, 0011111110, 0011111100, 0.6149160194192559, 0.9732249570813298, 0.0 0.0 0.0 0.0016481562608861957 0.015082261412802106 0.12554126590375855 0.8577283164225532, 
92, 0000000000, 0001111000, 0.5208006016465783, 0.822758587072016, 0.1516819830379079 5.335122131414133e-05 0.0005332112920359202 0.0011568765438401414 0.009665821764482373 0.1281547049052574 0.7087540512351621, 
93, 0011111100, 0011111100, 0.6055386040390244, 0.9615748323944622, 0.0 0.0 0.0 0.0029285465451725887 0.025790526373027013 0.17018431325165437 0.801096613830146, 
94, 0011111100, 0000000000, 0.5274153486402658, 0.8364556814919881, 0.13671374895984853 4.613114896808351e-05 0.0002637796541961034 0.0023520180215940018 0.012624113030941074 0.12739336280069175 0.7206068463837605, 
95, 0011110000, 0011111100, 0.6082093304631964, 0.9624454960276894, 0.0 0.0 0.0013412218276106175 0.0062897681199199805 0.021936834734182866 0.15721916269529615 0.8132130126229904, 
96, 0001110000, 0011111100, 0.6074999613989295, 0.9644182907541186, 0.0 0.0 0.0 0.002360536672246457 0.026756425272144967 0.15289579491425934 0.8179872431413493, 
97, 0011111100, 0011111100, 0.6110298607515414, 0.969003044992655, 0.0 0.0 0.0 0.0008580272793914022 0.01582291112942665 0.151761825947042 0.83155723564414, 
98, 0011111100, 0011111100, 0.6097063369835958, 0.9662481296578892, 0.0 0.0 0.0 0.00027703396390290486 0.024956437913623293 0.15176724433371008 0.8229992837887637, 
99, 0011111100, 0111111110, 0.6065754229847174, 0.9638515083288709, 0.0 0.0 0.0 0.0038092472001421446 0.026862895794801594 0.15173741683674435 0.8175904401683118, 
100, 0011111100, 0011111100, 0.5996577959152506, 0.9551588898909438, 0.0 0.0 0.0009420707587849526 0.009035994217024586 0.03936562248094152 0.15943915000624093 0.791217162537008, 
run, initial grid state, final grid state, mean grid cell occupancy, mean binding site occupancy, fraction of time with N TFs bound, warning
1, 0001111000, 0011111100, 0.6152766571286085, 0.9730930540678283, 0.0 0.0 0.0 0.0 0.013145784636260514 0.1351501063205095 0.85170410904323, 
2, 0011111100, 0011111100, 0.6130441819624539, 0.9702578805938313, 0.0 0.0 0.0 0.002062629390123224 0.018710275332494346 0.13484427760165416 0.8443828176757282, 
3, 0000000000, 0000000000, 3.387346445839737e-05, 5.584307607331728e-05, 0.9996649415435601 0.0003350584564399037, 
4, 0111111100, 0001111100, 0.6097941498052758, 0.9677182691974607, 0.0 0.0 0.0 0.0026823003629992685 0.016624983928441757 0.15239351586935468 0.8282991998392043, 
5, 0011111100, 0011111000, 0.6025401846985494, 0.95716288705756, 0.0 0.0 0.0 0.008386907918226789 0.02589505981160197 0.18007183427675597 0.7856461979934153, 
6, 0001111100, 0011111110, 0.6062223509580674, 0.9622670911574253, 0.0 0.0 0.0 0.0039153527455757274 0.03366926845546292 0.14731285790779589 0.8151025208911654, 
7, 0011111110, 0111111110, 0.61235065219252, 0.9696647976045932, 0.0 0.0 0.0 0.002595620880771818 0.017598702878365083 0.13902694597339463 0.8407787302674684, 
8, 0011111110, 0011111100, 0.6174710427198126, 0.975463567906054, 0.0 0.0 0.0 0.0009255804656872294 0.011525710161783215 0.12139043084304765 0.8661582785294819, 
9, 0011111100, 0011111110, 0.6133367374039236, 0.9709994276474155, 0.0 0.0 0.0012108266514278593 0.003793608569014157 0.015713069469266858 0.12635316286421946 0.8529293324460717, 
10, 0011111100, 0011111110, 0.6082554023250284, 0.9644751021388392, 0.0 0.0 0.0 0.003056733600948254 0.0246293997258792 0.1547203869123612 0.8175934797608113, 
11, 0000000000, 0011111100, 0.5350164840652247, 0.8516470145799855, 0.11216761965340145 3.679404786353907e-05 0.00047727143508532213 0.006667760152716962 0.026159084322364128 0.1426976895171402 0.7117937808714283, 
12, 0001111100, 1111111110, 0.61148915432775, 0.9671660391106804, 0.0 0.0 0.0 0.00018800820290349778 0.01871846100951943 0.1590028187081682 0.8220907120794089, 
13, 0111111100, 0001111100, 0.6026398360212128, 0.9540210107682052, 0.0 0.0 0.0014005873524788445 0.006731452538384929 0.03432978693662947 0.18141765449243985 0.7761205186800669, 
14, 0000000000, 0000000000, 3.279868894135257e-05, 5.407259034770637e-05, 0.9996755644579137 0.0003244355420862382, 
15, 0000000000, 0011111000, 0.42165918244066264, 0.6691040840689706, 0.3068560207418397 0.00010571876205998644 0.001571857392606735 0.002566488943735077 0.015689494563918396 0.09834489179536893 0.5748655278004712, 
16, 0111111000, 0001111100, 0.6041113229570432, 0.96105102593076, 0.0 0.0 1.2280503549703529e-05 0.0028097847852602315 0.02818263422149077 0.16885009960247896 0.8001452008872204, 
17, 0011111100, 0011111100, 0.614972674712635, 0.9734952682781698, 0.0 0.0 0.0 0.000705994392091944 0.015637078945841668 0.1256362492630226 0.8580206773990439, 
18, 0011111100, 0011111100, 0.6112100457405452, 0.969941236579941, 0.0 0.0 0.0 0.0005069152675525346 0.012401776423776918 0.15402828187014272 0.8330630264385279, 
19, 0011111100, 0001111100, 0.6084890573276387, 0.9664407519678568, 0.0 0.0 0.0 0.00016322147900456473 0.022701001180494312 0.15546382139485682 0.8216719559456442, 
20, 0000000000, 0000000000, 0.00015375885405791818, 0.00015735952930230864, 0.9990559804224405 0.0009438819793050014 1.3759825442518506e-07, 
21, 0011111100, 0011111100, 0.6127060280721469, 0.9725630825081041, 0.0 0.0 8.086371581191108e-05 0.002763505006230076 0.011343462043854636 0.13332061098172848 0.8524915582523749, 
22, 1111111100, 0001111100, 0.6121458735562598, 0.9703610471699656, 0.0 0.0 0.0010378968759519713 0.00040867770259141916 0.021027270334251023 0.13040155570012227 0.8471245993870833, 
23, 0011111100, 0011111100, 0.6061638604149977, 0.9621067675567906, 0.0 0.0 0.0 0.004071832990207984 0.025804873522047887 0.16353414864453705 0.806589144843207, 
24, 0011111100, 0000000000, 0.098165821529528, 0.15577287000282225, 0.8375365354543904 0.0002956028408619052 0.0006391338198186102 0.0002180343632116204 0.005987401354736692 0.02348011197403131 0.1318431801929494, 
25, 1111111100, 0011111100, 0.6086544451294899, 0.9645451679522647, 0.0 0.0 0.0008065125373324893 0.0029675361920545778 0.02909310240423158 0.14241412875245443 0.824718720113927, 
26, 0011111100, 0001111100, 0.6101494835238505, 0.9683310846595384, 0.0 0.0 0.0 0.0008093815326327936 0.02231888103572324 0.1429475853734248 0.8339241520582191, 
27, 0000000000, 0000000000, 3.359569737097794e-05, 5.538074323375451e-05, 0.9996677964602964 0.00033212262000500585 8.091969876062302e-08, 
28, 0011111100, 0001111100, 0.6025483733708435, 0.9593402803245711, 0.0 0.0 0.0 0.000949667729127634 0.03478501555291119 0.17153928375936833 0.7927260329585928, 
29, 0011111000, 0111111100, 0.6098003104024523, 0.9659959933814494, 0.0 0.0 0.0008870065392354555 0.0027797077572382627 0.018121177050480494 0.1558945361816863 0.8223175724713595, 
30, 0011111100, 0111111100, 0.6080867856484081, 0.9639060007096364, 0.0 0.0 0.0 0.002526494387068606 0.02216810203548063 0.16464830851001364 0.8106570950674372, 
31, 0011111110, 0111111100, 0.605704228604065, 0.9607054235897832, 0.0 0.0 0.000738065310484852 0.005989157737490193 0.028904817133568975 0.15703808973975286 0.8073298700787032, 
32, 0011111100, 0011111100, 0.6040169471084337, 0.9599558846990816, 0.0 0.0 0.002311799545706113 0.0031293806164655797 0.03411909746133855 0.15339115685061258 0.8070485655258772, 
33, 0011111100, 0111111100, 0.6093218076941886, 0.9671344651241899, 0.0 0.0 0.0 0.00011845508833970163 0.020396902705994955 0.1560440385778518 0.8234406036278136, 
34, 0001111100, 0011111100, 0.6088987207503876, 0.9692714668891261, 0.0 0.0 0.0 0.0018508888504514239 0.024040188503744047 0.13073815510640133 0.8433707675394032, 
35, 0011111000, 0011111100, 0.6151976153791263, 0.9740273404819921, 0.0 0.0 0.0 0.00146381180708568 0.01863903726108569 0.11416644716461911 0.8657307037672095, 
36, 0011111100, 0011111100, 0.6130734531154107, 0.9699054617826508, 0.0 0.0 0.0 0.004208581961248545 0.023797889574164795 0.1203457042720203 0.8516478241925663, 
37, 0000000000, 0011111100, 0.03289094792688745, 0.05253395914623395, 0.9452629959091268 0.000703674846526453 9.168510623670403e-05 0.0010020192727352322 0.00030725430118867325 0.005712588589673269 0.046919781974512846, 
38, 0011111110, 0011111100, 0.6096162989295209, 0.9675212594207683, 0.0 0.0 0.0002724148446961811 0.0033978939123842826 0.0209723268925076 0.14164444857443784 0.8337129157759741, 
39, 0011111100, 0011111110, 0.6071701350958576, 0.9617028064447105, 0.0 0.0 0.0001497508342702048 0.006502061489717378 0.030867581469661377 0.1479428105861813 0.8145377956201698, 
40, 0011111100, 0011111000, 0.608465739289664, 0.9648025162651076, 0.0 0.0 0.0 0.0015309922279202511 0.02812381932187161 0.15034428708185069 0.8200009013683575, 
41, 0011111100, 0011111100, 0.6048236171448275, 0.960210051515251, 0.0 0.0 0.0001647060038374719 0.006346194861540652 0.02980997931063624 0.15942232368724968 0.8042567961367358, 
42, 0111111100, 0001111100, 0.6100893779880349, 0.9679094979286992, 0.0 0.0 0.0 0.0017313919746044701 0.025413526511406645 0.13652178348117772 0.8363332980328112, 
43, 0001111100, 0011111100, 0.6063884897218255, 0.9615377817178432, 0.0 0.0 0.0 0.002356658323531179 0.02756540900293942 0.1685725167164683 0.8015054159570612, 
44, 0011111100, 0011111110, 0.6041435643019956, 0.9604154891085251, 0.0 0.0 0.0 0.0020895671427104585 0.03318831954837726 0.1648617248239632 0.7998603884849491, 
45, 0000000000, 0000000000, 3.3321823824126825e-05, 5.49639974223731e-05, 0.9996702367973015 0.0003297424208625816 2.078183582850865e-08, 
46, 0001111100, 0011111111, 0.6041515447510906, 0.9608074420937547, 0.0 0.0 0.0012756243464021454 0.004404742019914289 0.025785946094008052 0.16526673180410453 0.8032669557355709, 
47, 0111111100, 0011111100, 0.6139062646128219, 0.9720512353407083, 0.0 0.0 0.0 0.002795767897472928 0.01519669424991382 0.1289118957635045 0.8530956420891087, 
48, 0011111000, 0011111100, 0.60854843295904, 0.9650531927600755, 0.0 0.0 0.0003265961870286862 0.004462210140467314 0.02473995741921878 0.14550791343159242 0.8249633228216927, 
49, 0011111100, 0011111110, 0.6078839308347332, 0.9644449304519033, 0.0 0.0 0.0 0.0006154756589026678 0.030034240149487905 0.1514155100128965 0.8179347741787129, 
50, 0111111110, 0111111100, 0.6110852304271305, 0.9689478875487129, 0.0 0.0 0.0 0.004843902399159655 0.01752755032538939 0.136725866859465 0.8409026804159859, 
51, 0011111100, 0011111110, 0.6099245583042353, 0.9696197425210334, 0.0 0.0 0.0009900918902480034 0.002840399432815086 0.0161570465638901 0.1374858858865822 0.8425265762264645, 
52, 0011111100, 0111111100, 0.6080284351709487, 0.9650963962267177, 0.0 0.0 0.0 0.0 0.02068738554844325 0.16804685154280655 0.8112657629087502, 
53, 0011111100, 0011111100, 0.6046073084216507, 0.9591003666201492, 0.0 0.0 0.0 0.005377936965085629 0.02706180553170495 0.17514037832043797 0.7924198791827715, 
54, 0011110000, 0000000000, 0.5947992814757281, 0.9418617615747108, 0.01927703857285931 6.7942194153013675e-06 0.0010917452712245798 0.009430852074326614 0.03447752308947334 0.13151864453067835 0.8041974022420225, 
55, 0011111100, 0011111100, 0.6087760343113797, 0.9663543000608478, 0.0 0.0 0.0003536391668829463 0.003387924867532111 0.01734140766369598 0.15561305303739306 0.8233039752644958, 
56, 0011111110, 0011111100, 0.6083348766627696, 0.9646247973397676, 0.0 0.0 0.0005209880400229068 0.0030398558331903103 0.031840193099243894 0.13736731010324443 0.8272316529242985, 
57, 0111111100, 0011111100, 0.6105471616813553, 0.9667433747852482, 0.0 0.0 0.0 0.004450227035414264 0.016717681446178995 0.15275370728991006 0.8260783842284967, 
58, 0011111100, 0011111100, 0.6117239805477863, 0.9708439610738466, 0.0 0.0 0.0 0.00018323933993841918 0.012389370442442172 0.1496077746522209 0.8378196155653985, 
59, 0000000000, 0000000000, 3.4063761239636873e-05, 5.618258328641581e-05, 0.9996629548812519 0.000336994737777902 5.0380970296405604e-08, 
60, 0011111100, 0011111100, 0.6091370756010381, 0.966953123973854, 0.0 0.0 0.0 0.005788752851351839 0.020496972457677794 0.13992105268746505 0.8337932220035054, 
61, 0001111000, 0011111110, 0.6098488094240704, 0.9667071901926609, 0.0 0.0 0.0 0.004271951068520602 0.022015481437159815 0.14291004276415334 0.8308025247301661, 
62, 0011111100, 0011111100, 0.6099205877629966, 0.9693579827863744, 0.0 0.0 0.0009598977057215145 0.0017266557047657739 0.011234197271251465 0.15236415080206736 0.833715098516194, 
63, 0011111110, 0011111000, 0.6097179302151903, 0.9686899898982272, 0.0 0.0 0.0 0.0005510207661966199 0.019095788958183674 0.14801542039567986 0.8323377698799398, 
64, 0000111110, 0001111100, 0.6071414507327673, 0.9662232453180709, 0.0 0.0 0.0 0.0010156823313472382 0.024691581397066176 0.15023031830340003 0.8240624179681866, 
65, 0011111100, 0001111100, 0.6117385820630243, 0.9693359787314314, 0.0 0.0 0.0 0.0009000431810930796 0.017563960728456837 0.14615607661121854 0.8353799194792315, 
66, 0011111100, 0011111100, 0.6111425915250726, 0.9665475694932157, 0.0 0.0 0.0 0.0026475670821316183 0.020946251881564435 0.15087937803118215 0.8255268030051217, 
67, 0011111100, 0001111100, 0.48813537270218843, 0.7725826754105611, 0.20169820461989763 7.356423789387657e-05 0.0008471397419550304 0.0036941846423328485 0.016762998974025254 0.10594978778490924 0.670974119998986, 
68, 0011111000, 0111111100, 0.609964146868638, 0.969840755420249, 0.0 0.0 0.0 0.00036391117441194395 0.018274598251243383 0.1433145374527839 0.8380469531215607, 
69, 0011111100, 0011111110, 0.6114127541248616, 0.9699424498184005, 0.0 0.0 0.0 0.0009628348001649265 0.012514228345265997 0.15242833999857022 0.8340945968559988, 
70, 0111111100, 0011111100, 0.6089767731415344, 0.9658334977499452, 0.0 0.0 0.0 0.003115134200203759 0.022545943839713787 0.15056172322029016 0.8237771987397923, 
71, 0011111000, 0011111110, 0.609222721015998, 0.9647884707423101, 0.0 0.0 0.0 0.006412181496303173 0.02710625852437333 0.13782011400848315 0.8286614459708403, 
72, 0000000000, 0011111110, 0.05475239637334063, 0.08668808654545605, 0.9075087236548626 0.0003094177771939399 0.0025190798161706467 0.0008963185091974621 0.00451187923239742 0.011483016655048415 0.0727715643551295, 
73, 0011111100, 0011111100, 0.6107440800874963, 0.9676291678778925, 0.0 0.0 0.0 0.0 0.017456281822921867 0.1593124290868011 0.823231289090277, 
74, 0011111100, 0011111100, 0.6107770083011488, 0.9669798971355594, 0.0 0.0 0.0 0.0027696007989323986 0.0220283630582358 0.1457550886733752 0.8294469474694567, 
75, 0011111100, 0011111100, 0.6048592346191041, 0.9612561045358571, 0.0 0.0 0.00044352068297556465 0.004678282582652696 0.03210448635676105 0.15244546959147565 0.810328240786135, 
76, 0000000000, 0011111100, 0.011923877512271436, 0.018200224856342734, 0.9768776520597504 0.0003429061088341688 0.001987996484388794 0.005312645003284726 0.000689725016898087 0.002548836978064832 0.012240238348778996, 
77, 0011111100, 0011110000, 0.6077111893350705, 0.9645333290293766, 0.0 0.0 0.0 0.0009891118203109786 0.029308202562581754 0.15121628523764385 0.8184864003794634, 
78, 0000000000, 0000000000, 3.3416499341589914e-05, 5.5093721803680535e-05, 0.9996694376691778 0.0003305623308220832, 
79, 0011111100, 0011111100, 0.6082486235785541, 0.9638727020793874, 0.0 0.0 0.0 0.003706879820669428 0.020941144929591402 0.16376085820248484 0.8115911170472544, 
80, 0000000000, 0011111000, 0.5727154976935275, 0.9116693425631414, 0.04547459369201536 0.00012747943307258545 0.0013178139336684983 0.0034816383021010456 0.02630675531946199 0.18816930402379659 0.735122415295884, 
81, 0011111100, 0011110000, 0.606685376632194, 0.9622790706480209, 0.0 0.0 0.0 0.0017804213895031382 0.030258472036400093 0.1604673678705649 0.8074937387035319, 
82, 0001111100, 0011111100, 0.6101380745171864, 0.96873717129732, 0.0 0.0 0.00018003957013993033 0.0018153080086081082 0.024882986565075278 0.1316449167795456 0.8414767490766311, 
83, 0011111110, 0011111100, 0.6090689284383392, 0.9665290122295451, 0.0 0.0 0.0 0.0011598489828507103 0.022649601716990483 0.15204717624019637 0.8241433730599625, 
84, 0011111100, 0001111100, 0.6075434213847418, 0.963524668747548, 0.0 0.0 0.0 0.008484772442978109 0.013415125447708887 0.1665674192903599 0.8115326828189531, 
85, 0001111100, 0011111100, 0.6048213560726626, 0.9605908023132511, 0.0 0.0 0.0009528805586053642 0.005782831547794966 0.025653427491815543 0.16398831425905594 0.8036225461427281, 
86, 0000000000, 0000000000, 0.0008726745632910745, 0.0013663558148654337, 0.9966174848599826 0.0003432028438428698 0.0012635153380062465 0.0017752864633361497 5.104948321978251e-07, 
87, 0011111111, 0011111100, 0.6087833572981716, 0.9649636583765853, 0.0 0.0 0.0 0.0012554479094064803 0.02648173589824995 0.15348823421576852 0.818774581976575, 
88, 0000000000, 0011111100, 0.4516503765514019, 0.7149404215516882, 0.2597561747873063 9.060049119442353e-05 0.0025409561134845868 0.0017259182315724803 0.011182309804553417 0.11366122075229819 0.6110428198195906, 
89, 0011111100, 0011111100, 0.6150325506326156, 0.9688181548664926, 0.0 0.0 0.0 0.0020970367920181295 0.020560063638729933 0.13967983314753013 0.8376630664217218, 
90, 0001111100, 0011111100, 0.6087595299069225, 0.9659778102214573, 0.0 0.0 0.0008976724109805197 0.0028054278498759154 0.02046217507019294 0.15120181533732047 0.8246329093316302, 
91, 0011111100, 0011111110, 0.6071902895554244, 0.9640518497911941, 0.0 0.0 0.0 0.0031517861740728782 0.023353393638780796 0.15952675545305575 0.8139680647340906, 
92, 0000000000, 1111111000, 0.5656665817470572, 0.9020283085552364, 0.05288302058428126 1.6662518300024065e-05 0.0034974791497670537 0.006708324190219079 0.037924483490109406 0.16048485642144986 0.7384851736458733, 
93, 0000000000, 0011111100, 0.25629725073968607, 0.40718962459844055, 0.5758860589027888 0.0004446895909143596 0.0009601462009888603 0.003746987745343503 0.008104990658484527 0.068030921681097 0.342826205220383, 
94, 0111111110, 0001111100, 0.6070818103675472, 0.9632119299731962, 0.0 0.0 6.89896014213278e-05 0.004649414501189774 0.02999374704813389 0.14651672415530084 0.8187711246939541, 
95, 0011111100, 0011111110, 0.6054083625604592, 0.9615514769291191, 0.0 0.0 0.0010930065589078266 0.008598462932303064 0.024866166787541548 0.1507913898176627 0.8146509739035849, 
96, 0011111100, 0000000000, 0.4428043753829372, 0.7027313613948366, 0.26976964690245264 9.177225221463611e-05 0.002211339607295195 0.001921726781278593 0.018339257353482026 0.11324603547521189 0.5944202216280651, 
97, 0011111100, 0011111100, 0.6107631883008073, 0.9694899894557997, 0.0 0.0 0.0 0.0005837218609719048 0.018833269773371422 0.1436423581355426 0.836940650230114, 
98, 0011111100, 0011111100, 0.44602207262293425, 0.7074304396473876, 0.2661167965376376 9.245700680359843e-05 0.0002896800228030305 0.0018086188718838207 0.01911250714854749 0.11344470685187291 0.5991352335604515, 
99, 0001111100, 0001111100, 0.6104805791047048, 0.9671994335376706, 0.0 0.0 0.0007150076824942089 0.0023694539070905954 0.02486310356588511 0.13710879919095836 0.8349436356535718, 
100, 0000000000, 0000000000, 3.484341574770995e-05, 5.749832106401348e-05, 0.9996550100736159 0.0003449899263840809, 
run, initial grid state, final grid state, mean grid cell occupancy, mean binding site occupancy, fraction of time with N TFs bound, warning
1, 0011111100, 0011111100, 0.6061500834166218, 0.962246364174327, 0.0 0.0 0.0 0.0020154340182969113 0.025428093459708975 0.1696193259797298 0.8029371465422643, 
2, 0011111100, 0011111100, 0.6075188036490731, 0.9653986036088348, 0.0 0.0 0.0012166381352119785 0.0039386747054103435 0.023635033087345138 0.14365573551522326 0.8275539185568094, 
3, 0011111000, 0001111100, 0.6071554254163435, 0.9622321920968182, 0.0 0.0 0.0006466196252914553 0.006812765236375728 0.023212833155470666 0.1571564068978564 0.8121713750850058, 
4, 0000000000, 0000000000, 0.0001421507145686615, 0.00023632265209123376, 0.9991174116483766 0.0003472674694171051 0.0005352942034885074 2.6678717760812665e-08, 
5, 0011111100, 0011111100, 0.6062802003218494, 0.962176553847443, 0.0 0.0 0.0 0.004632861779706605 0.03043592917326467 0.15217023322969295 0.8127609758173359, 
6, 0000000000, 0000000000, 3.497598608934662e-05, 5.7678822796942625e-05, 0.9996539270632183 0.0003460729367816558, 
7, 0011111100, 0011111100, 0.6061558156781262, 0.9631083125679171, 0.0 0.0 0.0 0.0017359394530036334 0.03143663778508224 0.15326903066332223 0.8135583920985919, 
8, 0001111100, 0111111100, 0.6070208619005332, 0.9637809778505889, 0.0 0.0 8.525466634250821e-05 0.002161480013304239 0.027145029628700617 0.1561986149337824 0.8144096207578703, 
9, 0011111100, 0000000000, 0.2468933808892908, 0.39432510265748205, 0.5893815334036856 0.00020123361876476375 0.0001094227518031143 0.002645119338589821 0.010041224759665804 0.06829851699685652 0.32932294913063437, 
10, 0011111100, 0011111100, 0.6083428460879413, 0.9622933348005787, 0.0 0.0 0.0 0.004459134990073187 0.029518634789459597 0.1538253166473894 0.8121969135730779, 
11, 0011111100, 0000000000, 0.5123518095692617, 0.8125743454417806, 0.1584177673853413 5.3028194612434926e-05 0.0005846246673966588 0.0011422502281620956 0.02204054987654274 0.12393583295704749 0.6938259466908971, 
12, 1111111100, 0011111111, 0.60661976493102, 0.9617613292224447, 0.0 0.0 0.0 0.004558640938584464 0.022235066343450606 0.17128596916267785 0.8019203235552871, 
13, 0011111000, 0011111100, 0.6121438010054574, 0.9701073228704465, 0.0 0.0 0.000254774889478059 0.002652442481622944 0.01818853513122424 0.13400256551209172 0.844901681985583, 
14, 0011111110, 1111111100, 0.6036322132378048, 0.959223876709361, 0.0 0.0 0.0 0.005560859148660791 0.036094462150463004 0.15578523799692537 0.8025594407039508, 
15, 0011111100, 0111111111, 0.611947027957332, 0.9722868328631329, 0.0 0.0 0.0 0.0003551948611574726 0.009813846687100202 0.1455857248635305 0.8442452335882118, 
16, 0011111100, 0011111100, 0.6111548663660679, 0.9696380071388473, 0.0 0.0 0.0 0.0 0.01599125809417801 0.15018944097856043 0.8338193009272615, 
17, 0011111100, 0011111100, 0.611652374439021, 0.9664269584480094, 0.0 0.0 0.0 0.0001484936265784218 0.01801245329386788 0.1649678618444731 0.8168711912350806, 
18, 0011111100, 0011111100, 0.6096994773063884, 0.9656685060972509, 0.0 0.0 0.0 0.0015347098319585123 0.023381568558232348 0.1546216968041544 0.8204620248056547, 
19, 0011111100, 0111111000, 0.6122643895387173, 0.9714986684902235, 0.0 0.0 0.0004803089266800596 0.004272416455874159 0.015037093009472358 0.1261953179653719 0.8540148636426015, 
20, 0011111100, 0011111110, 0.6030885726506026, 0.9573531680957684, 0.0 0.0 0.0 0.00777568395582084 0.036007221129192184 0.16053949729954256 0.7956775976154444, 
21, 0011111100, 0011111100, 0.6137201287725684, 0.9715730767346533, 0.0 0.0 0.0 0.00022928673245554875 0.016526292340076194 0.13682109471456125 0.846423326212907, 
22, 0011111100, 0011111100, 0.613945980728538, 0.9744469240301805, 0.0 0.0 0.0 0.0 0.009126536345910713 0.13506538312709512 0.8558080805269942, 
23, 0011111100, 0011111110, 0.6048882415941492, 0.958725476189284, 0.0 0.0 4.4386832663892275e-05 0.007388936069103365 0.023254746409524244 0.17879329450728101 0.7905186361814276, 
24, 0001111100, 0011111110, 0.6092034526096785, 0.9641963463266502, 0.0 0.0 0.0 0.0061193466530275195 0.030812677350421827 0.13483852738017296 0.8282294486163776, 
25, 0011111100, 0011111100, 0.6068985898110659, 0.967173116279049, 0.0 0.0 0.0 0.00253797598488859 0.022284520427213003 0.14477833351661387 0.8303991700712846, 
26, 0011111100, 0111111100, 0.6101126420477326, 0.9677547259139384, 0.0 0.0 0.0 0.0019280332996339739 0.024900117974455568 0.13788730866855636 0.8352845400573541, 
27, 0011111100, 0011111100, 0.6134709059835215, 0.971567870397778, 0.0 0.0 0.0 0.0 0.008128874475603903 0.15433502866212379 0.8375360968622723, 
28, 1111111110, 0011111100, 0.6038804209114953, 0.9605415854922771, 0.0 0.0 0.0 0.0038976057496946763 0.04131021432163127 0.14243724115399106 0.812354938774683, 
29, 0000000000, 0011111110, 0.5620946403106355, 0.8901981254719562, 0.07922809075920238 2.7350388711851553e-05 0.0004946440417762668 0.006548754211232647 0.018066335848705626 0.1255484401712746 0.7700863845790965, 
30, 0011111100, 0011111100, 0.6095016058605298, 0.9659605797554152, 0.0 0.0 0.001141653428621746 0.0034612007067261986 0.02054206834406702 0.14820216894471036 0.8266529085758746, 
31, 0011111100, 0011111100, 0.6093474844463757, 0.9656599831607593, 0.0 0.0 0.0 0.0001286767000215394 0.0236840818157655 0.15828590730384876 0.8179013341803643, 
32, 0011111100, 0011111100, 0.5999042444000254, 0.9511257890598884, 0.009050368857680615 4.39775300905818e-06 0.0008438504030982085 0.005980219778501249 0.019859942945119925 0.17788511689140457 0.7863761033711864, 
33, 0000111100, 0011111100, 0.6090301143635197, 0.9656347721074882, 0.0 0.0 0.0 0.0016633329126341 0.025275007574610306 0.15065135346794822 0.8224103060448074, 
34, 0011111100, 0011111111, 0.6070577558887787, 0.9622579430408809, 0.0 0.0 0.0 0.004030836088340208 0.029431716448911745 0.15549640059187114 0.8110410468708769, 
35, 0001111110, 0011111100, 0.6093824103653246, 0.9668313714373662, 0.0 0.0 0.001362389152642318 0.003236156351458444 0.012299921632398018 0.15925390244606227 0.823847630417439, 
36, 0011111100, 0111111100, 0.6107714151409809, 0.9680689428315739, 0.0 0.0 0.0 0.0012701565332970094 0.018679684841617302 0.15041650372743168 0.829633654897654, 
37, 0011111110, 0011111100, 0.6107358236598637, 0.9695418897490977, 0.0 0.0 0.0 0.0007437419970133757 0.014460737658264139 0.15159596019784596 0.8331995601468765, 
38, 0001110000, 0011111000, 0.6132433571800258, 0.9706155804054438, 0.0 0.0 9.262997263170423e-05 0.0011336871208963112 0.020053996511374024 0.13242694329137278 0.8462927431037253, 
39, 0011111100, 0011111100, 0.6080568621739464, 0.9658822358316136, 0.0 0.0 0.0 0.0032265541712067237 0.0328858466472688 0.1292552292021614 0.8346323699793631, 
40, 0000000000, 0000000000, 3.527735309144986e-05, 5.8224430999944275e-05, 0.9996506574668211 0.000349338480358119 4.052820773351759e-09, 
41, 0011111100, 0011111110, 0.6088785100258917, 0.9671942825687069, 0.0 0.0 0.0 0.0008139408821527162 0.01618178909135371 0.16202890375859294 0.8209753662679006, 
42, 0000000000, 0111111100, 0.4021378667737094, 0.63760917961989, 0.34143336306188543 0.00011396500135413707 0.0014982849327630655 0.0033963300976100987 0.008649873223147505 0.09169304243239867 0.5532151412508411, 
43, 0011111100, 0011111100, 0.6103683891792098, 0.9681896593469294, 0.0 0.0 0.0 0.002548713005972703 0.017720720974750578 0.1477744629510043 0.8319561030682724, 
44, 0011111000, 0000000000, 0.41726911718302034, 0.6646100341896684, 0.30778617751191634 0.00010170844218810399 0.0013370672481708297 0.004542252178095465 0.01812488659678811 0.10988938885900615 0.558218519163835, 
45, 0011111100, 0011111100, 0.6095888619678215, 0.9635861233464356, 0.0 0.0 0.0 0.002288906133278892 0.024570987874422284 0.1624745657727051 0.8106655402195938, 
46, 0011111100, 0011111100, 0.6087407482469651, 0.9659779176403478, 0.0 0.0 0.0012528621361373152 0.0006903039380550241 0.025687293728834135 0.14567554634153104 0.8266939938554424, 
47, 0001111110, 0011111100, 0.6077952559673522, 0.9633611470546943, 0.0 0.0 0.0 0.002813195804624089 0.025465684902826972 0.160462160452308 0.8112589588402409, 
48, 0011111100, 0001111100, 0.6069950016312194, 0.9647780843388052, 0.0 0.0 0.0005820831996472676 0.006722167470162028 0.020680051090085704 0.14747655657792227 0.8245391416621827, 
49, 0001111100, 0011111100, 0.610932352624687, 0.9667750224095764, 0.0 0.0 6.887057334735279e-05 0.003695025336901233 0.0274474983983067 0.1330943104418356 0.8356942952496091, 
50, 0011111100, 0111111000, 0.6085502994902166, 0.9658356282384735, 0.0 0.0 0.000612561052605311 0.0013252935772934838 0.022546338239735737 0.1534674291473866 0.8220483779829789, 
51, 0001111100, 0011111100, 0.6094231321414041, 0.9648476322453932, 0.0 0.0 0.0 0.0011811549515868367 0.0205538629173027 0.16626301583827532 0.812001966292835, 
52, 0011111100, 0001111000, 0.6021939964951893, 0.9570546621703684, 0.0 0.0 0.0 0.003924269252223769 0.0289817665544894 0.1879356861121396 0.7791582780811472, 
53, 0011111100, 0011111000, 0.6039725259870008, 0.9585965609476066, 0.0 0.0 8.23624016080158e-05 0.003201318218494121 0.02371138216628913 0.191064465719868 0.7819404714937408, 
54, 1111111000, 0011111100, 0.6074173393149118, 0.9624249263435322, 0.0 0.0 0.0 0.0013452731301298027 0.032208318728631335 0.15699798509115467 0.8094484230500841, 
55, 0011111100, 0011111100, 0.6049242265002099, 0.9623977414751207, 0.0 0.0 0.0 0.0016986269773685931 0.021164116534004976 0.1781894371491599 0.7989478193394665, 
56, 0011111000, 1111111111, 0.6072670273979823, 0.9636877714213027, 0.0 0.0 0.0 0.0020822065004401685 0.02921474228980165 0.15319726739125994 0.8155057838184983, 
57, 0011111110, 0001111100, 0.6074884943861247, 0.9623096390839785, 0.0 0.0 0.0 0.008607454098846373 0.02374955186403875 0.15282069947151217 0.8148222945656026, 
58, 0011111110, 0011111100, 0.6037172103372033, 0.960310796438205, 0.0 0.0 0.0 0.0038605510517905435 0.02899838132606897 0.16855680556326114 0.7985842620588793, 
59, 0011111100, 0011111100, 0.6115466688076121, 0.9709646841301365, 0.0 0.0 0.0 0.000616651259830452 0.016043783890475245 0.14027437365873888 0.8430651911909555, 
60, 0000000000, 0000000000, 3.442970618480564e-05, 5.679741377913101e-05, 0.9996592301952447 0.0003407551268359764 1.467791940484728e-08, 
61, 0001111100, 0011111110, 0.6101449393407735, 0.968136808034411, 0.0 0.0 6.466653850646245e-05 0.005631554607856741 0.018946818793948647 0.1361321842280404 0.8392247758316478, 
62, 0011111110, 0111111100, 0.6084137654869028, 0.9663592411333376, 0.0 0.0 0.0005445611735621094 0.0060038163684466616 0.01381217099744402 0.15403051740549772 0.8256089340550494, 
63, 0000000000, 0000000000, 3.406808477609236e-05, 5.6178302252976143e-05, 0.9996629822253588 0.0003369657357646522 5.203887660233747e-08, 
64, 0011111100, 0011111100, 0.6110120565661211, 0.9673714971818416, 0.0 0.0 0.00013598818624008268 0.002167715413631541 0.0274994280278147 0.13372506186746666 0.836471806504847, 
65, 0011111100, 0011111100, 0.6064018411065553, 0.9602382406088742, 0.0 0.0 0.0 0.006751908384358762 0.03203052752733269 0.15425377613901411 0.8069637879492945, 
66, 0011110000, 0011111100, 0.6056079735257475, 0.9585744712427364, 0.0 0.0 0.0024445549126043773 0.006372208170782866 0.026531411701572128 0.16659550497767162 0.7980563202373689, 
67, 0000000000, 0001111100, 0.03455838727023904, 0.054921115880490076, 0.9410820945378234 0.00032447682631163584 0.001119600957351185 0.0014415771421620958 0.0018972919682649202 0.009760634166139873 0.04437432440194686, 
68, 0011111100, 0011111100, 0.5993985077657734, 0.9542407996273932, 0.0 0.0 0.001589105423672341 0.004556097097026932 0.03992435414703858 0.1746817809557938 0.7792486623764683, 
69, 0000000000, 0000000000, 3.439290698184938e-05, 5.67297088764494e-05, 0.9996596217467413 0.0003403782532586964, 
70, 0011111100, 0011111110, 0.6122347764604613, 0.9693379322797234, 0.0 0.0 0.0 0.0014902390297276632 0.020441230402962564 0.13861922842655247 0.8394493021407573, 
71, 0011111000, 0011111100, 0.6118190108977002, 0.9707275136941357, 0.0 0.0 0.0 0.0004171601403200626 0.006410346133812466 0.16156274514660082 0.8316097485792666, 
72, 0011111110, 0011111100, 0.608100658631624, 0.9660115012469781, 0.0 0.0 0.0 0.00398144994547912 0.025354656920724413 0.1412773288402455 0.8293865642935508, 
73, 0011111100, 0011111100, 0.611696996015869, 0.9655192033533808, 0.0 0.0 0.0 0.0053203835355734854 0.028285741977769712 0.13435214531745493 0.8320417291692018, 
74, 0011111100, 0011111100, 0.606594704512055, 0.9633656574702888, 0.0 0.0 0.0 0.0010126435456570557 0.02388698886720984 0.16899414680687555 0.8061062207802575, 
75, 0011111100, 0011111100, 0.6081909954813581, 0.9650770912191221, 0.0 0.0 0.0002862253372517086 0.003100861415062291 0.020588203566144714 0.15791355995878417 0.8181111497227571, 
76, 0011111100, 0011111100, 0.6053387000043308, 0.9599032344726998, 0.0 0.0 0.00011884475901546931 0.0025779271481520503 0.032501982843011944 0.16736746699725966 0.7974337782525609, 
77, 0000000000, 0011111100, 0.1458364940022429, 0.23140188006874843, 0.7559917706156797 0.000324829793296943 0.003056583310074749 0.0017337386856094994 0.007510930802768979 0.04156453602428106 0.1898176107682891, 
78, 0011111100, 0011111100, 0.611381303840817, 0.9707802988835164, 0.0 0.0 0.002288150678844849 0.0032382153698222974 0.01398116847933553 0.12848862091538535 0.8520038445566119, 
79, 0011111100, 0011111110, 0.6092715419203313, 0.9663100718871147, 0.0 0.0 0.0 0.0014770177159152426 0.027825597371652407 0.1420573207862606 0.8286400641261717, 
80, 0011111100, 0111111100, 0.6094521762291113, 0.963403857975276, 0.0 0.0 0.0 0.0006675777791179645 0.02886462434265243 0.1598448701256859 0.8106229277525437, 
81, 0011111100, 0001111100, 0.6075523267898062, 0.9632875216515772, 0.0 0.0 0.0 0.004088191947410129 0.022194638911892686 0.16362101642452093 0.8100961527161763, 
82, 0011111100, 0011111100, 0.6129119108015123, 0.9713656927143258, 0.0 0.0 0.0 0.002341921879557768 0.019241199514811944 0.12629767904574782 0.8521191995598824, 
83, 0011111100, 0011111000, 0.60574353236178, 0.9593844205737908, 0.0 0.0 0.000221329168035984 0.0031440622501140545 0.029453599110382495 0.1744687749140042 0.7927122345574632, 
84, 0011111110, 0011111100, 0.6105565602900055, 0.9683759926038292, 0.0 0.0 0.0 0.0027170203274566747 0.022633270844603013 0.13632644170544855 0.8383232671224918, 
85, 0111111100, 0011111100, 0.6086929102829772, 0.96691020694478, 0.0 0.0 0.0 0.0023321471439052763 0.023598310542479524 0.14434569581464518 0.82972384649897, 
86, 1111111100, 0011111110, 0.6081871088934802, 0.9623653170469614, 0.0 0.0 0.0 0.0010624258012654098 0.020579017167363562 0.1814627859797088 0.7968957710516622, 
87, 0011111100, 0111111100, 0.18797772530653545, 0.29797967743211295, 0.6876227318542802 0.00023111244665313863 0.0025325728878620077 0.003152761622718543 0.00968392018087808 0.046273565267015815 0.2505033357405923, 
88, 0111111100, 0011111100, 0.609375655811818, 0.9677990039479379, 0.0 0.0 0.0 0.0011254415194882096 0.011079292215222481 0.16767106732346318 0.8201241989418261, 
89, 0011111110, 0001111100, 0.6141496821975987, 0.9750211149880683, 0.0 0.0 0.0004002543667585509 0.0020711764549233088 0.01575071226392436 0.11055733871193825 0.8712205182024555, 
90, 0001111100, 0011111110, 0.6086821388667348, 0.9676739339857412, 0.0 0.0 0.0 0.0009102242996629078 0.017621800827320875 0.15598212153192284 0.8254858533410935, 
91, 0011111100, 0111111100, 0.6067913472752107, 0.9634660588479954, 0.0 0.0 0.0 0.0007858665159160465 0.028009942332733746 0.16082616269881234 0.8103780284525379, 
92, 0000000000, 0011111100, 0.20920438835319322, 0.33276005481600884, 0.6579348502460118 0.00022485707424442513 0.0003855896627589634 0.00038484049668130417 0.0056457106049033565 0.04071798290576753 0.2947061690096326, 
93, 0011111100, 0111111100, 0.6064942752159249, 0.9595059904622995, 0.0 0.0 0.0 0.003343865516400933 0.023223415980001966 0.18648562871699637 0.7869470897866008, 
94, 0011111100, 0011111100, 0.60820875184364, 0.9665967380525154, 0.0 0.0 0.0 0.0009280321478614564 0.019268035343049807 0.1590994045552239 0.8207045279538648, 
95, 0000000000, 0011111100, 0.5913569963282382, 0.940321267098062, 0.031480805028639175 9.5775335941222e-06 0.00016933092011769255 0.0021968106187025987 0.01593761059517636 0.12999670284489148 0.8202091624588786, 
96, 1111111100, 0011111100, 0.6086936431996215, 0.9676022221425596, 0.0 0.0 0.0 0.0023058500445268053 0.02041282907903505 0.14664345885299135 0.8306378620234468, 
97, 0000000000, 0000000000, 3.430174786268888e-05, 5.65692721146308e-05, 0.9996606167795778 0.00033935080815635166 3.2412265716564086e-08, 
98, 0011111100, 0011111100, 0.6116534995910912, 0.9714871565629325, 0.0 0.0 0.0 0.002119684395525285 0.01693926730746255 0.13083947282090447 0.8501015754761078, 
99, 0011111110, 0011111100, 0.6110787097729987, 0.9671402031052271, 0.0 0.0 0.0 0.007448647400799705 0.02568121558034932 0.12345040800553968 0.8434197290133112, 
100, 0111111100, 0011111100, 0.606107515918416, 0.9610706637381938, 0.0 0.0 0.0 0.00437049504681993 0.03646480238691595 0.14753492765654538 0.8116297749097188, 
run, initial grid state, final grid state, mean grid cell occupancy, mean binding site occupancy, fraction of time with N TFs bound, warning
1, 0011111100, 0011111110, 0.6100625104387339, 0.9687068725179039, 0.0 0.0 0.0 0.004252532476538721 0.020482265376556553 0.13403663670984753 0.8412285654370573, 
2, 0011111110, 0000011100, 0.6094849125848889, 0.9687841640693338, 0.0 0.0 0.0 0.0021990397906545226 0.01757523002833268 0.14554743615536841 0.8346782940256444, 
3, 0011111100, 0011111100, 0.601831157862579, 0.9569167567444846, 0.0 0.0 0.0017423647147454533 0.008244431771651762 0.033397767203357936 0.1600011709524394 0.7966142653578054, 
4, 0111111100, 0011111100, 0.6062595795414522, 0.961549458540612, 0.0 0.0 0.0 0.003784378084096603 0.03499583671291537 0.14935844107820714 0.811861344124781, 
5, 0000000000, 0111111000, 0.40809840106400747, 0.649055567935953, 0.329032876429225 0.000116669074548735 3.6720028868118915e-05 0.001448377259365093 0.010985393387581279 0.10442318976745843 0.5539567740529533, 
6, 0011111100, 0011111100, 0.6084784470025373, 0.9637998406585963, 0.0 0.0 0.0 0.0032481470373850654 0.027453489520476607 0.1525495358953147 0.8167488275468237, 
7, 0011111100, 0001111100, 0.609282897834936, 0.9655875205350529, 0.0 0.0 0.00020834493398552847 0.0025637184479472036 0.024507512294816656 0.14893531712026514 0.8237851072029854, 
8, 0011111110, 0011111100, 0.613502910798623, 0.9701933515876136, 0.0 0.0 0.00017309031780384833 0.0013297437828056725 0.014028102475648152 0.1461020929033899 0.8383669705203524, 
9, 0111111100, 0011111110, 0.6103199472445722, 0.9705973838597847, 0.0 0.0 0.0 0.001213720576331899 0.020139671911017 0.1324951912902618 0.8461514162223892, 
10, 0011111100, 0111110000, 0.605146582918658, 0.9633478578694188, 0.0 0.0 0.0 0.0019073771867020922 0.02007692351841095 0.17403687418655905 0.803978825108328, 
11, 0011111100, 0011111100, 0.6119833163524782, 0.9699445355946292, 0.0 0.0 0.0004423596109771728 0.0003946338240579196 0.016114977735332672 0.1451494910454767 0.8378985377841556, 
12, 0011111100, 0001110000, 0.6088205895120836, 0.9626919177228537, 0.0 0.0 0.0007343361878559702 0.0042623684880688075 0.029457941095477582 0.1492081612562923 0.8163371929723053, 
13, 0000000000, 0011111100, 0.13743560384303657, 0.21773933948026658, 0.7757544344187572 0.00026659357112432847 0.00015518924829140303 4.920502595186233e-05 0.0076029013296285124 0.02173021401995761 0.19444146238628907, 
14, 0011111000, 0011111100, 0.6065820106062033, 0.9661218745387344, 0.0 0.0 0.0 0.0016110843625388824 0.021984745880581257 0.15446600791881496 0.8219381618380649, 
15, 0000000000, 0000000000, 8.166162128277459e-05, 9.471259698365844e-05, 0.9994318771551853 0.0005679701077273602 1.527370872951689e-07, 
16, 0011111110, 0011111100, 0.612083597494523, 0.9701319289507437, 0.0 0.0 0.0 2.5288059673607346e-05 0.008902442303342818 0.1613276775098313 0.8297445921271523, 
17, 0111111100, 0001111100, 0.6110381039904894, 0.9682536795385693, 0.0 0.0 0.0 0.0010556088500352132 0.017576290956766716 0.15215851430494476 0.8292095858882533, 
18, 0011111100, 0001111100, 0.6142794571128402, 0.9735179983754901, 0.0 0.0 0.0 0.0009051817933921018 0.01650640147224249 0.12316366142239762 0.8594247553119678, 
19, 0111111100, 0011111100, 0.6092634140280855, 0.9674195737655107, 0.0 0.0 8.61441603447142e-05 0.00296754677197831 0.022593088454062955 0.14104916354149616 0.8333040570721179, 
20, 0011111000, 0011111110, 0.6055046730604065, 0.9588702228737334, 0.0 0.0 0.0 0.006757356178608387 0.036775683514530824 0.15295522719271315 0.8035117331141476, 
21, 0011111100, 0011111100, 0.6106137717123785, 0.9692370281759356, 0.0 0.0 7.391554581312905e-05 0.0025750323600748602 0.01796036444035439 0.14063634280020093 0.8387543448535566, 
22, 0011111100, 0001111110, 0.6064485804833681, 0.9599443884649391, 0.0 0.0 0.0 0.004018413463791921 0.027641935553890513 0.17299455771120867 0.7953450932711089, 
23, 0011111110, 0011111100, 0.605337330573749, 0.9602034086976827, 0.0 0.0 0.0001240329593870753 0.0068017969455520305 0.02800584210695996 0.16186634092578 0.8032019870623209, 
24, 0001111100, 0011111110, 0.6081858595353571, 0.9650973272225423, 0.0 0.0 0.0 0.0024780040596166604 0.024134255540155625 0.15371351340558512 0.8196742269946425, 
25, 0011111100, 0000000000, 0.60595852649929, 0.9608899905264326, 0.003233939387174788 7.763044987406048e-07 0.0012755322536518458 0.003492292960996514 0.022904413519275753 0.15386470405971284 0.8152283415146895, 
26, 0011111000, 0011111100, 0.6042563907187257, 0.9592750598289612, 0.0 0.0 0.0012732872041999724 0.0087142336642292 0.02450906266914522 0.16409566587845464 0.8014077505839711, 
27, 0011111100, 0011111100, 0.6094368503682263, 0.9670738788309501, 0.0 0.0 0.0 0.001579913725838888 0.015326088302329458 0.16216480923212442 0.8209291887397072, 
28, 0111111100, 0011111100, 0.6094190856527808, 0.9681425527139581, 0.0 0.0 0.0 0.0002058189090395541 0.020859815752599854 0.14880759548393324 0.8301267698544273, 
29, 0011111100, 0011111100, 0.6113748223408273, 0.9667149186006222, 0.0 0.0 0.0 0.0015071626412422174 0.019344630859970548 0.15649973875259912 0.822648467746188, 
30, 0011111100, 0011111100, 0.6069341692702418, 0.9647807064435342, 0.0 0.0 0.0 0.0018127253861275172 0.026246070945541423 0.15338544328932976 0.8185557603790014, 
31, 0011111100, 0011111100, 0.6114299769432322, 0.9710123836905775, 0.0 0.0 0.0 0.003307428376051712 0.013775618192580191 0.13645217634321924 0.8464647770881488, 
32, 0001111100, 0011111100, 0.6074441279713207, 0.9627117755185882, 0.0 0.0 0.0002177942207254682 0.0017622673288393018 0.031953891614436646 0.15366358479017805 0.8124024620458206, 
33, 0011111100, 0011111100, 0.6026892508634231, 0.9589987667571176, 0.0 0.0 0.0007175312703625645 0.007152934524364228 0.028592091815685963 0.16449428717137998 0.7990431552182071, 
34, 0001111100, 0111111110, 0.6077939783720815, 0.962688790557279, 0.0 0.0 0.00090866528916393 0.0060797410880811436 0.022128933133693837 0.15773550596804012 0.8131471545210209, 
35, 0011111110, 0011111100, 0.6129391847724821, 0.9705425113947365, 0.0 0.0 0.0 0.0009744007855718475 0.009759525016129754 0.15430267924260632 0.8349633949556919, 
36, 0011111100, 0011111100, 0.6081795090250884, 0.9664524731948004, 0.0 0.0 0.0 0.0008598133524521475 0.014047243086307034 0.17061123460122685 0.8144817089600139, 
37, 0011111100, 0011111000, 0.6094871077158914, 0.9667456999077946, 0.0 0.0 0.0 0.0008670070281490825 0.01715157088685373 0.1626216376950777 0.8193597843899194, 
38, 0001111100, 0011111110, 0.604715360315202, 0.962476882712531, 0.0 0.0 0.004312558886810938 0.005099723413856483 0.017172515002704367 0.15824426793059257 0.8151709347660356, 
39, 0011111100, 0011111110, 0.606015511609266, 0.9639877744076084, 0.0 0.0 0.0014360948515406817 0.0077105868625561525 0.020157953712662952 0.14688130613519265 0.8238140584380476, 
40, 0011110000, 0011111100, 0.6108108631264588, 0.9696786205111688, 0.0 0.0 0.0 0.0036435387424862665 0.019383254426905774 0.13223115185171602 0.8447420549788919, 
41, 0011111110, 0011111100, 0.6077288628304102, 0.9665071230030252, 0.0 0.0 0.0 0.0007926940762192897 0.015665771725907943 0.16724763630137493 0.8162938978964979, 
42, 0000000000, 0000000000, 3.3578176465021357e-05, 5.5372915125029524e-05, 0.999667775662761 0.00033221118372791787 1.3153511129674455e-08, 
43, 0000000000, 0000000000, 3.444495167055228e-05, 5.6844049071861226e-05, 0.9996589357055689 0.00034106429443116735, 
44, 0111111110, 0001111100, 0.6117062617285365, 0.9657660160440501, 0.0 0.0 0.0002970415791192509 0.002645306589148768 0.025576037090112285 0.14512774347155208 0.8263538712700678, 
45, 0011111110, 0011111110, 0.6167152108240288, 0.9767081452707941, 0.0 0.0 0.0 0.0008061114320281006 0.014974176568523739 0.10738444094210407 0.876835271057344, 
46, 0011111100, 0001111110, 0.6076343630622949, 0.9663666886533425, 0.0 0.0 0.0 0.002226865330218048 0.02593949707398297 0.14324027794132527 0.8285933596544737, 
47, 0001111110, 0011111100, 0.609775664871787, 0.9660187569303302, 0.0 0.0 0.0 0.002849187132547696 0.01900177421947267 0.15733634858142997 0.8208126900665496, 
48, 0011111100, 0011111100, 0.6107247139483805, 0.9693769155509518, 0.0 0.0 0.0 0.004125116899853434 0.013063202430594547 0.14523675113353948 0.8375749295360126, 
49, 0011111100, 0011111110, 0.6081158432513445, 0.9644487328896317, 0.0 0.0 0.0 0.0005499815154613767 0.02869839487837615 0.15426086835907388 0.8164907552470885, 
50, 0011111100, 0011111100, 0.6105882903264053, 0.9669223585059193, 0.0 0.0 0.0 0.0027872899230961 0.018859254430925093 0.15238547033334546 0.8259679853126333, 
51, 0011111100, 0011111100, 0.608242956992031, 0.9660980318508334, 0.0 0.0 0.0 0.0009684161023517449 0.01942158623656946 0.16166338811480524 0.8179466095462735, 
52, 0011111100, 0011111100, 0.6089922990780166, 0.9690456821864055, 0.0 0.0 0.0 0.002526312512785583 0.022242672548196413 0.13366162424681702 0.841569390692201, 
53, 0011111110, 0011111110, 0.6024988470085177, 0.959801766796508, 0.0 0.0 0.0 0.001591212880226033 0.03757359623366567 0.16126856811294335 0.7995666227731649, 
54, 0011111100, 0011111110, 0.607674080974111, 0.9624690096234119, 0.0 0.0 0.0010409791018461505 0.004395882182316315 0.030000988960614684 0.14783240138396656 0.8167297483712563, 
55, 0000000000, 0111111000, 0.27281966882836955, 0.43209852815575067, 0.5489406768489464 0.00019272139325511912 0.00016123003240199314 0.006033682707599003 0.01394854146458864 0.06615811182395923 0.36456503572924953, 
56, 0000000000, 0011111100, 0.12577926988219434, 0.1989565390300228, 0.7953619513949564 0.0002749753245122647 4.204201766490936e-05 0.0005348555115011759 0.004017075286795752 0.022907295648809386 0.1768618048157602, 
57, 0011111110, 0011111100, 0.6106149152190967, 0.9696685889089799, 0.0 0.0 0.0 0.0038930825360897607 0.013043052896290302 0.14422311314527034 0.8388407514223496, 
58, 0111111100, 0011111100, 0.6092330398675853, 0.9661459756396624, 0.0 0.0 0.0 0.0011964498000468526 0.019791476685356302 0.1599518433911727 0.8190602301234242, 
59, 0011111110, 0011111100, 0.6106896383969965, 0.968363628482224, 0.0 0.0 8.189124061187108e-05 0.006630911589780493 0.014674564552050483 0.14024880027076567 0.8383638323467915, 
60, 0011111100, 0011111100, 0.6089177089956573, 0.9655142801362155, 0.0 0.0 0.0 0.00043508359501168837 0.022602777892164676 0.16040351261334237 0.8165586258994812, 
61, 0011111100, 0011111100, 0.606904730926978, 0.9611329431821252, 0.0 0.0 0.0 0.004238411041160424 0.030121219060025708 0.16024466966371598 0.8053957002350979, 
62, 0011111100, 0011111100, 0.61051561950562, 0.9703290593353134, 0.0 0.0 0.0 0.0020239974589174982 0.012412608415651762 0.14712843478006374 0.8384349593453669, 
63, 0011111110, 0011111100, 0.6081115293634304, 0.9658913901273688, 0.0 0.0 0.0 0.0012103356606130372 0.02023054461865463 0.16055956301663882 0.8179995567040935, 
64, 0011111100, 0001111100, 0.6124195679938829, 0.9689055067652665, 0.0 0.0 0.0006721373775102552 0.00238181788505794 0.015797275401210824 0.14513840544076406 0.8360103638954569, 
65, 0011111100, 0000000000, 0.1027499701464894, 0.161824830006278, 0.8311075175552943 0.0002940251795941307 0.0035267492083991703 3.6110574867186085e-05 0.0017186215900707384 0.02328321699425597 0.14003375889751854, 
66, 0011111100, 0011111100, 0.6065051349395095, 0.9635987894049737, 0.0 0.0 0.0 0.002493258216614382 0.023128147250972193 0.16467119441837058 0.8097074001140427, 
67, 0011111100, 0011111100, 0.6105952451417818, 0.9682033593704309, 0.0 0.0 0.0 0.001455584580805415 0.02162145894231092 0.14317017215037633 0.8337527843265073, 
68, 0111111100, 0011111100, 0.6083619648257238, 0.9637124322664392, 0.0 0.0 0.0025572226358878043 0.002345166711838476 0.01917486027234745 0.16211129517760337 0.8138114552023229, 
69, 0001111000, 0011111100, 0.6088391602663398, 0.9668183073868741, 0.0 0.0 0.0 0.001887256033756236 0.016234977833641043 0.16095843191020487 0.8209193342223978, 
70, 0011111000, 0011111100, 0.6104439491466892, 0.9676138156574269, 0.0 0.0 0.0 0.0021870964413948 0.019867785989291075 0.148020244752672 0.8299248728166422, 
71, 0011111110, 0000000000, 0.20165803767149262, 0.3206221332062539, 0.668342923735876 0.0002673839265506608 0.002780505353723991 0.0005099455916790735 0.006464793472529252 0.039291293579475875 0.28234315434016516, 
72, 0011111100, 0011111100, 0.6071058827375565, 0.9633502429776737, 0.0 0.0 0.00024979493063449857 0.005111537853887194 0.024618134865970375 0.15432847911781797 0.8156920532316899, 
73, 0011111110, 0011111100, 0.6094818473484676, 0.9685955420724219, 0.0 0.0 0.0002585388557405699 0.0019483868509671798 0.01682060825256669 0.14790621508447127 0.8330662509562544, 
74, 0011111100, 0111111111, 0.6120678427884607, 0.9690982596988509, 0.0 0.0 0.0 0.0016886888570868967 0.01608813287222545 0.1481681094911835 0.8340550687795041, 
75, 0011111100, 0111111100, 0.6107399608366514, 0.9691323899357229, 0.0 0.0 4.759834777627672e-06 0.0032480430452087377 0.022769087179248346 0.12990431755242926 0.844073792388336, 
76, 0011111100, 0111111100, 0.608808437653545, 0.9654983007625138, 0.0 0.0 0.0 0.0015111102735381314 0.027749541897512473 0.1469777808092785 0.823761567019671, 
77, 0001111100, 0111111100, 0.6075362833466713, 0.9654910210468527, 0.0 0.0 0.0 0.002690419360579252 0.021756287619021503 0.1554700403991027 0.8200832526212966, 
78, 0011111100, 0011111100, 0.6083678048396578, 0.9639772062106318, 0.0 0.0 0.0 0.0011525784452436083 0.02777083622700657 0.15713735494646536 0.8139392303812845, 
79, 0111111100, 0011111110, 0.6106314205881649, 0.9670527187064722, 0.0 0.0 0.0 0.002504519973210848 0.022656821474612843 0.1448564848923084 0.8299821736598679, 
80, 0011111100, 0011111100, 0.610306128086702, 0.9682694723309829, 0.0 0.0 0.00011065000510760715 0.0025193548156538462 0.016136407490910235 0.15010968656489002 0.8311239011234383, 
81, 0011111100, 0011111111, 0.6103177965367232, 0.9667304877607935, 0.0 0.0 0.0 0.00269165704809484 0.02667668702114197 0.13818872824867076 0.8324429276820924, 
82, 0011111111, 0011111000, 0.6123253870792231, 0.9683232490208963, 0.0 0.0 0.0 0.0007611435332771141 0.01580378624200681 0.15616950279077707 0.827265567433939, 
83, 0001111100, 0011111000, 0.611598171719855, 0.9686549445057823, 0.0 0.0 0.0011470535683048338 0.0046709925893332555 0.02424496488020246 0.12097921116368299 0.8489577777984765, 
84, 0000000000, 0011111100, 0.3296950427969836, 0.5237965613987935, 0.4526005031280764 0.00015732706069717308 0.00029911229604777834 0.005464859358440694 0.018790337230178342 0.08565927581542479 0.4370285851111348, 
85, 0111111100, 0011111100, 0.6047811314261357, 0.9600743144774191, 0.0 0.0 0.0012826083401378562 0.005209116172315393 0.028042303000934864 0.16271172525611807 0.8027542472304938, 
86, 0011111100, 0111111100, 0.6109125929262206, 0.9701295205530677, 0.0 0.0 0.002325556542683669 0.004609567252263405 0.015469763411777018 0.12515242193051507 0.8524426908627609, 
87, 0011111110, 0000000000, 0.33982151867184585, 0.5412417561982806, 0.43357746486679616 0.00014494500593333016 0.0025290796463648475 0.0040031655700412385 0.022522681006597163 0.08318877127109597 0.45403389263317123, 
88, 0000000000, 0000000000, 3.5502144199894274e-05, 5.858362933599909e-05, 0.9996485484108901 0.00035140140220387534 5.0186906059583025e-08, 
89, 0001111100, 0011111100, 0.6123485196877857, 0.9712848172851267, 0.0 0.0 0.0 0.001052154938637373 0.02225640207713573 0.12462182731905641 0.8520696156651705, 
90, 0111111100, 0011111100, 0.6110451250568264, 0.9690264548546609, 0.0 0.0 0.0 0.0012154409960834609 0.017285741146327516 0.14762346559113013 0.8338753522664589, 
91, 0111111100, 1111111100, 0.6081087938868102, 0.9678576726980234, 0.0 0.0 0.0 0.00026212403517393833 0.023655106916844765 0.14475737787264845 0.8313253911753329, 
92, 0011111100, 0011111100, 0.6074804055773797, 0.9650586098799112, 0.0 0.0 0.0019727509030197914 0.003073645180302801 0.021744159102325692 0.14904808336289452 0.8241613614514572, 
93, 0000000000, 0000000000, 3.46286664229607e-05, 5.71422739514973e-05, 0.9996571615675449 0.00034282322120111875 1.521125393254416e-08, 
94, 0011111100, 0011111100, 0.6027007414041035, 0.957186923759493, 0.0 0.0 0.0027041124546058116 0.005842509172843893 0.024314274856939384 0.1799059303922082 0.7872331731234027, 
95, 0011111000, 0011111100, 0.6061328912141838, 0.9636666923950207, 0.0 0.0 6.286837194959322e-05 0.0017414410128136473 0.028896783920761174 0.1547304812621144 0.8145684254323612, 
96, 0011111110, 0000000000, 0.02411327554599664, 0.038120958188209056, 0.958031979815957 0.0003394527312845417 0.0007382949612639631 0.0013461976290952023 0.0047576858315967144 0.004877963923045622 0.029908425107756882, 
97, 0111111100, 0011111100, 0.6104886837256701, 0.9672489208194511, 0.0 0.0 0.0 0.001985299151409864 0.02039376159563742 0.1497630544377888 0.827857884815164, 
98, 0001111100, 0011111100, 0.6105604962387776, 0.9679681056016588, 0.0 0.0 0.0 0.0022590465456668817 0.02084714688745514 0.14371993297813634 0.8331738735887415, 
99, 0011111110, 0011111000, 0.6082964084084164, 0.9638656433951027, 0.0 0.0 0.0 0.0024236418882759266 0.026426867231481854 0.1566814795015923 0.8144680113786499, 
100, 0011111100, 0011111100, 0.6129765076281308, 0.970686986444455, 0.0 0.0 0.0 0.00652670081397216 0.016990844298518055 0.122316290294318 0.8541661645931917, 
