run, initial grid state, final grid state, mean grid cell occupancy, mean binding site occupancy, fraction of time with N TFs bound, warning
1, 011111, 110111, 0.8886114143133325, 0.8886114143133325, 0.00027164833768855955 0.0009679617907806662 0.004773858455249446 0.02708452030864943 0.11704369881035866 0.3274254227723074 0.5224328895249658, 
2, 101110, 111111, 0.8940766345117598, 0.8940766345117598, 5.555363961514972e-06 0.0005877944452589324 0.003547218552135046 0.026109076568699145 0.10638208335883483 0.32728761788707056 0.53608065382404, 
3, 111111, 111011, 0.8905476573323318, 0.8905476573323318, 0.0 0.0005350364204098496 0.0038509552845627315 0.029990713679005878 0.11469661373010585 0.3192696842684796 0.5316569966174362, 
4, 111111, 111111, 0.8912382122301599, 0.8912382122301599, 6.99319727000736e-05 0.00045499785696893923 0.0041485742687686865 0.02702882347888199 0.11229603696831048 0.32760330404965365 0.5283983314047161, 
5, 111111, 111001, 0.8891952900812296, 0.8891952900812296, 0.0 0.0005570375730009589 0.005798743311602114 0.02671786114035189 0.11184405755144793 0.33500639987725783 0.5200759005463393, 
6, 110011, 011111, 0.8955239306110968, 0.8955239306110968, 0.0 0.00046651937221626436 0.004606829029932075 0.025392797333467273 0.09965025745818613 0.3306175964358351 0.5392660003703632, 
7, 111111, 011111, 0.8933930450076402, 0.8933930450076402, 4.6940273931139986e-05 0.0006876617694270894 0.00469460173235099 0.02481931481284122 0.10908038240073736 0.32452466329403395 0.5361464357166782, 
8, 010000, 010111, 0.8911626121726497, 0.8911626121726497, 0.00013796626554154212 0.0010686648844860944 0.0032403260455813824 0.02471871538304624 0.1151835145127134 0.32936872559153096 0.5262820873171005, 
9, 111111, 111111, 0.8965287550108066, 0.8965287550108066, 0.00011952128724995112 0.0005836185205195063 0.003470158157036742 0.025285898883169195 0.10846464641706499 0.3105246274972784 0.5515515292376812, 
10, 101111, 111111, 0.8980625755951599, 0.8980625755951599, 0.0001113189749677621 0.0006783812140121807 0.004230648854464492 0.023000158285281132 0.10277047457198145 0.3161007070915087 0.5531083110077842, 
11, 111111, 111111, 0.8918967952231212, 0.8918967952231212, 6.303769286076227e-06 0.00039581132799447775 0.004762021323128647 0.026375762605028066 0.11249102998439303 0.323444916329199 0.5325241546609708, 
12, 111111, 110111, 0.8941623415337553, 0.8941623415337553, 0.0 0.0006386802675363776 0.0044351180398945365 0.025594037014735192 0.10597870487867429 0.32535255649865474 0.5380009033005049, 
13, 111111, 111111, 0.8980478317815964, 0.8980478317815964, 0.0 0.00023545383015720616 0.0025015527412245394 0.020552361519297645 0.10660365644395962 0.3256651317489251 0.5444418437164359, 
14, 111111, 111100, 0.8952847528603635, 0.8952847528603635, 6.141398649686859e-05 0.0004770098223645914 0.005289330304852553 0.024329239843685502 0.1034998019643482 0.32439330512785225 0.5419498989504, 
15, 111111, 111111, 0.8952821354471657, 0.8952821354471657, 0.0 0.00013857346297587665 0.002910990761463656 0.0255114876370265 0.11251632177388439 0.31440325049742274 0.5445193758672269, 
16, 111101, 011111, 0.8946004142711741, 0.8946004142711741, 0.0 0.00022370272484793902 0.0033561495103741506 0.025053379334558794 0.10570059094869552 0.3312930828061522 0.5343730946753713, 
17, 111110, 000111, 0.8962487941140481, 0.8962487941140481, 0.0002222420078277162 0.0009311066027157505 0.004355553600407668 0.02509143346664622 0.10533783287037307 0.3131460697128503 0.5509157617391792, 
18, 101101, 111111, 0.8961603709563252, 0.8961603709563252, 0.00011462554831428186 0.0009178259873735123 0.004970961367178301 0.022755551204356038 0.10756756859329424 0.314475254766925 0.5491982125325586, 
19, 111111, 011111, 0.895203263948572, 0.895203263948572, 3.86591841383775e-05 0.0003925203779491143 0.004092466850858941 0.025924021823186826 0.10808297733143302 0.3162779717781304 0.5451913826543033, 
20, 111110, 111111, 0.8935373282326078, 0.8935373282326078, 8.73938224924604e-05 0.00029998928853165535 0.004812030286138213 0.0256739959761714 0.10773470276948914 0.32501220661469493 0.5363796812424821, 
21, 111111, 100111, 0.8899456166216139, 0.8899456166216139, 6.93212484730993e-05 0.0010439978548204899 0.005159320218356514 0.028255984832710863 0.1134937169118309 0.3222977143101551 0.5296799446236531, 
22, 111111, 111111, 0.8935651319678724, 0.8935651319678724, 0.0 0.0004134228007485398 0.005382587488183895 0.029184698292757594 0.10845120816154148 0.31055523303493204 0.5460128502218364, 
23, 111011, 111111, 0.8898996235503741, 0.8898996235503741, 3.98121405732064e-06 0.0005963176844554208 0.0043179853221726764 0.02611608023480482 0.11615901644729024 0.3296585681034492 0.5231480509937704, 
24, 111111, 111111, 0.8873166485908919, 0.8873166485908919, 0.0 0.0006556163528427055 0.006276650779713959 0.028888917898129883 0.11671358578379565 0.3276214983095986 0.5198437308759193, 
25, 111111, 111101, 0.886776633699622, 0.886776633699622, 2.5366750154779068e-05 0.001076501699109929 0.00565541052498266 0.02733399151548785 0.12034020232923616 0.32850146750092296 0.5170670596801056, 
26, 111111, 111111, 0.8921857136341476, 0.8921857136341476, 8.078565148648761e-05 0.0007270898843976713 0.0034205305977138447 0.02637036406081238 0.1136459150894687 0.32268051011197746 0.5330748046041435, 
27, 111111, 101111, 0.8880766467840308, 0.8880766467840308, 0.0 2.138712869769051e-05 0.0048840535681828195 0.027185916509049272 0.11534330854446077 0.3396526027635263 0.5129127314860832, 
28, 111110, 111110, 0.8962128378439687, 0.8962128378439687, 0.0 0.0002879555343963702 0.003860857878470307 0.02312355362429952 0.1104236127743011 0.3156218773288245 0.5466821428597082, 
29, 110110, 011111, 0.8965356203343697, 0.8965356203343697, 0.0 0.00020164740763984972 0.0046181290797287855 0.026369608983034577 0.10576975596503171 0.3106571857575 0.552383672807065, 
30, 111111, 111100, 0.8918634490311462, 0.8918634490311462, 0.0 0.000784694388501048 0.006125428969376768 0.027132440635379004 0.10907610699895809 0.3208445820890569 0.5360367469187282, 
31, 011111, 111111, 0.8978999559558631, 0.8978999559558631, 0.00016965272231260934 0.0005235787243770985 0.004227338677638047 0.02369050488812085 0.09980607920075267 0.32137142653264056 0.5502114192541583, 
32, 111111, 111111, 0.8916412236697107, 0.8916412236697107, 0.0 0.0002774931940257762 0.005290011193868925 0.025472797434875846 0.10965673026769575 0.3318732943961125 0.5274296735134212, 
33, 111111, 111111, 0.8942825683637374, 0.8942825683637374, 1.2770680434703825e-05 0.000507999080081951 0.004631003020019474 0.025313390805183196 0.10676418780363803 0.3236954102316545 0.5390752383789882, 
34, 111110, 111111, 0.8870331514597902, 0.8870331514597902, 3.627288002518316e-05 0.0008836757470018345 0.0047270485172003695 0.027048442045255947 0.11464435062889011 0.34382285376374916 0.5088373564178774, 
35, 011111, 001111, 0.8896669150787166, 0.8896669150787166, 0.0002575315525155816 0.0006330644174635906 0.0041908076910998635 0.025271103955377582 0.11549384800450634 0.3337237594857445 0.5204298848932927, 
36, 111111, 011111, 0.8930164541672956, 0.8930164541672956, 1.4768877650101979e-05 0.0003856590504730883 0.003305907181880293 0.02690931953669858 0.10855366415020476 0.3288254508399346 0.5320052303631585, 
37, 111111, 010111, 0.8947261031227227, 0.8947261031227227, 3.3874572104158855e-05 0.0007893851645684525 0.003822368712798693 0.02450754207927275 0.10850182297029315 0.32167746097859773 0.5406675455223651, 
38, 011111, 111110, 0.8909111146890741, 0.8909111146890741, 0.0 0.0007537202860972532 0.0036427702758042727 0.027526397611257494 0.11306507907846113 0.327484278341157 0.5275277544072228, 
39, 111110, 111111, 0.8893483116620662, 0.8893483116620662, 5.100036956685639e-05 0.0006430126200730978 0.006114241382774793 0.029935884022032958 0.1086780717924141 0.32876830352780984 0.5258094862853283, 
40, 111111, 111011, 0.8919818360800509, 0.8919818360800509, 0.0 0.000134248948270494 0.004031725393444344 0.026719658058875093 0.11410065143376615 0.3229505601604071 0.5320631560052369, 
41, 111111, 111111, 0.8929797517455627, 0.8929797517455627, 0.0 0.00020331614697002227 0.004103726031652096 0.0258793174519581 0.1105358394486964 0.32598037341189884 0.5332974275088245, 
42, 001111, 111111, 0.8963687376382885, 0.8963687376382885, 0.0 0.0005610232573063883 0.00509492274946267 0.025766276260357716 0.10183415815137244 0.31763562180206883 0.549107997779432, 
43, 111100, 111111, 0.8905756409728618, 0.8905756409728618, 0.0 0.0004641966888384024 0.004080271063735972 0.02868734229263086 0.11693284640273646 0.31797636678032803 0.5318589767717303, 
44, 110011, 111110, 0.8936690379136855, 0.8936690379136855, 0.0 0.00011712294472934943 0.0034842035405671006 0.02759824689858246 0.10700282901060898 0.32666294491500747 0.5351346526905045, 
45, 111111, 111111, 0.8941395134673372, 0.8941395134673372, 0.0 0.00013385489754004138 0.003435429627896483 0.026145501267297682 0.10965746391914653 0.3230004945565051 0.5376272557316142, 
46, 011111, 111110, 0.890789385616284, 0.890789385616284, 0.0 0.0007180760151460908 0.00477741731290736 0.02650664038587813 0.11381112144903556 0.3254214729192308 0.5287652719178021, 
47, 111111, 111110, 0.8879574113914168, 0.8879574113914168, 8.951486302026679e-05 0.0006570166366134583 0.005135674752239446 0.027867917675729582 0.11684327216975954 0.33060036291464473 0.518806240987993, 
48, 011111, 111110, 0.892694940510101, 0.892694940510101, 0.0 0.00014780494298304828 0.0027441798766585125 0.02630062761770339 0.1143859660062399 0.324440797852255 0.5319806237041601, 
49, 111111, 011111, 0.8889453241912205, 0.8889453241912205, 7.589113979226066e-05 0.0006803703331628583 0.005195142705993152 0.026748896891894875 0.11751098289246861 0.326421629063514 0.5233670869731741, 
50, 111101, 111111, 0.8928228021692707, 0.8928228021692707, 0.0 0.0005601902869035658 0.0046602693267502205 0.025529432534182238 0.11130630674792 0.32242024714447015 0.5355235539597738, 
51, 111111, 001111, 0.8942442915712234, 0.8942442915712234, 1.675696894793283e-05 0.0002274729309318179 0.002968533672081991 0.024987319395838568 0.10748007184142039 0.33150010754562836 0.532819737645151, 
52, 111111, 111111, 0.8900451205026932, 0.8900451205026932, 0.0002652263117367029 0.000836334315196453 0.004685617180654314 0.028797836879855505 0.106963655687608 0.3348929568000387 0.5235583728249104, 
53, 011111, 111111, 0.8930884657883278, 0.8930884657883278, 1.8158677818037214e-05 0.00043760491442748476 0.003238701623498538 0.0240947968424691 0.11163539547472098 0.3306622406601446 0.5299131018069212, 
54, 111111, 111111, 0.8947345210869592, 0.8947345210869592, 0.0 0.0003787250788204726 0.0034114150732129775 0.02583841187389426 0.1092492056456168 0.3200399408783745 0.5410823014500811, 
55, 111111, 110111, 0.9001097192385795, 0.9001097192385795, 0.0 0.00024379298943513913 0.0024880007621717218 0.020299063172554185 0.1049055487797786 0.3174624294954402 0.5546011648006202, 
56, 111111, 111111, 0.8923210916852966, 0.8923210916852966, 0.0 0.00028943092873938376 0.004068644237783043 0.02435355528372074 0.11666995171866447 0.3219511490049001 0.5326672688261923, 
57, 110101, 111111, 0.8941469379564826, 0.8941469379564826, 0.0 0.0005937779729837037 0.003102308168308142 0.02459910276971557 0.11038110466142528 0.3251807320909557 0.5361429743366116, 
58, 111111, 111111, 0.8931784380865759, 0.8931784380865759, 0.0 0.0008663614099584305 0.004357445711445347 0.024774365676144456 0.10923021848977973 0.3263842475769784 0.5343873611356935, 
59, 111111, 011111, 0.892322356994208, 0.892322356994208, 0.0 0.00012737670067236535 0.005300222088244973 0.029853108692584587 0.10984010410589112 0.3149885518888741 0.5398906365237328, 
60, 111101, 111100, 0.8899196062247505, 0.8899196062247505, 0.0001462716886633918 0.0006537910233265445 0.00506797637402389 0.027717519719365313 0.11047579996500174 0.33195971281868825 0.5239789284109309, 
61, 111111, 111011, 0.8866938487709762, 0.8866938487709762, 0.0 0.0007956167672241159 0.005108779772328645 0.026918630668904778 0.11681856033323719 0.3410306917755194 0.5093277206827859, 
62, 110111, 111111, 0.8919391111240615, 0.8919391111240615, 0.00010196938648592857 0.0010523182548628533 0.004698131895771062 0.024672045238048834 0.11079079694931372 0.32810166846654276 0.5305830698089748, 
63, 111111, 111111, 0.892654162128158, 0.892654162128158, 0.0 5.399854635885783e-05 0.004241061272579647 0.02324712856273798 0.10882879018417407 0.3394418233523779 0.5241871980817716, 
64, 111111, 111110, 0.8942965902789948, 0.8942965902789948, 0.0 0.0001498202295407298 0.004193902444909079 0.024721379427551267 0.10831972136159436 0.3258921663928485 0.5367230101435561, 
65, 111111, 011111, 0.8897276165602642, 0.8897276165602642, 0.0 0.0009242032639291172 0.0051137988371011914 0.02917440276162115 0.11108418998710519 0.32686650071129075 0.5268369044389527, 
66, 111111, 000111, 0.8930731583048142, 0.8930731583048142, 0.0 0.0003825419277539423 0.004875333239877768 0.028566559570531745 0.10768588295389256 0.3190755629534541 0.5394141193544899, 
67, 111111, 111100, 0.8974026892263577, 0.8974026892263577, 0.0 0.0005434566158946496 0.0023663976635213122 0.023087535379305583 0.10495549655574488 0.32422739165888853 0.5448197221266451, 
68, 111111, 111111, 0.8936579496756707, 0.8936579496756707, 0.00026499044424726847 0.0006440285905126659 0.004497860682458098 0.0228350651946347 0.11027851197226783 0.3261885540696566 0.5352909890462229, 
69, 111111, 111111, 0.8893588533709065, 0.8893588533709065, 0.0 0.00041133636887372247 0.005341969922571084 0.027802189735262137 0.11325012897573064 0.33051549108266054 0.5226788839149019, 
70, 111111, 111010, 0.8918126583208267, 0.8918126583208267, 0.0001408129836335636 0.0005292834744902664 0.004367016385880153 0.028877510688286933 0.11231034537936907 0.3169114664336674 0.5368635646546727, 
71, 111110, 111110, 0.8916494086032869, 0.8916494086032869, 0.0 0.00017159291023060167 0.003931728767064739 0.02451980136145306 0.11647213804332797 0.3270149885898511 0.5278897503280725, 
72, 111111, 111011, 0.8943802336318163, 0.8943802336318163, 1.4960891814686002e-05 0.0004688374386705387 0.004330861821840744 0.026005046214557376 0.11040950618227707 0.31512704736927205 0.5436437400815675, 
73, 111111, 011111, 0.8947588961419677, 0.8947588961419677, 0.0 0.0003421056859176499 0.0035991278047502674 0.024150679381948214 0.11269385010841457 0.3174998451369306 0.5417143918820387, 
74, 111101, 111111, 0.8961241715709773, 0.8961241715709773, 0.0 0.0006613533599191833 0.004146827683038686 0.025449445702715026 0.10492365872314997 0.31716523848793976 0.5476534760432374, 
75, 000011, 110111, 0.8907141158846908, 0.8907141158846908, 0.0 0.00014210420711888985 0.0032755573248269072 0.026114333289526705 0.11758017799292075 0.32839919850253146 0.5244886286830753, 
76, 111111, 011111, 0.8934621085822257, 0.8934621085822257, 0.0 0.0005350983990734744 0.004537238344239532 0.024091224189626236 0.1115976727175933 0.3229338851302546 0.5363048812192128, 
77, 111111, 111111, 0.8987306392381816, 0.8987306392381816, 0.0 0.0006164963593280244 0.004361540205104933 0.02404996917191091 0.10355015880114526 0.30783729683582656 0.5595845386266843, 
78, 011111, 111111, 0.8902906584984251, 0.8902906584984251, 8.828980427276519e-05 0.0005160732218282279 0.004275251578582192 0.029002742496824538 0.11234483297508069 0.32634704431970774 0.5274257656037039, 
79, 111101, 111111, 0.8955557738260382, 0.8955557738260382, 0.0 0.000293366589758907 0.003338904880721824 0.024898719760614387 0.11002337518831264 0.31709999491362006 0.5443456386669722, 
80, 111111, 011110, 0.8892272920929226, 0.8892272920929226, 7.430895117972577e-05 0.00021092050267457782 0.005426537350135183 0.026484238680099862 0.11489632275219772 0.33218428027677754 0.5207233914869354, 
81, 111111, 111111, 0.895721205429867, 0.895721205429867, 3.611620104835147e-05 0.0008786906742836179 0.00467097617859592 0.021824247494837364 0.10774228197446768 0.3214214056952582 0.543426281781509, 
82, 111111, 111111, 0.8970750204184295, 0.8970750204184295, 5.263981901452654e-05 0.0005868716432679835 0.005287842021208617 0.022243008240741262 0.10206185190977601 0.32229558373238587 0.5474722026336057, 
83, 101111, 111111, 0.891971923366767, 0.891971923366767, 0.0 0.00042239487284256584 0.004933187940978783 0.027996258973636647 0.11235536209363133 0.3176242325630979 0.5366685635558128, 
84, 111110, 111111, 0.898791159272042, 0.898791159272042, 5.768499034506933e-05 0.0004605393399640811 0.00306868270252524 0.022986421540239634 0.09968103636764247 0.3240081695597526 0.549737465499531, 
85, 111111, 101110, 0.8933951166411043, 0.8933951166411043, 0.0001648179611237276 0.00039677887390427287 0.004178813106460793 0.026206989316725108 0.11359147170136036 0.31413733423837165 0.5413237948020542, 
86, 101111, 111111, 0.8933531565886357, 0.8933531565886357, 0.0 0.00066152127456783 0.006092871201285262 0.02699151480383275 0.10159703907413582 0.32803334673043577 0.5366237069157425, 
87, 101111, 111111, 0.8941226715349522, 0.8941226715349522, 0.0 0.0006255113939445492 0.004256633463769855 0.023251214129593505 0.10727859982281493 0.3307990379310744 0.5337890032588027, 
88, 111111, 111111, 0.8936928508010291, 0.8936928508010291, 0.0 0.0004004294575211689 0.003540016724749122 0.024799101920559546 0.11487825460095788 0.31752686604362845 0.5388553312525838, 
89, 011111, 111111, 0.8930600999862259, 0.8930600999862259, 0.0 0.0007183935288409232 0.005312057992812472 0.025387586185067593 0.1100018050380799 0.3206328318358277 0.5379473254193714, 
90, 111111, 111111, 0.8934746700856212, 0.8934746700856212, 0.0 0.0005798908589358662 0.004423024226057274 0.023869729350438986 0.10902818361393336 0.3288948730081808 0.5332042989424537, 
91, 111111, 111111, 0.8929739612336847, 0.8929739612336847, 0.0 9.474231201630261e-05 0.0036588534612183553 0.02479452490703949 0.1113335554658336 0.32999642154015135 0.530121902313741, 
92, 111111, 111111, 0.8907844147991238, 0.8907844147991238, 7.090976054597823e-05 0.00036311480350069344 0.0044332939398270665 0.024794941985373613 0.1146853879408842 0.33156370102727967 0.5240886505425888, 
93, 111111, 111100, 0.8889940540415665, 0.8889940540415665, 1.1516340706802548e-05 0.0005902793586571541 0.00517470839059688 0.027173129063249472 0.11354314472019052 0.33371067072055766 0.5197965514060415, 
94, 111111, 111111, 0.8895786009384445, 0.8895786009384445, 5.698628544466836e-06 0.0006293358892539569 0.0036230503868708115 0.028840139395825796 0.12135848136783706 0.3156179406811615 0.5299253536505064, 
95, 111110, 111111, 0.8903639177366299, 0.8903639177366299, 0.00014712300373287426 0.001064330528845175 0.005077344242830817 0.025650735755142037 0.11536892826088126 0.3236126621550856 0.5290788760534821, 
96, 111111, 111111, 0.8922250479573387, 0.8922250479573387, 0.0 0.00028815236254272004 0.0039585909065117005 0.025883739405791684 0.10516793693195808 0.34138749473591595 0.5233140856572798, 
97, 111110, 111111, 0.8951634001646324, 0.8951634001646324, 0.0 0.0005346749097892216 0.004844552321768444 0.025350018544854972 0.10527946484546961 0.3203590298506816 0.5436322595274361, 
98, 011101, 111111, 0.8893799932139781, 0.8893799932139781, 0.0 0.00018960696241109143 0.004753134186018719 0.02956211415438474 0.11501151100781849 0.3250501046812101 0.5254335290081569, 
99, 011110, 111111, 0.8892374154036035, 0.8892374154036035, 0.00010910020210941632 0.00043034841381375273 0.0050902004407158054 0.026819547480160407 0.11691607274154887 0.3271175746102117 0.52351715611144, 
100, 100111, 111111, 0.8858240659541285, 0.8858240659541285, 7.230517886525108e-05 0.0008359380334189391 0.005002053670192866 0.027574914087151795 0.12380860741633101 0.33009191126005366 0.5126142703539864, 
run, initial grid state, final grid state, mean grid cell occupancy, mean binding site occupancy, fraction of time with N TFs bound, warning
1, 111111, 111111, 0.8895084056214738, 0.8895084056214738, 0.0002131850208357402 0.0007580533901075876 0.004630410443448094 0.02885046414308925 0.11229542500717789 0.3282163049781891 0.5250361570171523, 
2, 111110, 111111, 0.8936626540216689, 0.8936626540216689, 3.107741247695116e-05 0.0006696868284138966 0.005516957595859209 0.024056597198834812 0.1044838570048499 0.33128384126341437 0.5339579826961509, 
3, 111111, 011111, 0.8915464737223574, 0.8915464737223574, 0.0002216298255491966 0.0008085979065722936 0.0047863081829511885 0.02810967391536433 0.10615670546267697 0.32956072377644774 0.5303563609304383, 
4, 111111, 111111, 0.8958735601081578, 0.8958735601081578, 2.8751808211916965e-06 0.0005368505432349017 0.005470382062009331 0.024573131415750404 0.10228147354556563 0.3218932659635321 0.5452420212890864, 
5, 111111, 111010, 0.8925961910641467, 0.8925961910641467, 0.0 0.00015185106893894217 0.005191758046319442 0.02521985495013393 0.11396238184597494 0.31931223754279564 0.5361619165458371, 
6, 111110, 110111, 0.8930286238161629, 0.8930286238161629, 0.0 0.00011890809961574417 0.0037337254132705213 0.02569293175582904 0.10971403316777995 0.3297919533488154 0.5309484482146893, 
7, 111111, 011111, 0.8947334132852595, 0.8947334132852595, 0.0 0.0002608172488454055 0.0035081038894983147 0.023708578024037457 0.11443409668356451 0.31626909104698164 0.5418193131070727, 
8, 111111, 011100, 0.8967803338284214, 0.8967803338284214, 0.0 0.00045114331918091996 0.0034709308681446062 0.023981503852921738 0.10203800553002132 0.3271580343421817 0.5429003820875496, 
9, 111111, 111111, 0.8917725995136716, 0.8917725995136716, 0.0 0.00047035374491986767 0.005331433676595318 0.024087162437353437 0.11550319816131333 0.322419015852303 0.5321888361275151, 
10, 111111, 111111, 0.8953241525446505, 0.8953241525446505, 0.00013281599952209562 0.0011440635095523297 0.005273466922457787 0.024684138042103097 0.10900802631629716 0.30837553673846796 0.5513819524715995, 
11, 111011, 111111, 0.896198377652593, 0.896198377652593, 0.00024895198859816505 0.00044828633134309727 0.0029267582706825504 0.023370616889592848 0.10579317106325785 0.32566936461811313 0.5415428508384122, 
12, 011111, 111111, 0.894119252627552, 0.894119252627552, 0.0 6.348874537411189e-05 0.0033311271999384713 0.025869425827792822 0.10434418415788077 0.33534588590892384 0.5310458881600899, 
13, 111111, 111010, 0.8990128778109525, 0.8990128778109525, 0.0 0.0003065400879653649 0.0031463846944062017 0.025724536555599413 0.10462424730048517 0.30538238964906433 0.5608159017124795, 
14, 111011, 111111, 0.8953754717628093, 0.8953754717628093, 0.0 0.0004129978337160708 0.004045880711179783 0.02577994070875253 0.10433692106562435 0.32348499315233853 0.5419392665283889, 
15, 111111, 111111, 0.8887807433630805, 0.8887807433630805, 3.851715608097258e-06 0.00027348740596927344 0.006510374946781459 0.029009495221996622 0.11103832284722931 0.3307783613504472 0.522386106511968, 
16, 111111, 111111, 0.893001747276712, 0.893001747276712, 0.00038648191764513646 0.0003896731039862902 0.004333298948232573 0.02336522407263493 0.11270172752500579 0.3248899362530788 0.5339336581794165, 
17, 111111, 111111, 0.8934550826587501, 0.8934550826587501, 5.678181372854681e-05 0.0011511262560797233 0.004646055704425884 0.024015901535820627 0.10541444174459046 0.3317123709703829 0.5330033219749718, 
18, 111111, 111111, 0.8940372587294381, 0.8940372587294381, 0.0 0.000725907436354923 0.005297575933236615 0.023656681025601655 0.10929197381764083 0.32140261599656356 0.5396252457906024, 
19, 111110, 011111, 0.8961268824610634, 0.8961268824610634, 0.0 0.0004322458144694708 0.004810825745729376 0.02528029192169919 0.10406730133792813 0.3178586947374008 0.547550640442773, 
20, 101111, 111111, 0.8957812212514784, 0.8957812212514784, 0.0 0.0009352013935204683 0.0051114616109211135 0.026078421199731694 0.10365412609227438 0.3146473032960985 0.5495734864074538, 
21, 111111, 100111, 0.8889037556339009, 0.8889037556339009, 0.00015477045434486296 0.0007790406873734507 0.005417706926770266 0.027866541541537414 0.11398476312622911 0.32851366144950717 0.5232835158142377, 
22, 111001, 011101, 0.8933328985267444, 0.8933328985267444, 0.0 0.0003026698555590425 0.004052625147053826 0.02356993591232381 0.11157983840468351 0.3284092744271846 0.5320856562531951, 
23, 111111, 111111, 0.8901311466459868, 0.8901311466459868, 0.0001586652371367954 0.0005105087844870452 0.004597219311030613 0.027134161746397337 0.1142861474791824 0.32734492733714343 0.5259683701046223, 
24, 111110, 011101, 0.8979213108370147, 0.8979213108370147, 0.0 0.00031001803649084904 0.002507461815371999 0.02149919886088262 0.10467282154030347 0.32704895787071464 0.5439615418762365, 
25, 111110, 111111, 0.894261813204285, 0.894261813204285, 0.0 0.00021977387952804562 0.0031671619592834365 0.023816025848481165 0.10655473351821308 0.33610405895764617 0.530138245836848, 
26, 111111, 111111, 0.8871458572642259, 0.8871458572642259, 2.2291806442283446e-05 0.0005927818038977185 0.0045905544168664885 0.03202001694786421 0.11367351529076375 0.3322578974639162 0.5168429422702494, 
27, 111111, 000111, 0.8910125557719721, 0.8910125557719721, 2.5673844993455066e-05 0.0005682104311205659 0.004243658159561912 0.02562558365409768 0.11586196478156162 0.3253542569789397 0.528320652149725, 
28, 111100, 111111, 0.8923467325801081, 0.8923467325801081, 0.00022842828250351405 0.00048121949735215725 0.003371319510251083 0.026425374091195625 0.11552324761494127 0.3183350417930957 0.5356353692106607, 
29, 101111, 011111, 0.8960177350811002, 0.8960177350811002, 0.0 0.0002956400243140118 0.0028953813190701404 0.024255670942058376 0.10410480947629226 0.32985723233678926 0.5385912659014759, 
30, 111101, 111101, 0.8959158279694345, 0.8959158279694345, 1.033862678573245e-05 0.0005147202270574087 0.0044048715215491835 0.02394604724785259 0.10198342229774023 0.32844492686215626 0.5406956732168586, 
31, 111110, 101111, 0.8960371839115434, 0.8960371839115434, 0.0 0.00033155740929467336 0.0034263565828519735 0.026430614418751205 0.1065071078506057 0.3161076241953933 0.5471967395431032, 
32, 111111, 011111, 0.8947301755268944, 0.8947301755268944, 6.243597215107509e-05 0.0006863974421571443 0.0035644460067443227 0.025397420400289594 0.1003798642061943 0.33660257015470685 0.5333068658177567, 
33, 111111, 011111, 0.8939142215598707, 0.8939142215598707, 0.0 0.0004181789430043988 0.003931601034029867 0.024368883222524475 0.11053840578679194 0.3245139105484771 0.5362290204651722, 
34, 111111, 101111, 0.8998364001453798, 0.8998364001453798, 0.0 0.00047497640171753505 0.0036257196793438623 0.021390738631919915 0.10078099179444218 0.3183696389171138 0.5553579345754628, 
35, 011111, 011111, 0.8912721076435273, 0.8912721076435273, 0.00011285307413494302 0.0004064052867246241 0.0051861420585312705 0.02919846064770661 0.11013392137463628 0.32105041633388665 0.5339118012243798, 
36, 111110, 101111, 0.8918912488230688, 0.8918912488230688, 0.0 0.0008367612607154958 0.0045352983836160436 0.0256964571527834 0.11046055323936202 0.3283170292864715 0.5301539006770515, 
37, 111111, 111111, 0.894214342277816, 0.894214342277816, 2.4399272520002863e-05 0.000775315312082739 0.00394745725120104 0.023644752157231372 0.10704947973578346 0.32986792918950464 0.5346906670816768, 
38, 100111, 011111, 0.894763256275538, 0.894763256275538, 4.382148128929592e-05 0.0004857087549633355 0.005816247494172813 0.024430888787949443 0.1061762699153505 0.31981879351297987 0.5432282700532947, 
39, 111111, 011101, 0.8935466793982988, 0.8935466793982988, 2.4756351779699322e-05 0.0005958828017212662 0.004649833344333852 0.025607472159411847 0.11075723053707902 0.3186557605611929 0.5397090642444814, 
40, 011110, 111111, 0.8914261155451407, 0.8914261155451407, 7.817878603905438e-05 0.0001963884326440823 0.004153381214795958 0.026798992747912767 0.11318040828652692 0.3266209721737252 0.528971678358356, 
41, 111111, 011101, 0.889835262699415, 0.889835262699415, 8.995141399803615e-05 0.0009883025048472484 0.00536529549313823 0.025249951147751477 0.11643850010271743 0.32541916717404346 0.5264488321635041, 
42, 111111, 101111, 0.8915997547733385, 0.8915997547733385, 0.0 0.00020476693402095918 0.004937775962724784 0.027057258321253462 0.11495650747292521 0.31854174292935433 0.5343019483797211, 
43, 111111, 011110, 0.8885844547203868, 0.8885844547203868, 2.643526304676419e-05 0.0007234119942860659 0.0039932093020461565 0.026990239697824776 0.11657214941160104 0.3346297450031076 0.5170648093280875, 
44, 111111, 111111, 0.8912849178001542, 0.8912849178001542, 0.0 0.0003610482135909653 0.0032979354132433515 0.02699220210605646 0.11525553213692355 0.32580583988613104 0.5282874422440547, 
45, 101111, 111110, 0.9004846401558877, 0.9004846401558877, 5.4558846681912733e-05 0.0006803676531758762 0.0035037790847997578 0.0221066420943735 0.10121931641407642 0.3105892922682304 0.5618460436386621, 
46, 011111, 110111, 0.893239106941219, 0.893239106941219, 9.570307622977664e-06 0.00013771586653380164 0.0031401197570416362 0.026232043454511304 0.10950077074472946 0.32956120629311997 0.5314185735764408, 
47, 111101, 111111, 0.8910735905598002, 0.8910735905598002, 1.0415045290106817e-05 0.0005522840357661957 0.0064486813916113436 0.03071638848980876 0.11048544088442531 0.3118197733859051 0.5399670167671932, 
48, 111111, 111100, 0.8905735954282153, 0.8905735954282153, 0.00011709364593386649 0.00041413195488047025 0.0035648083118780716 0.027272532198962685 0.11732828091152257 0.323051814113257 0.5282513388635653, 
49, 111111, 011111, 0.8890960398198476, 0.8890960398198476, 5.510004436128196e-05 0.0002256159476778053 0.005125813922129972 0.02819409984273363 0.113876172193578 0.3311271814724808 0.5213960165770385, 
50, 111111, 111111, 0.890288486499504, 0.890288486499504, 0.0 0.0010437790097763992 0.0038232301780795125 0.026800437298339048 0.11408901660678863 0.3291779201331817 0.5250656167738347, 
51, 111111, 111101, 0.8912607826355906, 0.8912607826355906, 1.7506162810893285e-05 0.0006762147132801157 0.006013815120987217 0.028302124065211872 0.11379815769527582 0.31239124557305403 0.53880093666938, 
52, 111111, 111111, 0.8919308765234444, 0.8919308765234444, 0.0 0.00034275043123700786 0.0034285325640590943 0.026132851262643857 0.10999560861162622 0.33459708743572764 0.5255031696947062, 
53, 101101, 011111, 0.8907465253467576, 0.8907465253467576, 0.0 0.0004888719037114611 0.005419445356511878 0.026024216927576595 0.1131100552767683 0.32710594563858325 0.5278514648968485, 
54, 101111, 111111, 0.8915975579375529, 0.8915975579375529, 0.0 0.0004206479907310727 0.005663714578891337 0.0290436941151868 0.11356965024478037 0.3113861712703406 0.5399161218000698, 
55, 111111, 111111, 0.8878108612125497, 0.8878108612125497, 0.0 0.00042681449908161086 0.004766524000994031 0.025062069936856377 0.12116565701345419 0.33441714038784054 0.5141617941617733, 
56, 111111, 111111, 0.8898370663193674, 0.8898370663193674, 6.105877872557866e-05 0.0006979934193397241 0.00541465559491536 0.025216586253888257 0.11355305049084471 0.3327068001917275 0.5223498552705588, 
57, 111111, 001111, 0.8899675772276429, 0.8899675772276429, 0.0 0.0004217538270886455 0.004658324973397155 0.026091063991625547 0.11415171215083052 0.33287585132857306 0.521801293728485, 
58, 111111, 101111, 0.8916936914968174, 0.8916936914968174, 8.974494984274818e-05 0.0007609155113841806 0.005151075412304791 0.025696433577012703 0.10625889474587606 0.3352834118911088 0.5267595239124707, 
59, 111110, 111111, 0.8921010157611223, 0.8921010157611223, 0.00029701108455271945 0.0007601787183244738 0.0048360095574480465 0.027017568715839206 0.10518954812585642 0.33103510470530423 0.5308645790926749, 
60, 111111, 111111, 0.8903796513210845, 0.8903796513210845, 0.00011157302137034279 0.0004361635087939103 0.003308284549083869 0.026401306063194387 0.11689488834963188 0.32864500331611923 0.5242027811918064, 
61, 111100, 011111, 0.8894433054263882, 0.8894433054263882, 9.567442571401595e-05 0.0005879491486699736 0.004443982598469814 0.025064758154983817 0.11688994627002976 0.33307627774514714 0.5198414116569855, 
62, 011110, 011111, 0.8915855028407393, 0.8915855028407393, 0.0 0.0009476114899927873 0.0046398195635090015 0.02995819774392676 0.10903005284983351 0.31925494832011675 0.5361693700326213, 
63, 101111, 011100, 0.896772269839462, 0.896772269839462, 0.00011442743008355298 0.0007144416763703454 0.0032039903580988022 0.020364529976420614 0.10271032191631702 0.3357774128065838 0.5371148758361259, 
64, 011111, 111111, 0.8884031806334334, 0.8884031806334334, 0.00014535394522507985 0.00026675268231726826 0.0042900126821531406 0.027293909901925043 0.11594104222991723 0.3364511642222415 0.5156117643362206, 
65, 111111, 111111, 0.8907511069359328, 0.8907511069359328, 3.4871096622067544e-05 0.0003692177709277896 0.0042807479048158825 0.02768055674265784 0.11675995740431998 0.3197534662941543 0.5311211827865022, 
66, 111110, 011110, 0.8926151213518221, 0.8926151213518221, 0.0003259337095909459 0.0007220728890739167 0.003781884321440707 0.024638643889707164 0.11404102352634231 0.32161778917858275 0.5348726524852623, 
67, 111110, 111111, 0.8906306028780773, 0.8906306028780773, 6.793444132833253e-05 0.00108217901663099 0.004624927610385401 0.022782800503769622 0.11413762649475857 0.3352745160580443 0.5220300158750828, 
68, 001111, 111101, 0.889918751217564, 0.889918751217564, 0.00028522029519464996 0.0008425594327170578 0.004739805611344447 0.028448584378360633 0.11436098666098714 0.3215364248574281 0.5297864187639679, 
69, 111111, 111111, 0.891374571440673, 0.891374571440673, 0.0002973126753843398 0.0008265489560213897 0.004213888397664108 0.024118115342614925 0.11400295313682192 0.3286201446314037 0.5279210368600897, 
70, 101111, 011111, 0.8909039498113694, 0.8909039498113694, 0.0 0.00020527971673031645 0.0049148938542578685 0.02600853194676823 0.11529149233803833 0.325281746614719 0.5282980555294863, 
71, 111111, 111111, 0.8958720247249259, 0.8958720247249259, 0.0 0.000132313016621215 0.0033115797081434066 0.025305185680391754 0.10281385600034793 0.3293166986928939 0.5391203669016018, 
72, 011111, 111111, 0.8956760115878311, 0.8956760115878311, 7.070981641242901e-05 0.0005174897648020869 0.0045355576874625035 0.029156788886038055 0.10340217292463619 0.3105152794932923 0.5518020014273565, 
73, 111110, 111110, 0.891615186553801, 0.891615186553801, 0.00011099543342689671 0.0009941481031242934 0.004859700818373992 0.02494919308188655 0.11087262215899604 0.32864054072386334 0.5295727996803289, 
74, 111111, 111101, 0.888703675570655, 0.888703675570655, 4.0791957477437596e-05 0.0009327360977841203 0.005579451426869942 0.0254509684658232 0.11272748353029062 0.3387438361767544 0.5165247323450002, 
75, 110111, 111110, 0.893370108966651, 0.893370108966651, 1.6677292099169321e-06 0.0002739324943937006 0.004689857318076935 0.022963071586602907 0.1096703189311915 0.33141039545836565 0.5309907564821594, 
76, 100111, 101110, 0.8961011407575514, 0.8961011407575514, 0.0 0.0004074811313815876 0.004659947116969771 0.023376545951127703 0.10424682912705784 0.3240926652224055 0.5432165314510576, 
77, 111101, 111110, 0.8991626082102282, 0.8991626082102282, 8.619357621261051e-05 0.00042757646569575576 0.0036629764157863013 0.022308821735586067 0.10352357257521223 0.31374379093254867 0.5562470682989583, 
78, 111111, 111111, 0.8954047143648615, 0.8954047143648615, 0.0 0.0003242754255738144 0.003633433738340359 0.024009891182383124 0.1100024287372069 0.3193820707080381 0.5426479002084577, 
79, 011111, 111111, 0.8950309441756505, 0.8950309441756505, 0.00026778654422459145 0.0005642011382533858 0.003865109030032693 0.025080590999949373 0.10925842884125453 0.3161675431869946 0.5447963402592908, 
80, 011100, 111111, 0.8885765124703054, 0.8885765124703054, 0.0 0.0005119882504477209 0.004263213726926277 0.027311295560074743 0.11545255871583339 0.3360891249063327 0.5163718188403851, 
81, 111111, 111111, 0.8887143903914411, 0.8887143903914411, 0.0 0.0004119779534194299 0.004672172451431098 0.02693531598716258 0.11408992405365181 0.3379792820097406 0.5159113275445945, 
82, 111111, 111111, 0.8938865978923961, 0.8938865978923961, 8.240939659970146e-05 0.00044482337338666117 0.005206785018006205 0.024641553563528 0.10929791414003746 0.32061421035640825 0.5397123041520338, 
83, 111111, 111111, 0.8956398659018283, 0.8956398659018283, 2.0910957168397445e-06 0.000473571787123194 0.005035508380326243 0.02469193390568892 0.10802725038387277 0.3135080630729963 0.5482615813742757, 
84, 111111, 111111, 0.8900430733253258, 0.8900430733253258, 6.422827599059967e-05 0.0009684115442112229 0.005508212273227944 0.026294518882913034 0.10775830595853303 0.33808111501232785 0.5213252080527964, 
85, 110011, 111111, 0.8939714842729901, 0.8939714842729901, 7.338587013710112e-06 0.00026141875620075633 0.0028849043566560946 0.02520911351659721 0.10984364320266676 0.3279657246772242 0.5338278569036413, 
86, 001110, 011111, 0.8960947203445325, 0.8960947203445325, 0.00010243840563901832 0.000258635814021769 0.0028121411455801896 0.02399440397804148 0.10703256108745664 0.324226969737503 0.5415728498317579, 
87, 111111, 111111, 0.8921453133105709, 0.8921453133105709, 6.623499455803916e-05 0.0007011250034674434 0.004612093933658147 0.025346114504034387 0.11053100328838608 0.3276763593283818 0.5310670689475141, 
88, 111100, 011111, 0.8857761879954086, 0.8857761879954086, 5.147668726393154e-05 0.0014664305022553388 0.0059485085355489905 0.029532454677782743 0.11716958820896296 0.3309712847992181 0.514860256588968, 
89, 111111, 111111, 0.8928256451220196, 0.8928256451220196, 0.0 0.0006257381440412146 0.003019467634262811 0.025226406369963785 0.11330219544084232 0.32555595801904935 0.5322702343918405, 
90, 111111, 111111, 0.8887416594934683, 0.8887416594934683, 0.0 0.0008624587304005114 0.005978676170142522 0.028599695922792687 0.10911693829228025 0.33529008035367924 0.5201521505307048, 
91, 111111, 111101, 0.8909394760745034, 0.8909394760745034, 0.00010142367071094966 0.0007570242663014644 0.004476586491789268 0.027414574649113767 0.11143933254449662 0.3269407451937147 0.5288703131838732, 
92, 110111, 111111, 0.8867882220988592, 0.8867882220988592, 2.153014420060884e-05 0.00040475405782168815 0.003489853712881388 0.028802413173409022 0.12159451220007994 0.33356203748062063 0.5121248992309867, 
93, 101111, 111111, 0.8862238079964257, 0.8862238079964257, 0.0 0.0007559945135389233 0.00583952475946928 0.029153112374140012 0.11816713559996571 0.3317254720935217 0.5143587606593644, 
94, 111111, 111111, 0.8929661314363622, 0.8929661314363622, 1.7931777728966302e-05 0.0006842198978695698 0.00352986259976139 0.027694641586556056 0.10946062011120414 0.32254990584498394 0.5360628181818959, 
95, 111111, 111111, 0.894920730669583, 0.894920730669583, 0.0 0.00024808069702354215 0.0029137967481036977 0.024654239586453824 0.10362957300991756 0.33635816072577246 0.532196149232729, 
96, 111111, 111111, 0.8889336150415318, 0.8889336150415318, 0.0 0.00036935273786820115 0.0053273342520362985 0.025435456540314504 0.11700102998364562 0.33293377946508834 0.518933047021047, 
97, 111111, 111111, 0.8847562558391059, 0.8847562558391059, 0.0 0.0003141508288629282 0.0049549863899850605 0.030836744112077395 0.12232943768563655 0.33290265755360443 0.5086620234298337, 
98, 111110, 101111, 0.889564348335234, 0.889564348335234, 0.0 0.0008262605567801318 0.005273266701222092 0.029970932201188624 0.11501181593392325 0.3174531119283947 0.5314646126784912, 
99, 111111, 111101, 0.8914144182509419, 0.8914144182509419, 0.0 0.000381807310454966 0.004708088240162113 0.025053076085121195 0.11421010134465999 0.3271926700367415 0.5284542569828603, 
100, 111110, 111110, 0.8927267524815283, 0.8927267524815283, 0.00017019418903691427 0.0003083320788945754 0.0038601351497923116 0.029961239049687612 0.10810680280117058 0.31953879623156184 0.5380545004998561, 
run, initial grid state, final grid state, mean grid cell occupancy, mean binding site occupancy, fraction of time with N TFs bound, warning
1, 111111, 111111, 0.8966386921659791, 0.8966386921659791, 0.0 0.0003387226969698497 0.004238537971824246 0.022878929485881952 0.10157883004693427 0.3297256330804649 0.5412393467179247, 
2, 000111, 110111, 0.894290774613673, 0.894290774613673, 0.00012145608537370249 0.0010330399286161858 0.004220411842078793 0.025372099037991907 0.10504226465010247 0.3252789423801432 0.5389317860756937, 
3, 111111, 011101, 0.890993625062092, 0.890993625062092, 0.00012115455542892216 0.0005673340565816277 0.004732195590385887 0.026170218024247908 0.10927568614018057 0.3344838432973178 0.5246495683358573, 
4, 011111, 111111, 0.8935132917525009, 0.8935132917525009, 1.4266083865506306e-05 0.00021329634867744783 0.005107673482851457 0.025468278786909743 0.10568717998335635 0.3295582809795663 0.5339510243347733, 
5, 111010, 011111, 0.9000529052339487, 0.9000529052339487, 5.513398865818977e-05 0.00015742545414327154 0.002651339066418237 0.019739773406077292 0.10496143369815798 0.31881709351342197 0.5536178008731231, 
6, 111111, 111111, 0.8928180846063286, 0.8928180846063286, 0.0 0.000178322941917181 0.0027269779473898946 0.024344025223830248 0.11385482378789259 0.3305502426156071 0.5283456074833631, 
7, 111111, 111111, 0.889417324478326, 0.889417324478326, 9.263196185997553e-06 0.00038305682655340146 0.0057302163554104465 0.026994762610227093 0.10758594115254695 0.34244815426274483 0.5168486055963314, 
8, 111111, 111110, 0.8925701530436746, 0.8925701530436746, 0.0 0.00041012138044357204 0.005341993044074148 0.027107926203604627 0.11087988076387474 0.3180769625208743 0.5381831160871287, 
9, 110111, 111110, 0.8927092951496582, 0.8927092951496582, 0.00016869465682597387 0.0005531890426310471 0.004221030997520415 0.024803991757588715 0.1127658878334864 0.32313824101811883 0.5343489646938288, 
10, 111111, 111111, 0.8920055251106747, 0.8920055251106747, 4.120928434996377e-05 0.00040879345932619905 0.0032444735536270764 0.02522973256166559 0.1155977118535179 0.3258131107266798 0.5296649685608334, 
11, 111101, 101111, 0.8892136452935144, 0.8892136452935144, 0.00012459017715851464 0.0011351960206901458 0.005800134753373226 0.02825529869975688 0.11613012426550086 0.31806792342874657 0.5304867326547738, 
12, 111111, 111111, 0.8898744230225007, 0.8898744230225007, 0.0 0.00077898540495881 0.005024708246380536 0.030781823060010732 0.11323868200947408 0.31793686865569853 0.5322389326234772, 
13, 111111, 111101, 0.8927158248396836, 0.8927158248396836, 0.0 0.0003291851083315128 0.0037833854230896378 0.026234092796078967 0.10865579123558672 0.3309117228684713 0.5300858225684418, 
14, 111111, 111111, 0.89079688565694, 0.89079688565694, 0.00018024755354699632 0.0005955984228381513 0.003540172791979515 0.02654121756560974 0.1165852386958602 0.3242043873664194 0.5283531376037461, 
15, 111111, 111110, 0.8875853849337527, 0.8875853849337527, 1.0112723882567314e-05 0.0011180962657638815 0.006122848415260241 0.02631817799555845 0.11794798146740436 0.3294946421428436 0.5189881409892869, 
16, 111111, 110111, 0.894907932462102, 0.894907932462102, 0.0 0.0003993560455078028 0.003968217373283567 0.024004964594315222 0.10906985315464961 0.3225281554144702 0.5400294534177736, 
17, 111010, 011111, 0.889405771535811, 0.889405771535811, 0.0 0.0001672286221075058 0.0031751797849925347 0.026447703738543757 0.12007557010303337 0.3305342571129284 0.5196000606383945, 
18, 100111, 111111, 0.892647771044484, 0.892647771044484, 8.700130018772113e-05 0.0006973150820998492 0.004686543015659281 0.027835361097443164 0.10996841702054651 0.31791570112541045 0.5388096613586529, 
19, 110110, 011111, 0.8940706307008579, 0.8940706307008579, 8.918227739016214e-05 0.0003735006818246699 0.0036716201876815565 0.027911617607991934 0.10867604270737445 0.3174001997319378 0.5418778368057994, 
20, 111111, 111111, 0.8900616219210451, 0.8900616219210451, 0.0 0.0005760331445172287 0.004670649503615053 0.026385166704757674 0.11711368227321127 0.32468464007598735 0.5265698282979114, 
21, 111111, 111111, 0.8932664225023734, 0.8932664225023734, 0.0 0.00029311550214727004 0.00412196753613489 0.025056494798892246 0.10969473465356454 0.3278890636266777 0.5329446238825833, 
22, 111110, 111011, 0.8905177842358175, 0.8905177842358175, 7.919081475805668e-05 0.0006350758289672362 0.005161343384513164 0.028456638799646116 0.11014874647071306 0.3269299876732942 0.5285890170281082, 
23, 111011, 111110, 0.8948807489049919, 0.8948807489049919, 0.0 0.0003143558062026614 0.004172772054009275 0.024251333331118837 0.10420961394429631 0.3312794114410484 0.5357725134233244, 
24, 011111, 111110, 0.8938981735143036, 0.8938981735143036, 3.895548595729328e-05 0.0004326884542481388 0.0048422332378137145 0.023172267398121713 0.11120366821193052 0.3229207121577126 0.5373894750542159, 
25, 011100, 111111, 0.8946140120769557, 0.8946140120769557, 0.0 0.0001222182501527241 0.0028031653792430057 0.024685114270066262 0.11085924419165784 0.324718343577016 0.5368119143318641, 
26, 001111, 011011, 0.8952761485271258, 0.8952761485271258, 0.0 0.0007330174788990403 0.004342606942178873 0.02452339919325553 0.10193567701963775 0.32986604205499254 0.5385992573110363, 
27, 111111, 011111, 0.8894373615624116, 0.8894373615624116, 9.311849146647822e-05 0.00043459505006331056 0.0038854173169958605 0.02717966033965849 0.11545887020884699 0.33264575372176236 0.5203025848712064, 
28, 111111, 111110, 0.892876737465604, 0.892876737465604, 9.754081757976894e-06 0.0007977064775599751 0.004731842572289261 0.02514807533378725 0.10726856730924698 0.3297837874190157 0.5322602668063429, 
29, 111111, 111111, 0.8922383498683742, 0.8922383498683742, 9.606326830988838e-05 0.0005303513340254482 0.0032510128570405424 0.024579096701801053 0.11241687150684798 0.33176667996250636 0.5273599243694688, 
30, 001111, 111110, 0.8960296784005812, 0.8960296784005812, 0.0 0.00013424852366685866 0.004627806028111399 0.022291239041872864 0.11033727884954639 0.31709118804102165 0.5455182395157809, 
31, 111110, 111111, 0.8920980677963448, 0.8920980677963448, 3.558716168063027e-05 0.0008566634647408197 0.005515674730625088 0.027662583630868143 0.10480761296592293 0.32824907718119284 0.5328728008649696, 
32, 111111, 111111, 0.8888570998075713, 0.8888570998075713, 2.0112318249713803e-05 0.0006401124067692688 0.0053318127314201415 0.029658108173465935 0.1145639462190563 0.3241066973270359 0.5256792108240027, 
33, 111100, 111111, 0.8898845072517342, 0.8898845072517342, 6.617240344751448e-05 0.0005200692405728499 0.005293875973557009 0.029405006497767356 0.11759874695870678 0.31310755856110206 0.5340085703648464, 
34, 111110, 011110, 0.8841982871547791, 0.8841982871547791, 0.0 0.00047781516956435776 0.0044964086410573334 0.02682807783675202 0.12871737279128026 0.33651658756645747 0.5029637379948886, 
35, 111110, 111101, 0.8998193752810447, 0.8998193752810447, 1.3905146912052517e-05 0.0005187410954884262 0.0036501031763720507 0.022832864561310506 0.09889656330995611 0.31751447894548473 0.556573343764476, 
36, 011111, 111111, 0.892602305990795, 0.892602305990795, 0.0 0.0002329328089454486 0.0035489137013244485 0.02635379810574331 0.11276317176383455 0.3244381073603054 0.5326630762598469, 
37, 111111, 111111, 0.8910282034190591, 0.8910282034190591, 2.9433118783519378e-05 0.0006623294736443388 0.00471883342504306 0.026531089822226808 0.11126387926029845 0.32934617171727326 0.5274482631827306, 
38, 111111, 111110, 0.8934876848574682, 0.8934876848574682, 0.0 0.0006498692156261204 0.0049715673979804234 0.026783216490677417 0.10770537262440459 0.32017788046429724 0.5397120938070142, 
39, 011111, 111111, 0.8918602539139044, 0.8918602539139044, 3.561576783946582e-05 0.00036157963943597813 0.004048373793121842 0.025038060315807076 0.11678244015641673 0.321944327279614 0.5317896030477649, 
40, 111001, 111111, 0.8920330334423329, 0.8920330334423329, 0.0 0.00030230566709941336 0.005438871665121494 0.026873396396154176 0.10984968489926326 0.32421522536303077 0.533320516009331, 
41, 111111, 111110, 0.8955947867928585, 0.8955947867928585, 0.0 0.0002245390612765224 0.004050519396501932 0.025067930834841778 0.10394097973211601 0.32602075438170086 0.540695276593563, 
42, 111111, 011111, 0.8893808415572084, 0.8893808415572084, 0.00010668962974576722 0.000653919876937483 0.004314951506407047 0.028331115313179084 0.11165373780121836 0.33424458592598616 0.520694999946526, 
43, 111010, 111110, 0.8909909380606071, 0.8909909380606071, 0.0 0.00023084024089674153 0.004859561081142904 0.02777434574577498 0.11408155447300376 0.32197577992396903 0.5310779185352126, 
44, 111111, 111111, 0.892329424346488, 0.892329424346488, 8.852165177246998e-05 0.0007509107005373129 0.0041237319162842866 0.024695113218528023 0.11093449840742933 0.32928850637217105 0.5301187177332776, 
45, 111110, 111111, 0.8905326619777418, 0.8905326619777418, 7.163396293526603e-05 0.000770198390621032 0.004829159749654776 0.02904417533331257 0.10925618101866488 0.32756170536694557 0.5284669461778658, 
46, 111111, 111111, 0.8976873900027832, 0.8976873900027832, 0.00024664567937268206 0.0004099251417371701 0.0029304518158619706 0.02364867002412945 0.09969544561163944 0.32828745163926415 0.5447814100879951, 
47, 111111, 111111, 0.8889526113094132, 0.8889526113094132, 1.198624044895172e-05 0.0007441407642973887 0.005938830389917109 0.030152898113271875 0.11424528075174276 0.3197871334763713 0.5291197302639506, 
48, 011111, 101111, 0.8928045804267256, 0.8928045804267256, 3.0596148175057907e-05 0.0005296882195833183 0.00441276638729446 0.025940328591959955 0.10909748503429874 0.32667347805902475 0.5333156575596637, 
49, 111111, 111111, 0.8924530970748532, 0.8924530970748532, 0.0 0.00040478672472792006 0.004335309048404711 0.024402835358707093 0.11030435945928582 0.33209902273892894 0.5284536866699454, 
50, 111111, 111111, 0.8883609330901169, 0.8883609330901169, 0.0 0.00016804816171844797 0.00495440853646907 0.028252507172677785 0.12000120258082979 0.32441659982513743 0.5222072337231674, 
51, 111100, 111111, 0.8942259166511998, 0.8942259166511998, 0.0 9.72743530230295e-05 0.003673226431937544 0.02600198456878723 0.1060530230166631 0.32935322286024815 0.5348212687693409, 
52, 011111, 111111, 0.8937570910482143, 0.8937570910482143, 9.190475220131021e-05 0.0009372379370340101 0.003629361757722557 0.025717430407689746 0.11069227869141944 0.3191655398755378 0.5397662465783952, 
53, 111111, 111111, 0.8972810363696013, 0.8972810363696013, 9.311393120169639e-05 0.0009503627646337413 0.0056147846452482076 0.024680609708362305 0.0968971907840008 0.32070793509793233 0.5510560030686209, 
54, 011111, 011111, 0.8911115235783221, 0.8911115235783221, 0.0 0.0005156369290972607 0.0035611900285250466 0.029659782701019037 0.11207028337811482 0.3233879989111938 0.53080510805205, 
55, 011111, 111111, 0.8951643884429515, 0.8951643884429515, 9.574195225806461e-06 0.0004909286557975553 0.004262840966730937 0.027384436039295933 0.10808948228678296 0.31111794433357076 0.5486447935225961, 
56, 111111, 111111, 0.89110811125334, 0.89110811125334, 0.0 0.0002770137185075879 0.002825417889709572 0.025499781670237975 0.11615260770388629 0.3318600319100966 0.523385147107562, 
57, 111001, 011111, 0.8947157144490069, 0.8947157144490069, 0.0 0.0001225837853596111 0.003455246291691295 0.025392622623585808 0.10913461244874363 0.3228247164441509 0.5390702184064687, 
58, 111111, 111110, 0.8927201497361813, 0.8927201497361813, 0.0001537786783741769 0.0002354248972364834 0.003839012566558023 0.026229033772852163 0.1119289767561675 0.3236781999293605 0.5339355733994512, 
59, 011011, 111111, 0.8982777040899151, 0.8982777040899151, 0.0 0.00028718025155521573 0.0029697090916231263 0.024348059893868897 0.10364551084854914 0.3166838364575352 0.5520657034568685, 
60, 111111, 011111, 0.8913438275267678, 0.8913438275267678, 4.961914380561737e-05 0.000826576211866715 0.004548744483427774 0.02715733415807681 0.10832696233501761 0.33118553383924965 0.5279052298285558, 
61, 111101, 011111, 0.8948169818019109, 0.8948169818019109, 0.0 0.000476682372911246 0.0034453233528913625 0.022967943361654124 0.11008683412691664 0.3258559055736164 0.5371673112120102, 
62, 111111, 011100, 0.8935747921237742, 0.8935747921237742, 0.0 0.0004963530616073097 0.004966787143681092 0.02767278728496716 0.1103654511819524 0.31245306915578797 0.5440455521720041, 
63, 111111, 110011, 0.8981184795223839, 0.8981184795223839, 0.0 0.00013579349162407572 0.0037461070895710422 0.0229309709878042 0.1019951234388348 0.3228425672082099 0.5483494377839561, 
64, 111110, 011111, 0.8907090882895073, 0.8907090882895073, 3.8693426107196576e-05 0.0002622404803006138 0.006039734720074513 0.024614113560591358 0.11635769324675617 0.32348544124922557 0.5292020833169446, 
65, 101111, 111111, 0.8934936609044493, 0.8934936609044493, 0.00012663756499846774 0.0006941833547611179 0.0051668455527415415 0.023100378570409787 0.1060895589348768 0.3326596566175585 0.5321627394046538, 
66, 111111, 011111, 0.8912986487855472, 0.8912986487855472, 2.2412769366900122e-05 0.0006885825131383679 0.0044681315197782736 0.02422840298723854 0.1146195758632737 0.3288338313374478 0.5271390630097563, 
67, 111011, 011110, 0.8974411672153587, 0.8974411672153587, 1.0392076102069445e-05 0.00048115280148480614 0.0035365572533335144 0.02141117455107248 0.10536882733931083 0.3237674728986383 0.545424423080058, 
68, 101111, 011111, 0.8907915940740214, 0.8907915940740214, 0.0 0.0004934765209181898 0.00417565061833125 0.025277508521850765 0.11664101105207555 0.32696590280825266 0.5264464504785716, 
69, 110111, 111111, 0.893020727540765, 0.893020727540765, 0.0001421454302207487 0.000933281725982353 0.004202545046857153 0.02912810192251058 0.1088423040252327 0.3144772595387476 0.5422743623104488, 
70, 111011, 111111, 0.8945874854179782, 0.8945874854179782, 0.00015378156197811874 0.0007482561493498228 0.004575277270793226 0.025048321083032683 0.10986726145106164 0.3146305221391189 0.5449765803446656, 
71, 011111, 011111, 0.8889027557072582, 0.8889027557072582, 0.00014563661601952143 0.0009285237251991884 0.004894506944300869 0.02882232559919582 0.12001705964113399 0.31498790357727907 0.5302040438968715, 
72, 111110, 011101, 0.8914223030766076, 0.8914223030766076, 5.4147510677632826e-05 0.0006058970761582538 0.005046800402686418 0.0292700386789067 0.10773466677064966 0.3246451599067319 0.5326432896541895, 
73, 101111, 001111, 0.8930955452393475, 0.8930955452393475, 0.0 0.0002407293790973013 0.004882554864051966 0.02491785768048413 0.1093319263210186 0.32727543652873103 0.5333514952266171, 
74, 011111, 011111, 0.8937865866918027, 0.8937865866918027, 4.939142038072858e-05 0.0008036789697941143 0.003588353379799723 0.02638698472709632 0.10817956402139112 0.32309224073465864 0.5378997867468793, 
75, 111111, 111111, 0.8950706393210242, 0.8950706393210242, 5.896948057606106e-05 0.0004792443755289699 0.0036984493681331753 0.024080377215380887 0.10592212827970332 0.3279469396346714 0.5378138916460061, 
76, 111111, 111111, 0.8902583238778339, 0.8902583238778339, 0.0 0.00037139167356304995 0.0046433241774290705 0.028434529070446805 0.11245694116219494 0.32780233211973453 0.5262914817966315, 
77, 111011, 111111, 0.895361697191244, 0.895361697191244, 0.0 0.00040412646221468844 0.003431656056638161 0.023303613413658678 0.10720853304883979 0.3277546539762548 0.5378974170423938, 
78, 111111, 111111, 0.9001709156298261, 0.9001709156298261, 7.674787818815027e-05 0.00019975165179676952 0.00371187672180648 0.023799721861477628 0.10587289426604095 0.2995227996891901 0.5668162079314999, 
79, 001111, 110111, 0.896907664401311, 0.896907664401311, 0.0 0.00032466583845674985 0.0039995315812058636 0.024500665833683252 0.10174842914426123 0.32393370228545476 0.5454930053169381, 
80, 111111, 011111, 0.8887521471812754, 0.8887521471812754, 0.00016587491514667867 0.0009547781633477968 0.005630132586563431 0.029855308279622378 0.11281334640127469 0.3240048286170588 0.5265757310369862, 
81, 011111, 011101, 0.8936962764502904, 0.8936962764502904, 1.1768646518446148e-05 0.0005029902318699303 0.005021990674241298 0.026678027165071293 0.10616530728686614 0.32278411949388636 0.5388357965015466, 
82, 111110, 011111, 0.8933788010576733, 0.8933788010576733, 8.597914544173648e-05 0.0006733543444341847 0.004495695284689787 0.02779866087805812 0.10642425991010589 0.3216172634659938 0.5389047869712765, 
83, 111111, 111111, 0.8945637064032256, 0.8945637064032256, 4.629395888555617e-05 0.00026080754528712654 0.00402695976920433 0.02817994170015033 0.10666626478769534 0.3170557663482381 0.5437639658905392, 
84, 111111, 011111, 0.8901270255123033, 0.8901270255123033, 3.9808137474883164e-05 0.0007149644020333744 0.004801515945938873 0.026316403759295157 0.1114991427605002 0.3342706155085223 0.5223575494862351, 
85, 011111, 111111, 0.8924020297500374, 0.8924020297500374, 7.420296944697696e-05 0.0004098496751526991 0.004718315407771906 0.026081368288811257 0.10664373216562219 0.3326885244785648 0.5293840070146302, 
86, 111100, 110101, 0.89212636280551, 0.89212636280551, 0.00016069742168205124 0.0008535584514077145 0.005352228738118131 0.02755138626570316 0.11148266500829383 0.31498144261363925 0.539618021501156, 
87, 001111, 011111, 0.8960228227825634, 0.8960228227825634, 0.0001565533756684973 0.0007750254402371247 0.006048872720828848 0.026580054575874753 0.10077974964872487 0.3135534619410333 0.5521062822976327, 
88, 111111, 011110, 0.8930121116749518, 0.8930121116749518, 0.0 0.00046688801799539027 0.005192807995267531 0.02618854311688381 0.10655181332372468 0.32715240188114225 0.5344475456649864, 
89, 111110, 011101, 0.890840635948787, 0.890840635948787, 7.530405213066508e-05 0.0005950927483919923 0.003909939975961209 0.025516619103965417 0.11966179106685665 0.32001569690307924 0.5302255561496149, 
90, 111111, 111111, 0.8930682531624846, 0.8930682531624846, 5.341130470718656e-05 0.0005242889875368844 0.003449668917250237 0.023981846170297177 0.11343178576600073 0.32604078254727065 0.5325182163069372, 
91, 111101, 111111, 0.8928173727108795, 0.8928173727108795, 0.0 0.0004830612966522148 0.0044380458536794135 0.023571859856355088 0.11161764191323435 0.3289774104412111 0.5309119806388678, 
92, 111111, 111101, 0.8895896665125432, 0.8895896665125432, 7.98302128179868e-05 0.0007991540683378207 0.004661389953626323 0.028477637694838995 0.11555571404293206 0.3227973483212565 0.5276289257061904, 
93, 110110, 111110, 0.8910506957997001, 0.8910506957997001, 2.762503557375499e-05 0.0007458460303133584 0.005183511559560614 0.02456709306531418 0.11617800719387804 0.3230095050148487 0.5302884121005114, 
94, 111111, 111111, 0.8913260334425308, 0.8913260334425308, 0.0 0.0008005038631900435 0.004936328345431229 0.027465728177751284 0.11289289359164774 0.3201129949305904 0.5337915510913892, 
95, 111111, 111111, 0.8919802958715407, 0.8919802958715407, 0.0001754371761190678 0.0012587661573666901 0.004860873446711979 0.02620171412799198 0.10959798908510078 0.32352715658618253 0.5343780634205271, 
96, 111111, 111111, 0.8925966403907037, 0.8925966403907037, 7.564352718954994e-05 0.0003394752396300151 0.003972232456181517 0.029443589310113392 0.10942898446136017 0.31919125361670453 0.5375488213888209, 
97, 011110, 111111, 0.8950064277654964, 0.8950064277654964, 0.0 0.00038511663351903353 0.0031073354137436475 0.02562156345391782 0.10305741968457365 0.33262697885355047 0.5352015859606953, 
98, 111101, 011110, 0.8965803487906364, 0.8965803487906364, 1.3868871382077534e-05 0.0003366255451379255 0.003128142650643818 0.024987467144196192 0.10510905652070134 0.32105848122563296 0.5453663580423057, 
99, 110011, 100111, 0.8894773175932499, 0.8894773175932499, 0.0 0.000438432179356785 0.005497982236595749 0.02845209443199505 0.10818212980608269 0.33723146168918366 0.5201978996567861, 
100, 111111, 111101, 0.8887245061883182, 0.8887245061883182, 7.220559665929703e-06 0.001111317626175426 0.005965378663649971 0.02873925959077589 0.10612595286281296 0.33972185222866486 0.5183290184682551, 
run, initial grid state, final grid state, mean grid cell occupancy, mean binding site occupancy, fraction of time with N TFs bound, warning
1, 111111, 111111, 0.8917377224435177, 0.8917377224435177, 0.00013194873490524433 0.000452979329706551 0.003807825449308114 0.023566975396207498 0.11284031325288735 0.3349042217893003 0.524295736047685, 
2, 111101, 111111, 0.8905770087297691, 0.8905770087297691, 0.00028743598087117785 0.0006634920036623875 0.0036428550107916228 0.025157438628478575 0.1131304994750985 0.3351911368390481 0.5219271420620496, 
3, 111111, 111100, 0.8887197813271358, 0.8887197813271358, 0.00011529005903410768 0.0012922069428882499 0.005023778757529449 0.0269016507864111 0.11537918678933408 0.3289700960005199 0.5223177906642832, 
4, 111011, 101111, 0.8900884167933969, 0.8900884167933969, 8.03615856873989e-05 0.00046103625304112474 0.005517891698722617 0.025906298151380007 0.11388539619561638 0.3291208948200254 0.5250281212955271, 
5, 111101, 111111, 0.8898550510701992, 0.8898550510701992, 0.0 0.0006712857418779602 0.004847109894021774 0.028545711215906672 0.11219352146829925 0.328100648709009 0.5256417229708853, 
6, 111111, 111111, 0.8930805120732566, 0.8930805120732566, 0.0 0.0002171395894196842 0.0030117544534062784 0.023793243552797542 0.11655550006510704 0.323893481011131 0.5325288813281385, 
7, 111111, 111111, 0.8951205866356181, 0.8951205866356181, 0.0 0.0001387827110917795 0.0033251784692485947 0.02437728430814528 0.10618833911198715 0.3297733216054279 0.5361970937940993, 
8, 111110, 110001, 0.8973026971516781, 0.8973026971516781, 0.0 0.0003168681290763616 0.004153518229654665 0.024525418196400126 0.10297664041973176 0.3184558680972666 0.5495716869278705, 
9, 101111, 111111, 0.8871624020636633, 0.8871624020636633, 0.0 0.0006176972603935428 0.00405036482123086 0.030314478585050725 0.11972238963978075 0.32734742699641567 0.5179476426971286, 
10, 111011, 111111, 0.895671594277524, 0.895671594277524, 6.770028986712296e-05 0.000452210177412033 0.004033212307348262 0.019783134763791076 0.1120943117670971 0.3236323046536331 0.5399371260408514, 
11, 111100, 011111, 0.8892562747090413, 0.8892562747090413, 0.0 0.0003854582829990273 0.0043537070603754495 0.028685605413708556 0.11412626796734529 0.33081087991343866 0.521638081362133, 
12, 111111, 011111, 0.8932728612141901, 0.8932728612141901, 0.0 0.00045340967100503896 0.004528540620963056 0.026624757080196855 0.10937866514854924 0.3213500203382925 0.5376646071409933, 
13, 111111, 111111, 0.8980815266898763, 0.8980815266898763, 0.0 0.0007108677823115946 0.0032832231723404484 0.02087162169519661 0.10595765175687624 0.3202934396604811 0.548883195932794, 
14, 111110, 011111, 0.8937920296231697, 0.8937920296231697, 0.0 0.0005593790615320205 0.003752447688983416 0.026611804610607213 0.10815638711567663 0.32329294813421344 0.5376270333889873, 
15, 011111, 111111, 0.8957761757059802, 0.8957761757059802, 6.177603396461123e-06 0.00016988409497703823 0.004212468299910722 0.02414046050509199 0.11022944710771249 0.31472631073851026 0.5465152516504012, 
16, 111111, 111111, 0.8958786512448162, 0.8958786512448162, 0.00011628741526668979 0.0004918143728324344 0.002791247681715535 0.023075108194184145 0.11133039654422948 0.3185201877774671 0.5436749580143047, 
17, 111111, 110111, 0.8962935121141594, 0.8962935121141594, 0.00015177666551692144 0.00021165773644731155 0.004212239759932316 0.024760724626718775 0.10486655799698978 0.31940572972584025 0.5463913134885546, 
18, 111111, 111111, 0.8853893383117625, 0.8853893383117625, 0.00022340266084205535 0.0005838693271811873 0.0047392642042174485 0.03394543351399438 0.11683502238421839 0.3289408054011772 0.5147322025083694, 
19, 011111, 111111, 0.8920253836256706, 0.8920253836256706, 0.0 0.00013536910024126368 0.004829378390424535 0.024974387222570844 0.11283129183583844 0.3272675938436825 0.5299619796072423, 
20, 011111, 111111, 0.8905473030857457, 0.8905473030857457, 1.305861638557343e-05 0.0003830502275968307 0.004117940353781087 0.02817801317521163 0.11235998133188221 0.3289968150447035 0.5259511412504392, 
21, 111110, 111111, 0.8907518995270488, 0.8907518995270488, 8.943873013099034e-05 0.0008114601833147519 0.0029860802762134587 0.024829576503190308 0.11470228346994986 0.335057051986023 0.5215241088511776, 
22, 111101, 111111, 0.8980618236485127, 0.8980618236485127, 0.0 0.000312593783822535 0.005177062189390006 0.024082946635899247 0.10175109054374387 0.31360681943706564 0.5550694874100787, 
23, 111111, 111011, 0.8927389327617116, 0.8927389327617116, 3.205267690414474e-05 0.00042927735710097205 0.004672802967872555 0.02669844846378341 0.10689043263035321 0.3286602780592542 0.5326167078447315, 
24, 111111, 011011, 0.885144898399014, 0.885144898399014, 4.899961917173294e-06 0.0003689541102459441 0.004468414689504626 0.031022354583778652 0.12668202686401256 0.3229516630458034 0.5145016867447376, 
25, 111010, 111111, 0.8860715034831488, 0.8860715034831488, 7.877979866845266e-05 0.0007392533876283803 0.004558445516768894 0.02933706041743782 0.11902970140741817 0.3350976672367294 0.5111590922353488, 
26, 011111, 111111, 0.8885151888158322, 0.8885151888158322, 0.0 9.70206401988917e-05 0.005064647865395992 0.031099901004601832 0.11306029459225905 0.3287448802441049 0.5219332556534393, 
27, 111101, 001111, 0.8953731240273701, 0.8953731240273701, 0.000237538951038406 0.0007697017440680023 0.004692508846286716 0.022861745918447855 0.1050720775968372 0.3249880850750434 0.5413783418682784, 
28, 111111, 101111, 0.8938419499596769, 0.8938419499596769, 0.0 0.0007144407745302858 0.0035917323621346125 0.02402318856067705 0.11065987408226942 0.3256198530741785 0.5353909111462102, 
29, 011011, 111111, 0.8968031390536123, 0.8968031390536123, 8.221638124375115e-05 0.0007488662824226168 0.004694024080667291 0.022430354055188183 0.10249303759977327 0.32389030229097016 0.5456611993097348, 
30, 101111, 111111, 0.8879232973294656, 0.8879232973294656, 0.0 0.0007587752846056222 0.005371623912916177 0.029332002762058423 0.11645189387361954 0.3262800479150986 0.5218056562517016, 
31, 111111, 011111, 0.8936331624740713, 0.8936331624740713, 0.00016022947305115913 0.00035376571265964275 0.004276508919995711 0.026169122327076095 0.10853847362785943 0.3227804698370377 0.5377214301023203, 
32, 111011, 110111, 0.8894517213441121, 0.8894517213441121, 0.0 0.0005526175600276816 0.0052467568455273296 0.027816966530930902 0.11704819016629348 0.32199227682770054 0.52734319206952, 
33, 011111, 111111, 0.8929775787593631, 0.8929775787593631, 0.0 8.662428533498729e-05 0.0036585935550412924 0.02418677396786211 0.11502490918311459 0.32445689152716556 0.5325862074814814, 
34, 011111, 111110, 0.8902702649873552, 0.8902702649873552, 0.0 0.0003991741978543145 0.004569517097510485 0.03155434836597599 0.11203139132825078 0.319378642942126 0.5320669260682824, 
35, 111111, 011111, 0.890567536496128, 0.890567536496128, 3.795039613014175e-05 0.0006131071865896845 0.005886996879045456 0.029133855609008677 0.11167002866620176 0.31901193103789166 0.5336461302251327, 
36, 011110, 011010, 0.8926772182308165, 0.8926772182308165, 2.0954735846973598e-05 0.00039917582542186686 0.004460791111347214 0.02441780867825324 0.10680633354390115 0.33710582550495943 0.5267891106002701, 
37, 101110, 111110, 0.8889420675935026, 0.8889420675935026, 0.00017203468579320678 0.0005263254270950953 0.004449128343823977 0.028942297955723877 0.112118713948024 0.3338229240502342 0.5199685755893056, 
38, 111111, 011111, 0.8866966890182477, 0.8866966890182477, 0.0 0.00044633612952435297 0.004801010060416722 0.030346758104573088 0.1179410834242941 0.3314617038389176 0.5150031084422741, 
39, 111111, 111111, 0.8911188216072548, 0.8911188216072548, 5.9944354827914915e-05 0.0005486626973975272 0.004150550397507076 0.026325034883368112 0.11518092178091505 0.324244940938554 0.5294899449474303, 
40, 111011, 111111, 0.8984866989782478, 0.8984866989782478, 0.0 0.00017394459742773146 0.0029926803374257537 0.024125934194591404 0.1028663850767503 0.3181287890563966 0.5517122667374083, 
41, 111111, 111110, 0.8901322160865476, 0.8901322160865476, 1.311189679747536e-05 0.0003767467025073085 0.005212298449833059 0.028388000674092174 0.11097528470402976 0.32928053335772456 0.5257540242150157, 
42, 011111, 111111, 0.8904359626170453, 0.8904359626170453, 0.0 0.0007885111826238177 0.003837385228874461 0.026837550147393592 0.11460320525359592 0.3283730665197389 0.5255602816677734, 
43, 111111, 111111, 0.8908344938056604, 0.8908344938056604, 1.2570403644357408e-05 0.0004918575415154865 0.004515038695052312 0.02616520763547545 0.11024185424400623 0.3354188408619456 0.5231546306183605, 
44, 011111, 111111, 0.889877715770464, 0.889877715770464, 0.0 0.0005677638395953746 0.005114115654333727 0.024667829730280946 0.1188831047686045 0.32566872483385173 0.5250984611733337, 
45, 111111, 111111, 0.8966313102305119, 0.8966313102305119, 5.432894497258322e-05 0.0005594573438024095 0.004638348404636808 0.023398400630885594 0.10441754568901074 0.3195051913388552 0.5474267276478367, 
46, 111111, 111010, 0.8943808394810983, 0.8943808394810983, 0.00041686359911731306 0.000612700772531288 0.004433384044070387 0.024504272509756796 0.10339955438805139 0.3301048151743961 0.5365284095120768, 
47, 111111, 111101, 0.8861137688127341, 0.8861137688127341, 1.9966710252988905e-06 0.0014604502697991755 0.006402736286803455 0.029943082449071005 0.1158878478450213 0.3287872675639788 0.517516618914301, 
48, 111111, 111111, 0.8936054676781465, 0.8936054676781465, 0.0 0.0003333282945906548 0.003320787117863297 0.023534529148299125 0.11830325890138649 0.3162072987390443 0.5383007977988162, 
49, 111110, 111111, 0.8968971294071885, 0.8968971294071885, 6.667263658478146e-05 0.00035540395785990214 0.004337455919100192 0.022983485928225522 0.09905841523040215 0.3320230560261798 0.5411755103016476, 
50, 111111, 111111, 0.8885940882685174, 0.8885940882685174, 0.00022799325476112817 0.00044323413311116747 0.004805663858176379 0.02730136612598645 0.11592269794811685 0.33187919048787506 0.5194198541919729, 
51, 111111, 111101, 0.8901018887604958, 0.8901018887604958, 0.0 0.0005628268491515659 0.006122331426755298 0.025467529183192755 0.10930377196762565 0.33707507599941716 0.5214684645738576, 
52, 001111, 111111, 0.896767728731915, 0.896767728731915, 0.0 0.0006017243721815943 0.004537333371400665 0.025312986423206715 0.10319437596696673 0.31590796105844504 0.5504456188077992, 
53, 011111, 111111, 0.8942809142040831, 0.8942809142040831, 0.0001790447815723646 0.00036510450188114525 0.0034617209573523404 0.026681087433765013 0.10754741966502412 0.3224297381159094 0.5393358845444955, 
54, 111111, 111111, 0.8885947613889733, 0.8885947613889733, 8.484294583627156e-06 0.0005184527006404829 0.007334564561497481 0.028420900113154568 0.11448497436063966 0.32221735508872285 0.5270152688807614, 
55, 111111, 111111, 0.8830641229103676, 0.8830641229103676, 0.00018639246860515502 0.0009636899043515146 0.005127490556497045 0.03219982427916795 0.11894683586684798 0.3406753514072177 0.5019004155173127, 
56, 111110, 111101, 0.8929431555292596, 0.8929431555292596, 4.765900639028776e-05 0.0006588599678172951 0.004532256933742847 0.028193574924183628 0.11123317912592075 0.3135847021876502 0.541749767854295, 
57, 111111, 110111, 0.8903920203825588, 0.8903920203825588, 2.7381968200206753e-05 0.0009413378299563838 0.005693133659408718 0.026973697363907343 0.11394828036817084 0.3211867092799649 0.5312294595303916, 
58, 111111, 111111, 0.8885186311761292, 0.8885186311761292, 0.0001786494686318579 0.0007567923672654443 0.0051788980210313315 0.02860641294784439 0.11555383301335319 0.326389857340742 0.5233355568411318, 
59, 111111, 111110, 0.8908634224095603, 0.8908634224095603, 1.2926824952420733e-05 0.0003534874336587389 0.0032440835329534644 0.027786589878267237 0.11281816970271617 0.3310020242525829 0.524782718374869, 
60, 011011, 110111, 0.8905332725081629, 0.8905332725081629, 7.47874981074106e-05 0.00033068466298724923 0.0036285823893350997 0.02679219269915449 0.11724080000918877 0.32532570897426055 0.5266072437669664, 
61, 111111, 111111, 0.88993992255125, 0.88993992255125, 0.0 0.0003285249926246046 0.003314883614480692 0.0268012591259801 0.11581711315794246 0.33342030157762914 0.5203179175313429, 
62, 100111, 010110, 0.894736844359712, 0.894736844359712, 7.632641947740599e-05 0.0006818971864052045 0.0033930518438969265 0.023782095534954452 0.1060342967245884 0.3307244019632096 0.5353079303274679, 
63, 011111, 111111, 0.8920772342010889, 0.8920772342010889, 5.133410333954152e-05 0.00041209215041592003 0.0041028977041217074 0.027830412931763974 0.11013983648355954 0.3249856268424525 0.5324777997843467, 
64, 111101, 111111, 0.8939086373123826, 0.8939086373123826, 0.0 0.000421343241813864 0.0026445243877507175 0.026155622119227992 0.11039540040821168 0.324605695191526 0.5357774146514698, 
65, 110111, 100111, 0.8950909562219019, 0.8950909562219019, 0.00029287927156032545 0.0006883281072754661 0.0038068533960027634 0.01963751481238113 0.10848227948254204 0.33315082951661107 0.5339413154136272, 
66, 111111, 101111, 0.8956696172926554, 0.8956696172926554, 0.0 0.0002451210115891411 0.0042237639842440606 0.025170885007924918 0.10432553565076813 0.3236979089238353 0.5423367854216384, 
67, 111011, 111111, 0.896407728150552, 0.896407728150552, 0.0001513271967296657 0.0005111976518722942 0.004475544520856702 0.0272927774793534 0.10049868471961657 0.3173117996962286 0.5497586687353428, 
68, 100111, 111110, 0.8899313800211365, 0.8899313800211365, 0.0 0.0005499099244751248 0.00449678294735868 0.026892285920950925 0.11346975146180512 0.3320586777749073 0.522532591970503, 
69, 111111, 011101, 0.8952266942318688, 0.8952266942318688, 8.560070821974958e-05 0.0003199085816560756 0.0045759053292105095 0.023434862387533142 0.10784975276089688 0.32221897344995293 0.5415149967825308, 
70, 001111, 111111, 0.8910343968442275, 0.8910343968442275, 2.593788004114514e-05 0.0005310126931632416 0.004602059523829472 0.027050185979617246 0.1154489162986633 0.3205262995570761 0.5318155880676094, 
71, 111011, 111101, 0.8913662945945332, 0.8913662945945332, 0.0 0.0006418375334291798 0.005361821394204522 0.025745413013097847 0.1090880454071298 0.3317334293352835 0.5274294533168551, 
72, 111111, 111101, 0.8911100743292983, 0.8911100743292983, 0.0 0.0001867311000746772 0.004620443684430679 0.02647419664320058 0.11404412775497308 0.32641327834656614 0.5282612224707548, 
73, 111111, 111111, 0.8906146185367345, 0.8906146185367345, 9.465719894159407e-05 0.00045900011304088995 0.005821843249387566 0.02868909172438684 0.10924474643086012 0.3256052039883075 0.5300854572950755, 
74, 001111, 111111, 0.8918644912836846, 0.8918644912836846, 0.0 0.0004271741881053078 0.005118048516188908 0.024149793486270478 0.10929191866784271 0.3351717694981133 0.5258412956434793, 
75, 111111, 111110, 0.8902361167597929, 0.8902361167597929, 0.0 0.0008065964402463836 0.0038960497869995076 0.02585183544177565 0.1126119426859269 0.336186726394832 0.5206468492502196, 
76, 111111, 111111, 0.8917095319735017, 0.8917095319735017, 5.05625221477236e-05 0.000275384408143702 0.004668452608403414 0.02694337576392482 0.1117296778277411 0.32509921760451505 0.5312333292651241, 
77, 011011, 111111, 0.894366365843318, 0.894366365843318, 8.658086716561089e-07 0.0002544482459771917 0.003363974957660376 0.02628581607171246 0.11058805972717242 0.3190349013580522 0.5404719338307536, 
78, 111111, 111101, 0.8910823704619418, 0.8910823704619418, 5.2703347453389844e-05 0.0005557768171715736 0.004337346366264649 0.03049543888019071 0.11103270782620864 0.31950955529972336 0.5340164714629877, 
79, 011101, 111111, 0.8873474592502851, 0.8873474592502851, 0.0 0.0006664537500608277 0.0054953974308548335 0.029368915672347746 0.11505488397902217 0.33238487104947717 0.5170294781182373, 
80, 111110, 111111, 0.8900002736255688, 0.8900002736255688, 6.649701890797841e-05 0.0006660029423671961 0.005165844039578604 0.02811184539243554 0.11463238305842259 0.3220056829688376 0.5293517445794504, 
81, 111111, 001111, 0.8870007251083484, 0.8870007251083484, 2.7340079639412106e-05 0.0006905418095523969 0.0059475900957574514 0.032044890743705624 0.12014626175989754 0.3141613436903697 0.526982031821078, 
82, 011111, 111111, 0.8865769263355987, 0.8865769263355987, 0.00010742087575078009 0.0005976363625230959 0.004817334359537985 0.027778263112226503 0.11650130552545848 0.34129899709353884 0.5088990426709643, 
83, 111111, 111101, 0.8956008512477706, 0.8956008512477706, 1.8343383801324025e-05 0.00043637703956442216 0.005070272300783317 0.027261527491079598 0.10352762544582525 0.31498202444472373 0.5487038298942224, 
84, 011110, 011111, 0.8924888119436043, 0.8924888119436043, 0.0 0.0002042398616204375 0.003510624151890217 0.02421361800001983 0.1166963071231902 0.32396996417627144 0.5314052466870078, 
85, 111111, 111111, 0.8950320849595246, 0.8950320849595246, 0.0001055263831984429 0.0005061452924260639 0.006050603014207471 0.025533413177487353 0.10466401192472456 0.31651293004278996 0.5466273701651662, 
86, 110101, 111111, 0.8895760113298099, 0.8895760113298099, 2.6199001528932933e-05 0.0009254272485841313 0.004948913903827234 0.03090166833400933 0.1128468656354438 0.319565209880822 0.5307857159957845, 
87, 111111, 001010, 0.8918841136982343, 0.8918841136982343, 3.7894671856789356e-06 0.00039672278718744003 0.004051881805120887 0.026258407998991817 0.10880070924662091 0.33410479736084275 0.5263836913340504, 
88, 011111, 011111, 0.8874755715817335, 0.8874755715817335, 0.00011785218651588472 0.0005606023693404453 0.0056810340074136415 0.029241507716125704 0.11710242428948958 0.3269829377867914 0.5203136416443234, 
89, 001111, 111100, 0.8933204815093614, 0.8933204815093614, 0.0 9.975057842467511e-05 0.004726397459173089 0.027273489423800278 0.1074716665568808 0.3239089668298533 0.5365197291518679, 
90, 111111, 111111, 0.8906435851802207, 0.8906435851802207, 8.11086185463837e-05 0.0005752438853906307 0.004057961175407002 0.02871749937799241 0.11003319897833892 0.3303248769881616 0.526210110976163, 
91, 101111, 111111, 0.8934984577289707, 0.8934984577289707, 0.0 0.0003196221418873717 0.0035406758526998123 0.026095421037409697 0.10972396026202598 0.32551425586965843 0.5348060648363188, 
92, 111111, 111111, 0.8977421743194245, 0.8977421743194245, 0.0 0.0001776718831857471 0.003261179554930464 0.02386576408888688 0.10571493248143723 0.316586719218267 0.5503937327732927, 
93, 111101, 111111, 0.8948417284447285, 0.8948417284447285, 0.00023548486532461074 0.0010171246093713634 0.004590254140137806 0.02606801790375674 0.10431843015744101 0.31924916650612156 0.544521521817847, 
94, 111111, 001101, 0.8881570907147667, 0.8881570907147667, 0.0 0.00045317280677368237 0.005403507543491018 0.029827903057623617 0.11344979885999623 0.33079425461070433 0.5200713631214112, 
95, 111111, 111111, 0.8921048139258854, 0.8921048139258854, 0.000170920017376684 0.0008439853090694617 0.0038796409665387437 0.027289372387090276 0.10882995075192263 0.3270790872638094 0.5319070433041928, 
96, 111111, 111101, 0.8926155823718499, 0.8926155823718499, 0.0 0.0006833281156436815 0.0038189721259320915 0.024802348929891478 0.11580494045887593 0.3195970489795278 0.535293361390129, 
97, 111111, 101111, 0.8905499088144885, 0.8905499088144885, 2.2335206103069438e-05 0.000399718469785537 0.003343396660091762 0.028113625663302694 0.11561428420693952 0.32562491148336886 0.5268817283104087, 
98, 111111, 101111, 0.8927089945973965, 0.8927089945973965, 0.0 0.00033140510644391884 0.004055827884862217 0.02516564404934717 0.11068669169850075 0.32899537979890947 0.5307650514619365, 
99, 111111, 111100, 0.8942877114822338, 0.8942877114822338, 0.0 1.6746632400580814e-05 0.003117668599137447 0.024834881621185474 0.11112303046565397 0.32496861775318 0.5359390549284426, 
100, 111110, 111111, 0.8813863848778006, 0.8813863848778006, 3.9162456689335046e-05 0.0009507370307251385 0.007113326032260448 0.03359786258034371 0.12330867763229796 0.3308287837047665 0.5041614505629168, 
run, initial grid state, final grid state, mean grid cell occupancy, mean binding site occupancy, fraction of time with N TFs bound, warning
1, 111111, 100110, 0.8879080103136423, 0.8879080103136423, 2.3752621222904748e-05 0.0014831667847379367 0.004670506928094146 0.027893237015497185 0.11754233138664992 0.32754718693495155 0.5208398183288462, 
2, 011111, 111111, 0.8893470939278739, 0.8893470939278739, 0.0 0.0004850811087849594 0.005915290070739473 0.029913075461425607 0.11451571697358949 0.3190602102744181 0.5301106261110423, 
3, 111111, 111111, 0.8968384701888327, 0.8968384701888327, 0.0001502877344265438 0.00027268609692017237 0.004309070814353127 0.024903095020725304 0.09878541581015188 0.32718762203595203 0.544391822487471, 
4, 011111, 110111, 0.8850660025652228, 0.8850660025652228, 0.0 0.0003567981620195224 0.006183365039150995 0.02756552542207289 0.12155267180659077 0.3372846137625613 0.5070570258076045, 
5, 011011, 101111, 0.8967539526083265, 0.8967539526083265, 4.932672376939228e-05 0.0007648269796111895 0.002907780191114303 0.023428445833444955 0.10194394363778482 0.32955184356900713 0.5413538330652683, 
6, 101111, 111111, 0.8968446393898558, 0.8968446393898558, 0.00017509611771992272 0.0006541944531244407 0.005186315552375296 0.025410930155203584 0.1004205624767349 0.31679143706034185 0.5513614641844999, 
7, 011010, 111100, 0.8911912171787936, 0.8911912171787936, 3.107920783502715e-05 0.000268346735964389 0.0033232402884689548 0.02436338962835588 0.11076973616623025 0.3434018856290033 0.5178423223441422, 
8, 111111, 011111, 0.900721881333066, 0.900721881333066, 0.0 0.0003447564988747097 0.002794689862465069 0.022536344716871867 0.10204031998145535 0.3110764959438445 0.5612073929964885, 
9, 011111, 111111, 0.8929682069128722, 0.8929682069128722, 0.0 0.00029968875474830465 0.0037411074504831924 0.026942366904498607 0.11348358092068574 0.3179336223922255 0.5375996335773586, 
10, 111011, 111111, 0.8944188089422426, 0.8944188089422426, 0.0 0.0006697977237602588 0.004318672643638368 0.02612024967426554 0.10805897605496548 0.318384766020462 0.5424475378829083, 
11, 111111, 101101, 0.8947743017551129, 0.8947743017551129, 0.00013077918702125547 0.0003499908617950798 0.004660075324231692 0.02563392386515329 0.10739259689467559 0.3184922933564827 0.5433403405106403, 
12, 111111, 111011, 0.8902718128938043, 0.8902718128938043, 0.0 0.0003332549930733442 0.004615213921564145 0.028520745570192168 0.11203138124078281 0.32861699279340917 0.5258824114809784, 
13, 111111, 111111, 0.8891086444299885, 0.8891086444299885, 6.746951471539657e-05 0.0011545249807078462 0.00438923493153094 0.02634881541155104 0.11781005984758225 0.3269471857722951 0.5232827095416175, 
14, 111111, 111111, 0.890159475836411, 0.890159475836411, 0.00013143840359298954 0.0011479951039538921 0.005207290253667803 0.02701172715748566 0.11181537153961064 0.3270194534738571 0.5276667240678319, 
15, 111110, 111111, 0.8948075565755524, 0.8948075565755524, 9.722985389243987e-05 0.00010989489098003932 0.0032638981289910946 0.02381030876855437 0.10476036908383726 0.33601454997912883 0.5319437492946159, 
16, 111111, 111111, 0.8920656003574463, 0.8920656003574463, 0.0 0.0004860190084487696 0.005173827343025753 0.028295619836005658 0.10896987841030634 0.3216543771123459 0.5354202782898675, 
17, 111111, 111111, 0.893552209996551, 0.893552209996551, 0.0 0.0007151241890158397 0.004240137031911166 0.028668058849317737 0.11077557778877513 0.31059523882246637 0.5450058633185138, 
18, 111111, 111111, 0.8973559101801893, 0.8973559101801893, 0.0 0.0007044039701787062 0.004181830565727225 0.02304305073452994 0.10104819122193835 0.32438966215759507 0.5466328613500308, 
19, 111111, 111111, 0.8957084744945863, 0.8957084744945863, 4.509456784339178e-05 0.0003219218912302312 0.005389866250434159 0.0240750361733675 0.10957963426097017 0.3109251341254908 0.5496633127306638, 
20, 111111, 111111, 0.892109116679448, 0.892109116679448, 0.0 0.0006282147169218176 0.004470943543421769 0.02472228767309834 0.10847763946533363 0.33519831021505275 0.5265026043861717, 
21, 111111, 111110, 0.8948898740840739, 0.8948898740840739, 0.0 0.0002933369453796957 0.0037998845243359812 0.022552751722572612 0.10706667875120272 0.3322029200011904 0.5340844280553186, 
22, 011110, 111111, 0.8958185753971982, 0.8958185753971982, 0.00013610173492187543 0.00021062331403391699 0.004063889524768459 0.022101270664214807 0.10717570920540236 0.3263080321345869 0.5400043734220716, 
23, 011111, 111111, 0.8989195929195224, 0.8989195929195224, 1.3355497511227924e-06 0.0005130172001395338 0.003602593386804346 0.022320397063031027 0.10124146674905492 0.3200548449492411 0.5522663451019779, 
24, 111111, 111111, 0.8904893682694167, 0.8904893682694167, 0.0 0.0008250642865928013 0.004617451173986955 0.029263292380849976 0.10884621192302311 0.32898636326599184 0.5274616169695554, 
25, 011011, 111111, 0.890692220598246, 0.890692220598246, 0.00011075610930603174 0.0006542082233853708 0.00433933768847877 0.02622603847434877 0.11789832817113659 0.32007897611852576 0.5306923552148187, 
26, 111111, 011001, 0.8948528514847748, 0.8948528514847748, 3.6288289954605555e-05 0.0003141873583118688 0.0044459275219990695 0.02363451701233135 0.10823887710645673 0.32392920922216106 0.5394009934887853, 
27, 110111, 011111, 0.8957444405325531, 0.8957444405325531, 3.1285218762329645e-05 0.0005961883149641184 0.004051515998634391 0.02556928956012102 0.1049788329618372 0.319493105318712 0.545279782626969, 
28, 111110, 111111, 0.8903646689416865, 0.8903646689416865, 0.00010217508121286119 0.0006586754723802917 0.005308069154488919 0.030821821889110586 0.10963844269213936 0.320930930831136 0.5325398848795321, 
29, 110111, 110111, 0.8998713345933222, 0.8998713345933222, 2.7288500677588436e-05 0.00038373198667212606 0.004389821274720621 0.020420217780488508 0.10156516960786026 0.316739323846572 0.556474447003009, 
30, 111111, 111101, 0.8923859990069577, 0.8923859990069577, 2.5563044125920246e-05 0.0002285926235282421 0.003566365691046218 0.027026712405120758 0.1114281276990892 0.326185809198132 0.5315388293389577, 
31, 111111, 111110, 0.8910075585061344, 0.8910075585061344, 0.000491186479633195 0.0011129233875812375 0.0046394626451800895 0.028022816593103538 0.10797371253029196 0.3268691877268733 0.5308907106373367, 
32, 111111, 111111, 0.8925755912071622, 0.8925755912071622, 5.4934736928485685e-06 0.0005752889897636004 0.0030047567242603357 0.025157833809513162 0.11250480674524914 0.32913490514997285 0.529616915107548, 
33, 111111, 111111, 0.8928162910621008, 0.8928162910621008, 0.0 4.5348380828173386e-05 0.003906678230472962 0.0247624593953816 0.11253759720227723 0.32788622621066305 0.530861690580377, 
34, 111111, 011110, 0.8946544921180265, 0.8946544921180265, 6.803709226267677e-05 0.0006925237468337231 0.0049913405066091395 0.02592032652232192 0.10911489606523214 0.3122460722802291 0.5469668037865112, 
35, 101110, 111111, 0.8979442443679639, 0.8979442443679639, 0.0 0.00021756368620582986 0.003966812151132832 0.020195106242220713 0.10271174956216998 0.32937064890565415 0.5435381194526165, 
36, 011111, 101110, 0.8894564390131237, 0.8894564390131237, 6.183023699465251e-05 0.0007899603959177434 0.003953516723117785 0.029548043108699733 0.11439938395711259 0.3256836183869063 0.5255636471912513, 
37, 111111, 111111, 0.8944303958818357, 0.8944303958818357, 0.0 0.00030209509007453914 0.005561541819189229 0.02557244444085563 0.10351565598413988 0.3259123366910096 0.5391359259747311, 
38, 111111, 011101, 0.8932003112447521, 0.8932003112447521, 0.0 0.00021143367546529995 0.0033531849702950066 0.027220023444417943 0.11467170463847778 0.31532474466277177 0.5392189086085722, 
39, 111011, 101111, 0.8931800553868156, 0.8931800553868156, 0.0 0.0008453842710672105 0.003659840508185646 0.025679062099850162 0.10927173306343675 0.32647273186460407 0.5340712481928561, 
40, 000110, 111111, 0.8989653046655943, 0.8989653046655943, 0.0 0.0004407580449831201 0.004438176018127717 0.02175292309474036 0.10193379341769737 0.31712532158939155 0.5543090278350599, 
41, 100110, 011111, 0.8921551905678033, 0.8921551905678033, 4.8657039677812934e-05 0.0006210127602968045 0.004269785215959165 0.027244563749181015 0.10888688050375483 0.3270852574347396 0.5318438432963908, 
42, 011111, 111110, 0.8928968265749263, 0.8928968265749263, 9.489653874465396e-06 0.0010544415547885497 0.005169233100922224 0.025531887130790982 0.10728657520297781 0.3254441506512352 0.5355042227054108, 
43, 111110, 010011, 0.899789205957626, 0.899789205957626, 0.0 0.00017831007168520063 0.004423124121025169 0.02231841909345009 0.10295165395159624 0.30982215222817383 0.5603063405340696, 
44, 111111, 111111, 0.8923882588019042, 0.8923882588019042, 0.00018434579549153645 0.0009352616637520278 0.005828163201301296 0.023817350517605355 0.11440635675451648 0.3163106462298117 0.5385178758375216, 
45, 111101, 001111, 0.8917781861205106, 0.8917781861205106, 1.166075764451708e-05 0.0005447617400674025 0.0044063419733939135 0.02665669071324783 0.10924973378046195 0.3304422024364886 0.5286886085986957, 
46, 111111, 111111, 0.8943584949815988, 0.8943584949815988, 0.0 0.0003958996965507453 0.004565186174077291 0.029000456451238527 0.1027808621749092 0.32104569322781107 0.5422119022754132, 
47, 111101, 111111, 0.893336365526529, 0.893336365526529, 3.722577850685233e-05 0.0008355684177507176 0.00539213598420474 0.0291178839157587 0.10818499680864631 0.3102884207796438 0.5461437683154889, 
48, 111111, 111111, 0.8928503032852018, 0.8928503032852018, 0.0 0.00014428306645591078 0.00506823545997584 0.026081069090488823 0.10913326418878347 0.3253940874675738 0.5341790607267223, 
49, 111111, 111111, 0.895401318367547, 0.895401318367547, 0.00010658552338588804 0.0005723977984205314 0.0032133042371991077 0.023861986517220598 0.10475162873608332 0.3301481536896753 0.5373459434980153, 
50, 011110, 111111, 0.8984032960801359, 0.8984032960801359, 1.3638795062246774e-05 0.0005382941416859059 0.004216584079351591 0.02363879341734196 0.09743945567451204 0.3241452921219244 0.5500079417701219, 
51, 111111, 111111, 0.8905599267665193, 0.8905599267665193, 2.066318170116061e-06 0.00045608946437433 0.004161761251363341 0.027938679478310847 0.11013550046884586 0.3336135097919141 0.5236923932270213, 
52, 111111, 111111, 0.8874099351828189, 0.8874099351828189, 5.016762271937869e-05 0.0012162502142384931 0.006169034035830284 0.02895775091239198 0.11900413296749224 0.3196004772800972 0.5250021869672304, 
53, 111111, 111111, 0.8925159366745189, 0.8925159366745189, 0.0 0.00013873992777556178 0.002857153074209154 0.025236803141525224 0.1075763076945025 0.341919043203591 0.5222719529583966, 
54, 111111, 111101, 0.8908253356772499, 0.8908253356772499, 1.70803810551053e-05 0.0005143119420573682 0.0038119309452596508 0.02744182182360064 0.11345439144711753 0.3278919717938075 0.5268684916671021, 
55, 111011, 111011, 0.8874267695894605, 0.8874267695894605, 0.00011083213837396529 0.0011787933533188523 0.00677091715718635 0.030299596309484745 0.11359407818386084 0.32370980894147655 0.5243359739162987, 
56, 111001, 111111, 0.8975213789947581, 0.8975213789947581, 6.469573347000848e-06 0.00019524199152901056 0.0031323746130370415 0.02293207756894829 0.1066379007213092 0.3192551660321126 0.5478407694997168, 
57, 111111, 111111, 0.8914556444475986, 0.8914556444475986, 0.0003339425557842708 0.0005895731483964692 0.0046012379315845744 0.024765690150313473 0.10955227905554427 0.3345080319493532 0.5256492452090238, 
58, 111111, 111111, 0.8920055703021864, 0.8920055703021864, 0.0 0.000567342186723998 0.005770048847795581 0.027314994983708492 0.10917038749708904 0.32176391191677634 0.5354133145679065, 
59, 111100, 011111, 0.8957915777560697, 0.8957915777560697, 3.65747349959328e-05 0.0001837967060399623 0.004830545128679197 0.02805075740453658 0.10350800512286018 0.3136216385493599 0.5497686823535283, 
60, 011110, 111111, 0.8985834941876528, 0.8985834941876528, 0.0 0.0001291178184327625 0.003418211605456025 0.024479503237997753 0.10048408459123757 0.3197739204636271 0.5517151622832487, 
61, 111111, 110111, 0.8941947219754008, 0.8941947219754008, 0.0 0.0001471264089939282 0.0033754418912870115 0.02260202101136736 0.11553091966361777 0.32172636617614003 0.536618124848594, 
62, 111110, 111111, 0.8997832547648078, 0.8997832547648078, 0.0 0.0005619292911485981 0.003923484696589157 0.02342604511204729 0.09528469061602707 0.3219493696008575 0.5548544806833304, 
63, 111110, 111110, 0.8890858021904037, 0.8890858021904037, 0.0 0.0007119053737484131 0.003445227687132259 0.03015621940277444 0.11490610532302906 0.32786388038592496 0.5229166618273909, 
64, 111111, 110111, 0.8900273390508379, 0.8900273390508379, 3.581814549891721e-05 0.0007651740738302326 0.00517278201059225 0.028250223670011836 0.11134579600963798 0.32766179538114804 0.5267684107092807, 
65, 111111, 111111, 0.8999044386191687, 0.8999044386191687, 0.0 0.000612062033288791 0.003901926373150994 0.025376774943728687 0.09809470682767744 0.3095856141393987 0.5624289156827553, 
66, 101111, 111111, 0.8998201881325221, 0.8998201881325221, 0.0 1.8811999274690944e-05 0.0027327761992525343 0.023061358739646935 0.10122704045247094 0.3184155492876011 0.5545444633217539, 
67, 111111, 111011, 0.8966316232893533, 0.8966316232893533, 0.0 0.0006140921685867933 0.0029789419885794654 0.02368898786375928 0.10996374085990859 0.31422958615553354 0.5485246509636323, 
68, 111111, 111110, 0.8906656142555099, 0.8906656142555099, 0.00011427930825520128 0.0006336948519720633 0.00461527951124044 0.027949684015498636 0.11760361895463058 0.31463475635683 0.534448687001573, 
69, 111111, 111111, 0.8918438581299805, 0.8918438581299805, 0.00033932092617636634 0.0006554528899015131 0.004139025286076459 0.027896548035409547 0.10911541921296403 0.32514707753708894 0.5327071561123832, 
70, 111011, 111111, 0.895074091085784, 0.895074091085784, 3.5710158009642644e-05 0.0008909488321120681 0.004599703014354173 0.024148690790156732 0.10345680286198891 0.3271279582248132 0.5397401861185652, 
71, 011111, 011111, 0.8946583921294882, 0.8946583921294882, 7.628628895225978e-05 0.0007917979450048221 0.005141488684137849 0.02555718302036401 0.10282231476108337 0.32475080644452353 0.5408601228559341, 
72, 111110, 101111, 0.8957058988153518, 0.8957058988153518, 0.0 0.0003452162409015638 0.00488023395542161 0.023852392674746436 0.10967638568212687 0.3136076406932028 0.5476381307536007, 
73, 111110, 111111, 0.8852187526091979, 0.8852187526091979, 0.0 0.00038323852006857056 0.00558166495650108 0.03184538775539333 0.11890054483815107 0.33110737897598386 0.5121817849539021, 
74, 111111, 111111, 0.8940817614776145, 0.8940817614776145, 5.4228144127982e-06 0.00040706605262638554 0.004301951905862908 0.02652946049573078 0.10853719949754873 0.31957097587896255 0.5406479233548559, 
75, 111101, 111111, 0.893116516688811, 0.893116516688811, 0.0 0.00012173787473224457 0.005258380017861746 0.02662375073634788 0.11037258457830876 0.31904226905636457 0.5385812777363848, 
76, 111111, 111111, 0.8880945140491034, 0.8880945140491034, 0.0 0.0004817913817039841 0.0035652254506438968 0.025899306703446347 0.1176635796966745 0.34173797749059537 0.5106521192769359, 
77, 111110, 111111, 0.8928276876036519, 0.8928276876036519, 1.604547250952039e-05 0.0003754531319192406 0.0038567718534558864 0.024829409462335587 0.10745672159825971 0.33623157688608507 0.527234021595435, 
78, 111111, 111111, 0.8945412779241738, 0.8945412779241738, 5.038340348936262e-05 0.0004562774568430298 0.004143639075494646 0.024183072198769005 0.10631188212848086 0.3284211075945591 0.536433638142364, 
79, 011111, 010111, 0.8934541817197406, 0.8934541817197406, 8.206888178392534e-05 0.000799898656487479 0.003664095486283341 0.02571889276022118 0.1071131301193509 0.3287436826439174 0.5338782314519557, 
80, 111111, 111111, 0.8975812966799686, 0.8975812966799686, 5.476734260627201e-05 0.0005062543068999903 0.0038790311414460335 0.023683040275999923 0.10050083486858381 0.32408542919909994 0.547290642865364, 
81, 111110, 111111, 0.8933720774836087, 0.8933720774836087, 2.1620515575408934e-05 0.0006440038104328086 0.00443496078790835 0.025167163882741306 0.11172597472625141 0.31972450870037133 0.5382817675767194, 
82, 111111, 111111, 0.8878517225045245, 0.8878517225045245, 3.831822520812352e-05 0.0004126258839865809 0.0043139796595533615 0.030831041766799308 0.11813316386460516 0.32458125453384973 0.5216896160659978, 
83, 111111, 101111, 0.8928229428812219, 0.8928229428812219, 0.0 0.0006194475033027075 0.004019058959388875 0.02706791891496128 0.10862712284479166 0.3254308669241328 0.5342355848534227, 
84, 111110, 111110, 0.8874452187328933, 0.8874452187328933, 0.00015015156971153758 0.0002952890862429142 0.004626925875891606 0.029076109296529956 0.1190220641983984 0.3291711729632034 0.5176582870100221, 
85, 111110, 111111, 0.8962821531242141, 0.8962821531242141, 7.593136658620265e-05 0.0006657489270752668 0.004225676793970078 0.023324523334553197 0.10590441385950881 0.3198376435212641 0.5459660621970424, 
86, 111111, 111111, 0.890759644120866, 0.890759644120866, 0.0 0.00026346350545548256 0.005592026937570708 0.02893123035814165 0.11485188870463788 0.3152592415135437 0.5351021489806506, 
87, 111111, 111111, 0.8907286698589691, 0.8907286698589691, 1.0088890080451964e-05 0.0005177542832724253 0.005679763754916744 0.028816185521447775 0.10629464642413433 0.33122177165706146 0.5274597894690867, 
88, 011110, 111111, 0.8904160030777056, 0.8904160030777056, 0.00012009677911247524 0.0009152202689525626 0.005376381965374428 0.026966278944632292 0.1163825337445288 0.3170378673298771 0.5332016209675223, 
89, 111111, 111111, 0.8962517538344178, 0.8962517538344178, 0.0 0.0006255573666565891 0.006222422719426994 0.025691106652304754 0.10594516528695892 0.30550834875167027 0.5560073992229825, 
90, 111111, 111111, 0.8922994169716023, 0.8922994169716023, 0.0 0.0004462329866431724 0.005750806518516163 0.025629223021990236 0.10594900755957613 0.3321834229779822 0.5300413069352922, 
91, 111111, 111111, 0.8904847152909737, 0.8904847152909737, 0.0001824401703186262 0.00044130184008457825 0.004825104477688322 0.026826828376451072 0.1142717218859013 0.32546621121991415 0.5279863920296419, 
92, 011110, 111111, 0.8920389406655647, 0.8920389406655647, 9.376737089009511e-05 0.0007097543918981722 0.0049044861524361796 0.02410466343831987 0.11190509890073617 0.32791284709560437 0.5303693826501152, 
93, 111011, 011111, 0.8930460160234672, 0.8930460160234672, 0.0 0.0004511693505736477 0.004519236762847013 0.026506879295280082 0.1147676764923553 0.31233511918438955 0.5414199189145544, 
94, 111111, 111111, 0.8913548664902315, 0.8913548664902315, 0.0 0.0005190124217228662 0.0038839141727063835 0.02753877597358654 0.11133807119049505 0.32844761195742067 0.5282726142840685, 
95, 011111, 111111, 0.8995788519317334, 0.8995788519317334, 0.0 0.0002642710397978481 0.0032402025461274312 0.02437527091996233 0.09998381994590409 0.3151512703744054 0.556985165173803, 
96, 111111, 111111, 0.8919037708682892, 0.8919037708682892, 0.0 0.00040593941345740993 0.004471481566905007 0.029469900529493658 0.11013189051233807 0.3199882688422008 0.535532519135605, 
97, 111110, 111111, 0.8956651581791244, 0.8956651581791244, 1.3521495128813242e-05 7.823438882100439e-05 0.004295998823777997 0.02315913409344038 0.10791348797394332 0.32304837648705603 0.5414912467378326, 
98, 101101, 111111, 0.8962148511493312, 0.8962148511493312, 6.862907449344793e-05 0.00045992937968810396 0.0037587566621833913 0.02440894884725128 0.10805076838974954 0.3156360617886257 0.5476169058580086, 
99, 111111, 111110, 0.8870273533361575, 0.8870273533361575, 4.047252370392992e-05 0.0015710425796749974 0.005419319147839312 0.02926863946670915 0.1152143059422194 0.3298260250665334 0.5186601952733199, 
100, 111111, 011110, 0.890631911737501, 0.890631911737501, 0.0 0.00016233017833178063 0.003795713262934654 0.024816069429086266 0.11773846836885474 0.3302888806066281 0.5231985381541644, 
