run, initial grid state, final grid state, mean grid cell occupancy, mean binding site occupancy, fraction of time with N TFs bound, warning
1, 0011111100, 0011111100, 0.5924083498641383, 0.9807291442159837, 0.0 0.0 0.0 0.0004902496268885334 0.005999722939365903 0.10215493994470036 0.8913550874890451, 
2, 0011111100, 0011111100, 0.594279224258114, 0.9835787807863278, 0.0 0.0 0.0 0.00024354014018615084 0.009655094290164038 0.07848650628114645 0.9116148592885034, 
3, 0011111100, 0011111100, 0.5903095315351328, 0.977324494112857, 0.0 0.0 5.1321204442750834e-05 0.002634963960361367 0.01088984573807991 0.10616316714784287 0.8802607019492731, 
4, 0011111100, 0011111100, 0.5928143482590718, 0.9813698787006464, 0.0 0.0 0.00018121519599732897 0.0008011610384437016 0.00875058987506369 0.09115120414667327 0.899115829743822, 
5, 0011111110, 0011111100, 0.5928664516039956, 0.9812530899023393, 0.0 0.0 0.0 7.303789037182217e-05 0.0068455409790311355 0.09857126495678695 0.89451015617381, 
6, 0011111100, 0011111100, 0.59106069781897, 0.9782127341590755, 0.0 0.0 0.0002629496121629079 0.0015566289051838714 0.01167140159542037 0.10165910669050283 0.88484991319673, 
7, 0001111100, 0011111100, 0.5946101627862298, 0.9840735228145562, 0.0 0.0 0.0 0.00039048927252673674 0.004898731215600743 0.0845899328638811 0.9101208466479914, 
8, 0001111110, 0011111100, 0.5922132089626273, 0.9802697847311076, 0.0 0.0 0.0 0.00029869989345141814 0.0070554151760874075 0.10337436158082558 0.8892715233496357, 
9, 0011111000, 0011111100, 0.593590299206669, 0.9825583648133401, 0.0 0.0 0.0 0.0003458822934596311 0.008220284409741943 0.08717159542009666 0.9042622378767018, 
10, 0011111100, 0011111100, 0.5933140222343719, 0.9818959941885718, 0.0 0.0 0.0 0.00015794016664436885 0.0064534344053701976 0.09524334555789657 0.8981452798700889, 
11, 0001111100, 0011111000, 0.5924371892876648, 0.9805229174660853, 0.0 0.0 7.545226148730232e-05 0.001281712677567956 0.009936379635809723 0.09284278885321534 0.8958636665719197, 
12, 0011111100, 0011111000, 0.5931983802087275, 0.9816366400299479, 0.0 0.0 0.0 2.474397680986495e-05 0.007439841852757313 0.09522624418436833 0.8973091699860646, 
13, 0011111100, 0011111100, 0.5890733253473716, 0.9751607672844291, 0.0 0.0 0.0 0.0007727174164110138 0.013432625852780447 0.11985199233863177 0.8659426643921767, 
14, 0011111100, 0011111100, 0.5920808106411545, 0.9800170627421918, 0.0 0.0 0.0 0.000682468825308652 0.008485323333599385 0.10087957040372371 0.8899526374373683, 
15, 0011111100, 0011111100, 0.5928026174338016, 0.9811555404546085, 0.0 0.0 0.0 0.0 0.006730878521440514 0.09960500022946826 0.8936641212490912, 
16, 0011111100, 0011111100, 0.5929568075297881, 0.9816584981281631, 0.0 0.0 0.0 0.00011060602370159965 0.01251883991154182 0.08467951333683256 0.902691040727924, 
17, 0011111100, 0011111100, 0.5927364692433713, 0.9812420980559968, 0.0 0.0 0.0 0.0009865480769256183 0.005849394984721867 0.09788897746379906 0.8952750794745535, 
18, 0011111100, 0011111100, 0.5926354636008624, 0.9811852033265899, 0.0 0.0 0.0 0.00173846269838309 0.007814185438213673 0.09204502106888483 0.8984023307945185, 
19, 0011111000, 0011111100, 0.5923920194996921, 0.9809073810607597, 0.0 0.0 0.0 0.00025117878948631737 0.007729513780928597 0.09834314970512542 0.8936761577244596, 
20, 0011111100, 0011111000, 0.590649462380032, 0.9777081864225586, 0.0 0.0 0.0 0.0022740837274681383 0.007877292131179756 0.11117404601988405 0.878674578121468, 
21, 0000111100, 0011111100, 0.5934998655149173, 0.9822042260714821, 0.0 0.0 0.0 0.00015153348884656314 0.006875064662951747 0.09256991377866415 0.9004034880695376, 
22, 0011111100, 0011111100, 0.5946239805077631, 0.9843291182472376, 0.0 0.0 0.0 0.0 0.0038803451011405524 0.08626460031429355 0.909855054584566, 
23, 0011111110, 0011111100, 0.5931216492842906, 0.981750270492317, 0.0 0.0 0.0 0.00023234576109568275 0.00820299923718749 0.09239534128843613 0.8991693137132807, 
24, 0011111100, 0001111100, 0.592706454514245, 0.981022982536516, 0.0 0.0 0.0 0.0007104153872085468 0.008938614562779137 0.09385362949372096 0.8964973405562913, 
25, 0011111100, 0011111100, 0.5930837558476582, 0.9816471245806961, 0.0 0.0 0.0 0.0 0.0059227631619203245 0.09827172619198238 0.8958055106460974, 
26, 0011111100, 0011111100, 0.5928907205047285, 0.9814233292280435, 0.0 0.0 0.0 0.0005437771127645174 0.006641768514346831 0.09654515626475174 0.8962692981081369, 
27, 0011111100, 0011111100, 0.5940319931306477, 0.9831694999170498, 0.0 0.0 0.0 0.00031692068859544536 0.004514024594762463 0.0910041892423893 0.9041648654742528, 
28, 0011111100, 0011111100, 0.5924866581592577, 0.9806537679436553, 0.0 0.0 0.0 0.0009452142396532353 0.006037885677802197 0.101165978263505 0.8918509218190396, 
29, 0011111100, 0011111100, 0.594183907612218, 0.9835638349330853, 0.0 0.0 0.0 0.0 0.004786926362511884 0.08904313767646356 0.9061699359610246, 
30, 0011111100, 0011111100, 0.5925586229918277, 0.9807561611508527, 0.0 0.0 0.0 0.0 0.009601734125357265 0.09625956484416932 0.8941387010304733, 
31, 0011111100, 0011111100, 0.5919156378266511, 0.9796505547368968, 0.0 0.0 0.0 0.000400403779860224 0.011228857949633193 0.09843774433977244 0.8899329939307342, 
32, 0011111100, 0011111100, 0.5931918166972047, 0.9819435311287318, 0.0 0.0 0.0 5.860672813397787e-05 0.009059548019915832 0.0900438970033759 0.9008379482485744, 
33, 0001111100, 0011111100, 0.5925135825785816, 0.9805590869453791, 0.0 0.0 7.949505636521747e-06 7.774194033131712e-05 0.008462476432352203 0.09945550161948129 0.8919963305021987, 
34, 0011111100, 0011111100, 0.5925679604474726, 0.9807551436650928, 0.0 0.0 0.0 0.0014303995729647646 0.0074929830334137726 0.09619197322372187 0.8948846441698995, 
35, 0011111100, 0011111100, 0.5924930294328438, 0.9806157036934545, 0.0 0.0 0.0 7.860896840131708e-05 0.005518988068264445 0.10503197479754063 0.8893704281657936, 
36, 0011111100, 0011111100, 0.5919724677672221, 0.9798796682816677, 0.0 0.0 0.0004375850967978366 0.0004777753208024019 0.008040793221824995 0.10145673751674625 0.8895871088438285, 
37, 0011111100, 0011111100, 0.5920751920426779, 0.9799586673571948, 0.0 0.0 0.0 0.0004686010836454161 0.00641840074455462 0.10600539111678532 0.8871076070550146, 
38, 0011111100, 0001111100, 0.5930741484824241, 0.9818157475167271, 0.0 0.0 0.0 0.0010625923642736388 0.008757681272686368 0.08840237526144375 0.9017773511015963, 
39, 0011111100, 0011111100, 0.5928857172175279, 0.9811584973879737, 0.0 0.0 0.0 2.221676568966536e-05 0.007856202537804962 0.09726996029947874 0.8948516203970267, 
40, 0011111100, 0011111100, 0.5945896108034038, 0.9841730203884329, 0.0 0.0 0.0 0.0 0.006616470897922728 0.08172893587355727 0.91165459322852, 
41, 0011111100, 0011111100, 0.5927760016128626, 0.981148835944655, 0.0 0.0 0.0 0.00016644185194737853 0.0053262596936779925 0.10195513938887295 0.8925521590655017, 
42, 0011111100, 0011111100, 0.5934757869071016, 0.9824204514422595, 0.0 0.0 0.0 0.00011700864479357287 0.006465446404788045 0.09219537260248598 0.9012221723479324, 
43, 0011111100, 0011111100, 0.5934699230160455, 0.982191056143949, 0.0 0.0 0.0 0.0017488378565444973 0.006769744814256458 0.08806765993816022 0.9034137573910388, 
44, 0011111100, 0011111100, 0.5924864906269987, 0.9808278784027589, 0.0 0.0 0.0 0.00013218116532859347 0.0063097655872343264 0.10201665491299176 0.8915413983344452, 
45, 0011111100, 0011111100, 0.5951791291022274, 0.9848935555299863, 0.0 0.0 0.0 0.0005710977837676093 0.004607796015398658 0.07970978143798231 0.9151113247628514, 
46, 0011111100, 0011111100, 0.5934323860974567, 0.9823603325966428, 0.0 0.0 0.0 6.075068734736669e-05 0.008791830890873617 0.08807209057635426 0.9030753278454248, 
47, 0011111100, 0011111100, 0.5927157661222507, 0.9809264521805277, 0.0 0.0 0.0 0.0 0.006517152747658483 0.10140698142151779 0.8920758658308237, 
48, 0011111100, 0011111100, 0.5926076301338974, 0.9810885943277821, 0.0 0.0 0.0 0.0 0.005274565835160825 0.10291930236298581 0.8918061318018533, 
49, 0011111100, 0011111100, 0.5941917812106422, 0.9834280110058207, 0.0 0.0 0.0 0.00030400196661154426 0.004786479193435268 0.08894696967837094 0.9059625491615823, 
50, 0011111100, 0011111100, 0.5937190122378698, 0.9827241510522121, 0.0 0.0 0.0 0.0001075871469301269 0.009069286526034857 0.08519375919386721 0.9056293671331678, 
51, 0011111100, 0011111100, 0.5932310081372715, 0.9819372616331244, 0.0 0.0 0.0 0.0010519990611053932 0.009090098055693375 0.0870402369065504 0.9028176659766508, 
52, 0011111100, 0001111100, 0.5924485905825456, 0.9806360916213324, 0.0 0.0 0.0 0.00010263264948322659 0.007791199474811418 0.1002931533739332 0.8918130145017722, 
53, 0011111110, 0011111100, 0.591524565150139, 0.978932261201002, 0.0 0.0 0.0004746187529843194 0.0018966026581870514 0.009366631675079442 0.10008488645733132 0.8881772604564179, 
54, 0011111100, 0011111100, 0.5930651847085251, 0.9815657709864155, 0.0 0.0 0.0 0.0010016347586052758 0.009190876769100473 0.08921871626748949 0.9005887722048048, 
55, 0011111100, 0011111100, 0.5925582673330156, 0.9808549687445508, 0.0 0.0 0.0 0.00040452176996256617 0.007893039096779325 0.09787054402924945 0.8938318951040086, 
56, 0011111100, 0001111100, 0.591686084199526, 0.97950751007167, 0.0 0.0 0.0 0.00024595552015856613 0.00882299506950619 0.10457108287049237 0.8863599665398428, 
57, 0011111100, 0011111100, 0.5929222066841474, 0.981345240770668, 0.0 0.0 0.0 0.0003589979385755743 0.006252456452202019 0.09834664865586182 0.8950418969533606, 
58, 0011111100, 0011111100, 0.5915960563565107, 0.9793111334936782, 0.0 0.0 0.0 0.0008109985606284936 0.011532215406910495 0.098635772542225 0.8890210134902361, 
59, 0011111100, 0011111110, 0.5950642918487773, 0.9848527670079988, 0.0 0.0 0.0 0.0 0.002649350482713375 0.08558469698657976 0.9117659525307068, 
60, 0001111100, 0001111100, 0.5931088758937031, 0.9817963923013898, 0.0 0.0 0.0 0.0 0.005950559439500949 0.09732052731265887 0.8967289132478402, 
61, 0011111100, 0001111100, 0.5923853663772376, 0.980570259702956, 0.0 0.0 0.0 0.00047540070408242085 0.0071885608421830985 0.10077511798565073 0.8915609204680837, 
62, 0011111100, 0011111100, 0.5927096727526063, 0.9811111490047714, 0.0 0.0 0.0 0.0007008256391142805 0.00771083820824011 0.09580895263754798 0.8957793835150976, 
63, 0011111100, 0011111100, 0.5920949639080504, 0.9799099522915123, 0.0 0.0 0.0 0.001000274448962552 0.007876459489230683 0.10178654392557757 0.8893367221362293, 
64, 0001111100, 0011111100, 0.5923573277668791, 0.9804812998518232, 0.0 0.0 0.0 0.0007561083786946321 0.006296845266971515 0.10225018521903344 0.8906968611353003, 
65, 0011111100, 0011111100, 0.59295185125858, 0.9813131204236571, 0.0 0.0 0.0 0.00025378934632066104 0.007399052706254677 0.09656180400658636 0.8957853539408384, 
66, 0011111100, 0011111100, 0.591891713617848, 0.979629475280905, 0.0 0.0 0.0 0.0016896760800004004 0.007649686128695705 0.10185474781717745 0.8888058899741265, 
67, 0001111100, 0001111100, 0.5904410431949233, 0.9773641490714292, 0.0 0.0 0.0 0.0003291606582847095 0.012806077366237265 0.10921546886409643 0.8776492931113815, 
68, 0011111110, 0011111100, 0.591672094174746, 0.9792305905958062, 0.0 0.0 0.0 0.000528398291320233 0.011345257653809667 0.10034074624358288 0.8877855978112873, 
69, 0011111100, 0011111100, 0.5925494628035384, 0.9809479860720405, 0.0 0.0 0.00014810055002734772 0.00037348650178903623 0.0075195434246793135 0.09756013501292145 0.8943987345105828, 
70, 0011111100, 0011111100, 0.5924892431898686, 0.9806051489653319, 0.0 0.0 0.0 0.00020124496644281204 0.011214821991620631 0.09333572732543864 0.8952482057164979, 
71, 0011111100, 0011111100, 0.590869846123636, 0.9780307903959417, 0.0 0.0 0.0 0.0019002837926623932 0.009412501207649018 0.10728940383106486 0.8813978111686237, 
72, 0011111100, 0011111100, 0.5928278725870665, 0.9813047410265292, 0.0 0.0 0.0 0.0008255871456255231 0.007945127204539874 0.09380453799486882 0.8974247476549657, 
73, 0011111100, 0011111100, 0.593129719504139, 0.9816199628988136, 0.0 0.0 0.0 0.0005223838789021969 0.008013958787825504 0.0926851533947612 0.8987785039385111, 
74, 0011111100, 0011111100, 0.5932487204731602, 0.9819747891308718, 0.0 0.0 0.0 0.000643710262870675 0.009540633763735562 0.08713886689868627 0.9026767890747075, 
75, 0001111100, 0011111100, 0.5936225118114205, 0.9826836160152377, 0.0 0.0 0.0 1.3359812387965972e-05 0.006853768904386936 0.09015068666263688 0.9029821846205882, 
76, 0011111100, 0011111100, 0.5932055328830775, 0.9816289495057193, 0.0 0.0 0.0 0.0005650011760249591 0.005340552879566245 0.09785019367847701 0.8962442522659317, 
77, 0011111100, 0011111110, 0.5944464857519272, 0.9840749491697371, 0.0 0.0 0.0 0.0 0.005253435749903314 0.08504343348176993 0.9097031307683267, 
78, 0011111100, 0011111100, 0.5920606760557028, 0.9797263034529342, 0.0 0.0 0.0 0.00012624150563966658 0.01300811183600345 0.09524723109346876 0.8916184155648881, 
79, 0011111100, 0011111100, 0.5923753615906127, 0.9805657032167583, 0.0 0.0 0.0 6.0925483765119594e-05 0.008733576570116593 0.09895585110792066 0.8922496468381976, 
80, 0011111100, 0011111000, 0.5926311854324254, 0.9808460248125525, 0.0 0.0 3.0699326468308766e-05 0.0007316142200706118 0.012113768747475948 0.08837867366364824 0.8987452440423369, 
81, 0011111100, 0011111100, 0.5946903338934119, 0.9843577252199341, 0.0 0.0 0.0 0.0 0.004575857484143504 0.08470193371210832 0.9107222088037481, 
82, 0011111100, 0011111100, 0.5927977508039668, 0.98110957860525, 0.0 0.0 0.0 0.00021614622893580365 0.007559765937491389 0.09757455780670951 0.8946495300268633, 
83, 0011111100, 0011111100, 0.5921682346259508, 0.9801000371573921, 0.0 0.0 0.000141792368478775 0.00020921932560787312 0.010045123582762244 0.09811470243938408 0.891489162283767, 
84, 0011111100, 0011111100, 0.5928702944036497, 0.9814182567410179, 0.0 0.0 0.0 0.0 0.005016879036023953 0.10145670148184474 0.8935264194821313, 
85, 0011111100, 0011111100, 0.5945210713280551, 0.9838531683968257, 0.0 0.0 0.0 0.00036710562353327157 0.005839732728542937 0.08410020729136043 0.9096929543565633, 
86, 0011111100, 0011111100, 0.5911768774547665, 0.9785327710706683, 0.0 0.0 3.894192613019829e-05 0.001947189888457386 0.010324415788118239 0.1021572046298607 0.8855322477674334, 
87, 0011111100, 0011111100, 0.5944252977613985, 0.9837181239469271, 0.0 0.0 0.0 0.0019282057790287333 0.00408367505416846 0.0837392888730143 0.9102488302937884, 
88, 0011111100, 0011111100, 0.5925023661934715, 0.9806320993107821, 0.0 0.0 0.0 0.0010036601902500787 0.00964802202607064 0.09390037951241594 0.8954479382712633, 
89, 0011111100, 0011111100, 0.5938572017533345, 0.9831392446122245, 0.0 0.0 0.0 0.000857919345294975 0.007432138381713791 0.08372649752734077 0.9079834447456505, 
90, 0011111100, 0011111100, 0.5940644884426727, 0.9830252158382449, 0.0 0.0 0.0 0.0009688724895058926 0.00442262906088162 0.0900968293802498 0.9045116690693628, 
91, 0011111100, 0011111100, 0.5946546577811674, 0.9841181595767083, 0.0 0.0 0.0 0.0 0.005057221876477414 0.08517659878679512 0.9097661793367274, 
92, 0011111100, 0011111100, 0.5930562726867119, 0.981691273141292, 0.0 0.0 0.0 0.0006957984552434796 0.008695658669773225 0.09037364844697118 0.9002348944280122, 
93, 0011111000, 0011111100, 0.592316005206631, 0.9804707499239779, 0.0 0.0 0.0 0.0015014663650622466 0.00971632900218801 0.09323844335657039 0.8955437612761793, 
94, 0011111100, 0001111100, 0.5922324741528232, 0.9800610320196754, 0.0 0.0 0.00030085465606541855 0.0006993718504856597 0.008031668779088046 0.10026893614805278 0.8906991685663082, 
95, 0011111100, 0011111100, 0.592563180304647, 0.9811590360178976, 0.0 0.0 0.0 0.0006690369423840159 0.0056370896122154715 0.0997644938410315 0.893929379604369, 
96, 0011111100, 0011111100, 0.5935422382051239, 0.9825326196553397, 0.0 0.0 0.0 0.0 0.0052828159853023 0.09423865009735748 0.9004785339173402, 
97, 0011111100, 0011111100, 0.5936772457588247, 0.9826532508993218, 0.0 0.0 0.0 0.00018154043076628728 0.0046971244198822405 0.09414162447200598 0.9009797106773454, 
98, 0001111100, 0011111100, 0.5920287677257718, 0.9800632043511998, 0.0 0.0 0.00045752936021163345 0.002009616425955409 0.00953879732084348 0.09268421253240074 0.8953098443605887, 
99, 0011111100, 0011111100, 0.5922192702377537, 0.9803389563348784, 0.0 0.0 0.0 0.0 0.006036225633101998 0.10589381072452546 0.8880699636423726, 
100, 0011111100, 0011111000, 0.5915973979091795, 0.9793389778516635, 0.0 0.0 0.0 0.0005463475417368185 0.011065687261239847 0.10019571574232976 0.8881922494546935, 
run, initial grid state, final grid state, mean grid cell occupancy, mean binding site occupancy, fraction of time with N TFs bound, warning
1, 0011111100, 0011111100, 0.5940798950826222, 0.9831345404566573, 0.0 0.0 0.0 4.4637312793731684e-05 0.007671818284070001 0.08571520875353528 0.9065683356496009, 
2, 0011111100, 0011111100, 0.5931023526801287, 0.9818831866747127, 0.0 0.0 2.1281791715621947e-05 0.0011233298356302579 0.007748948868485489 0.08974786554099974 0.9013585739631688, 
3, 0011111100, 0011111000, 0.5924445375568389, 0.9806647057475555, 0.0 0.0 0.0 0.0006479977858869234 0.0066031750302086405 0.10086142209658878 0.8918874050873156, 
4, 0011111100, 0011111100, 0.593901558791327, 0.9833520418825521, 0.0 0.0 0.0 0.0009645314441454977 0.005352838893582597 0.08628847658508637 0.9073941530771855, 
5, 0011111000, 0011111100, 0.5939110393117425, 0.9831587332653583, 0.0 0.0 0.0 0.0 0.00556088213532811 0.08992583613719346 0.9045132817274785, 
6, 0011111100, 0011111100, 0.5926226091046867, 0.9808109728405672, 0.0 0.0 0.0 0.0015654367603127656 0.006940294198277025 0.09655726427910437 0.8949370047623059, 
7, 0001111100, 0011111100, 0.5942659497084938, 0.9836738168151116, 0.0 0.0 0.0 0.00015684477780501045 0.005318465628171237 0.0868496335195737 0.90767505607445, 
8, 0011111100, 0011111100, 0.5932357121401429, 0.9820865893027299, 0.0 0.0 0.0 0.0010915400922695793 0.006053955118767132 0.09209793366927772 0.9007565711196857, 
9, 0011111100, 0011111100, 0.5938914013423192, 0.9830299150325951, 0.0 0.0 0.0 0.0008359808179051818 0.010268417073911061 0.07877573320289089 0.9101198689052928, 
10, 0011111100, 0011111100, 0.5935150071287799, 0.9825419388890992, 0.0 0.0 0.0 0.0010149364411702608 0.006114549306255722 0.08947445872938294 0.903396055523191, 
11, 0011111100, 0011111100, 0.5953858581860771, 0.9852198313170868, 0.0 0.0 0.0001889384345424175 0.0005777912999089559 0.002832160716925696 0.08052756302573132 0.9158735465228917, 
12, 0011111000, 0011111100, 0.5916695235169647, 0.9792928657766182, 0.0 0.0 0.0002858671510109447 0.0010428963032756533 0.01270571043775071 0.09455922695091806 0.8914062991570447, 
13, 0001111100, 0011111100, 0.5905657320746113, 0.9774971219563158, 0.0 0.0 0.0 0.00022656121833466346 0.009098687654344916 0.11614020929841158 0.8745345418289088, 
14, 0011111100, 0011111100, 0.5938754941584641, 0.9829302579842204, 0.0 0.0 0.0 1.5871501312511306e-05 0.00667704228182772 0.0890167530270845 0.9042903331897753, 
15, 0011111100, 0011111100, 0.5929635210996029, 0.9813535340320638, 0.0 0.0 0.0 0.0008345118069470672 0.006829795694334464 0.09571566899810732 0.8966200235006111, 
16, 0011111100, 0011111100, 0.5924406878089373, 0.9806316538482307, 0.0 0.0 0.0005548369132511955 0.000671687372374421 0.007631587928417317 0.09671249128365339 0.8944293965023038, 
17, 0011111000, 0011111000, 0.5928958011448193, 0.9813526071918524, 0.0 0.0 0.0 0.0008207361292118117 0.006525245722216544 0.09637165701681741 0.8962823611317542, 
18, 0011111100, 0011111110, 0.5931343199134838, 0.9818714324843676, 0.0 0.0 0.0 0.0007321177318226722 0.006923647165784423 0.09272775756675725 0.8996164775356357, 
19, 0011111100, 0011111100, 0.5922183510896741, 0.9803062111109422, 0.0 0.0 0.0 0.0015988586907251107 0.009202575692350059 0.09496100587747212 0.8942375597394527, 
20, 0011111100, 0011111100, 0.5930195434245624, 0.9815551969992766, 0.0 0.0 0.0 0.0008724459077528047 0.00681338678439764 0.09442470671228612 0.8978894605955635, 
21, 0111111100, 0011111100, 0.5940744091319025, 0.9831556898150356, 0.0 0.0 0.0 0.0007290943933886005 0.0061792821262781706 0.08652001367706358 0.9065716098032697, 
22, 0011111100, 0011111100, 0.5904738236287159, 0.977549975774066, 0.0 0.0 0.0 0.0012603275923666073 0.014541065120029612 0.10183703233844511 0.8823615749491586, 
23, 0011111100, 0011111100, 0.593657166520175, 0.9826151353400691, 0.0 0.0 0.0003629494370634215 0.0003654609768840244 0.0076388181605022 0.08648337095967583 0.9051494004658744, 
24, 0011111100, 0011111100, 0.5896655499085719, 0.9761938979429834, 0.0 0.0 0.0 0.0012795432260387283 0.009763242493865407 0.11947149767625287 0.8694857166038429, 
25, 0011111100, 0011111100, 0.5923890707607875, 0.9804367750566252, 0.0 0.0 0.0 0.00034720537729422246 0.009574467945315652 0.0971887976377346 0.8928895290396556, 
26, 0011111100, 0011111100, 0.5914326443040995, 0.9790244705610358, 0.0 0.0 0.00026014346590473537 0.0020282053139339174 0.009485652357515766 0.09975668211333336 0.8884693167493122, 
27, 0011111100, 0001111100, 0.5930036387396587, 0.9815311801314278, 0.0 0.0 0.0 0.0014551843302320865 0.007121826642463845 0.0922037129358088 0.8992192760914952, 
28, 0011111100, 0011111100, 0.5931664276093189, 0.981970245675595, 0.0 0.0 0.0 0.00019017918866143338 0.0064049676664368555 0.09479805304757227 0.8986068000973294, 
29, 0011111100, 0001111100, 0.5928830933626624, 0.9816052661380806, 0.0 0.0 0.00025719659533600007 0.0014147034365854588 0.007981924115926893 0.08913165824856156 0.9012145176035902, 
30, 0011111100, 0011111100, 0.5929111714523524, 0.9812353360286065, 0.0 0.0 0.0 0.0006872493472388386 0.010267798510479901 0.08999063876568479 0.8990543133765965, 
31, 0011111100, 0011111100, 0.5928855323013971, 0.9814328604074172, 0.0 0.0 0.0 0.00021682130390771796 0.006426008745171683 0.09790035615343053 0.8954568137974901, 
32, 0011111100, 0011111100, 0.593869073631403, 0.982812517910298, 0.0 0.0 0.0 0.000252592529187316 0.005046172070162384 0.09227477081032455 0.9024264645903258, 
33, 0011111100, 0011111100, 0.5924346733592776, 0.9805863999983758, 0.0 0.0 0.0 0.0006849456195379438 0.010955410782688803 0.09251594158575359 0.8958437020120196, 
34, 0011111100, 0011111100, 0.5940916425524706, 0.9832493905588945, 0.0 0.0 0.00014371391658124467 0.0014557338294104165 0.003481429280995792 0.08859874093008509 0.9063203820429275, 
35, 0011111100, 0011111100, 0.5922233086175852, 0.9801283910490867, 0.0 0.0 0.0 0.0003181384017500423 0.010409224091677197 0.09745679031687488 0.8918158471896979, 
36, 0111111100, 0011111100, 0.5915862483287443, 0.9794414101656779, 0.0 0.0 0.0 0.0 0.008715424554701319 0.1059206898965301 0.8853638855487687, 
37, 0011111100, 0011111100, 0.5917622258075328, 0.9796935871506234, 0.0 0.0 0.00025406707124057265 0.0020591563534173227 0.008666715265141274 0.09731130922076264 0.8917087520894382, 
38, 0011111100, 0011111100, 0.5931599196334569, 0.9818751407583773, 0.0 0.0 0.0 0.0003415847347387813 0.007030457340862439 0.09366348656379443 0.8989644713606043, 
39, 0011111100, 0011111100, 0.5933161890088754, 0.9821311287042246, 0.0 0.0 0.0 0.00036905685256468924 0.009635287642559363 0.0868354819318397 0.9031601735730362, 
40, 0011111100, 0011111100, 0.5926406563146043, 0.9810054710188422, 0.0 0.0 0.0 0.0011778032220500707 0.009417866679674272 0.09159803086144788 0.8978062992368279, 
41, 0011111100, 0011111100, 0.5936055363890127, 0.9825316440867606, 0.0 0.0 0.0 5.1995993127255203e-05 0.007214352343338188 0.09022544281337766 0.9025082088501569, 
42, 0011111100, 0011111100, 0.5921287881069373, 0.979819024496206, 0.0 0.0 0.0 0.0003045411911161669 0.010692477580487634 0.09878727428844036 0.8902157069399558, 
43, 0011111100, 0001111100, 0.593880449571586, 0.9829284777966237, 0.0 0.0 0.0 0.00029028053075818785 0.008624640696488071 0.08430901023500646 0.9067760685377472, 
44, 0011111100, 0011111100, 0.5928324550977175, 0.9812480413963557, 0.0 0.0 0.0 0.00025545164538531075 0.008558136843378843 0.09462912299895215 0.8965572885122837, 
45, 0011111100, 0011111100, 0.5925530863183772, 0.9809522585429609, 0.0 0.0 0.0 0.00018812455957776023 0.009142341781486681 0.09543739150052845 0.8952321421584072, 
46, 0011111100, 0011111100, 0.5943275919976133, 0.9838734706210218, 0.0 0.0 0.0 0.0005633046371305556 0.007510424108466931 0.08004841414554391 0.9118778571088587, 
47, 0011111100, 0011111100, 0.5917668813671084, 0.979612219356429, 0.0 0.0 0.0 0.0013437389443687667 0.00900310692092702 0.10028925318646602 0.8893639009482383, 
48, 0011111100, 0011111000, 0.5915275462715918, 0.9792983751862157, 0.0 0.0 0.00021294639510642912 0.0007246724360069206 0.010369316590599793 0.1004453128130595 0.8882477517652273, 
49, 0011111100, 0011111100, 0.5919337884081431, 0.9798298654864369, 0.0 0.0 0.0 0.0007366017261966069 0.007540768225525901 0.10372946545173616 0.8879931645965413, 
50, 0011111100, 0011111000, 0.593567579262547, 0.9824253650893519, 0.0 0.0 1.7086936466353277e-05 0.0004481237943301314 0.008023904339463163 0.0879872816561069 0.9035236032736335, 
51, 0011111100, 0011111100, 0.5914224850368925, 0.9791129231946608, 0.0 0.0 0.0 0.00044063125192829537 0.01115812681734234 0.10168431344156567 0.8867169284891637, 
52, 0011111100, 0011111100, 0.5919104546770044, 0.979955507035343, 0.0 0.0 0.0 0.00018741217634798512 0.008373301856079996 0.10295811754673855 0.8884811684208336, 
53, 0011111100, 0011111100, 0.58629091303182, 0.9704986225497234, 0.009572675427538247 0.00013885611150465905 0.0004781085973680409 0.0010749355353924135 0.006827297704049536 0.10008609517515785 0.8818220314489893, 
54, 0011111100, 0011111110, 0.5946198213981736, 0.9842343127123141, 0.0 0.0 0.0 7.126400202350956e-05 0.006021631012319524 0.0823370696954055 0.9115700352902515, 
55, 0011111100, 0011111100, 0.5920430649841758, 0.9799906689462158, 0.0 0.0 0.00010057614366340494 0.00041032764886496316 0.009251920119811175 0.09991885856183472 0.8903183175258257, 
56, 0011111100, 0001111100, 0.5921596649889646, 0.9805075200186999, 0.0 0.0 0.0 0.0007273238885536647 0.007471104676136778 0.09983069886986605 0.8919708725654434, 
57, 0011111100, 0011111100, 0.5934685467851558, 0.9823552243759379, 0.0 0.0 0.0 0.00017144379023336227 0.007808314614069844 0.08973769314553215 0.9022825484501645, 
58, 0011111100, 0011111100, 0.5911433456825708, 0.9786464289876229, 0.0 0.0 0.0 0.00026332679295676094 0.009577590442518874 0.10817626481035507 0.8819828179541693, 
59, 0011111100, 0011111100, 0.5930588325638184, 0.9816194955680909, 0.0 0.0 0.0 0.00027604540587266283 0.005389475947866382 0.09867593847810331 0.8956585401681577, 
60, 0011111110, 0011111100, 0.5924350004871939, 0.980648122042454, 0.0 0.0 0.0 4.280970786517574e-05 0.010073951831298715 0.09583493495908288 0.8940483035017532, 
61, 0011111100, 0011111100, 0.594065181954225, 0.9834722544265009, 0.0 0.0 0.0 9.117509771554242e-05 0.0031399471101947692 0.09261305392745789 0.9041558238646318, 
62, 0011111100, 0011111100, 0.5921877703189585, 0.9802690872048532, 0.0 0.0 0.0 1.739489933342451e-05 0.010397219166748552 0.09753885373938392 0.8920465321945341, 
63, 0011111100, 0011111100, 0.5919238171546543, 0.9798424346320399, 0.0 0.0 0.0 0.0005469013567847297 0.011876559374157629 0.09555156938909201 0.8920249698799656, 
64, 0011111100, 0011111100, 0.592586052388163, 0.9806660681316643, 0.0 0.0 0.0 0.0006634830485544317 0.010638666763507935 0.09273580853733487 0.8959620416506027, 
65, 0011111100, 0011111100, 0.5918488683568958, 0.979696719876851, 0.0 0.0 0.0001146743899690537 0.0004749187267563456 0.009289355812806772 0.10135751537313537 0.8887635356973325, 
66, 0001111100, 0011111100, 0.592095901472759, 0.979978589275174, 0.0 0.0 0.0 0.00011223585442804154 0.00793961219741922 0.10391253239083277 0.8880356195573199, 
67, 0011111100, 0011111100, 0.5941235744448099, 0.9832520886704075, 0.0 0.0 0.0 0.0 0.005339030772904564 0.08980940643174601 0.9048515627953494, 
68, 0011111100, 0001111100, 0.5928298933276861, 0.9812713848697456, 0.0 0.0 0.0 0.0008117484750577097 0.006136339869947536 0.09766376561645794 0.8953881460385368, 
69, 0011111100, 0011111000, 0.5939007609033853, 0.9830444864744762, 0.0 0.0 0.0 0.0 0.006464373284130578 0.08880433458488146 0.904731292130988, 
70, 0011111100, 0011111100, 0.592215594681328, 0.9803830178489193, 0.0 0.0 0.00017474563905806766 0.0006587611020110901 0.012639153018784816 0.08974832100664913 0.896779019233497, 
71, 0001111100, 0011111100, 0.5933804600476003, 0.9820353610589276, 0.0 0.0 0.0 0.00020589483820509342 0.005403825720014061 0.09636249769179085 0.89802778174999, 
72, 0011111100, 0011111100, 0.5936303760201455, 0.9826292831907872, 0.0 0.0 0.0 0.0005931741357535407 0.0070224022957328346 0.0883999738565501 0.9039844497119636, 
73, 0011111100, 0011111100, 0.5921776585796814, 0.9802813917852752, 0.0 0.0 0.0 0.0014683046378416106 0.009579795483623761 0.09474714440757659 0.8942047554709581, 
74, 0111111100, 0011111100, 0.591891442347833, 0.9796982089738195, 0.0 0.0 0.0 0.0020794620337938694 0.009651744002653983 0.09626887205039357 0.8919999219131586, 
75, 0011111100, 0011111100, 0.592094690256154, 0.9799579992004784, 0.0 0.0 7.337664958164804e-05 0.000729782907928796 0.008473988884684574 0.1008211717056475 0.8899016798521575, 
76, 0011111000, 0011111100, 0.5922139019822786, 0.9800250602627802, 0.0 0.0 0.0 6.925371722749301e-05 0.008828538773931558 0.10198479972377296 0.889117407785068, 
77, 0011111100, 0011111100, 0.5920702581166213, 0.9799111557875559, 0.0 0.0 0.0 0.0018069884392385822 0.007740732570693212 0.09963063481556257 0.8908216441745055, 
78, 0011111100, 0011111100, 0.5926473026691242, 0.9807136444587031, 0.0 0.0 0.0 0.00023938769599426358 0.008491055444593656 0.09801785927061167 0.8932516975888004, 
79, 0011111100, 0011111100, 0.5920414261809571, 0.9801697331097493, 0.0 0.0 0.0004393333640167826 0.0005230446007662159 0.009647306822761707 0.09636052043761473 0.8930297947748406, 
80, 0011111100, 0011111100, 0.593999396863966, 0.9833020776780175, 0.0 0.0 0.0 0.0 0.004407791665311534 0.09137195060127136 0.9042202577334172, 
81, 0011111100, 0011111100, 0.5904057620346861, 0.977190881753756, 0.0 0.0 0.0 0.0010781533113059258 0.014047128541205321 0.10552599246113605 0.8793487256863527, 
82, 0011111100, 0001111100, 0.5916620765440364, 0.9795317420325889, 0.0 0.0 0.0 0.0002894992679846854 0.00931730732761336 0.10330643534528648 0.8870867580591154, 
83, 0000111100, 0001111100, 0.5916677549193522, 0.9795579559323112, 0.0 0.0 0.0 0.0012276895130296547 0.010238052282948095 0.09849309130114804 0.8900411669028742, 
84, 0011111100, 0001111100, 0.593700669585345, 0.9827705482973844, 0.0 0.0 0.0 1.2269718974999017e-05 0.006371250290709165 0.09059740047734983 0.903019079512966, 
85, 0011111100, 0011111100, 0.5914104066971642, 0.9790276036466409, 0.0 0.0 0.0 0.0009553764008433477 0.009709478878052237 0.1035492911615203 0.8857858535595842, 
86, 0011111100, 0011111100, 0.5786264760848837, 0.9577096865477347, 0.024395453269949526 0.0002962304981047199 0.0003400778155884288 0.00119538474232123 0.005130575509202821 0.09068039209564764 0.8779618860691857, 
87, 0011111100, 0011111100, 0.5914270432094555, 0.9789908309530385, 0.0 0.0 0.0 0.0005723752577710151 0.012084976194748865 0.10016793611895762 0.8871747124285225, 
88, 0011111100, 0011111100, 0.5934573753000801, 0.9821605381928061, 0.0 0.0 0.0 0.0002021738506773859 0.00656790707412604 0.09329443514287906 0.8999354839323176, 
89, 0001111100, 0011111100, 0.5923015136410724, 0.9804486096747269, 0.0 0.0 0.0 0.00013904044185168685 0.005409035132136674 0.10607315036181028 0.8883787740642013, 
90, 0011111100, 0011111100, 0.5920669866151502, 0.9801772721469293, 0.0 0.0 0.0 0.0007259203056389377 0.009414143171552043 0.0979303198584026 0.8919296166644065, 
91, 0011111100, 0011111100, 0.5904871999708344, 0.9775654813411078, 0.0 0.0 0.0 9.029984020714248e-05 0.009402969821539832 0.11553027278965179 0.8749764575486012, 
92, 0011111100, 0001111100, 0.5912995052072022, 0.9790514238721394, 0.0 0.0 0.0 0.0004282869015304247 0.010584780806359264 0.10323703444985402 0.8857498978422562, 
93, 0011111000, 0011111100, 0.5939766464475996, 0.983219502461605, 0.0 0.0 0.0 0.0011368623350912616 0.005042748707837093 0.08718690080942215 0.9066334881476495, 
94, 0011111100, 0011111100, 0.5931672802453094, 0.981824335105427, 0.0 0.0 0.0 0.0002581241623288109 0.006570792473929673 0.09513803193259264 0.8980330514311489, 
95, 0011111100, 0011111100, 0.5922491262336714, 0.9804761201328973, 0.0 0.0 0.0 0.0011281558240035193 0.008680321298700944 0.09639816913320352 0.893793353744092, 
96, 0011111100, 0011111000, 0.5939603545330318, 0.9831492936756996, 0.0 0.0 0.0 0.0003194017053682463 0.007264028247249133 0.08561797633520012 0.9067985937121825, 
97, 0011111100, 0011111100, 0.5926506111213166, 0.9811224855787689, 0.0 0.0 0.0 0.0 0.007332596358624221 0.09859989381013806 0.8940675098312377, 
98, 0011111100, 0011111100, 0.5937124384541206, 0.9829620680112552, 0.0 0.0 0.0 9.835287806039763e-05 0.004971650235516492 0.09198923282725495 0.902940764059168, 
99, 0011111100, 0011111100, 0.5925020895379597, 0.9807762181154325, 0.0 0.0 0.0 0.0 0.010515373182656778 0.09431194494209116 0.895172681875252, 
100, 0011111100, 0011111100, 0.5935999848061614, 0.9824186874369893, 0.0 0.0 0.0 0.00043359222111758724 0.0040707544893981585 0.09604558973591443 0.8994500635535698, 
run, initial grid state, final grid state, mean grid cell occupancy, mean binding site occupancy, fraction of time with N TFs bound, warning
1, 0011111100, 0011111100, 0.5935239335601331, 0.98242573001041, 0.0 0.0 0.0 0.00047070876159463606 0.00734516643692273 0.08934316077891093 0.9028409640225717, 
2, 0111111100, 0011111100, 0.592888377063543, 0.9815081556717555, 0.0 0.0 0.0 0.00012895677304818515 0.012587477924135542 0.08538923980205057 0.9018943255007656, 
3, 0011111000, 0011111100, 0.5926868490274331, 0.9808907764652685, 0.0 0.0 0.0 0.00014485633674632935 0.008536677096526972 0.09714741800509596 0.8941710485616308, 
4, 0011111100, 0011111100, 0.5937515990473815, 0.982817650686681, 0.0 0.0 0.0 0.0005109559533989996 0.004698845190828868 0.09216353763805911 0.9026266612177131, 
5, 0011111100, 0011111100, 0.5941056553350763, 0.9834815011756427, 0.0 0.0 0.0 0.0008717389283449521 0.009923885559345823 0.07664800504241719 0.912556370469892, 
6, 0011111100, 0011111100, 0.5930436722670615, 0.9817165543408968, 0.0 0.0 0.0 0.000677391704433986 0.009605099972535008 0.08845829889624718 0.9012592094267838, 
7, 0011111100, 0011111100, 0.5940250903039543, 0.9830665669833042, 0.0 0.0 0.0 0.0 0.007767121396057541 0.08606635530805938 0.9061665232958831, 
8, 0011111100, 0011111100, 0.5924063129712159, 0.9808436271386266, 0.0 0.0 0.0 0.00013594524617876325 0.008847826635687903 0.09683474815832828 0.8941814799598051, 
9, 0011111100, 0011111100, 0.5910806669742518, 0.9785923546283133, 0.0 0.0 0.0 0.0009864447457465812 0.013435646486473808 0.0986152450199329 0.8869626637478466, 
10, 0011111000, 0111111100, 0.5934354896675135, 0.9821757030028281, 0.0 0.0 0.0 0.00044561537319819127 0.007830568366452774 0.08994779913053154 0.9017760171298175, 
11, 0001111100, 0001111100, 0.5940085733099498, 0.9831450474794516, 0.0 0.0 0.0 0.0 0.003969177416943822 0.09319136028940236 0.9028394622936539, 
12, 0011111000, 0000111100, 0.5922335018939107, 0.980392528132884, 0.0 0.0 0.0 0.0006465511988562628 0.013513617333712265 0.08867794293870304 0.8971618885287284, 
13, 0011111100, 0011111100, 0.5928338647268848, 0.9812635982161102, 0.0 0.0 0.0 0.00042778165876249466 0.008668538862417268 0.09379798800221714 0.8971056914766031, 
14, 0011111100, 0011111100, 0.593464007942176, 0.9820106532731525, 0.0 0.0 0.0 0.0009407886998862311 0.0072534975545191895 0.0906067191523884 0.9011989945932062, 
15, 0011111100, 0011111100, 0.5948839183187413, 0.9846775617819653, 0.0 0.0 0.0 0.0008855318390032222 0.004610999245246198 0.08005603530070673 0.9144474336150439, 
16, 0011111100, 0011111100, 0.5947088183187134, 0.9845914179788768, 0.0 0.0 0.0 0.0002459389286736079 0.0059164986737049365 0.0798806779933079 0.9139568844043136, 
17, 0001111100, 0011111100, 0.5926972077822441, 0.9810486045256018, 0.0 0.0 0.0 0.0004555796699285507 0.007051571469182982 0.09823849089823765 0.8942543579626508, 
18, 0001111100, 0011111100, 0.5928443944329437, 0.9812553667986449, 0.0 0.0 0.0 0.0006953666216126226 0.0064750624132912885 0.09743157451671011 0.8953979964483859, 
19, 0011111100, 0111111100, 0.5931978936792708, 0.9819764177332033, 0.0 0.0 0.0 0.0 0.004657716846801081 0.09882605990717795 0.8965162232460211, 
20, 0011111100, 0011111100, 0.5942684341827656, 0.9834647028180911, 0.0 0.0 0.0 0.0 0.003833142272507988 0.09154549854643859 0.9046213591810535, 
21, 0011111100, 0011111100, 0.5950905541917342, 0.9848243124199049, 0.0 0.0 0.0 0.0 0.003557424591127236 0.08393927629831625 0.9125032991105565, 
22, 0011111100, 0011111100, 0.5936424321313056, 0.9826805781219533, 0.0 0.0 0.0 6.942878655501773e-05 0.005637528744958901 0.09243318741869753 0.9018598550497885, 
23, 0011111100, 0001111100, 0.5927507911545614, 0.9811331833695308, 0.0 0.0 0.0 0.0017811259732363619 0.00750897655841633 0.0928395687462726 0.8978703287220747, 
24, 0011111100, 0011111100, 0.5933083186104585, 0.9819434241075468, 0.0 0.0 0.0 0.00020308307935686337 0.009118808370990893 0.0894925893746666 0.9011855191749857, 
25, 0011111100, 0011111100, 0.5918786854736999, 0.9797998305464244, 0.0 0.0 0.00017761592305455887 0.0016702945705029508 0.009008436827956988 0.09746279566181248 0.8916808570166731, 
26, 0011111100, 0011111100, 0.5922850335020813, 0.9803476077988119, 0.0 0.0 0.0 0.0006298135865746508 0.007334575209378977 0.1013557620286471 0.8906798491753992, 
27, 0011111100, 0001111100, 0.5961676565483985, 0.9867554133805878, 0.0 0.0 0.0 0.00023520768471706479 0.0037587164335824473 0.07124446379515681 0.9247616120865437, 
28, 0011111100, 0011111100, 0.5925462720414956, 0.9808708258287797, 0.0 0.0 0.0001437333829516456 0.0009327165120561916 0.008507363669189468 0.09438723462096678 0.8960289518148359, 
29, 0011111100, 0011111100, 0.5935024030905613, 0.9824771997582895, 0.0 0.0 0.0 0.001234352040213914 0.005891221316449244 0.08965130269672257 0.9032231239466143, 
30, 0011111100, 0011111100, 0.5935163309370338, 0.9824108065384991, 0.0 0.0 0.0 0.00031911907310890297 0.0082265838409364 0.08812463586780621 0.9033296612181485, 
31, 0011111100, 0001111100, 0.5936762661196441, 0.9823998568449408, 0.0 0.0 0.0 0.0004366062426806631 0.009525363837856307 0.08524031252659997 0.9047977173928631, 
32, 0011111100, 0011111100, 0.5928506962696471, 0.9814226486573756, 0.0 0.0 0.0 0.0007669558446004844 0.006383272754739664 0.09639669501246607 0.8964530763881938, 
33, 0011111100, 0011111100, 0.594378622217029, 0.9838723801995978, 0.0 0.0 0.0 2.5673714765480584e-05 0.005146721859761199 0.08639525393859351 0.9084323504868798, 
34, 0011111100, 0011111100, 0.593826731497684, 0.9829594587205638, 0.0 0.0 0.0 0.0 0.005427931008774169 0.0913873856590692 0.9031846833321567, 
35, 0011111100, 0011111100, 0.5941934781017497, 0.9836079378755052, 0.0 0.0 0.0 4.7202367321309586e-05 0.005735331695196344 0.08674010225461266 0.9074773636828697, 
36, 0011111100, 0011111100, 0.5918059162299448, 0.9793853627498342, 0.0 0.0 0.0 1.5104016805489856e-05 0.007609572731878704 0.10842336598682127 0.8839519572644946, 
37, 0011111100, 0011111100, 0.5929457341811141, 0.9816531946251615, 0.0 0.0 0.0 0.0006156637507787488 0.006935384054476391 0.09436307288774216 0.8980858793070027, 
38, 0011111100, 0011111100, 0.5906413661839494, 0.9778563582974551, 0.0 0.0 0.0 0.0007611960882617461 0.009688790154910506 0.11120068164066393 0.8783493321161638, 
39, 0011111100, 0011111100, 0.590962138172485, 0.9782743057162806, 0.0 0.0 0.0 0.0017502681228556926 0.009857814059946344 0.10538773321385703 0.8830041846033408, 
40, 0011111100, 0011111100, 0.5936655697786613, 0.9824271219714096, 0.0 0.0 0.0 0.0005849920568734548 0.007681317493364623 0.0883196570141936 0.9034140334355684, 
41, 0011111100, 0011111100, 0.5935271700035342, 0.9823886704779204, 0.0 0.0 0.0 0.00016479945716926027 0.0050751258177132545 0.09502332712554269 0.8997367475995748, 
42, 0011111100, 0011111100, 0.590811472551152, 0.9780100698898593, 0.0 0.0 0.0 0.0018050539846325663 0.012077307201861003 0.10236980430322525 0.8837478345102812, 
43, 0011111000, 0011111100, 0.5935364925577072, 0.9823189902482086, 0.0 0.0 0.0 0.0003707356890377544 0.008310200436883866 0.08835345056986658 0.9029656133042118, 
44, 0011111100, 0011111100, 0.5929219513083641, 0.9814742566230621, 0.0 0.0 0.0 0.001155125249188968 0.011266533061323405 0.08515601839141414 0.9024223232980735, 
45, 0011111100, 0011111100, 0.5930314997184405, 0.9815172511897301, 0.0 0.0 0.0 8.606455187933785e-05 0.00824138973902119 0.0941555197279392 0.8975170259811602, 
46, 0011111100, 0011111100, 0.5931679279749861, 0.9818855544850084, 0.0 0.0 0.0 0.0 0.007056787708104412 0.09457309767374117 0.8983701146181544, 
47, 0011111100, 0011111100, 0.5943094774524258, 0.9837515100024328, 0.0 0.0 0.0 0.0008917517226385218 0.007458685900941185 0.07989831301560565 0.9117512493608146, 
48, 0011111100, 0011111100, 0.5917805118830222, 0.9794985595901432, 0.0 0.0 0.0001355116929839906 0.0010619871088202225 0.008724695142711052 0.10183124407532174 0.888246561980163, 
49, 0001111100, 0011111000, 0.5910692567167595, 0.9782097201744654, 0.0 0.0 0.00010758696582657949 0.001907490616922946 0.009762220449264912 0.10506441834060234 0.8831582836273831, 
50, 0011111100, 0011111100, 0.5928342936696497, 0.9812999284140334, 0.0 0.0 0.0 0.0 0.008400215531989523 0.09539999845182012 0.8961997860161903, 
51, 0011111100, 0011111100, 0.5931294075247809, 0.9817728579464492, 0.0 0.0 0.0 0.0020754313339856976 0.0083652646309582 0.08640602905743122 0.9031532749776249, 
52, 0011111100, 0011111100, 0.5934131953728905, 0.982382854751862, 0.0 0.0 0.0 0.0 0.005673338354046674 0.09435619478073429 0.8999704668652191, 
53, 0011111100, 0011111100, 0.5940643420310088, 0.983258125204918, 0.0 0.0 0.0 0.00034648248864054676 0.005708359399970408 0.08799508250462923 0.9059500756067598, 
54, 0011111100, 0011111110, 0.5944458258640267, 0.9838279882169008, 0.0 0.0 0.0 0.00023165586706865398 0.00529151616590707 0.08575407076557541 0.9087227572014489, 
55, 0011111100, 0011111100, 0.5944032253053955, 0.983798989387711, 0.0 0.0 0.0 0.0005138480564022631 0.004864726729362515 0.08593506604580163 0.9086863591684335, 
56, 0011111100, 0011111100, 0.5937030758778521, 0.9826855075027963, 0.0 0.0 0.0 0.0003098592110481716 0.007656099578339457 0.08764517819339851 0.9043888630172138, 
57, 0011111100, 0011111100, 0.5925073365815438, 0.9808358702371875, 0.0 0.0 0.0001468694022112801 0.0004056871244912204 0.008933596836271537 0.09531304592201319 0.8952008007150127, 
58, 0011111100, 0011111100, 0.5923588084574989, 0.98039420275384, 0.0 0.0 0.0 0.0006759468581377466 0.009766566627235242 0.0960738096480756 0.8934836768665515, 
59, 0011111100, 0011111100, 0.5929131216559397, 0.9813374083508295, 0.0 0.0 0.0 0.0007350401376041343 0.009892156015312365 0.08998611745158593 0.8993866863954976, 
60, 0011111100, 0011111100, 0.5915426647596495, 0.9791195220281124, 0.0 0.0 0.0 9.681075292212622e-05 0.01411287821356785 0.09676667914542311 0.889023631888087, 
61, 0011111100, 0011111100, 0.5931218356811552, 0.9817370881301132, 0.0 0.0 0.0 0.00035292216315712245 0.007632636673806912 0.09325343138223646 0.8987610097807995, 
62, 0011111100, 0011111100, 0.5917164640529714, 0.9795174504684753, 0.0 0.0 0.0 0.0003923413372600646 0.010735136849266077 0.10024799947883659 0.8886245223346372, 
63, 0111111100, 0011111100, 0.5943571956250774, 0.9836992021237598, 0.0 0.0 0.0 0.0 0.00828139770065167 0.08124199185613777 0.9104766104432105, 
64, 0001111000, 0011111000, 0.5903734486594185, 0.9773540498872187, 0.0 0.0 0.00015533887842836833 0.001543242903914705 0.014059795556616976 0.10250502533799613 0.8817365973230438, 
65, 0011111100, 0011111100, 0.5922506486213747, 0.9806217425673095, 0.0 0.0 0.0 0.0005309997968792915 0.005803810602645469 0.10306892400021407 0.8905962656002612, 
66, 0011111100, 0111111100, 0.5934196321966798, 0.982238511778103, 0.0 0.0 0.0 0.000807559874390761 0.006749780093133945 0.09064668952194198 0.9017959705105333, 
67, 0011111100, 0011111100, 0.5930708164719553, 0.9819303943689206, 0.0 0.0 0.0 0.0008066082573854923 0.008861124194915714 0.08827556062448852 0.9020567069232103, 
68, 0011111100, 0011111100, 0.5923375354975511, 0.9803840330353597, 0.0 0.0 0.0 0.0007834087815997145 0.006915571984667147 0.1015144314737082 0.890786587760025, 
69, 0011111100, 0011111100, 0.5923181346772994, 0.9803865717437011, 0.0 0.0 0.0 0.00045304211664818576 0.009529964837832606 0.0972615135121833 0.8927554795333359, 
70, 0011111100, 0011111000, 0.5915686816393787, 0.9791471502532467, 0.0 0.0 0.00012241368234100795 0.001715832810334478 0.01044326606331508 0.09859341319352197 0.8891250742504875, 
71, 0011111100, 0011111100, 0.5931729650579374, 0.9820122554789538, 0.0 0.0 0.00010295400478300593 0.0002994360579932871 0.008479437488834807 0.08965746795549613 0.9014607044928927, 
72, 0011111100, 0011111000, 0.5913183232015801, 0.9790557377514743, 0.0 0.0 0.0 0.0004429453919315763 0.012467182006210714 0.099402373302939 0.8876874992989188, 
73, 0011111100, 0011111100, 0.5935479353262273, 0.9824792656578856, 0.0 0.0 0.0005206229667882691 0.0015430066316636402 0.005021741937005661 0.0883694104165321 0.9045452180480104, 
74, 0011111100, 0011111100, 0.5920493331765192, 0.9797245369577091, 0.0 0.0 0.0 0.000261501658505996 0.009258056171649666 0.1023521609349276 0.8881282812349167, 
75, 0011111100, 0011111100, 0.5917144654952317, 0.9795167928186441, 0.0 0.0 0.0004957073192056871 0.0009083071876229558 0.00807622678250637 0.10203903868343055 0.8884807200272344, 
76, 0011111100, 0011111100, 0.593566017331513, 0.9826489598914997, 0.0 0.0 0.0005487806968367667 0.0014275701017875612 0.006568600315512624 0.08449120692726712 0.9069638419585959, 
77, 0011111100, 0011111100, 0.5917640670034716, 0.9794108460321139, 0.0 0.0 0.0 0.0002027681675238836 0.011582364071301457 0.09976189116214175 0.8884529765990329, 
78, 0011111100, 0011111100, 0.5931511434097316, 0.9817778371044033, 0.0 0.0 0.0 0.0002734284394499233 0.005740314534672157 0.09703206298588629 0.8969541940399915, 
79, 0011111100, 0011111100, 0.5941116103381194, 0.9834087603371628, 0.0 0.0 0.0 4.6892553622609085e-05 0.007579294432346366 0.08424817145146228 0.9081256415625687, 
80, 0011111100, 0011111100, 0.59275334150757, 0.9810530686607588, 0.0 0.0 0.0 0.0003908539277265753 0.0056736652373229855 0.10116169577762174 0.8927737850573287, 
81, 0011111000, 0011111100, 0.5942053435685786, 0.9833684593440029, 0.0 0.0 0.0 0.0 0.006192457985101878 0.0874043279657797 0.9064032140491185, 
82, 0011111100, 0011111100, 0.5925398835146185, 0.9808390673272639, 0.0 0.0 0.0 0.000668958212079207 0.005646397101808083 0.10166592719656216 0.8920187174895504, 
83, 0011111100, 0011111100, 0.5929573231035485, 0.9815142199101787, 0.0 0.0 0.0 0.0 0.00636099350401394 0.09819269353089978 0.8954463129650861, 
84, 0011111100, 0011111100, 0.5938461030333546, 0.9830226344869457, 0.0 0.0 0.0 0.001374516997395555 0.004972429690712955 0.0877957827047128 0.9058572706071787, 
85, 0011111100, 0001111100, 0.5919441771293608, 0.9796126283092105, 0.0 0.0 0.0 0.0005379739897421995 0.009697590627693433 0.10131512692012419 0.8884493084624402, 
86, 0011111100, 0011111100, 0.5910257794893394, 0.978412810163952, 0.0 0.0 0.0 0.003608443147768889 0.00891914166626083 0.10085952624045998 0.8866128889455103, 
87, 0011111100, 0001111100, 0.5924732839778964, 0.9806699410360424, 0.0 0.0 0.0 0.00032352159061863306 0.008350913472152142 0.09830796206758473 0.8930176028696445, 
88, 0011111100, 0011111100, 0.5922188353977778, 0.9805710130080804, 0.0 0.0 0.0 0.0008815798903392041 0.007506023973765067 0.09891713433297025 0.8926952618029255, 
89, 0011111100, 0011111100, 0.5914386893906473, 0.9791132841985434, 0.0 0.0 0.0 0.00044103797624309854 0.01003219945427579 0.10393278197145958 0.8855939805980215, 
90, 0011111100, 0011111100, 0.5928396709086042, 0.98135115578007, 0.0 0.0 0.00021674781156914573 0.0004955757745496431 0.010952589970887348 0.08763416680788019 0.9007009196351137, 
91, 0011111100, 0011111100, 0.5925683975010683, 0.9808234694428427, 0.0 0.0 0.0 0.001982275558791501 0.011332748900018067 0.08644685886653354 0.9002381166746569, 
92, 0011111100, 0011111100, 0.5922530177602595, 0.9802007060490353, 0.0 0.0 0.0 0.0002017252938435191 0.009854116077309513 0.09848235566963903 0.891461802959208, 
93, 0011111100, 0011111100, 0.5921047486076677, 0.9801192030535181, 0.0 0.0 0.0 3.761570546502158e-05 0.010940665550338886 0.0972906034618185 0.8917311152823777, 
94, 0011111100, 0011111100, 0.5921766732538475, 0.9804115377740019, 0.0 0.0 0.0 0.001147707849305868 0.007375760024391541 0.09933612975928785 0.8921404023670146, 
95, 0011111100, 0011111100, 0.5921238085964695, 0.9802523043877686, 0.0 0.0 0.0 0.00018140904263030914 0.009656303920196016 0.09862933870510525 0.8915329483320685, 
96, 0011111100, 0011111100, 0.5924633972027342, 0.9806611019279179, 0.0 0.0 0.0 0.0002831901405000828 0.007170233424203104 0.10084335116258564 0.8917032252727113, 
97, 0011111100, 0011111000, 0.5920220151884988, 0.9800622012827324, 0.0 0.0 0.0 0.0003767507843874749 0.008858661249047559 0.10077921745234837 0.8899853705142166, 
98, 0011111100, 0011111000, 0.5920725993092196, 0.9801377190679665, 0.0 0.0 0.0 0.00044811912286677526 0.005651708471543405 0.10652591128051425 0.8873742611250756, 
99, 0001111100, 0011111100, 0.5940732197217534, 0.9832030998931202, 0.0 0.0 0.0 0.0007898341868755043 0.00809054281744775 0.08223081244575706 0.9088888105499198, 
100, 0011111100, 0001111100, 0.5923513899463277, 0.9805135243931955, 0.0 0.0 0.0 0.00035145535844734735 0.00639827717983414 0.10306793320581699 0.8901823342559015, 
run, initial grid state, final grid state, mean grid cell occupancy, mean binding site occupancy, fraction of time with N TFs bound, warning
1, 0011111100, 0011111100, 0.5922660534243193, 0.9805150186863669, 0.0 0.0 0.00015112268508485384 0.0010571171632460185 0.008240505316288073 0.09665303501914546 0.8938982198162356, 
2, 0011111100, 0011111100, 0.5935438571699402, 0.9825282712714682, 0.0 0.0 0.0 0.0006587990159272011 0.00540002378365925 0.0920539277560902 0.9018872494443233, 
3, 0001111110, 0011111100, 0.5926755340323778, 0.9810632416181108, 0.0 0.0 0.0 0.0006052107462864262 0.007632627039816627 0.09653966397284267 0.8952224982410544, 
4, 0011111100, 0011111000, 0.5940643985518526, 0.9829124980970573, 0.0 0.0 0.0 0.00026062352479236465 0.007623004851628314 0.08649713114002333 0.9056192404835559, 
5, 0011111100, 0001111100, 0.5929355685916909, 0.9814645817272165, 0.0 0.0 0.0 0.0005872075384370485 0.007272042741815503 0.09490680153775853 0.897233948181989, 
6, 0011111100, 0011111100, 0.5907400240103823, 0.9779289668643092, 0.0 0.0 0.0 0.0020308053715246913 0.013886525837629542 0.0985607310243122 0.8855219377665335, 
7, 0011111100, 0011111100, 0.5932113350091749, 0.9819094795397931, 0.0 0.0 0.0 4.526392672879355e-05 0.005665247467802841 0.09707683604544871 0.8972126525600196, 
8, 0011111100, 0011111100, 0.5922032043763419, 0.9801322419821951, 0.0 0.0 0.0 0.0004351673807056744 0.009096730977899087 0.09970758400891419 0.8907605176324811, 
9, 0011111100, 0011111100, 0.5908417229231081, 0.9781170682739392, 0.0 0.0 0.0 7.365586214020138e-05 0.011906762762372408 0.10726309724520008 0.8807564841302873, 
10, 0011111100, 0011111100, 0.5911176960154515, 0.9783762859968115, 0.0 0.0 0.0 0.000646602575283164 0.013812971357401867 0.10017653357847803 0.885363892488837, 
11, 0011111100, 0011111100, 0.5924258312047581, 0.9807726706336979, 0.0 0.0 0.0 9.309623710041953e-05 0.00798337981730272 0.09911792785190669 0.8928055960936901, 
12, 0001111100, 0011111100, 0.5919065969253003, 0.9798554646208386, 0.0 0.0 0.0 0.0003411369514296168 0.010170878652044952 0.09950204411658974 0.8899859402799357, 
13, 0011111100, 0011111100, 0.5913400183617297, 0.9789117264801059, 0.0 0.0 0.0 0.0010530988304218224 0.011229164952848645 0.10091201472240184 0.8868057214943278, 
14, 0011111100, 0011111100, 0.5934317773834943, 0.9821801465337677, 0.0 0.0 0.0 0.0002458945866498493 0.005141355062911769 0.0958987269116202 0.8987140234388182, 
15, 0011111100, 0011111100, 0.5932415516493249, 0.9821243691357334, 0.0 0.0 0.0 8.697927324204217e-05 0.006205479171684596 0.09458188902250421 0.8991256525325693, 
16, 0011111100, 0011111000, 0.591510495871257, 0.9788846500738718, 0.0 0.0 0.0 0.00048596093164625614 0.010776284251732634 0.10368164825836527 0.8850561065582558, 
17, 0011111100, 0011111100, 0.5904318017930902, 0.9772675189360934, 0.0 0.0 0.0 0.0017914108098083165 0.013022966357146766 0.10497472123972093 0.880210901593324, 
18, 0011111100, 0011111100, 0.5929416554543483, 0.9815131719275431, 0.0 0.0 0.0 0.00023991978003916282 0.0076175842737896925 0.09496604054704538 0.8971764553991257, 
19, 0011111100, 0011111100, 0.5932852976551516, 0.9821802696822471, 0.0 0.0 0.0 9.772165556728838e-05 0.007546322160682948 0.09153257261844878 0.900823383565301, 
20, 0011111100, 0011111100, 0.5921979899535893, 0.9801697898151059, 0.0 0.0 0.0 0.0007201486924351964 0.009374647013867067 0.09807152100432445 0.8918336832893733, 
21, 0011111100, 0011111100, 0.5943479571799457, 0.9838003662083524, 0.0 0.0 0.0 0.00023834357327500976 0.008050167511356728 0.08038243700734739 0.9113290519080208, 
22, 0011111100, 0011111100, 0.5919985028926521, 0.979853428954541, 0.0 0.0 0.0 0.0003263043443653697 0.008635821604955064 0.1026288700297471 0.8884090040209324, 
23, 0011111100, 0011111110, 0.5935367103428411, 0.9825621124405738, 0.0 0.0 0.0 7.875968865097988e-05 0.009200767918532091 0.08598951045354013 0.9047309619392767, 
24, 0011111100, 0011111100, 0.5912789284535825, 0.9788804999056079, 0.0 0.0 0.0 0.000634041039304052 0.00940930693509817 0.10599626357824368 0.883960388447354, 
25, 0011111100, 0011111100, 0.5924189038649492, 0.9804697916182747, 0.0 0.0 0.0 0.001495969492625736 0.007403282757835039 0.09788677629680426 0.893213971452735, 
26, 0011111100, 0011111100, 0.5931719386119066, 0.9819310769530064, 0.0 0.0 0.0 0.0008717291877886794 0.008508942092242823 0.08878046653411029 0.9018388621858582, 
27, 0011111100, 0011111100, 0.5927764363171908, 0.9813602444251261, 0.0 0.0 0.0 0.00018686923971414563 0.00854151052347309 0.09419490468315436 0.8970767155536583, 
28, 0111111100, 0011111100, 0.5938875244188129, 0.9831676618986207, 0.0 0.0 0.0 2.8681091765789756e-05 0.007493927672880319 0.08592012998721764 0.9065572612481363, 
29, 0011111100, 0011111100, 0.5925639882566387, 0.9806562338171494, 0.0 0.0 4.9643386158261975e-05 0.0008763526600695223 0.012026757983799654 0.08918144960466305 0.8978657963653096, 
30, 0011111100, 0011111100, 0.59270150230002, 0.9810534126802339, 0.0 0.0 0.0 0.0005617927336007072 0.007480024638278839 0.09703409644123673 0.8949240861868837, 
31, 0011111100, 0011111100, 0.5934263855088542, 0.9820239131913483, 0.0 0.0 0.0 0.0010349297155728793 0.00566336450515438 0.09342500269488292 0.8998767030843898, 
32, 0011111100, 0011111100, 0.5910352502758696, 0.9785932649315097, 0.0 0.0 0.0 0.0020417566837363297 0.010383967519311465 0.10154720532111011 0.8860270704758421, 
33, 0011111100, 0011111100, 0.5935905804490831, 0.9826523748881727, 0.0 0.0 0.0 0.00019282445391907577 0.008926576560966336 0.08565412418727385 0.9052264747978407, 
34, 0011111100, 0011111100, 0.5937423662797551, 0.9829667967723995, 0.0 0.0 1.813381089264438e-05 0.0010583457416979186 0.0040107479409205345 0.09093015101509815 0.9039826214913907, 
35, 0001111000, 0011111100, 0.5932090316498084, 0.9818870480293639, 0.0 0.0 0.0 0.0 0.005121925641369986 0.0984338605410763 0.8964442138175537, 
36, 0011111100, 0011111000, 0.5927045574125963, 0.9811692675385325, 0.0 0.0 0.0 0.00012755489667177198 0.007010440565676973 0.09858084894743586 0.8942811555902154, 
37, 0011111100, 0011111100, 0.5928622037311022, 0.981510896951284, 0.0 0.0 0.0 0.0002615344559374877 0.006894759573560477 0.09636049577736257 0.8964832101931395, 
38, 0011111100, 0011111000, 0.5909360077442849, 0.9782969235536971, 0.0 0.0 0.0 0.0013685665454521347 0.010295780661020064 0.10552119771942 0.8828144550741079, 
39, 0011111100, 0011111100, 0.5944975584677363, 0.9838425699760518, 0.0 0.0 0.0 0.0001336640665516399 0.005322649446302865 0.0858982890514291 0.9086453974357164, 
40, 0011111100, 0011111100, 0.5957310801084633, 0.9860935255905865, 0.0 0.0 0.0 0.0 0.005060074751877075 0.07331869695272733 0.9216212282953956, 
41, 0011111100, 0011111100, 0.5927203919414463, 0.9811271737872359, 0.0 0.0 0.0 0.0008357717335520471 0.00770274106944667 0.09532415993703554 0.8961373272599658, 
42, 0011111100, 0011111100, 0.5916259977286912, 0.9793879960116717, 0.0 0.0 0.0 0.0002651946448853913 0.007639792290630202 0.107596855414053 0.8844981576504315, 
43, 0011111100, 0011111100, 0.5942228351167007, 0.9835987984106126, 0.0 0.0 0.0 0.000866281874513399 0.005223874973611647 0.08536061396556106 0.9085492291863139, 
44, 0011111100, 0011111100, 0.5926784482715803, 0.9812124038414702, 0.0 0.0 0.0 0.0008607564169573215 0.010924776227943045 0.08829375524442076 0.8999207121106789, 
45, 0011111100, 0011111000, 0.5936241417923598, 0.9826727968060115, 0.0 0.0 0.0 0.0 0.007500902776403682 0.08896141361112363 0.9035376836124727, 
46, 0011111100, 0011111100, 0.5928146172618386, 0.9812522166043834, 0.0 0.0 0.0 3.074048034009479e-06 0.0056976043343417195 0.10108226956091447 0.8932170520567099, 
47, 0011111100, 0011111100, 0.5901380567577786, 0.9770958191314882, 0.0 0.0 0.0 0.0010837856696778677 0.011645771564598475 0.11088218507283991 0.8763882576928839, 
48, 0011111100, 0011111100, 0.5914984950147948, 0.9790603414867887, 0.0 0.0 0.0 0.0007016845072358624 0.010803194084039049 0.10192650938948183 0.8865686120192433, 
49, 0011111100, 0011111100, 0.5933171739601455, 0.9819825504866265, 0.0 0.0 1.9475344187418616e-05 0.002521709243851162 0.00742973772724644 0.08560219251744494 0.9044268851672701, 
50, 0011111110, 0011111100, 0.5917968829736212, 0.9795154335036428, 0.0 0.0 0.0 0.0006642274854138919 0.00915373816108959 0.10260724019972246 0.8875747941537742, 
51, 0011111100, 0011111100, 0.5924441319767956, 0.9805733157657595, 0.0 0.0 0.0 0.0 0.005441338562343716 0.1056774282807547 0.8888812331569016, 
52, 0001111100, 0011111100, 0.5926841953902657, 0.9809005359674825, 0.0 0.0 0.0 0.0008449717880510148 0.0071441106165011144 0.09777364759794979 0.8942372699974981, 
53, 0011111100, 0011111100, 0.592831104268322, 0.9814505800199632, 0.0 0.0 0.0 0.0010432388001173096 0.009190383929391432 0.08978603562108559 0.8999803416494058, 
54, 0011111100, 0011111100, 0.5934286627093195, 0.9820742051035299, 0.0 0.0 0.0 2.1745293215882207e-05 0.00735705544526953 0.0927754226086337 0.8998457766528809, 
55, 0011111100, 0011111100, 0.5940527920461351, 0.9833070476282864, 0.0 0.0 0.0 0.0010384876680594043 0.006103945923943845 0.08483435937821644 0.9080232070297803, 
56, 0011111100, 0011111100, 0.5921754835967332, 0.9801333429008705, 0.0 0.0 0.0 0.0005208804460313206 0.008769675123370133 0.10009795100994245 0.890611493420656, 
57, 0011111100, 0011111000, 0.5903936087514589, 0.977443324308438, 0.0 0.0 0.0 0.0006953554062501305 0.012129418796730348 0.1089951503371603 0.8781800754598592, 
58, 0001111100, 0011111100, 0.5941547347567335, 0.9831219097526935, 0.0 0.0 0.0 0.0018036982553818962 0.004527414828867653 0.08680261705995823 0.9068662698557923, 
59, 0011111100, 0011111100, 0.592964861037185, 0.9815696906987078, 0.0 0.0 0.0 0.0 0.006830902414979805 0.09692005097779341 0.8962490466072269, 
60, 0011111100, 0011111100, 0.5928146893890964, 0.9812201530487198, 0.0 0.0 0.0 0.00013699736713591073 0.005007381694794283 0.10225332621668477 0.8926022947213851, 
61, 0011111100, 0011111100, 0.5920019004841164, 0.9800942035086364, 0.0 0.0 0.0 0.0008710632267067545 0.010010611188493597 0.0968003668910739 0.8923179586937258, 
62, 0011111100, 0011111100, 0.593363077293146, 0.9819485299295604, 0.0 0.0 0.0 1.0259515456585656e-05 0.008149004139532161 0.09198003359720368 0.8998607027478076, 
63, 0011111100, 0011111110, 0.5932274793675272, 0.9819931729629017, 0.0 0.0 0.0 0.0004917529848472277 0.007221864567997128 0.09212197413205346 0.9001644083151021, 
64, 0011111100, 0011111100, 0.5920541962634118, 0.980050549457096, 0.0 0.0 0.0 0.0010880359968759331 0.01138787569222822 0.09365684388233952 0.8938672444285564, 
65, 0000111100, 0011111000, 0.5930569815294365, 0.9816987817770112, 0.0 0.0 0.0 0.0 0.00580402999056186 0.09819924935680939 0.8959967206526287, 
66, 0011111100, 0001111100, 0.5931821824513848, 0.9820304483943652, 0.0 0.0 0.0 0.0006818023354807353 0.007743330197956178 0.09028524223145407 0.901289625235109, 
67, 0011111100, 0011111100, 0.5937070465600431, 0.9826834049616404, 0.0 0.0 0.0 0.00013805361033587227 0.007513785731610414 0.08845783793592933 0.9038903227221243, 
68, 0011111100, 0011111100, 0.5944217598203858, 0.9836486186454912, 0.0 0.0 0.0 5.010668414127258e-05 0.006803276443793875 0.08435141518704121 0.9087952016850237, 
69, 0011111100, 0011111100, 0.5929362967063883, 0.9813256932119707, 0.0 0.0 0.0 0.00011121291400787375 0.009280482497222029 0.09315123699170835 0.8974570675970618, 
70, 0011111100, 0011111100, 0.5950892329028351, 0.9847118560366763, 0.0 0.0 0.0 0.00014494237421858877 0.006818560987680653 0.07765691468192494 0.9153795819561759, 
71, 0011111100, 0011111100, 0.591880280361321, 0.9797780570795034, 0.0 0.0 0.0 0.0007118003092262006 0.008876117641447408 0.10144402131240658 0.8889680607369198, 
72, 0011111100, 0011111100, 0.5918477590643768, 0.9796829963408425, 0.0 0.0 0.0 0.0011105517899614784 0.010540736761649202 0.09748889306176155 0.8908598183866278, 
73, 0011111100, 0011111100, 0.5909639672869889, 0.9782599888356135, 0.0 0.0 0.0 0.0005488063648400704 0.00900139326380031 0.11079086136419766 0.879658939007162, 
74, 0011111100, 0011111100, 0.5929578065131941, 0.981435749030944, 0.0 0.0 0.0 0.0004296312403448422 0.007918485999946665 0.09425964009340901 0.8973922426662996, 
75, 0011111100, 0011111100, 0.5942597927204204, 0.9835970128798496, 0.0 0.0 0.0 0.0007847660448640868 0.008113045645167372 0.07983753329597539 0.9112646550139931, 
76, 0011111100, 0011111100, 0.5927287080187357, 0.981130841138324, 0.0 0.0 0.0 0.0007548846151825625 0.008163299819229424 0.09462369968604907 0.8964581158795388, 
77, 0011111100, 0011111100, 0.5943710535554438, 0.9837686250434632, 0.0 0.0 0.0 0.0008949663639131613 0.006761999078055562 0.0811793524913707 0.9111636820666607, 
78, 0011111000, 0011111100, 0.5916458837232208, 0.9794662337427323, 0.0 0.0 0.0 0.0008244005232320512 0.010757256943465007 0.09921488208697968 0.8892034604463233, 
79, 0111111100, 0011111110, 0.5919890184632782, 0.9799276667731516, 0.0 0.0 0.0 0.0009838803071891267 0.009891331522088603 0.09769969539534563 0.8914250927753766, 
80, 0011111100, 0011111100, 0.5914903479662299, 0.9792644185030066, 0.0 0.0 0.0 0.00013617737528426305 0.007263373506425691 0.10947820984325564 0.8831222392750344, 
81, 0011111100, 0011111100, 0.5924692777413437, 0.9806520836073316, 0.0 0.0 0.0 0.0003090324363882201 0.007222384553489823 0.10071563193986675 0.8917529510702552, 
82, 0011111100, 0011111100, 0.5930619026481542, 0.9817435198674358, 0.0 0.0 0.0 5.83755118446123e-05 0.008945302628551475 0.09147314900274905 0.8995231728568548, 
83, 0011111100, 0011111100, 0.5941815205385037, 0.9833583974047657, 0.0 0.0 0.0 0.0018939521952654065 0.006569231635723594 0.08102929571416208 0.910507520454849, 
84, 0011111100, 0001111100, 0.5913761985016651, 0.9788204786149488, 0.0 0.0 0.0 0.00044859408407224073 0.008618022336567934 0.10849530138495472 0.8824380821944051, 
85, 0011111100, 0011111100, 0.5926271515701144, 0.9808266073974184, 0.0 0.0 0.0 0.0002569705944666124 0.008089141985630719 0.09809115986082763 0.8935627275590751, 
86, 0001111100, 0011111100, 0.5940910038160316, 0.9832817603369556, 0.0 0.0 0.0 4.561888119606744e-05 0.005489096354204047 0.08919438862627019 0.9052708961383298, 
87, 0011111100, 0011111100, 0.5919816280412752, 0.9798376488854652, 0.0 0.0 0.0 0.0002936272964340164 0.007065936294080373 0.1059613522097452 0.8866790841997404, 
88, 0011111100, 0011111100, 0.5923207081765676, 0.980470093135111, 0.0 0.0 0.0 0.0005169286178509394 0.00559308230264364 0.10444249073049423 0.8894474983490112, 
89, 0011111100, 0011111100, 0.592141785700122, 0.9800242950410386, 0.0 0.0 0.0 0.00017784744669942628 0.010603518259663094 0.09811365089434375 0.8911049833992938, 
90, 0011111100, 0011111100, 0.5920598384174967, 0.9803028687538273, 0.0 0.0 0.0 0.0012134242365117866 0.009482303639442738 0.09557790748861471 0.8937263646354308, 
91, 0011111100, 0011111100, 0.5926788874845476, 0.9809706997970816, 0.0 0.0 0.0 0.0001972577424135662 0.007393492827016614 0.09879704233623643 0.8936122070943334, 
92, 0011111000, 0011111100, 0.5925366697637301, 0.9810959750140319, 0.0 0.0 0.0 0.0005915203593964519 0.012076183064101804 0.08749722270941612 0.8998350738670857, 
93, 0011111100, 0011111100, 0.5918257911358608, 0.9797023949221795, 0.0 0.0 0.0 0.0006979053412762674 0.01107362500764937 0.097544664427795 0.8906838052232794, 
94, 0011111100, 0011111100, 0.5932494985553195, 0.9819473304168947, 0.0 0.0 0.0 0.00013934198841628571 0.007359317717000959 0.09317935609937983 0.8993219841952029, 
95, 0011111100, 0011111100, 0.5924396666787953, 0.980564548937489, 0.0 0.0 0.0 0.0006175675872550124 0.01374384735026911 0.08727230891276264 0.8983662761497132, 
96, 0011111100, 0011111000, 0.5905945731135336, 0.9776757255046566, 0.0016070018830493516 2.1978075545742397e-05 0.00023766567210776462 0.00014634211458870342 0.007089338869115701 0.10862537852560707 0.8822722948599857, 
97, 0011111100, 0011111100, 0.5931053246688838, 0.9812497976795422, 0.0 0.0 0.0 6.492795190481911e-05 0.004464122645889144 0.10337818477525415 0.8920927646269519, 
98, 0011111100, 0011111100, 0.5927612293833512, 0.9809226534024987, 0.0 0.0 0.0 0.00014056148294988132 0.005432105005819621 0.10317818512451926 0.8912491483867113, 
99, 0011111100, 0011111100, 0.5946569160716505, 0.9843373206162722, 0.0 0.0 0.0 0.00030788609082114124 0.006758339390550241 0.07953573924880265 0.913398035269826, 
100, 0011111100, 0011111100, 0.5935816023804671, 0.9823849054165472, 0.0 0.0 0.0 0.00043300882695294555 0.007482106478979586 0.08942732806189803 0.9026575566321694, 
run, initial grid state, final grid state, mean grid cell occupancy, mean binding site occupancy, fraction of time with N TFs bound, warning
1, 0011111100, 0111111100, 0.5936302216698207, 0.9824276941114654, 0.0 0.0 0.0 0.0 0.0069231205713563455 0.09158759418849481 0.9014892852401488, 
2, 0011111110, 0011111100, 0.5924710810768676, 0.9806145196876755, 0.0 0.0 0.0 0.0013571083519709108 0.006209361759108475 0.09982283329981706 0.8926106965891035, 
3, 0011111100, 0011111100, 0.5933646397917536, 0.9819122903904529, 0.0 0.0 0.0 0.0 0.0046994956628368615 0.09912726633160894 0.8961732380055543, 
4, 0011111100, 0011111100, 0.591592042975036, 0.9794982110757114, 0.0 0.0 0.0 0.0005077330866152615 0.009458967811969766 0.10256959866194677 0.8874637004394682, 
5, 0011111100, 0011111100, 0.5942793415900597, 0.983770572229558, 0.0 0.0 0.0 0.000166636584618716 0.006958234890517485 0.08296018708776148 0.9099149414371023, 
6, 0011111100, 0011111100, 0.5927717703075734, 0.9812525365870657, 0.0 0.0 0.0 0.0002194611230063722 0.00942299934682531 0.09298039841493651 0.8973771411152318, 
7, 0011111100, 0011111100, 0.5938192586825399, 0.982691486891661, 0.0 0.0 0.0 0.0008839390972459315 0.0075895905213142 0.08602008031566888 0.9055063900657709, 
8, 0011111100, 0011111100, 0.5937125103798736, 0.982866892494033, 0.0 0.0 0.0 5.005637042695567e-05 0.005695446325303021 0.09125758327391456 0.9029969140303554, 
9, 0011111100, 0011111100, 0.592079735619244, 0.9797844160730955, 0.0 0.0 0.0 0.0004886500376327549 0.00931077326516236 0.10120600691820407 0.8889945697790007, 
10, 0011111100, 0011111100, 0.5927663826936038, 0.9811246687339646, 0.0 0.0 0.0 0.0033232434049540968 0.004905459914582194 0.093471337552186 0.8982999591282776, 
11, 0011111100, 0011111100, 0.5908052798979241, 0.9780246198472522, 0.0 0.0 0.0 0.0010234490915612094 0.0078068799993151255 0.11316817364317254 0.8780014972659512, 
12, 0011111100, 0011111100, 0.5923309631934703, 0.9803920466952607, 0.0 0.0 0.0 0.0 0.008633226785527219 0.10038126625738099 0.8909855069570918, 
13, 0011111100, 0011111100, 0.5918081916828662, 0.9796101973895393, 0.0 0.0 0.0 0.000363596305070491 0.008048771512794288 0.10515048372196448 0.8864371484601706, 
14, 0011111100, 0011111100, 0.5926256476111789, 0.980987898843506, 0.0 0.0 0.0 0.000333665338085833 0.004688205249630475 0.10369520042544557 0.8912829289868381, 
15, 0011111100, 0011111100, 0.5930343972610563, 0.981606383421312, 0.0 0.0 0.0 1.4582176882880074e-06 0.010873526147401105 0.08861027252426111 0.9005147431106495, 
16, 0011111100, 0011111100, 0.5948556934937601, 0.9846967758931628, 0.0 0.0 0.0 0.00012645876196373075 0.0038823121849360844 0.08367534398525944 0.9123158850678408, 
17, 0011111100, 0011111100, 0.5907930587155787, 0.9780922946116061, 0.0 0.0 0.0 0.0014199333484985288 0.011352192126092692 0.10448204803268306 0.8827458264927257, 
18, 0011111100, 0011111100, 0.5935240040165668, 0.9824772951415006, 0.0 0.0 0.0 0.0005118044021368026 0.005272511166548647 0.09305579361148822 0.9011598908198264, 
19, 0011111100, 0011111100, 0.5936114702575561, 0.9826042230279161, 0.0 0.0 0.0 0.0003187418615014212 0.0067663004981282845 0.08988583525174282 0.9030291223886275, 
20, 0011111100, 0011111100, 0.5918630057523288, 0.9795502156122565, 0.0 0.0 0.0 0.002414481929903087 0.00989523404733866 0.09566479244207446 0.8920254915806838, 
21, 0011111100, 0011111100, 0.5913650198867133, 0.9791048175234158, 0.0 0.0 0.0 0.0 0.005785955582283905 0.11379918369493801 0.8804148607227781, 
22, 0011111100, 0011111100, 0.5918281440294835, 0.9796630337081924, 0.0 0.0 0.0 0.0010817358898576666 0.008440573127807462 0.10189544382565739 0.8885822471566774, 
23, 0011111100, 0011111100, 0.5928369596779238, 0.9810829483114326, 0.0 0.0 0.0 0.0005691430782723993 0.009486655475738959 0.09282156994510862 0.89712263150088, 
24, 0011111100, 0011111100, 0.5928689584310123, 0.9811630097748174, 0.0 0.0 0.0 0.00015496457713558558 0.008332757704067965 0.09589153221155268 0.8956207455072438, 
25, 0011111100, 0011111100, 0.5939794162765434, 0.9830627936074705, 0.0 0.0 0.0 0.0 0.006629040306367004 0.08836515774244313 0.9050058019511898, 
26, 0011111100, 0011111100, 0.5936742165441383, 0.9826670858101909, 0.0 0.0 0.0 0.0 0.009513039316951966 0.0849714065049505 0.9055155541780976, 
27, 0011111100, 0011111100, 0.592666290075271, 0.9808805803559082, 0.0 0.0 0.0 0.0005522083312841824 0.006730139515546808 0.09959961383960506 0.893118038313564, 
28, 0011111100, 0011111100, 0.5924386931270429, 0.9804212807801862, 0.0 0.0 0.0 0.0012679647304486093 0.008033782611455806 0.09760085590462599 0.8930973967534697, 
29, 0011111100, 0011111100, 0.5943377027855284, 0.9836541983779631, 0.0 0.0 0.0 0.0 0.00519041849182793 0.0876939727485652 0.9071156087596068, 
30, 0011111100, 0011111100, 0.593781139606647, 0.9829168048563172, 0.0 0.0 0.0 0.0002749294705908639 0.006786751856804338 0.08810087873671554 0.9048374399358893, 
31, 0011111100, 0011111000, 0.5924584403201626, 0.9808940898402356, 0.0 0.0 0.0 8.689258818989708e-05 0.0056861265832600805 0.10300253002749618 0.8912244508010538, 
32, 0011111100, 0011111100, 0.5921532180978982, 0.9804489334608888, 0.0 0.0 0.0 0.0006436739057795774 0.008834129823051417 0.09770711787122552 0.8928150783999436, 
33, 0111111100, 0011111100, 0.593174084301379, 0.9820223058974488, 0.0 0.0 0.0 0.00021444042125094503 0.007741332179802102 0.09174017899195087 0.9003040484069961, 
34, 0011111100, 0011111100, 0.5931044631939278, 0.9814825286763535, 0.0 0.0 0.0 0.00044302984861239076 0.009994386582841056 0.08978696523035953 0.8997756183381871, 
35, 0011111100, 0011111000, 0.5932012924359497, 0.9820565418973213, 0.0 0.0 0.0 0.00013867955853348685 0.00704753569651769 0.09314963854743606 0.8996641461975128, 
36, 0011111100, 0011111110, 0.5911353948856468, 0.9784828305356876, 0.0 0.0 0.0 0.00015291754676581847 0.014683146379201234 0.09927797138717447 0.8858859646868585, 
37, 0011111100, 0011111100, 0.5926078569794649, 0.9810587865628332, 0.0 0.0 0.0 0.0 0.004902095381354388 0.10384308986029206 0.8912548147583534, 
38, 0011111000, 0011111100, 0.5925534757684203, 0.9808593311473127, 0.0 0.0 0.00019348658077330815 0.0017160878222139675 0.009029261381878774 0.09086328056263165 0.8981978836525023, 
39, 0001111100, 0011111100, 0.5926781850643413, 0.9809503032188702, 0.0 0.0 0.0 0.00088991557843793 0.006521915912017676 0.09858460212742884 0.8940035663821154, 
40, 0011111100, 0011111100, 0.5934143378044641, 0.9820466302810201, 0.0 0.0 0.0 2.4565991404766126e-05 0.004616112735404556 0.09841429486885538 0.8969450264043353, 
41, 0011111100, 0011111100, 0.5925371720031134, 0.9808279476726779, 0.0 0.0 0.00011502649083182923 0.002174695710267935 0.006239158475990295 0.09556980391782155 0.8959013154050884, 
42, 0011111100, 0011111100, 0.5932038270213891, 0.9817637472919915, 0.0 0.0 0.0 0.0002980899778502328 0.006119000763166376 0.09628524478816798 0.8972976644708155, 
43, 0011111100, 0011111100, 0.5932856147164758, 0.9819830912776828, 0.0 0.0 0.0 0.0008478546934847604 0.0046457084033755935 0.09626647144669784 0.8982399654564418, 
44, 0001111100, 0011111100, 0.592629258820125, 0.9810545714698875, 0.0 0.0 0.0 0.0004240775784075118 0.006953390460549223 0.09849355752435311 0.8941289744366901, 
45, 0011111100, 0011111110, 0.5925532541716233, 0.9809521892546499, 0.0 0.0 0.0 0.0004802489214319274 0.008733085925877867 0.09537994585604882 0.8954067192966414, 
46, 0001111100, 0011111000, 0.593626975319345, 0.9825729870073459, 0.0 0.0 0.0 0.0016529109280706586 0.0051288030733693205 0.08934573902497393 0.9038725469735861, 
47, 0011111100, 0001111100, 0.5899819407629343, 0.9766626646815558, 0.0 0.0 0.0 0.0009274462222310474 0.01246108766652706 0.11231949791091808 0.8742919682003238, 
48, 0011111100, 0011111100, 0.5914243812626926, 0.9786817850840406, 0.0 0.0 2.0051414461533227e-05 0.0005451969735786318 0.01115149130077257 0.10389051031562876 0.8843927499955585, 
49, 0011111100, 0011111100, 0.5919739398755279, 0.9799874958037977, 0.0 0.0 0.0 0.0004015195092043422 0.005325681272226674 0.10821910410514751 0.8860536951134215, 
50, 0011111100, 0011111100, 0.5938967617586467, 0.9829772272651791, 0.0 0.0 0.0 6.726954861726079e-05 0.007292944836192251 0.08734893809068957 0.905290847524501, 
51, 0011111100, 0011111100, 0.5936342430668845, 0.9826139704498735, 0.0 0.0 0.0 0.0015260779756158872 0.00820603339831778 0.0833258765772761 0.9069420120487902, 
52, 0011111100, 0011111100, 0.5946569173502265, 0.9843950242591217, 0.0 0.0 0.0 0.0005618730712689104 0.006913720341490081 0.07811679454848308 0.914407612038758, 
53, 0011111100, 0011111100, 0.5914984875629626, 0.979176681817887, 0.0 0.0 0.0 0.0005128645862013953 0.00683699842506244 0.10972731848394915 0.882922818504787, 
54, 0011111100, 0011111100, 0.5915387077151109, 0.9791235060929953, 0.0 0.0 0.0 0.00025783167198890726 0.012547079732810343 0.09939130896044153 0.8878037796347592, 
55, 0011111100, 0011111100, 0.593242666415744, 0.9820175713581114, 0.0 0.0 0.0 0.00041525931684880025 0.009094979486226768 0.08845883492833215 0.9020309262685924, 
56, 0011111100, 0011111100, 0.5940364092618421, 0.9831773525372689, 0.0 0.0 0.0 0.0 0.00482164705689802 0.09129259066259054 0.9038857622805115, 
57, 0111111100, 0011111100, 0.5919751903314963, 0.9798476509977476, 0.0 0.0 0.0 7.105215948763346e-05 0.008020526814397317 0.10465988390625719 0.8872485371198578, 
58, 0011111100, 0011111100, 0.5949890771212825, 0.9846467723282486, 0.0 0.0 0.0 0.0 0.003464679845640829 0.08519000633922734 0.9113453138151317, 
59, 0011111100, 0011111100, 0.5927279496660748, 0.9810514692066337, 0.0 0.0 0.0 0.0 0.004790301128323007 0.10411058250355285 0.8910991163681241, 
60, 0011111100, 0001111100, 0.5920918974146654, 0.9801162762189507, 0.0 0.0 0.0 0.0006075162833792538 0.007409232722438601 0.10266132839128055 0.8893219226029015, 
61, 0011111000, 0011111100, 0.5897438155677679, 0.9764205682497354, 0.0 0.0 0.0 0.0013769239276361464 0.017018738625762985 0.1033083414671527 0.8782959959794482, 
62, 0011111100, 0011111100, 0.5924421249691764, 0.9806905003645197, 0.0 0.0 0.0 0.00048592130613020484 0.009495110390057591 0.09540901311437593 0.8946099551894362, 
63, 0011111100, 0011111100, 0.5931140485423534, 0.9818419337081579, 0.0 0.0 0.0 0.0007147853945642425 0.00712581425687022 0.09255241305361919 0.8996069872949463, 
64, 0011111100, 0011111100, 0.593193925218757, 0.9819169492315577, 0.0 0.0 0.0 0.00019706664007237978 0.00686644614106594 0.09417421240830438 0.8987622748105573, 
65, 0011111100, 0011111100, 0.5935860387904857, 0.9825692732847033, 0.0 0.0 0.00015762239235196792 0.0016542856151528903 0.009297658649091618 0.08039569657873054 0.908494736764673, 
66, 0001111100, 0011111100, 0.5916753168963682, 0.979376426980798, 0.0 0.0 0.0 0.0005287041200508531 0.00852910340951216 0.1050971189360349 0.8858450735344021, 
67, 0011111100, 0011111100, 0.5910403770106843, 0.9784810646186592, 0.0 0.0 0.0 0.0002789483107214882 0.011476915774300154 0.10532293580727976 0.8829212001076986, 
68, 0011111100, 0011111000, 0.5924311681588692, 0.9809663302821326, 0.0 0.0 0.0 0.0 0.008509136354732704 0.09718374559773885 0.8943071180475285, 
69, 0011111100, 0011111100, 0.5924609003408012, 0.9805669084784195, 0.0 0.0 4.287249423367636e-05 0.0003935983320678983 0.007734632190670278 0.09977699977500308 0.892051897208025, 
70, 0111111100, 0011111100, 0.5905241938223185, 0.977611460392006, 0.0 0.0 0.0 0.0010071033121000017 0.00923896840325857 0.11283199090514676 0.8769219373794946, 
71, 0011111100, 0011111100, 0.5929623650018766, 0.9815256608077393, 0.0 0.0 0.0 0.0014003707627247486 0.0088809861159591 0.08888295063347182 0.9008356924878443, 
72, 0011111100, 0011111000, 0.5945054101316253, 0.9842682473895636, 0.0 0.0 0.0 0.0 0.006493791304255171 0.08140293305410719 0.9121032756416376, 
73, 0011111100, 0011111100, 0.5916783206741922, 0.9794596785122086, 0.0 0.0 0.0 0.0 0.00998640650554708 0.10326911591565398 0.8867444775787989, 
74, 0011111100, 0011111100, 0.5929149898392486, 0.9814642072963599, 0.0 0.0 0.0 0.0007129600388984594 0.008012550811346044 0.09305077448245318 0.8982237146673023, 
75, 0011111000, 0011111100, 0.5923607598441111, 0.9803013923960351, 0.0 0.0 0.0 0.0002117581845426559 0.008198137613644628 0.10116009584287197 0.8904300083589407, 
76, 0011111100, 0011111100, 0.5932484183647582, 0.9821094874923483, 0.0 0.0 0.0 0.0003866041146991366 0.00800672539300128 0.09016981191581058 0.9014368585764889, 
77, 0011111100, 0011111100, 0.5933200557343621, 0.9822969868524385, 0.0 0.0 0.0 2.544307619537626e-05 0.00639653473300354 0.09334868019077641 0.9002293420000247, 
78, 0011111100, 0011111100, 0.5916469496814715, 0.9792584193326773, 0.0 0.0 0.0 0.00019700405906892957 0.012328881582817754 0.09920070866109472 0.8882734056970185, 
79, 0011111100, 0011111100, 0.5927054383130219, 0.981073534691999, 0.0 0.0 0.0 0.0005565370363204393 0.008447245911260106 0.09499468891652467 0.8960015281358948, 
80, 0011111100, 0011111100, 0.5929839789816322, 0.9818034549113704, 0.0 0.0 0.0 0.001047951565664666 0.006248017023065672 0.0935393817886525 0.8991646496226172, 
81, 0011111100, 0011111100, 0.5934503464885965, 0.9824156423557688, 0.0 0.0 0.0 0.0009613523497148921 0.008992399666209249 0.08463728948382351 0.9054089585002524, 
82, 0011111100, 0011111100, 0.5945082191235915, 0.984087818584219, 0.0 0.0 0.0 0.0 0.003924561798843847 0.0876239648969974 0.9084514733041588, 
83, 0001111100, 0011111100, 0.5943790219523288, 0.9837806080075299, 0.0 0.0 0.0 0.0 0.006471507887903537 0.08437333617901344 0.909155155933083, 
84, 0011111100, 0011111100, 0.5932388375371368, 0.981935125362511, 0.0 0.0 0.0 0.0003710052600087438 0.0044409622766227235 0.09839430749166228 0.8967937249717063, 
85, 0111111000, 0011111100, 0.5930979309819637, 0.9819306556417324, 0.0 0.0 0.0 0.0004922899604049183 0.008417382788884351 0.09010443069062121 0.9009858965600896, 
86, 0001111100, 0001111100, 0.5936821595653149, 0.9825381907303322, 0.0 0.0 0.0 0.0009632486918107668 0.007972517470764984 0.08593607460104485 0.9051281592363793, 
87, 0011111000, 0011111100, 0.5918092117519739, 0.9795732902077263, 0.0 0.0 0.0 0.0019487721029609014 0.010244560642072173 0.09622482116061556 0.8915818460943514, 
88, 0000111100, 0011111100, 0.5931189907205461, 0.9816617029138712, 0.0 0.0 0.0 0.000363023226790939 0.006551065830146279 0.09583858117610694 0.8972473297669559, 
89, 0011111100, 0011111100, 0.5919731234480164, 0.9798327072411563, 0.0 0.0 3.7036556146371925e-05 0.00022545662896501163 0.01076886927422583 0.09864150189312974 0.890327135647533, 
90, 0011111100, 0011111100, 0.593449561148751, 0.9822467659090838, 0.0 0.0 0.0 0.0011126485949102185 0.0057943591201800385 0.09159274052040593 0.9015002517645038, 
91, 0011111100, 0011111100, 0.5945885561622009, 0.9841829833107916, 0.0 0.0 0.0 0.0005524570112804003 0.004411003001372288 0.08442272309866479 0.9106138168886825, 
92, 0011111100, 0011111100, 0.5928909071021056, 0.9816347840860603, 0.0 0.0 0.0 3.06743756202289e-05 0.0072556638690181785 0.09558794461874047 0.8971257171366211, 
93, 0011111100, 0011111100, 0.5924069073364271, 0.9807062154521301, 0.0 0.0 0.0 3.893714966234706e-06 0.004838248266378727 0.10607452960956311 0.8890833284090919, 
94, 0011111100, 0011111100, 0.5930619689323304, 0.9815609212321936, 0.0 0.0 0.0 0.000540171735244365 0.006723004143652264 0.09556794911380093 0.8971688750073025, 
95, 0011111100, 0011111100, 0.5929871294349115, 0.9815087799852316, 0.0 0.0 0.0007869508367987544 0.001443397978363782 0.005329494671422612 0.09281033346347924 0.8996298230499357, 
96, 0011111100, 0011111100, 0.5945337149269516, 0.9840846513504831, 0.0 0.0 0.0 0.0 0.005964305024138887 0.0835634818488242 0.9104722131270369, 
97, 0011111100, 0011111100, 0.5927846219078874, 0.9812879812535212, 0.0 0.0 0.0 0.00041909735048597765 0.008613267094067107 0.09378828623928123 0.8971793493161657, 
98, 0011111100, 0011111100, 0.590047055610022, 0.976787023872643, 0.0 0.0 0.0 0.00032075409612668406 0.010721500509909354 0.11687259345594264 0.8720851519380213, 
99, 0011111100, 0011111100, 0.5933574235635939, 0.9822462470130359, 0.0 0.0 0.0 0.00030843914457434694 0.005922585067252326 0.09375203035355793 0.9000169454346153, 
100, 0011111100, 0011111100, 0.5933666226980701, 0.9821588639527135, 0.0 0.0 0.0 7.779709786324272e-05 0.005291378841116059 0.09623066730789734 0.8984001567531232, 
