run, initial grid state, final grid state, mean grid cell occupancy, mean binding site occupancy, fraction of time with N TFs bound, warning
1, 1111111111, 1111111111, 1.0, 1.0, 0.0 0.0 0.0 0.0 0.0 0.0 1.0, 
2, 1111111111, 1111111111, 1.0, 1.0, 0.0 0.0 0.0 0.0 0.0 0.0 1.0, 
3, 1111111111, 1111111111, 1.0, 1.0, 0.0 0.0 0.0 0.0 0.0 0.0 1.0, 
4, 0000000000, 0000000000, 2.0763872034322195e-05, 3.3962146636634656e-05, 0.9997962271201802 0.00020377287981980798, 
5, 1111111111, 1111111111, 0.9566028094668111, 0.9933340905250592, 0.0 0.0 0.0 5.941848523957388e-05 0.0049759820761407555 0.029865237241644346 0.9650993621969753, 
6, 1111111111, 1111111111, 1.0, 1.0, 0.0 0.0 0.0 0.0 0.0 0.0 1.0, 
7, 1111111111, 1111111111, 1.0, 1.0, 0.0 0.0 0.0 0.0 0.0 0.0 1.0, 
8, 1111111111, 1111111111, 1.0, 1.0, 0.0 0.0 0.0 0.0 0.0 0.0 1.0, 
9, 1111111111, 1111111111, 1.0, 1.0, 0.0 0.0 0.0 0.0 0.0 0.0 1.0, 
10, 1111111111, 1111111111, 1.0, 1.0, 0.0 0.0 0.0 0.0 0.0 0.0 1.0, 
11, 1111111111, 1111111111, 1.0, 1.0, 0.0 0.0 0.0 0.0 0.0 0.0 1.0, 
12, 1111111111, 1111111111, 1.0, 1.0, 0.0 0.0 0.0 0.0 0.0 0.0 1.0, 
13, 1111111111, 1111111111, 1.0, 1.0, 0.0 0.0 0.0 0.0 0.0 0.0 1.0, 
14, 1111111111, 1111111111, 1.0, 1.0, 0.0 0.0 0.0 0.0 0.0 0.0 1.0, 
15, 1111111111, 1111111111, 1.0, 1.0, 0.0 0.0 0.0 0.0 0.0 0.0 1.0, 
16, 1111111111, 1111111111, 1.0, 1.0, 0.0 0.0 0.0 0.0 0.0 0.0 1.0, 
17, 1111111111, 1111111111, 0.9999998215866612, 1.0, 0.0 0.0 0.0 0.0 0.0 0.0 1.0, 
18, 1111111111, 1111111111, 1.0, 1.0, 0.0 0.0 0.0 0.0 0.0 0.0 1.0, 
19, 1111111111, 1111111111, 1.0, 1.0, 0.0 0.0 0.0 0.0 0.0 0.0 1.0, 
20, 1111111111, 1111111111, 1.0, 1.0, 0.0 0.0 0.0 0.0 0.0 0.0 1.0, 
21, 1111111111, 1111111111, 1.0, 1.0, 0.0 0.0 0.0 0.0 0.0 0.0 1.0, 
22, 1111111111, 1111111111, 1.0, 1.0, 0.0 0.0 0.0 0.0 0.0 0.0 1.0, 
23, 1111111111, 1111111111, 1.0, 1.0, 0.0 0.0 0.0 0.0 0.0 0.0 1.0, 
24, 1111111111, 1111111111, 1.0, 1.0, 0.0 0.0 0.0 0.0 0.0 0.0 1.0, 
25, 1111111111, 1111111111, 1.0, 1.0, 0.0 0.0 0.0 0.0 0.0 0.0 1.0, 
26, 1111111111, 1111111111, 1.0, 1.0, 0.0 0.0 0.0 0.0 0.0 0.0 1.0, 
27, 1111111111, 1111111111, 0.9659489205370848, 0.9939408000361787, 0.0 0.0 0.0 0.0008651734595562162 0.009569406197213104 0.014620867009832516 0.9749445533333981, 
28, 1111111111, 1111111111, 1.0, 1.0, 0.0 0.0 0.0 0.0 0.0 0.0 1.0, 
29, 1111111111, 1111111111, 1.0, 1.0, 0.0 0.0 0.0 0.0 0.0 0.0 1.0, 
30, 1111111111, 1111111111, 1.0, 1.0, 0.0 0.0 0.0 0.0 0.0 0.0 1.0, 
31, 1111111111, 1111111111, 1.0, 1.0, 0.0 0.0 0.0 0.0 0.0 0.0 1.0, 
32, 1111111111, 1111111111, 1.0, 1.0, 0.0 0.0 0.0 0.0 0.0 0.0 1.0, 
33, 1111111111, 1111111111, 1.0, 1.0, 0.0 0.0 0.0 0.0 0.0 0.0 1.0, 
34, 1111111111, 1111111111, 1.0, 1.0, 0.0 0.0 0.0 0.0 0.0 0.0 1.0, 
35, 1111111111, 1111111111, 1.0, 1.0, 0.0 0.0 0.0 0.0 0.0 0.0 1.0, 
36, 1111111111, 1111111111, 1.0, 1.0, 0.0 0.0 0.0 0.0 0.0 0.0 1.0, 
37, 1111111111, 1111111111, 1.0, 1.0, 0.0 0.0 0.0 0.0 0.0 0.0 1.0, 
38, 1111111111, 1111111111, 1.0, 1.0, 0.0 0.0 0.0 0.0 0.0 0.0 1.0, 
39, 0000000000, 0000000000, 2.094760122254501e-05, 3.426428014065276e-05, 0.999794414319156 0.00020558568084391655, 
40, 1111111111, 1111111111, 1.0, 1.0, 0.0 0.0 0.0 0.0 0.0 0.0 1.0, 
41, 1111111111, 1111111111, 1.0, 1.0, 0.0 0.0 0.0 0.0 0.0 0.0 1.0, 
42, 1111111111, 1111111111, 1.0, 1.0, 0.0 0.0 0.0 0.0 0.0 0.0 1.0, 
43, 1111111111, 1111111111, 1.0, 1.0, 0.0 0.0 0.0 0.0 0.0 0.0 1.0, 
44, 1111111111, 1111111111, 1.0, 1.0, 0.0 0.0 0.0 0.0 0.0 0.0 1.0, 
45, 1111111111, 1111111111, 1.0, 1.0, 0.0 0.0 0.0 0.0 0.0 0.0 1.0, 
46, 1111111111, 1111111111, 1.0, 1.0, 0.0 0.0 0.0 0.0 0.0 0.0 1.0, 
47, 1111111111, 1111111111, 1.0, 1.0, 0.0 0.0 0.0 0.0 0.0 0.0 1.0, 
48, 1111111111, 1111111111, 1.0, 1.0, 0.0 0.0 0.0 0.0 0.0 0.0 1.0, 
49, 1111111111, 1111111111, 0.9545628966085175, 0.9931943227060435, 0.0 0.0 0.0 0.0010058866988633642 0.007088068034896197 0.02364026759735587 0.9682657776688846, 
50, 1111111111, 1111111111, 1.0, 1.0, 0.0 0.0 0.0 0.0 0.0 0.0 1.0, 
51, 1111111111, 1111111111, 1.0, 1.0, 0.0 0.0 0.0 0.0 0.0 0.0 1.0, 
52, 1111111111, 1111111111, 1.0, 1.0, 0.0 0.0 0.0 0.0 0.0 0.0 1.0, 
53, 1111111111, 1111111111, 1.0, 1.0, 0.0 0.0 0.0 0.0 0.0 0.0 1.0, 
54, 1111111111, 1111111111, 1.0, 1.0, 0.0 0.0 0.0 0.0 0.0 0.0 1.0, 
55, 1111111111, 1111111111, 1.0, 1.0, 0.0 0.0 0.0 0.0 0.0 0.0 1.0, 
56, 1111111111, 1111111111, 1.0, 1.0, 0.0 0.0 0.0 0.0 0.0 0.0 1.0, 
57, 1111111111, 1111111111, 1.0, 1.0, 0.0 0.0 0.0 0.0 0.0 0.0 1.0, 
58, 1111111111, 1111111111, 1.0, 1.0, 0.0 0.0 0.0 0.0 0.0 0.0 1.0, 
59, 1111111111, 1111111111, 0.9949624455944421, 0.9995142279722686, 0.0 0.0 0.0 0.0 0.0 0.002914632166388091 0.9970853678336119, 
60, 1111111111, 1111111111, 1.0, 1.0, 0.0 0.0 0.0 0.0 0.0 0.0 1.0, 
61, 1111111111, 1111111111, 1.0, 1.0, 0.0 0.0 0.0 0.0 0.0 0.0 1.0, 
62, 1111111111, 1111111111, 1.0, 1.0, 0.0 0.0 0.0 0.0 0.0 0.0 1.0, 
63, 1111111111, 1111111111, 1.0, 1.0, 0.0 0.0 0.0 0.0 0.0 0.0 1.0, 
64, 1111111111, 1111111111, 0.9761843562506203, 0.9975870351682584, 0.0 0.0 0.0 0.0 0.0018124015439233323 0.01085298590260216 0.9873346125534744, 
65, 1111111111, 1111111111, 1.0, 1.0, 0.0 0.0 0.0 0.0 0.0 0.0 1.0, 
66, 1111111111, 1111111111, 1.0, 1.0, 0.0 0.0 0.0 0.0 0.0 0.0 1.0, 
67, 1111111111, 1111111111, 1.0, 1.0, 0.0 0.0 0.0 0.0 0.0 0.0 1.0, 
68, 1111111111, 1111111111, 1.0, 1.0, 0.0 0.0 0.0 0.0 0.0 0.0 1.0, 
69, 1111111111, 1111111111, 0.9999823186437393, 1.0, 0.0 0.0 0.0 0.0 0.0 0.0 1.0, 
70, 1111111111, 1111111111, 1.0, 1.0, 0.0 0.0 0.0 0.0 0.0 0.0 1.0, 
71, 0000000000, 0000000000, 2.1616779269121583e-05, 3.536715669441806e-05, 0.9997877970598336 0.00021220294016650838, 
72, 0001111100, 1111111111, 0.9773477340325889, 0.9961250489429438, 0.0 0.0 0.0 0.0 0.003243717971490696 0.016762270399355284 0.979994011629154, 
73, 1111111111, 1111111111, 1.0, 1.0, 0.0 0.0 0.0 0.0 0.0 0.0 1.0, 
74, 1111111111, 1111111111, 1.0, 1.0, 0.0 0.0 0.0 0.0 0.0 0.0 1.0, 
75, 1111111111, 1111111111, 1.0, 1.0, 0.0 0.0 0.0 0.0 0.0 0.0 1.0, 
76, 1111111111, 1111111111, 1.0, 1.0, 0.0 0.0 0.0 0.0 0.0 0.0 1.0, 
77, 1111111111, 1111111111, 1.0, 1.0, 0.0 0.0 0.0 0.0 0.0 0.0 1.0, 
78, 1111111111, 1111111111, 1.0, 1.0, 0.0 0.0 0.0 0.0 0.0 0.0 1.0, 
79, 1111111111, 1111111111, 1.0, 1.0, 0.0 0.0 0.0 0.0 0.0 0.0 1.0, 
80, 1111111111, 1111111111, 1.0, 1.0, 0.0 0.0 0.0 0.0 0.0 0.0 1.0, 
81, 1111111111, 1111111111, 1.0, 1.0, 0.0 0.0 0.0 0.0 0.0 0.0 1.0, 
82, 1111111111, 1111111111, 0.948974884960606, 0.9897877138659441, 0.0 0.0 0.0009806386142723331 0.003925764517152195 0.008609778274420598 0.028354312246948614 0.9581295063472061, 
83, 1111111111, 1111111111, 1.0, 1.0, 0.0 0.0 0.0 0.0 0.0 0.0 1.0, 
84, 1111111111, 1111111111, 1.0, 1.0, 0.0 0.0 0.0 0.0 0.0 0.0 1.0, 
85, 1111111111, 1111111111, 1.0, 1.0, 0.0 0.0 0.0 0.0 0.0 0.0 1.0, 
86, 0011111100, 1111111111, 0.9622289452150072, 0.9960931672649808, 0.0 0.0 0.0 0.0005448534931773373 0.002730772958617844 0.016344890013347116 0.9803794835348578, 
87, 1111111111, 1111111111, 1.0, 1.0, 0.0 0.0 0.0 0.0 0.0 0.0 1.0, 
88, 1111111111, 1111111111, 0.999991693813499, 0.9999999999999999, 0.0 0.0 0.0 0.0 0.0 0.0 0.9999999999999999, 
89, 0000000000, 1111111111, 0.42561838244420264, 0.546655714689825, 0.43797833782024176 9.051137645232534e-05 0.0015246266109248568 0.0013334795256091866 0.010099519119455586 0.06144514479790006 0.4875283807494163, 
90, 1111111111, 1111111111, 1.0, 1.0, 0.0 0.0 0.0 0.0 0.0 0.0 1.0, 
91, 1111111111, 1111111111, 1.0, 1.0, 0.0 0.0 0.0 0.0 0.0 0.0 1.0, 
92, 1111111111, 1111111111, 1.0, 1.0, 0.0 0.0 0.0 0.0 0.0 0.0 1.0, 
93, 1111111111, 1111111111, 1.0, 1.0, 0.0 0.0 0.0 0.0 0.0 0.0 1.0, 
94, 1111111111, 1111111111, 1.0, 1.0, 0.0 0.0 0.0 0.0 0.0 0.0 1.0, 
95, 1111111111, 1111111111, 1.0, 1.0, 0.0 0.0 0.0 0.0 0.0 0.0 1.0, 
96, 1111111111, 1111111111, 1.0, 1.0, 0.0 0.0 0.0 0.0 0.0 0.0 1.0, 
97, 1111111111, 1111111111, 1.0, 1.0, 0.0 0.0 0.0 0.0 0.0 0.0 1.0, 
98, 0000000000, 1111111111, 0.8028204069990655, 0.8180109047657815, 0.17821389600298826 3.9810356846764276e-05 0.0006182946558838798 0.0005344891647807189 0.0032604933235545665 0.011854510838160684 0.8054785056577851, 
99, 1111111111, 1111111111, 0.9927562095565179, 0.9997065693423013, 0.0 0.0 0.0 0.0 0.0 0.0017605839461927752 0.9982394160538073, 
100, 1111111111, 1111111111, 1.0, 1.0, 0.0 0.0 0.0 0.0 0.0 0.0 1.0, 
run, initial grid state, final grid state, mean grid cell occupancy, mean binding site occupancy, fraction of time with N TFs bound, warning
1, 1111111111, 1111111111, 0.9325434130654559, 0.9899214619955695, 0.0 0.0 0.0 0.001296557869809355 0.009597208098451878 0.03738713822025115 0.9517190958114876, 
2, 1111111111, 1111111111, 1.0, 1.0, 0.0 0.0 0.0 0.0 0.0 0.0 1.0, 
3, 1111111111, 1111111111, 1.0, 1.0, 0.0 0.0 0.0 0.0 0.0 0.0 1.0, 
4, 1111111111, 1111111111, 0.9746164315218219, 0.996106783612252, 0.0 0.0 0.0 0.0014058722109128179 0.001199017407334248 0.016743646879080247 0.9806514635026726, 
5, 1111111111, 1111111111, 1.0, 1.0, 0.0 0.0 0.0 0.0 0.0 0.0 1.0, 
6, 1111111111, 1111111111, 1.0, 1.0, 0.0 0.0 0.0 0.0 0.0 0.0 1.0, 
7, 1111111111, 1111111111, 1.0, 1.0, 0.0 0.0 0.0 0.0 0.0 0.0 1.0, 
8, 0000000000, 0000000000, 2.0630811135037397e-05, 3.3730254292039076e-05, 0.9997976444451323 0.0002023295839831114 2.5970884561538693e-08, 
9, 1111111111, 1111111111, 1.0, 1.0, 0.0 0.0 0.0 0.0 0.0 0.0 1.0, 
10, 1111111111, 1111111111, 1.0, 1.0, 0.0 0.0 0.0 0.0 0.0 0.0 1.0, 
11, 1111111111, 1111111111, 1.0, 1.0, 0.0 0.0 0.0 0.0 0.0 0.0 1.0, 
12, 1111111111, 1111111111, 1.0, 1.0, 0.0 0.0 0.0 0.0 0.0 0.0 1.0, 
13, 1111111111, 1111111111, 1.0, 1.0, 0.0 0.0 0.0 0.0 0.0 0.0 1.0, 
14, 0000000000, 1111111111, 0.17650118509356966, 0.2330072512880946, 0.7572901115358951 0.0001575018193772091 0.00023270304979376846 0.0008530825850881848 0.008811909088059606 0.0363144358286173 0.1963402560931689, 
15, 1111111111, 1111111111, 0.9405511178148859, 0.9855402074413755, 0.0 0.0 0.0020054163092143194 0.0055655341191287264 0.01189699671947394 0.03824649431855536 0.9422855585336276, 
16, 1111111111, 1111111111, 1.0, 1.0, 0.0 0.0 0.0 0.0 0.0 0.0 1.0, 
17, 1111111111, 1111111111, 0.9366784201095312, 0.9889257369166782, 0.0 0.0 0.0 0.0010618082422421658 0.012788515846105812 0.037683122080992566 0.9484665538306594, 
18, 1111111111, 1111111111, 1.0, 1.0, 0.0 0.0 0.0 0.0 0.0 0.0 1.0, 
19, 1111111111, 0011111100, 0.9792774423875983, 0.9959831911207389, 0.0 0.0 0.0 0.0 0.0005874896665489105 0.02292587394246896 0.9764866363909821, 
20, 1111111111, 1111111111, 1.0, 1.0, 0.0 0.0 0.0 0.0 0.0 0.0 1.0, 
21, 1111111111, 1111111111, 1.0, 1.0, 0.0 0.0 0.0 0.0 0.0 0.0 1.0, 
22, 1111111111, 1111111111, 1.0, 1.0, 0.0 0.0 0.0 0.0 0.0 0.0 1.0, 
23, 1111111111, 1111111111, 1.0, 1.0, 0.0 0.0 0.0 0.0 0.0 0.0 1.0, 
24, 1111111111, 1111111111, 1.0, 1.0, 0.0 0.0 0.0 0.0 0.0 0.0 1.0, 
25, 0000000000, 0000000000, 2.13561141795725e-05, 3.4918455482974376e-05, 0.9997904892671022 0.00020951073289784624, 
26, 1111111111, 1111111111, 1.0, 1.0, 0.0 0.0 0.0 0.0 0.0 0.0 1.0, 
27, 1111111111, 1111111111, 1.0, 1.0, 0.0 0.0 0.0 0.0 0.0 0.0 1.0, 
28, 1111111111, 1111111111, 1.0, 1.0, 0.0 0.0 0.0 0.0 0.0 0.0 1.0, 
29, 1111111111, 1111111111, 1.0, 1.0, 0.0 0.0 0.0 0.0 0.0 0.0 1.0, 
30, 1111111111, 1111111111, 1.0, 1.0, 0.0 0.0 0.0 0.0 0.0 0.0 1.0, 
31, 1111111111, 1111111111, 1.0, 1.0, 0.0 0.0 0.0 0.0 0.0 0.0 1.0, 
32, 1111111111, 1111111111, 1.0, 1.0, 0.0 0.0 0.0 0.0 0.0 0.0 1.0, 
33, 1111111111, 1111111111, 1.0, 1.0, 0.0 0.0 0.0 0.0 0.0 0.0 1.0, 
34, 1111111111, 1111111111, 1.0, 1.0, 0.0 0.0 0.0 0.0 0.0 0.0 1.0, 
35, 1111111111, 1111111111, 1.0, 1.0, 0.0 0.0 0.0 0.0 0.0 0.0 1.0, 
36, 1111111111, 1111111111, 1.0, 1.0, 0.0 0.0 0.0 0.0 0.0 0.0 1.0, 
37, 1111111111, 1111111111, 1.0, 1.0, 0.0 0.0 0.0 0.0 0.0 0.0 1.0, 
38, 1111111111, 1111111111, 0.969576618822175, 0.9969675020494805, 0.0 0.0 0.0 0.0 0.0032945024891015457 0.011605982724913982 0.9850995147859845, 
39, 1111111111, 1111111111, 1.0, 1.0, 0.0 0.0 0.0 0.0 0.0 0.0 1.0, 
40, 1111111111, 1111111111, 1.0, 1.0, 0.0 0.0 0.0 0.0 0.0 0.0 1.0, 
41, 1111111111, 1111111111, 1.0, 1.0, 0.0 0.0 0.0 0.0 0.0 0.0 1.0, 
42, 1111111111, 1111111111, 1.0, 1.0, 0.0 0.0 0.0 0.0 0.0 0.0 1.0, 
43, 1111111111, 1111111111, 1.0, 1.0, 0.0 0.0 0.0 0.0 0.0 0.0 1.0, 
44, 1111111111, 1111111111, 1.0, 1.0, 0.0 0.0 0.0 0.0 0.0 0.0 1.0, 
45, 1111111111, 1111111111, 1.0, 1.0, 0.0 0.0 0.0 0.0 0.0 0.0 1.0, 
46, 1111111111, 1111111111, 1.0, 1.0, 0.0 0.0 0.0 0.0 0.0 0.0 1.0, 
47, 1111111111, 1111111111, 1.0, 1.0, 0.0 0.0 0.0 0.0 0.0 0.0 1.0, 
48, 1111111111, 1111111111, 1.0, 1.0, 0.0 0.0 0.0 0.0 0.0 0.0 1.0, 
49, 1111111111, 1111111111, 0.9666268721603619, 0.9963269595440909, 0.0 0.0 0.0 0.0005905985080964792 0.004773969368287892 0.010718508474589642 0.9839169236490259, 
50, 1111111111, 1111111111, 1.0, 1.0, 0.0 0.0 0.0 0.0 0.0 0.0 1.0, 
51, 1111111111, 0011111100, 0.987794912300265, 0.9988133745987133, 0.0 0.0 0.0 0.0 0.0005768832883917717 0.005965985830936772 0.9934571308806714, 
52, 1111111111, 1111111111, 1.0, 1.0, 0.0 0.0 0.0 0.0 0.0 0.0 1.0, 
53, 1111111111, 1111111111, 1.0, 1.0, 0.0 0.0 0.0 0.0 0.0 0.0 1.0, 
54, 1111111111, 1111111111, 1.0, 1.0, 0.0 0.0 0.0 0.0 0.0 0.0 1.0, 
55, 1111111111, 1111111111, 1.0, 1.0, 0.0 0.0 0.0 0.0 0.0 0.0 1.0, 
56, 1111111111, 1111111111, 1.0, 1.0, 0.0 0.0 0.0 0.0 0.0 0.0 1.0, 
57, 1111111111, 1111111111, 1.0, 1.0, 0.0 0.0 0.0 0.0 0.0 0.0 1.0, 
58, 1111111111, 1111111111, 1.0, 1.0, 0.0 0.0 0.0 0.0 0.0 0.0 1.0, 
59, 1111111111, 1111111111, 1.0, 1.0, 0.0 0.0 0.0 0.0 0.0 0.0 1.0, 
60, 1111111111, 1111111111, 1.0, 1.0, 0.0 0.0 0.0 0.0 0.0 0.0 1.0, 
61, 1111111111, 1111111111, 0.9995819132358164, 0.9993031887263607, 0.0 0.0 0.0 0.0 0.001600774603314073 0.0009793184352074776 0.9974199069614784, 
62, 1111111111, 1111111111, 1.0, 1.0, 0.0 0.0 0.0 0.0 0.0 0.0 1.0, 
63, 1111111111, 1111111111, 1.0, 1.0, 0.0 0.0 0.0 0.0 0.0 0.0 1.0, 
64, 1111111111, 1111111111, 1.0, 1.0, 0.0 0.0 0.0 0.0 0.0 0.0 1.0, 
65, 1111111111, 1111111111, 1.0, 1.0, 0.0 0.0 0.0 0.0 0.0 0.0 1.0, 
66, 0000000000, 0000000000, 2.11372440248254e-05, 3.45765183466134e-05, 0.9997925514679488 0.00020743795402273138 1.057802847453526e-08, 
67, 1111111111, 0001111000, 0.9049306585084447, 0.9800050832728596, 0.0 0.0 0.0 0.008855561042637029 0.020575442350264046 0.05225193253440374 0.9183170640726951, 
68, 1111111111, 1111111111, 1.0, 1.0, 0.0 0.0 0.0 0.0 0.0 0.0 1.0, 
69, 1111111111, 1111111111, 0.9600420246378305, 0.9932342139249893, 0.0 0.0 0.0 0.00032782804330905275 0.006466226826876685 0.026678778666383764 0.9665271664634305, 
70, 1111111111, 1111111111, 1.0, 1.0, 0.0 0.0 0.0 0.0 0.0 0.0 1.0, 
71, 1111111111, 1111111111, 1.0, 1.0, 0.0 0.0 0.0 0.0 0.0 0.0 1.0, 
72, 1111111111, 1111111111, 1.0, 1.0, 0.0 0.0 0.0 0.0 0.0 0.0 1.0, 
73, 1111111111, 1111111111, 1.0, 1.0, 0.0 0.0 0.0 0.0 0.0 0.0 1.0, 
74, 1111111111, 1111111111, 0.9953263833219287, 0.9992141523250497, 0.0 0.0 0.0 0.0 0.00034006633089221655 0.004034953387917677 0.9956249802811901, 
75, 1111111111, 1111111111, 1.0, 1.0, 0.0 0.0 0.0 0.0 0.0 0.0 1.0, 
76, 1111111111, 1111111111, 1.0, 1.0, 0.0 0.0 0.0 0.0 0.0 0.0 1.0, 
77, 1111111111, 1111111111, 1.0, 1.0, 0.0 0.0 0.0 0.0 0.0 0.0 1.0, 
78, 1111111111, 1111111111, 1.0, 1.0, 0.0 0.0 0.0 0.0 0.0 0.0 1.0, 
79, 1111111111, 1111111111, 1.0, 1.0, 0.0 0.0 0.0 0.0 0.0 0.0 1.0, 
80, 1111111111, 1111111111, 1.0, 1.0, 0.0 0.0 0.0 0.0 0.0 0.0 1.0, 
81, 1111111111, 1111111111, 1.0, 1.0, 0.0 0.0 0.0 0.0 0.0 0.0 1.0, 
82, 1111111111, 1111111111, 1.0, 1.0, 0.0 0.0 0.0 0.0 0.0 0.0 1.0, 
83, 1111111111, 1111111111, 0.9766183177027168, 0.9970468061946794, 0.0 0.0 0.0 0.0 0.003806474740603055 0.01010621335071734 0.9860873119086796, 
84, 1111111111, 1111111111, 1.0, 1.0, 0.0 0.0 0.0 0.0 0.0 0.0 1.0, 
85, 1111111111, 1111111111, 1.0, 1.0, 0.0 0.0 0.0 0.0 0.0 0.0 1.0, 
86, 1111111111, 1111111111, 1.0, 1.0, 0.0 0.0 0.0 0.0 0.0 0.0 1.0, 
87, 1111111111, 1111111111, 1.0, 1.0, 0.0 0.0 0.0 0.0 0.0 0.0 1.0, 
88, 1111111111, 1111111111, 1.0, 1.0, 0.0 0.0 0.0 0.0 0.0 0.0 1.0, 
89, 1111111111, 1111111111, 1.0, 1.0, 0.0 0.0 0.0 0.0 0.0 0.0 1.0, 
90, 1111111111, 1111111111, 1.0, 1.0, 0.0 0.0 0.0 0.0 0.0 0.0 1.0, 
91, 1111111111, 1111111111, 1.0, 1.0, 0.0 0.0 0.0 0.0 0.0 0.0 1.0, 
92, 1111111111, 1111111111, 1.0, 1.0, 0.0 0.0 0.0 0.0 0.0 0.0 1.0, 
93, 1111111111, 1111111111, 1.0, 1.0, 0.0 0.0 0.0 0.0 0.0 0.0 1.0, 
94, 1111111111, 1111111111, 1.0, 1.0, 0.0 0.0 0.0 0.0 0.0 0.0 1.0, 
95, 1111111111, 1111111111, 1.0, 1.0, 0.0 0.0 0.0 0.0 0.0 0.0 1.0, 
96, 1111111111, 1111111111, 1.0, 1.0, 0.0 0.0 0.0 0.0 0.0 0.0 1.0, 
97, 1111111111, 1111111111, 1.0, 1.0, 0.0 0.0 0.0 0.0 0.0 0.0 1.0, 
98, 1111111111, 1111111111, 1.0, 1.0, 0.0 0.0 0.0 0.0 0.0 0.0 1.0, 
99, 1111111111, 1111111111, 0.9801476933021305, 0.9973087155607142, 0.0 0.0 0.0 0.0 0.0014922757632147698 0.013163155109285625 0.9853445691274996, 
100, 1111111111, 1111111111, 1.0, 1.0, 0.0 0.0 0.0 0.0 0.0 0.0 1.0, 
run, initial grid state, final grid state, mean grid cell occupancy, mean binding site occupancy, fraction of time with N TFs bound, warning
1, 0000000000, 0000000000, 2.1029459440637e-05, 3.4397824979069294e-05, 0.9997936130501257 0.00020638694987441578, 
2, 1111111111, 1111111111, 1.0, 1.0, 0.0 0.0 0.0 0.0 0.0 0.0 1.0, 
3, 1111111111, 1111111111, 1.0, 1.0, 0.0 0.0 0.0 0.0 0.0 0.0 1.0, 
4, 1111111111, 1111111111, 1.0, 1.0, 0.0 0.0 0.0 0.0 0.0 0.0 1.0, 
5, 1111111111, 1111111111, 0.9999773819400009, 1.0, 0.0 0.0 0.0 0.0 0.0 0.0 1.0, 
6, 1111111111, 1111111111, 0.9999529006571634, 1.0, 0.0 0.0 0.0 0.0 0.0 0.0 1.0, 
7, 1111111111, 1111111111, 1.0, 1.0, 0.0 0.0 0.0 0.0 0.0 0.0 1.0, 
8, 1111111111, 1111111111, 1.0, 1.0, 0.0 0.0 0.0 0.0 0.0 0.0 1.0, 
9, 1111111111, 1111111111, 0.9936797828033819, 0.9997628806907691, 0.0 0.0 0.0 0.0 0.0 0.0014227158553852069 0.9985772841446149, 
10, 1111111111, 1111111111, 1.0, 1.0, 0.0 0.0 0.0 0.0 0.0 0.0 1.0, 
11, 0000000000, 0000000000, 2.192770709605238e-05, 3.58735214209262e-05, 0.999784797570843 0.00021516372978828556 3.869936863581339e-08, 
12, 0011111100, 0000000000, 0.0041013625750798526, 0.006563187750297272, 0.9915356920227938 0.00020879585773274478 0.001287823665513138 0.0001765366392658908 0.0017383277194297506 0.0012051820540798551 0.0038476420411847766, 
13, 1111111111, 1111111111, 1.0, 1.0, 0.0 0.0 0.0 0.0 0.0 0.0 1.0, 
14, 0111111000, 1111111111, 0.9655884636410841, 0.9962496670572794, 0.0 0.0 0.0 0.00016955615613636514 0.002812286343894182 0.016368756500126595 0.9806494009998429, 
15, 0000000000, 0000000000, 2.127018406721758e-05, 3.47938881062024e-05, 0.9997912615169575 0.00020871363744785721 2.48455946786063e-08, 
16, 1111111111, 1111111111, 1.0, 1.0, 0.0 0.0 0.0 0.0 0.0 0.0 1.0, 
17, 1111111111, 1111111111, 1.0, 1.0, 0.0 0.0 0.0 0.0 0.0 0.0 1.0, 
18, 1111111111, 1111111111, 0.9660775048518767, 0.9934852744548518, 0.0 0.0 9.251911200964024e-05 0.0024760915047679273 0.007415232895054036 0.01645953651843887 0.9735566199697295, 
19, 1111111111, 1111111111, 1.0, 1.0, 0.0 0.0 0.0 0.0 0.0 0.0 1.0, 
20, 1111111111, 1111111111, 1.0, 1.0, 0.0 0.0 0.0 0.0 0.0 0.0 1.0, 
21, 1111111111, 1111111111, 1.0, 1.0, 0.0 0.0 0.0 0.0 0.0 0.0 1.0, 
22, 1111111111, 1111111111, 1.0, 1.0, 0.0 0.0 0.0 0.0 0.0 0.0 1.0, 
23, 1111111111, 1111111111, 1.0, 1.0, 0.0 0.0 0.0 0.0 0.0 0.0 1.0, 
24, 1111111111, 1111111111, 1.0, 1.0, 0.0 0.0 0.0 0.0 0.0 0.0 1.0, 
25, 1111111111, 1111111111, 1.0, 1.0, 0.0 0.0 0.0 0.0 0.0 0.0 1.0, 
26, 1111111111, 1111111111, 1.0, 1.0, 0.0 0.0 0.0 0.0 0.0 0.0 1.0, 
27, 1111111111, 1111111111, 1.0, 1.0, 0.0 0.0 0.0 0.0 0.0 0.0 1.0, 
28, 1111111111, 1111111111, 1.0, 1.0, 0.0 0.0 0.0 0.0 0.0 0.0 1.0, 
29, 1111111111, 1111111111, 0.945155887612714, 0.9921243442431749, 0.0 0.0 0.0 0.0028453653918871424 0.007217219353223811 0.02428339965884265 0.9656540155960465, 
30, 1111111111, 1111111111, 0.9680854220823201, 0.9945906552213327, 0.0 0.0 0.0 0.0026039395920677407 0.0035330283199806437 0.017578193255839914 0.9762848388321117, 
31, 1111111111, 1111111111, 1.0, 1.0, 0.0 0.0 0.0 0.0 0.0 0.0 1.0, 
32, 1111111111, 1111111111, 1.0, 1.0, 0.0 0.0 0.0 0.0 0.0 0.0 1.0, 
33, 1111111111, 1111111111, 1.0, 1.0, 0.0 0.0 0.0 0.0 0.0 0.0 1.0, 
34, 1111111111, 1111111111, 1.0, 1.0, 0.0 0.0 0.0 0.0 0.0 0.0 1.0, 
35, 1111111111, 1111111111, 1.0, 1.0, 0.0 0.0 0.0 0.0 0.0 0.0 1.0, 
36, 1111111111, 1111111111, 1.0, 1.0, 0.0 0.0 0.0 0.0 0.0 0.0 1.0, 
37, 1111111111, 1111111111, 1.0, 1.0, 0.0 0.0 0.0 0.0 0.0 0.0 1.0, 
38, 1111111111, 1111111111, 0.9778535338132903, 0.9965350477042794, 0.0 0.0 0.0 0.0008233088958212307 0.002364114511724767 0.013591558063411143 0.9832210185290429, 
39, 1111111111, 1111111111, 1.0, 1.0, 0.0 0.0 0.0 0.0 0.0 0.0 1.0, 
40, 1111111111, 1111111111, 1.0, 1.0, 0.0 0.0 0.0 0.0 0.0 0.0 1.0, 
41, 0011111100, 1111111111, 0.9704969921434566, 0.9956466117796134, 0.0 0.0 0.0 0.00010293130180696667 0.0058268458771309735 0.01415784366263612 0.9799123791584259, 
42, 1111111111, 1111111111, 1.0, 1.0, 0.0 0.0 0.0 0.0 0.0 0.0 1.0, 
43, 1111111111, 1111111111, 1.0, 1.0, 0.0 0.0 0.0 0.0 0.0 0.0 1.0, 
44, 1111111111, 1111111111, 1.0, 1.0, 0.0 0.0 0.0 0.0 0.0 0.0 1.0, 
45, 1111111111, 1111111111, 0.9707711024973197, 0.9961882087787238, 0.0 0.0 0.0 0.00034292446810083727 0.003565515167393556 0.01471094358856763 0.981380616775938, 
46, 1111111111, 1111111111, 1.0, 1.0, 0.0 0.0 0.0 0.0 0.0 0.0 1.0, 
47, 1111111111, 1111111111, 0.9999717568568645, 1.0, 0.0 0.0 0.0 0.0 0.0 0.0 1.0, 
48, 0011111100, 1111111111, 0.9580557762489597, 0.9927178557615451, 0.0 0.0 0.0 0.0034723713166571442 0.006719052210241589 0.019837647060274025 0.9699709294128271, 
49, 1111111111, 1111111111, 1.0, 1.0, 0.0 0.0 0.0 0.0 0.0 0.0 1.0, 
50, 1111111111, 1111111111, 0.9090638972840951, 0.9894248245437381, 0.0 0.0 0.0 0.0011764359538971808 0.0058185859766615 0.04828457292255662 0.9447204051468847, 
51, 1111111111, 1111111111, 1.0, 1.0, 0.0 0.0 0.0 0.0 0.0 0.0 1.0, 
52, 1111111111, 1111111111, 1.0, 1.0, 0.0 0.0 0.0 0.0 0.0 0.0 1.0, 
53, 1111111111, 1111111111, 0.9856951562751819, 0.9980344034529515, 0.0 0.0 0.0 0.0004861598316877228 0.0011859828954670542 0.007963133996294112 0.9903647232765511, 
54, 1111111111, 1111111111, 1.0, 1.0, 0.0 0.0 0.0 0.0 0.0 0.0 1.0, 
55, 1111111111, 1111111111, 1.0, 1.0, 0.0 0.0 0.0 0.0 0.0 0.0 1.0, 
56, 1111111111, 1111111111, 1.0, 1.0, 0.0 0.0 0.0 0.0 0.0 0.0 1.0, 
57, 1111111111, 1111111111, 1.0, 1.0, 0.0 0.0 0.0 0.0 0.0 0.0 1.0, 
58, 1111111111, 1111111111, 1.0, 1.0, 0.0 0.0 0.0 0.0 0.0 0.0 1.0, 
59, 1111111111, 1111111111, 1.0, 1.0, 0.0 0.0 0.0 0.0 0.0 0.0 1.0, 
60, 1111111111, 1111111111, 1.0, 1.0, 0.0 0.0 0.0 0.0 0.0 0.0 1.0, 
61, 1111111111, 1111111111, 1.0, 1.0, 0.0 0.0 0.0 0.0 0.0 0.0 1.0, 
62, 1111111111, 1111111111, 1.0, 1.0, 0.0 0.0 0.0 0.0 0.0 0.0 1.0, 
63, 1111111111, 1111111111, 1.0, 1.0, 0.0 0.0 0.0 0.0 0.0 0.0 1.0, 
64, 1111111111, 1111111111, 1.0, 1.0, 0.0 0.0 0.0 0.0 0.0 0.0 1.0, 
65, 1111111111, 1111111111, 1.0, 1.0, 0.0 0.0 0.0 0.0 0.0 0.0 1.0, 
66, 1111111111, 1111111111, 1.0, 1.0, 0.0 0.0 0.0 0.0 0.0 0.0 1.0, 
67, 1111111111, 1111111111, 1.0, 1.0, 0.0 0.0 0.0 0.0 0.0 0.0 1.0, 
68, 1111111111, 1111111111, 1.0, 1.0, 0.0 0.0 0.0 0.0 0.0 0.0 1.0, 
69, 1111111111, 1111111111, 1.0, 1.0, 0.0 0.0 0.0 0.0 0.0 0.0 1.0, 
70, 1111111111, 1111111111, 1.0, 1.0, 0.0 0.0 0.0 0.0 0.0 0.0 1.0, 
71, 1111111111, 1111111111, 1.0, 1.0, 0.0 0.0 0.0 0.0 0.0 0.0 1.0, 
72, 1111111111, 1111111111, 1.0, 1.0, 0.0 0.0 0.0 0.0 0.0 0.0 1.0, 
73, 1111111111, 1111111111, 1.0, 1.0, 0.0 0.0 0.0 0.0 0.0 0.0 1.0, 
74, 1111111111, 1111111111, 1.0, 1.0, 0.0 0.0 0.0 0.0 0.0 0.0 1.0, 
75, 1111111111, 1111111111, 1.0, 1.0, 0.0 0.0 0.0 0.0 0.0 0.0 1.0, 
76, 1111111111, 1111111111, 1.0, 1.0, 0.0 0.0 0.0 0.0 0.0 0.0 1.0, 
77, 1111111111, 1111111111, 1.0, 1.0, 0.0 0.0 0.0 0.0 0.0 0.0 1.0, 
78, 1111111111, 1111111111, 1.0, 1.0, 0.0 0.0 0.0 0.0 0.0 0.0 1.0, 
79, 1111111111, 1111111111, 1.0, 1.0, 0.0 0.0 0.0 0.0 0.0 0.0 1.0, 
80, 1111111111, 1111111111, 1.0, 1.0, 0.0 0.0 0.0 0.0 0.0 0.0 1.0, 
81, 1111111111, 1111111111, 1.0, 1.0, 0.0 0.0 0.0 0.0 0.0 0.0 1.0, 
82, 1111111111, 1111111111, 1.0, 1.0, 0.0 0.0 0.0 0.0 0.0 0.0 1.0, 
83, 1111111111, 1111111111, 1.0, 1.0, 0.0 0.0 0.0 0.0 0.0 0.0 1.0, 
84, 1111111111, 1111111111, 1.0, 1.0, 0.0 0.0 0.0 0.0 0.0 0.0 1.0, 
85, 0011111100, 1111111111, 0.9567267134439846, 0.9943860025555811, 0.0 0.0 0.0010509903504394348 0.0018220536753219222 0.004524056247801965 0.014965749743186194 0.9776371499832506, 
86, 1111111111, 1111111111, 1.0, 1.0, 0.0 0.0 0.0 0.0 0.0 0.0 1.0, 
87, 1111111111, 1111111111, 1.0, 1.0, 0.0 0.0 0.0 0.0 0.0 0.0 1.0, 
88, 1111111111, 1111111111, 1.0, 1.0, 0.0 0.0 0.0 0.0 0.0 0.0 1.0, 
89, 1111111111, 1111111111, 0.9046236393727735, 0.987118466392126, 0.0 0.0 0.00046579615244388573 0.003684374638013215 0.012979964879346063 0.038412963364736576 0.9444569009654603, 
90, 1111111111, 0011111100, 0.9786859528723684, 0.9950387852476912, 0.0 0.0 0.0 0.00544183541131837 0.001883410759929248 0.009674960760038806 0.9829997930687135, 
91, 1111111111, 1111111111, 1.0, 1.0, 0.0 0.0 0.0 0.0 0.0 0.0 1.0, 
92, 1111111111, 1111111111, 1.0, 1.0, 0.0 0.0 0.0 0.0 0.0 0.0 1.0, 
93, 1111111111, 1111111111, 1.0, 1.0, 0.0 0.0 0.0 0.0 0.0 0.0 1.0, 
94, 1111111111, 1111111111, 1.0, 1.0, 0.0 0.0 0.0 0.0 0.0 0.0 1.0, 
95, 1111111111, 1111111111, 1.0, 1.0, 0.0 0.0 0.0 0.0 0.0 0.0 1.0, 
96, 1111111111, 1111111111, 1.0, 1.0, 0.0 0.0 0.0 0.0 0.0 0.0 1.0, 
97, 1111111111, 1111111111, 0.9916637655160953, 0.997454499380593, 0.0 0.0 0.0 0.0001509469838295664 0.004539578139584858 0.005741006485783032 0.9895684683908026, 
98, 1111111111, 1111111111, 1.0, 1.0, 0.0 0.0 0.0 0.0 0.0 0.0 1.0, 
99, 1111111111, 1111111111, 1.0, 1.0, 0.0 0.0 0.0 0.0 0.0 0.0 1.0, 
100, 1111111111, 1111111111, 1.0, 1.0, 0.0 0.0 0.0 0.0 0.0 0.0 1.0, 
run, initial grid state, final grid state, mean grid cell occupancy, mean binding site occupancy, fraction of time with N TFs bound, warning
1, 1111111111, 1111111111, 1.0, 1.0, 0.0 0.0 0.0 0.0 0.0 0.0 1.0, 
2, 1111111111, 1111111111, 1.0, 1.0, 0.0 0.0 0.0 0.0 0.0 0.0 1.0, 
3, 1111111111, 1111111111, 1.0, 1.0, 0.0 0.0 0.0 0.0 0.0 0.0 1.0, 
4, 1111111111, 1111111111, 1.0, 1.0, 0.0 0.0 0.0 0.0 0.0 0.0 1.0, 
5, 1111111111, 1111111111, 1.0, 1.0, 0.0 0.0 0.0 0.0 0.0 0.0 1.0, 
6, 1111111111, 1111111111, 1.0, 1.0, 0.0 0.0 0.0 0.0 0.0 0.0 1.0, 
7, 1111111111, 1111111111, 1.0, 1.0, 0.0 0.0 0.0 0.0 0.0 0.0 1.0, 
8, 1111111111, 1111111111, 1.0, 1.0, 0.0 0.0 0.0 0.0 0.0 0.0 1.0, 
9, 1111111111, 1111111111, 0.99999483092458, 1.0, 0.0 0.0 0.0 0.0 0.0 0.0 1.0, 
10, 1111111111, 1111111111, 1.0, 1.0, 0.0 0.0 0.0 0.0 0.0 0.0 1.0, 
11, 1111111111, 1111111111, 1.0, 1.0, 0.0 0.0 0.0 0.0 0.0 0.0 1.0, 
12, 1111111111, 1111111111, 1.0, 1.0, 0.0 0.0 0.0 0.0 0.0 0.0 1.0, 
13, 1111111111, 1111111111, 1.0, 1.0, 0.0 0.0 0.0 0.0 0.0 0.0 1.0, 
14, 1111111111, 1111111111, 1.0, 1.0, 0.0 0.0 0.0 0.0 0.0 0.0 1.0, 
15, 1111111111, 1111111111, 0.9975955351658595, 0.9993684779939817, 0.0 0.0 0.0 0.0 0.0 0.003789132036110389 0.9962108679638896, 
16, 1111111111, 1111111111, 0.9906740960053768, 0.9982676632644211, 0.0 0.0 0.0 0.0004594960844514483 0.00044614618738691005 0.008123239785345338 0.9909711179428163, 
17, 1111111111, 1111111111, 1.0, 1.0, 0.0 0.0 0.0 0.0 0.0 0.0 1.0, 
18, 1111111111, 1111111111, 1.0, 1.0, 0.0 0.0 0.0 0.0 0.0 0.0 1.0, 
19, 1111111111, 1111111111, 1.0, 1.0, 0.0 0.0 0.0 0.0 0.0 0.0 1.0, 
20, 1111111111, 1111111111, 0.9142367320886965, 0.9840473657572709, 0.0 0.0 0.0006947436759209632 0.0033051837074435323 0.011604834173208985 0.0598116112839416 0.9245836271594849, 
21, 1111111111, 1111111111, 0.9999830790025095, 1.0, 0.0 0.0 0.0 0.0 0.0 0.0 1.0, 
22, 1111111111, 1111111111, 0.987639980923075, 0.9982482472752776, 0.0 0.0 0.0 0.00019395032298655734 0.0007541742753710065 0.00842031682863224 0.9906315585730102, 
23, 1111111111, 1111111111, 1.0, 1.0, 0.0 0.0 0.0 0.0 0.0 0.0 1.0, 
24, 1111111111, 1111111111, 1.0, 1.0, 0.0 0.0 0.0 0.0 0.0 0.0 1.0, 
25, 1111111111, 1111111111, 1.0, 1.0, 0.0 0.0 0.0 0.0 0.0 0.0 1.0, 
26, 1111111111, 1111111111, 1.0, 1.0, 0.0 0.0 0.0 0.0 0.0 0.0 1.0, 
27, 1111111111, 1111111111, 1.0, 1.0, 0.0 0.0 0.0 0.0 0.0 0.0 1.0, 
28, 1111111111, 1111111111, 1.0, 1.0, 0.0 0.0 0.0 0.0 0.0 0.0 1.0, 
29, 1111111111, 1111111111, 1.0, 1.0, 0.0 0.0 0.0 0.0 0.0 0.0 1.0, 
30, 1111111111, 1111111111, 0.9999659070124404, 1.0, 0.0 0.0 0.0 0.0 0.0 0.0 1.0, 
31, 1111111111, 1111111111, 1.0, 1.0, 0.0 0.0 0.0 0.0 0.0 0.0 1.0, 
32, 0000000000, 0000000000, 2.0669024361713088e-05, 3.377000714587832e-05, 0.9997974066178095 0.00020256672150578093 2.6660684744517004e-08, 
33, 1111111111, 1111111111, 1.0, 1.0, 0.0 0.0 0.0 0.0 0.0 0.0 1.0, 
34, 0011111100, 1111111111, 0.9971426871306216, 0.9998635834941222, 0.0 0.0 0.0 0.0 0.0 0.0008184990352670356 0.999181500964733, 
35, 1111111111, 1111111111, 1.0, 1.0, 0.0 0.0 0.0 0.0 0.0 0.0 1.0, 
36, 1111111111, 1111111111, 1.0, 1.0, 0.0 0.0 0.0 0.0 0.0 0.0 1.0, 
37, 0000111100, 1111111111, 0.9604293760212259, 0.9886485470202409, 0.0 0.0 0.0034910397722388614 0.005974988148277472 0.007647421819641125 0.02092475070548502 0.9619617995543576, 
38, 1111111111, 1111111111, 1.0, 1.0, 0.0 0.0 0.0 0.0 0.0 0.0 1.0, 
39, 1111111111, 1111111111, 1.0, 1.0, 0.0 0.0 0.0 0.0 0.0 0.0 1.0, 
40, 1111111111, 1111111111, 1.0, 1.0, 0.0 0.0 0.0 0.0 0.0 0.0 1.0, 
41, 1111111111, 1111111111, 1.0, 1.0, 0.0 0.0 0.0 0.0 0.0 0.0 1.0, 
42, 1111111111, 1111111111, 1.0, 1.0, 0.0 0.0 0.0 0.0 0.0 0.0 1.0, 
43, 1111111111, 1111111111, 1.0, 1.0, 0.0 0.0 0.0 0.0 0.0 0.0 1.0, 
44, 1111111111, 1111111111, 1.0, 1.0, 0.0 0.0 0.0 0.0 0.0 0.0 1.0, 
45, 1111111111, 1111111111, 1.0, 1.0, 0.0 0.0 0.0 0.0 0.0 0.0 1.0, 
46, 1111111111, 1111111111, 1.0, 1.0, 0.0 0.0 0.0 0.0 0.0 0.0 1.0, 
47, 1111111111, 1111111111, 1.0, 1.0, 0.0 0.0 0.0 0.0 0.0 0.0 1.0, 
48, 1111111111, 1111111111, 1.0, 1.0, 0.0 0.0 0.0 0.0 0.0 0.0 1.0, 
49, 1111111111, 1111111111, 1.0, 1.0, 0.0 0.0 0.0 0.0 0.0 0.0 1.0, 
50, 1111111111, 1111111111, 1.0, 1.0, 0.0 0.0 0.0 0.0 0.0 0.0 1.0, 
51, 1111111111, 1111111111, 1.0, 1.0, 0.0 0.0 0.0 0.0 0.0 0.0 1.0, 
52, 1111111111, 1111111111, 1.0, 1.0, 0.0 0.0 0.0 0.0 0.0 0.0 1.0, 
53, 1111111111, 1111111111, 1.0, 1.0, 0.0 0.0 0.0 0.0 0.0 0.0 1.0, 
54, 1111111111, 1111111111, 1.0, 1.0, 0.0 0.0 0.0 0.0 0.0 0.0 1.0, 
55, 1111111111, 1111111111, 1.0, 1.0, 0.0 0.0 0.0 0.0 0.0 0.0 1.0, 
56, 1111111111, 1111111111, 1.0, 1.0, 0.0 0.0 0.0 0.0 0.0 0.0 1.0, 
57, 1111111111, 1111111111, 1.0, 1.0, 0.0 0.0 0.0 0.0 0.0 0.0 1.0, 
58, 1111111111, 1111111111, 1.0, 1.0, 0.0 0.0 0.0 0.0 0.0 0.0 1.0, 
59, 1111111111, 0011111000, 0.9908506367226778, 0.9986847533820716, 0.0 0.0 0.0 0.00019176954829204648 0.00021148585139978498 0.006893199359894025 0.9927035452404142, 
60, 0000000000, 0000000000, 2.10528396235597e-05, 3.4404155741939396e-05, 0.9997935918678577 0.00020639132983292806 1.680230935414632e-08, 
61, 1111111111, 1111111111, 1.0, 1.0, 0.0 0.0 0.0 0.0 0.0 0.0 1.0, 
62, 1111111111, 1111111111, 0.999991653426544, 1.0, 0.0 0.0 0.0 0.0 0.0 0.0 1.0, 
63, 1111111111, 1111111111, 1.0, 1.0, 0.0 0.0 0.0 0.0 0.0 0.0 1.0, 
64, 1111111111, 1111111111, 0.9860940161222604, 0.9975806349941427, 0.0 0.0 0.0 0.00012267698976617484 0.002054879466963396 0.010038400131918162 0.9877840434113522, 
65, 1111111111, 1111111111, 1.0, 1.0, 0.0 0.0 0.0 0.0 0.0 0.0 1.0, 
66, 1111111111, 1111111111, 1.0, 1.0, 0.0 0.0 0.0 0.0 0.0 0.0 1.0, 
67, 1111111111, 1111111111, 1.0, 1.0, 0.0 0.0 0.0 0.0 0.0 0.0 1.0, 
68, 1111111111, 1111111111, 1.0, 1.0, 0.0 0.0 0.0 0.0 0.0 0.0 1.0, 
69, 1111111111, 1111111111, 1.0, 1.0, 0.0 0.0 0.0 0.0 0.0 0.0 1.0, 
70, 1111111111, 1111111111, 1.0, 1.0, 0.0 0.0 0.0 0.0 0.0 0.0 1.0, 
71, 1111111111, 1111111111, 1.0, 1.0, 0.0 0.0 0.0 0.0 0.0 0.0 1.0, 
72, 1111111111, 1111111111, 1.0, 1.0, 0.0 0.0 0.0 0.0 0.0 0.0 1.0, 
73, 1111111111, 1111111111, 0.9773450879637438, 0.9966842283750587, 0.0 0.0 0.0 0.00011012253503417683 0.003685622834953112 0.012193016474639233 0.9840112381553735, 
74, 1111111111, 1111111111, 1.0, 1.0, 0.0 0.0 0.0 0.0 0.0 0.0 1.0, 
75, 1111111111, 1111111111, 1.0, 1.0, 0.0 0.0 0.0 0.0 0.0 0.0 1.0, 
76, 1111111111, 1111111111, 0.9266991343675485, 0.9866072540264871, 0.0 0.0 0.0001618280221025149 0.0023639155191679793 0.017037853493380262 0.03854171020840338 0.9418946927569458, 
77, 1111111111, 1111111111, 1.0, 1.0, 0.0 0.0 0.0 0.0 0.0 0.0 1.0, 
78, 1111111111, 1111111111, 1.0, 1.0, 0.0 0.0 0.0 0.0 0.0 0.0 1.0, 
79, 0000000000, 0000000000, 2.217670360992229e-05, 3.629477251174116e-05, 0.999782246935827 0.00021773749327569733 1.557089737483433e-08, 
80, 0000000000, 0000000000, 2.1322858481387686e-05, 3.4878668658022615e-05, 0.9997907279880518 0.00020927201194813566, 
81, 1111111111, 1111111111, 1.0, 1.0, 0.0 0.0 0.0 0.0 0.0 0.0 1.0, 
82, 1111111111, 1111111111, 1.0, 1.0, 0.0 0.0 0.0 0.0 0.0 0.0 1.0, 
83, 1111111111, 1111111111, 1.0, 1.0, 0.0 0.0 0.0 0.0 0.0 0.0 1.0, 
84, 1111111111, 0011111000, 0.9219108373443665, 0.9897892888030799, 0.0 0.0 0.0 0.0015529530987881477 0.010724236550838265 0.03515693478348039 0.9525658755668932, 
85, 1111111111, 1111111111, 1.0, 1.0, 0.0 0.0 0.0 0.0 0.0 0.0 1.0, 
86, 1111111111, 1111111111, 1.0, 1.0, 0.0 0.0 0.0 0.0 0.0 0.0 1.0, 
87, 1111111111, 1111111111, 1.0, 1.0, 0.0 0.0 0.0 0.0 0.0 0.0 1.0, 
88, 1111111111, 1111111111, 1.0, 1.0, 0.0 0.0 0.0 0.0 0.0 0.0 1.0, 
89, 1111111111, 1111111111, 1.0, 1.0, 0.0 0.0 0.0 0.0 0.0 0.0 1.0, 
90, 1111111111, 1111111111, 1.0, 1.0, 0.0 0.0 0.0 0.0 0.0 0.0 1.0, 
91, 1111111111, 1111111111, 1.0, 1.0, 0.0 0.0 0.0 0.0 0.0 0.0 1.0, 
92, 1111111111, 1111111111, 1.0, 1.0, 0.0 0.0 0.0 0.0 0.0 0.0 1.0, 
93, 1111111111, 1111111111, 1.0, 1.0, 0.0 0.0 0.0 0.0 0.0 0.0 1.0, 
94, 1111111111, 1111111111, 1.0, 1.0, 0.0 0.0 0.0 0.0 0.0 0.0 1.0, 
95, 1111111111, 1111111111, 1.0, 1.0, 0.0 0.0 0.0 0.0 0.0 0.0 1.0, 
96, 1111111111, 1111111111, 1.0, 1.0, 0.0 0.0 0.0 0.0 0.0 0.0 1.0, 
97, 1111111111, 1111111111, 1.0, 1.0, 0.0 0.0 0.0 0.0 0.0 0.0 1.0, 
98, 1111111111, 1111111111, 1.0, 1.0, 0.0 0.0 0.0 0.0 0.0 0.0 1.0, 
99, 1111111111, 1111111111, 1.0, 1.0, 0.0 0.0 0.0 0.0 0.0 0.0 1.0, 
100, 1111111111, 1111111111, 1.0, 1.0, 0.0 0.0 0.0 0.0 0.0 0.0 1.0, 
run, initial grid state, final grid state, mean grid cell occupancy, mean binding site occupancy, fraction of time with N TFs bound, warning
1, 1111111111, 1111111111, 1.0, 1.0, 0.0 0.0 0.0 0.0 0.0 0.0 1.0, 
2, 0000000000, 0000000000, 7.289445450876351e-05, 7.753683491105984e-05, 0.9995349686693796 0.0004648416517742991 1.896788460300082e-07, 
3, 1111111111, 1111111111, 1.0, 1.0, 0.0 0.0 0.0 0.0 0.0 0.0 1.0, 
4, 1111111111, 1111111111, 1.0, 1.0, 0.0 0.0 0.0 0.0 0.0 0.0 1.0, 
5, 1111111111, 1111111111, 0.951014970300142, 0.9916930161973259, 0.0 0.0 0.001062360082226594 0.0020688019710017385 0.007187196203564575 0.02501166416700329 0.9646699775762038, 
6, 1111111111, 1111111111, 1.0, 1.0, 0.0 0.0 0.0 0.0 0.0 0.0 1.0, 
7, 1111111111, 1111111111, 1.0, 1.0, 0.0 0.0 0.0 0.0 0.0 0.0 1.0, 
8, 0000000000, 0000000000, 2.1471029456648073e-05, 3.5120573888783245e-05, 0.999789283845086 0.00021070886649525772 7.288418720875467e-09, 
9, 1111111111, 1111111111, 1.0, 1.0, 0.0 0.0 0.0 0.0 0.0 0.0 1.0, 
10, 1111111111, 1111111111, 1.0, 1.0, 0.0 0.0 0.0 0.0 0.0 0.0 1.0, 
11, 1111111111, 1111111111, 0.8936951060598232, 0.9844243746670847, 0.0 0.0 0.00014137359853290374 0.004763433756944792 0.011928818718044075 0.054740318896438614 0.9284260550300396, 
12, 1111111111, 1111111111, 1.0, 1.0, 0.0 0.0 0.0 0.0 0.0 0.0 1.0, 
13, 1111111111, 1111111111, 0.9853743929324744, 0.998310544137127, 0.0 0.0 0.0 0.0002927370880006608 0.0004689144086970601 0.008320695095841203 0.9909176534074611, 
14, 1111111111, 1111111111, 0.9448390290838127, 0.9923451633409832, 0.0 0.0 0.00031318284233064876 0.0021830609644335223 0.003000851903258051 0.03212540188496271 0.9623775024050153, 
15, 1111111111, 1111111111, 1.0, 1.0, 0.0 0.0 0.0 0.0 0.0 0.0 1.0, 
16, 1111111111, 1111111111, 1.0, 1.0, 0.0 0.0 0.0 0.0 0.0 0.0 1.0, 
17, 1111111111, 1111111111, 1.0, 1.0, 0.0 0.0 0.0 0.0 0.0 0.0 1.0, 
18, 1111111111, 1111111111, 0.9999943026745897, 1.0, 0.0 0.0 0.0 0.0 0.0 0.0 1.0, 
19, 1111111111, 1111111111, 1.0, 1.0, 0.0 0.0 0.0 0.0 0.0 0.0 1.0, 
20, 1111111111, 1111111111, 0.9802186316430342, 0.9984216349914619, 0.0 0.0 0.0 0.0 0.0 0.009470190051228913 0.9905298099487712, 
21, 1111111111, 1111111111, 1.0, 1.0, 0.0 0.0 0.0 0.0 0.0 0.0 1.0, 
22, 1111111111, 1111111111, 1.0, 1.0, 0.0 0.0 0.0 0.0 0.0 0.0 1.0, 
23, 1111111111, 1111111111, 1.0, 1.0, 0.0 0.0 0.0 0.0 0.0 0.0 1.0, 
24, 1111111111, 1111111111, 0.9927963663663089, 0.9994493786349622, 0.0 0.0 0.0 0.0 0.0 0.0033037281902261856 0.9966962718097738, 
25, 1111111111, 1111111111, 1.0, 1.0, 0.0 0.0 0.0 0.0 0.0 0.0 1.0, 
26, 1111111111, 1111111111, 1.0, 1.0, 0.0 0.0 0.0 0.0 0.0 0.0 1.0, 
27, 1111111111, 1111111111, 1.0, 1.0, 0.0 0.0 0.0 0.0 0.0 0.0 1.0, 
28, 1111111111, 1111111111, 0.9999966175650058, 1.0, 0.0 0.0 0.0 0.0 0.0 0.0 1.0, 
29, 1111111111, 1111111111, 1.0, 1.0, 0.0 0.0 0.0 0.0 0.0 0.0 1.0, 
30, 1111111111, 1111111111, 1.0, 1.0, 0.0 0.0 0.0 0.0 0.0 0.0 1.0, 
31, 1111111111, 1111111111, 1.0, 1.0, 0.0 0.0 0.0 0.0 0.0 0.0 1.0, 
32, 1111111111, 1111111111, 1.0, 1.0, 0.0 0.0 0.0 0.0 0.0 0.0 1.0, 
33, 1111111111, 1111111111, 1.0, 1.0, 0.0 0.0 0.0 0.0 0.0 0.0 1.0, 
34, 1111111111, 1111111111, 1.0, 1.0, 0.0 0.0 0.0 0.0 0.0 0.0 1.0, 
35, 1111111111, 1111111111, 1.0, 1.0, 0.0 0.0 0.0 0.0 0.0 0.0 1.0, 
36, 1111111111, 1111111111, 1.0, 1.0, 0.0 0.0 0.0 0.0 0.0 0.0 1.0, 
37, 1111111111, 1111111111, 1.0, 1.0, 0.0 0.0 0.0 0.0 0.0 0.0 1.0, 
38, 1111111111, 1111111111, 1.0, 1.0, 0.0 0.0 0.0 0.0 0.0 0.0 1.0, 
39, 1111111111, 1111111111, 1.0, 1.0, 0.0 0.0 0.0 0.0 0.0 0.0 1.0, 
40, 1111111111, 1111111111, 0.9396545164796286, 0.9892066941908632, 0.0 0.0 0.0 0.004220662800890604 0.009318296822865122 0.03346125280641964 0.9529997875698246, 
41, 1111111111, 1111111111, 1.0, 1.0, 0.0 0.0 0.0 0.0 0.0 0.0 1.0, 
42, 1111111111, 1111111111, 1.0, 1.0, 0.0 0.0 0.0 0.0 0.0 0.0 1.0, 
43, 1111111111, 1111111111, 1.0, 1.0, 0.0 0.0 0.0 0.0 0.0 0.0 1.0, 
44, 1111111111, 1111111111, 1.0, 1.0, 0.0 0.0 0.0 0.0 0.0 0.0 1.0, 
45, 1111111111, 1111111111, 1.0, 1.0, 0.0 0.0 0.0 0.0 0.0 0.0 1.0, 
46, 1111111111, 1111111111, 0.9113438818991622, 0.9868902710901598, 0.0 0.0 0.0 0.00022528462167104084 0.013056240311376081 0.05187003897127605 0.9348484360956768, 
47, 1111111111, 1111111111, 1.0, 1.0, 0.0 0.0 0.0 0.0 0.0 0.0 1.0, 
48, 1111111111, 1111111111, 1.0, 1.0, 0.0 0.0 0.0 0.0 0.0 0.0 1.0, 
49, 1111111111, 1111111111, 1.0, 1.0, 0.0 0.0 0.0 0.0 0.0 0.0 1.0, 
50, 0000000000, 1111111111, 0.6660674241901985, 0.7508803860031655, 0.23876299883468402 4.8363191745505755e-05 0.0011194463829747267 0.0008955800365814991 0.007444450227655711 0.03984444891721955 0.7118847124091389, 
51, 1111111111, 1111111111, 1.0, 1.0, 0.0 0.0 0.0 0.0 0.0 0.0 1.0, 
52, 1111111111, 1111111111, 1.0, 1.0, 0.0 0.0 0.0 0.0 0.0 0.0 1.0, 
53, 0000000000, 0000000000, 2.1026504606215545e-05, 3.437462004936288e-05, 0.9997937742573699 0.00020620376496402297 2.1977666077159698e-08, 
54, 1111111111, 1111111111, 1.0, 1.0, 0.0 0.0 0.0 0.0 0.0 0.0 1.0, 
55, 1111111111, 1111111111, 1.0, 1.0, 0.0 0.0 0.0 0.0 0.0 0.0 1.0, 
56, 1111111111, 1111111111, 0.9972873988415222, 0.9999534837604301, 0.0 0.0 0.0 0.0 0.0 0.0002790974374195525 0.9997209025625805, 
57, 1111111111, 1111111111, 0.9999606397869469, 0.9999343996449115, 0.0 0.0 0.0 0.0 0.0 0.0003936021305311293 0.9996063978694689, 
58, 1111111111, 1111111111, 1.0, 1.0, 0.0 0.0 0.0 0.0 0.0 0.0 1.0, 
59, 1111111111, 1111111111, 1.0, 1.0, 0.0 0.0 0.0 0.0 0.0 0.0 1.0, 
60, 1111111111, 1111111111, 1.0, 1.0, 0.0 0.0 0.0 0.0 0.0 0.0 1.0, 
61, 1111111111, 1111111111, 1.0, 1.0, 0.0 0.0 0.0 0.0 0.0 0.0 1.0, 
62, 1111111111, 1111111111, 1.0, 1.0, 0.0 0.0 0.0 0.0 0.0 0.0 1.0, 
63, 1111111111, 1111111111, 1.0, 1.0, 0.0 0.0 0.0 0.0 0.0 0.0 1.0, 
64, 1111111111, 1111111111, 1.0, 1.0, 0.0 0.0 0.0 0.0 0.0 0.0 1.0, 
65, 0000000000, 0000000000, 2.1453509848304467e-05, 3.5097594057638984e-05, 0.9997894144356542 0.0002105855643458339, 
66, 1111111111, 1111111111, 1.0, 1.0, 0.0 0.0 0.0 0.0 0.0 0.0 1.0, 
67, 1111111111, 1111111111, 0.9978291867742222, 0.9995226152619858, 0.0 0.0 0.0 0.0 0.00010878407451516104 0.0026467402790558902 0.9972444756464289, 
68, 1111111111, 1111111111, 1.0, 1.0, 0.0 0.0 0.0 0.0 0.0 0.0 1.0, 
69, 1111111111, 1111111111, 1.0, 1.0, 0.0 0.0 0.0 0.0 0.0 0.0 1.0, 
70, 1111111111, 1111111111, 1.0, 1.0, 0.0 0.0 0.0 0.0 0.0 0.0 1.0, 
71, 1111111111, 1111111111, 0.9781979341327001, 0.999272680793684, 0.0 0.0 0.0 0.0 1.183040134236926e-05 0.004340254435212157 0.9956479151634454, 
72, 1111111111, 1111111111, 1.0, 1.0, 0.0 0.0 0.0 0.0 0.0 0.0 1.0, 
73, 1111111111, 1111111111, 1.0, 1.0, 0.0 0.0 0.0 0.0 0.0 0.0 1.0, 
74, 1111111111, 1111111111, 1.0, 1.0, 0.0 0.0 0.0 0.0 0.0 0.0 1.0, 
75, 1111111111, 1111111111, 0.9898164896647387, 0.9992919495537549, 0.0 0.0 0.0 0.0 0.0 0.004248302677470502 0.9957516973225295, 
76, 1111111111, 1111111111, 1.0, 1.0, 0.0 0.0 0.0 0.0 0.0 0.0 1.0, 
77, 1111111111, 1111111111, 1.0, 1.0, 0.0 0.0 0.0 0.0 0.0 0.0 1.0, 
78, 1111111111, 1111111111, 1.0, 1.0, 0.0 0.0 0.0 0.0 0.0 0.0 1.0, 
79, 1111111111, 1111111111, 0.8815120930285332, 0.9795739726594593, 0.0 0.0 0.0016787529578511486 0.007792758155685492 0.016671303817936863 0.05912027010890949 0.9147369149596171, 
80, 1111111111, 1111111111, 1.0, 1.0, 0.0 0.0 0.0 0.0 0.0 0.0 1.0, 
81, 1111111111, 0000000000, 0.6993375619812381, 0.783847145224549, 0.20072039659580931 3.8372924669129505e-05 0.0007664074894729114 0.0020568465960977187 0.013760765396631671 0.055645183915055754 0.7270120270822634, 
82, 1111111111, 1111111111, 1.0, 1.0, 0.0 0.0 0.0 0.0 0.0 0.0 1.0, 
83, 1111111111, 1111111111, 1.0, 1.0, 0.0 0.0 0.0 0.0 0.0 0.0 1.0, 
84, 1111111111, 1111111111, 1.0, 1.0, 0.0 0.0 0.0 0.0 0.0 0.0 1.0, 
85, 1111111111, 1111111111, 1.0, 1.0, 0.0 0.0 0.0 0.0 0.0 0.0 1.0, 
86, 1111111111, 1111111111, 1.0, 1.0, 0.0 0.0 0.0 0.0 0.0 0.0 1.0, 
87, 1111111111, 1111111111, 0.9690140205140563, 0.9972385527770384, 0.0 0.0 0.0 4.359720787706829e-05 0.0017793880520175184 0.01287911561010372 0.9852978991300017, 
88, 1111111111, 1111111111, 1.0, 1.0, 0.0 0.0 0.0 0.0 0.0 0.0 1.0, 
89, 1111111111, 1111111111, 1.0, 1.0, 0.0 0.0 0.0 0.0 0.0 0.0 1.0, 
90, 1111111111, 1111111111, 0.9522557817492409, 0.9922650305024395, 0.0 0.0 0.00016491192360071908 0.003438853140292139 0.004216743348297065 0.027000123173489595 0.9651793684143205, 
91, 1111111111, 1111111111, 1.0, 1.0, 0.0 0.0 0.0 0.0 0.0 0.0 1.0, 
92, 1111111111, 1111111111, 1.0, 1.0, 0.0 0.0 0.0 0.0 0.0 0.0 1.0, 
93, 1111111111, 1111111111, 1.0, 1.0, 0.0 0.0 0.0 0.0 0.0 0.0 1.0, 
94, 1111111111, 1111111111, 1.0, 1.0, 0.0 0.0 0.0 0.0 0.0 0.0 1.0, 
95, 1111111111, 1111111111, 1.0, 1.0, 0.0 0.0 0.0 0.0 0.0 0.0 1.0, 
96, 1111111111, 1111111111, 1.0, 1.0, 0.0 0.0 0.0 0.0 0.0 0.0 1.0, 
97, 1111111111, 1111111111, 1.0, 1.0, 0.0 0.0 0.0 0.0 0.0 0.0 1.0, 
98, 1111111111, 1111111111, 1.0, 1.0, 0.0 0.0 0.0 0.0 0.0 0.0 1.0, 
99, 1111111111, 1111111111, 1.0, 1.0, 0.0 0.0 0.0 0.0 0.0 0.0 1.0, 
100, 0111111111, 1111111111, 0.9984694498616007, 0.9996145377133975, 0.0 0.0 0.0 0.0 0.0006411543960730761 0.001030464927469387 0.9983283806764576, 
