run, initial grid state, final grid state, mean grid cell occupancy, mean binding site occupancy, fraction of time with N TFs bound, warning
1, 0111111111, 1111111111, 0.9682004798830024, 0.9999731860024298, 0.0 0.0 0.0 0.0 0.0 0.00016088398542177108 0.9998391160145782, 
2, 1111111111, 1111111111, 0.9690311575348953, 0.9999826005870023, 0.0 0.0 0.0 0.0 0.0 0.00010439647798623357 0.9998956035220138, 
3, 0111111111, 1111111111, 0.9714617782216642, 0.9999727000312255, 0.0 0.0 0.0 0.0 0.0 0.00016379981264682042 0.9998362001873533, 
4, 1111111110, 1111111111, 0.9695579828854396, 1.0, 0.0 0.0 0.0 0.0 0.0 0.0 1.0, 
5, 0111111111, 1111111111, 0.9693598167012762, 0.9998072244726977, 0.0 0.0 0.0 0.0 0.0 0.0011566531638138634 0.9988433468361861, 
6, 1111111111, 1111111111, 0.9699757597574176, 0.9999546660532901, 0.0 0.0 0.0 0.0 0.0 0.00027200368025922345 0.9997279963197407, 
7, 1111111111, 1111111111, 0.9711838385065918, 0.9999595243535265, 0.0 0.0 0.0 0.0 0.0 0.0002428538788402648 0.9997571461211597, 
8, 1111111111, 1111111111, 0.9700588904613737, 0.999938173607829, 0.0 0.0 0.0 0.0 0.0 0.00037095835302633896 0.9996290416469736, 
9, 1111111110, 1111111111, 0.9694951520593814, 0.9999628098169377, 0.0 0.0 0.0 0.0 0.0 0.00022314109837307813 0.9997768589016269, 
10, 1111111100, 1111111111, 0.9710260552528163, 0.9999977831331528, 0.0 0.0 0.0 0.0 0.0 1.3301201083433059e-05 0.9999866987989166, 
11, 1111111111, 0111111111, 0.9684249058719682, 0.9998918928732803, 0.0 0.0 0.0 0.0 0.0 0.000648642760319142 0.9993513572396808, 
12, 1111111111, 1111111111, 0.9689488988514983, 0.9999312034179276, 0.0 0.0 0.0 0.0 0.0 0.000412779492433511 0.9995872205075664, 
13, 1111111111, 0011111111, 0.9683503812106956, 0.9999918021530427, 0.0 0.0 0.0 0.0 0.0 4.918708174353553e-05 0.9999508129182565, 
14, 1111111111, 1111111111, 0.9696689709146877, 0.9998748772864109, 0.0 0.0 0.0 0.0 0.0 0.0007507362815340359 0.999249263718466, 
15, 1111111110, 1111111111, 0.9691336805854488, 0.9999973400779995, 0.0 0.0 0.0 0.0 0.0 1.5959532003402707e-05 0.9999840404679966, 
16, 1111111111, 0111111111, 0.9709684735738748, 0.9998200723096783, 0.0 0.0 0.0 0.0 0.0 0.0010795661419302225 0.9989204338580698, 
17, 0111111111, 1111111111, 0.9679280526720241, 0.999869153778264, 0.0 0.0 0.0 0.0 0.0 0.000785077330415703 0.9992149226695843, 
18, 1111111111, 0111111111, 0.967921111196153, 0.9998365573128786, 0.0 0.0 0.0 0.0 0.0 0.0009806561227292672 0.9990193438772706, 
19, 1111111111, 1111111111, 0.9697157869089136, 0.9999825424641944, 0.0 0.0 0.0 0.0 0.0 0.00010474521483386556 0.9998952547851662, 
20, 1111111111, 0111111111, 0.9688408759844571, 0.9999703073485005, 0.0 0.0 0.0 0.0 0.0 0.00017815590899802387 0.999821844091002, 
21, 1111111111, 1111111111, 0.9702638870683673, 0.9999165370767388, 0.0 0.0 0.0 0.0 0.0 0.0005007775395672945 0.9994992224604328, 
22, 1111111111, 1111111111, 0.9695245021403114, 0.9999957821905544, 0.0 0.0 0.0 0.0 0.0 2.530685667401268e-05 0.999974693143326, 
23, 1111111111, 1111111111, 0.9692899535169475, 0.9999734318052055, 0.0 0.0 0.0 0.0 0.0 0.00015940916876622607 0.9998405908312337, 
24, 1111111111, 1111111111, 0.9683408768613434, 0.9999430542675678, 0.0 0.0 0.0 0.0 0.0 0.00034167439459313945 0.9996583256054069, 
25, 1111111111, 1111111111, 0.9693317684096442, 0.9998612142995736, 0.0 0.0 0.0 0.0 0.0 0.0008327142025582846 0.9991672857974417, 
26, 1111111111, 1111111111, 0.9706349625351383, 0.9999828526252217, 0.0 0.0 0.0 0.0 0.0 0.00010288424866970095 0.9998971157513303, 
27, 1111111110, 1111111110, 0.9705618646844288, 0.9998556971503256, 0.0 0.0 0.0 0.0 0.0 0.0008658170980464063 0.9991341829019537, 
28, 0111111111, 1111111111, 0.9689579141727664, 0.9996391058824138, 0.0 0.0 0.0 0.0 0.00027784669302349997 0.001609671319470746 0.9981124819875058, 
29, 1111111111, 0111111111, 0.9699790465118301, 0.9998936564406993, 0.0 0.0 0.0 0.0 0.0 0.0006380613558035379 0.9993619386441964, 
30, 1111111111, 1111111111, 0.9701422168967034, 0.9999183525840754, 0.0 0.0 0.0 0.0 0.0 0.0004898844955477827 0.9995101155044522, 
31, 1111111111, 1111111111, 0.9708359766799615, 0.9999870821851972, 0.0 0.0 0.0 0.0 0.0 7.750688881698107e-05 0.9999224931111831, 
32, 0111111111, 1111111110, 0.9675579143091442, 0.9998520105823879, 0.0 0.0 0.0 0.0 0.0 0.0008879365056724491 0.9991120634943276, 
33, 1111111111, 1111111111, 0.9708209819455059, 0.9999797587337931, 0.0 0.0 0.0 0.0 0.0 0.00012144759724103268 0.9998785524027589, 
34, 1111111111, 1111111100, 0.9701414276788526, 0.9999522730105843, 0.0 0.0 0.0 0.0 0.0 0.0002863619364944526 0.9997136380635054, 
35, 1111111111, 1111111111, 0.9703121111195281, 0.9999649916522547, 0.0 0.0 0.0 0.0 0.0 0.00021005008647213377 0.9997899499135279, 
36, 1111111111, 1111111111, 0.9694110836084692, 0.9999338503354313, 0.0 0.0 0.0 0.0 0.0 0.0003968979874123207 0.9996031020125876, 
37, 0111111111, 1111111111, 0.9688821800702403, 0.9999734374738687, 0.0 0.0 0.0 0.0 0.0 0.00015937515678763389 0.9998406248432123, 
38, 1111111111, 1111111111, 0.970353994144692, 0.9999822550867424, 0.0 0.0 0.0 0.0 0.0 0.00010646947954546836 0.9998935305204545, 
39, 1111111111, 1111111111, 0.9688927631513509, 0.9998253183141009, 0.0 0.0 0.0 0.0 0.0 0.0010480901153944219 0.9989519098846056, 
40, 1111111111, 1111111111, 0.969858011476169, 0.9999134839522411, 0.0 0.0 0.0 0.0 0.0 0.0005190962865538469 0.9994809037134461, 
41, 1111111111, 0111111111, 0.9695007285706404, 1.0, 0.0 0.0 0.0 0.0 0.0 0.0 1.0, 
42, 1111111111, 1111111111, 0.9688486263040066, 0.9998983318054414, 0.0 0.0 0.0 0.0 0.0 0.0006100091673514956 0.9993899908326485, 
43, 0111111110, 1111111110, 0.9681793462494688, 0.9998575900686573, 0.0 0.0 0.0 0.0 9.659009308218955e-05 0.0006612794018919126 0.9992421305050259, 
44, 1111111111, 0111111111, 0.969617580207286, 0.999983975778724, 0.0 0.0 0.0 0.0 0.0 9.614532765597814e-05 0.999903854672344, 
45, 1111111111, 1111111111, 0.9683002924322359, 0.9998329806305809, 0.0 0.0 0.0 0.0 0.0 0.001002116216514451 0.9989978837834855, 
46, 1111111111, 1111111111, 0.9704165459078462, 0.9996962658220104, 0.0 0.0 0.0 0.0 0.0 0.0018224050679382254 0.9981775949320617, 
47, 1111111110, 1111111111, 0.9678912035909681, 0.9999372881987832, 0.0 0.0 0.0 0.0 0.0 0.00037627080729985517 0.9996237291927002, 
48, 1111111111, 0011111111, 0.9691701060439692, 0.9999043122194408, 0.0 0.0 0.0 0.0 0.0 0.0005741266833554562 0.9994258733166446, 
49, 1111111111, 1111111111, 0.9692550958419519, 0.999948609173607, 0.0 0.0 0.0 0.0 0.0 0.00030834495835874756 0.9996916550416413, 
50, 1111111110, 1111111111, 0.9697078992912164, 0.9997762439854048, 0.0 0.0 0.0 0.0 0.0 0.0013425360875711162 0.9986574639124289, 
51, 1111111111, 1111111111, 0.9696188360485464, 0.9997269066557601, 0.0 0.0 0.0 0.0 2.6884141520602358e-05 0.001584791782397656 0.9983883240760818, 
52, 1111111111, 1111111111, 0.9701283679864936, 0.9995443690790393, 0.0 0.0 0.0 0.0 0.0005309315873215311 0.0016719223511205115 0.9977971460615579, 
53, 1111111111, 1111111111, 0.9697716320427062, 0.999965403554782, 0.0 0.0 0.0 0.0 0.0 0.0002075786713073367 0.9997924213286926, 
54, 1111111111, 1111111111, 0.9683742939625926, 0.9999567505773178, 0.0 0.0 0.0 0.0 0.0 0.00025949653609355286 0.9997405034639064, 
55, 1111111111, 0111111100, 0.9687614704077976, 0.9999775896101437, 0.0 0.0 0.0 0.0 0.0 0.0001344623391370546 0.999865537660863, 
56, 1111111111, 1111111111, 0.9675685203630839, 0.9998107643061369, 0.0 0.0 0.0 0.0 0.0 0.0011354141631790568 0.9988645858368209, 
57, 1111111111, 1111111111, 0.9693423693417919, 0.9997758820165099, 0.0 0.0 0.0 0.0 0.0 0.0013447079009403784 0.9986552920990596, 
58, 1111111111, 1111111111, 0.9697776727948372, 0.9999243591496811, 0.0 0.0 0.0 0.0 0.0 0.00045384510191327044 0.9995461548980867, 
59, 1111111111, 1111111111, 0.969847085036257, 0.9998627239559134, 0.0 0.0 0.0 0.0 3.151891815809976e-05 0.000760618428202914 0.9992078626536388, 
60, 1111111111, 0111111111, 0.9694804209157512, 0.9998409263704491, 0.0 0.0 0.0 0.0 0.0 0.0009544417773054805 0.9990455582226945, 
61, 0111111110, 1111111111, 0.9700208991701488, 0.9999262269739202, 0.0 0.0 0.0 0.0 0.0 0.0004426381564788591 0.9995573618435212, 
62, 1111111111, 1111111111, 0.9674178436124432, 1.0, 0.0 0.0 0.0 0.0 0.0 0.0 1.0, 
63, 0111111111, 1111111111, 0.9700862776981024, 0.9999744186938277, 0.0 0.0 0.0 0.0 0.0 0.00015348783703330015 0.9998465121629666, 
64, 1111111111, 1111111111, 0.970690804287679, 0.9999475451493153, 0.0 0.0 0.0 0.0 0.0 0.00031472910410767504 0.9996852708958923, 
65, 1111111111, 1111111110, 0.9703910689464021, 0.9999432931490309, 0.0 0.0 0.0 0.0 0.0 0.0003402411058150586 0.999659758894185, 
66, 1111111111, 1111111111, 0.9686021183603161, 0.9999125763333601, 0.0 0.0 0.0 0.0 8.349317883438297e-05 0.0003575556421709628 0.9995589511789946, 
67, 1111111111, 1111111111, 0.969105919146325, 0.9998241814247154, 0.0 0.0 0.0 0.0 0.0 0.0010549114517078512 0.9989450885482921, 
68, 0111111111, 1111111111, 0.969762522315845, 1.0, 0.0 0.0 0.0 0.0 0.0 0.0 1.0, 
69, 1111111111, 1111111111, 0.9699866812913873, 0.9997689093072897, 0.0 0.0 0.0 0.0 0.00030048644745934576 0.0007855712613425509 0.9989139422911981, 
70, 1111111111, 1111111111, 0.969339734766892, 0.9998763726176083, 0.0 0.0 0.0 0.0 0.0 0.0007417642943500194 0.99925823570565, 
71, 1111111111, 1111111111, 0.967179583528075, 0.9997825990632682, 0.0 0.0 0.0 0.0 0.0 0.0013044056203909147 0.9986955943796091, 
72, 1111111111, 1111111110, 0.9682332233427481, 0.9998838338528582, 0.0 0.0 0.0 0.0 0.0 0.0006969968828507831 0.9993030031171493, 
73, 1111111111, 1111111111, 0.9697644110444107, 0.9998910432531664, 0.0 0.0 0.0 0.0 0.0 0.0006537404810018695 0.9993462595189981, 
74, 1111111111, 1111111111, 0.9691703857527266, 0.9999694000455943, 0.0 0.0 0.0 0.0 0.0 0.0001835997264346622 0.9998164002735653, 
75, 1111111110, 1111111111, 0.9679770551285792, 0.999978120801721, 0.0 0.0 0.0 0.0 0.0 0.00013127518967397155 0.9998687248103261, 
76, 1111111111, 1111111111, 0.9699524365447152, 0.9999830414717871, 0.0 0.0 0.0 0.0 0.0 0.00010175116927759987 0.9998982488307224, 
77, 1111111111, 1111111111, 0.9693387326734467, 0.9998944463602469, 0.0 0.0 0.0 0.0 0.0 0.0006333218385186648 0.9993666781614813, 
78, 1111111111, 1111111111, 0.9689803310189982, 0.9999371665535012, 0.0 0.0 0.0 0.0 0.0 0.0003770006789930661 0.999622999321007, 
79, 1111111111, 1111111110, 0.9688273374703333, 0.9998498155319939, 0.0 0.0 0.0 0.0 0.0 0.0009011068080360548 0.999098893191964, 
80, 1111111111, 0011111111, 0.9702426288369347, 0.9998954462062597, 0.0 0.0 0.0 0.0 0.0 0.0006273227624417203 0.9993726772375583, 
81, 1111111110, 1111111111, 0.9684780709218485, 0.9998348987988517, 0.0 0.0 0.0 0.0 0.0 0.0009906072068901857 0.9990093927931099, 
82, 1111111111, 1111111111, 0.9696243385881157, 0.9998417355921434, 0.0 0.0 0.0 0.0 0.0002491559551578476 0.00045127453682388573 0.9992995695080182, 
83, 1111111111, 1111111111, 0.9701672313879646, 0.9998962217797438, 0.0 0.0 0.0 0.0 0.0 0.0006226693215367906 0.9993773306784632, 
84, 1111111111, 1111111111, 0.9680717086131664, 0.9999516020059082, 0.0 0.0 0.0 0.0 0.0 0.0002903879645510372 0.9997096120354491, 
85, 1111111111, 1111111111, 0.9659814756571734, 0.9998604231878232, 0.0 0.0 0.0 0.0 0.0 0.0008374608730611346 0.9991625391269389, 
86, 1111111111, 1111111111, 0.9661964248419048, 0.999752286098304, 0.0 0.0 0.0 0.0 0.0 0.0014862834101759535 0.998513716589824, 
87, 1111111111, 1111111111, 0.9688611976531382, 0.9998042091070231, 0.0 0.0 0.0 0.0 0.0 0.0011747453578615187 0.9988252546421384, 
88, 1111111111, 1111111111, 0.9691718534884449, 0.9999379247628052, 0.0 0.0 0.0 0.0 0.0 0.00037245142316829586 0.9996275485768317, 
89, 1111111111, 1111111111, 0.966595553097054, 0.9998202921756114, 0.0 0.0 0.0 0.0 0.0 0.0010782469463312056 0.9989217530536688, 
90, 1111111111, 1111111111, 0.9701363061876435, 0.9998332544111695, 0.0 0.0 0.0 0.0 0.0 0.001000473532982479 0.9989995264670175, 
91, 1111111111, 1111111100, 0.9720602561223594, 0.9999201528552368, 0.0 0.0 0.0 0.0 0.0 0.000479082868578661 0.9995209171314213, 
92, 0111111111, 1111111111, 0.9699500751821492, 0.9999818674653612, 0.0 0.0 0.0 0.0 0.0 0.00010879520783276783 0.9998912047921672, 
93, 1111111111, 0011111111, 0.9709398139764684, 0.999698311735497, 0.0 0.0 0.0 0.0 0.0 0.0018101295870182413 0.9981898704129817, 
94, 0111111111, 1111111111, 0.9692706301483489, 0.9999464187248767, 0.0 0.0 0.0 0.0 0.0 0.00032148765073980603 0.9996785123492602, 
95, 1111111111, 1111111111, 0.9688219632270441, 0.9999360663459131, 0.0 0.0 0.0 0.0 0.0 0.00038360192452056066 0.9996163980754794, 
96, 1111111111, 1111111111, 0.9691419780571212, 0.99992491727569, 0.0 0.0 0.0 0.0 0.0 0.00045049634586007814 0.99954950365414, 
97, 1111111111, 1111111111, 0.9688712832106162, 0.9998780444050103, 0.0 0.0 0.0 0.0 0.0 0.0007317335699383417 0.9992682664300617, 
98, 1111111111, 1111111110, 0.969811026511682, 0.9998528700934168, 0.0 0.0 0.0 0.0 0.0 0.0008827794394994633 0.9991172205605007, 
99, 1111111111, 1111111100, 0.967024511498293, 0.9998684903751923, 0.0 0.0 0.0 0.0 0.0 0.0007890577488461455 0.9992109422511539, 
100, 1111111111, 1111111111, 0.9687617243883133, 0.9999500707439906, 0.0 0.0 0.0 0.0 0.0 0.00029957553605692726 0.9997004244639431, 
run, initial grid state, final grid state, mean grid cell occupancy, mean binding site occupancy, fraction of time with N TFs bound, warning
1, 0111111111, 0111111111, 0.970599722285866, 0.9999875177929121, 0.0 0.0 0.0 0.0 0.0 7.489324252797024e-05 0.999925106757472, 
2, 1111111111, 1111111111, 0.9690825350293232, 0.9999438160039483, 0.0 0.0 0.0 0.0 0.0 0.0003371039763108889 0.9996628960236891, 
3, 1111111111, 1111111111, 0.9695994066979825, 0.9996390712249063, 0.0 0.0 0.0 0.0 0.0 0.0021655726505630923 0.9978344273494367, 
4, 1111111111, 1111111111, 0.9670731837373451, 0.9999601415895829, 0.0 0.0 0.0 0.0 0.0 0.00023915046250314937 0.9997608495374969, 
5, 0111111111, 1111111111, 0.9687804780854051, 0.9999719312695385, 0.0 0.0 0.0 0.0 0.0 0.0001684123827686533 0.9998315876172313, 
6, 1111111111, 1111111111, 0.9701011161158223, 0.9999940333307957, 0.0 0.0 0.0 0.0 0.0 3.5800015225637526e-05 0.9999641999847744, 
7, 1111111100, 1111111110, 0.9690566580362825, 0.9998956895681348, 0.0 0.0 0.0 0.0 0.0 0.0006258625911914166 0.9993741374088086, 
8, 1111111111, 1111111111, 0.9686198839044228, 0.9999626356103093, 0.0 0.0 0.0 0.0 0.0 0.0002241863381439731 0.9997758136618561, 
9, 1111111110, 1111111111, 0.9696582773865912, 0.9999672475758863, 0.0 0.0 0.0 0.0 0.0 0.00019651454468216212 0.9998034854553178, 
10, 1111111110, 1111111111, 0.9687174621270623, 0.9998987533214313, 0.0 0.0 0.0 0.0 1.946252342451186e-05 0.0005685550245634147 0.9994119824520121, 
11, 1111111111, 0111111111, 0.9677363372374432, 0.9997819823110263, 0.0 0.0 0.0 0.0 0.0 0.0013081061338415599 0.9986918938661584, 
12, 1111111111, 1111111110, 0.9706904346298918, 0.999968598063386, 0.0 0.0 0.0 0.0 1.615433093252636e-06 0.00018518075349739616 0.9998132038134093, 
13, 1111111111, 1111111111, 0.9695897783148489, 0.9999575037281178, 0.0 0.0 0.0 0.0 0.0 0.0002549776312935636 0.9997450223687064, 
14, 1111111111, 1111111111, 0.9705138453756693, 0.9999348214740483, 0.0 0.0 0.0 0.0 0.0 0.0003910711557104154 0.9996089288442895, 
15, 1111111111, 0111111111, 0.970191676947765, 0.9999305265759753, 0.0 0.0 0.0 0.0 0.0 0.00041684054414771845 0.9995831594558524, 
16, 1111111111, 1111111111, 0.9673256689631504, 0.9998966343720793, 0.0 0.0 0.0 0.0 0.0 0.0006201937675235242 0.9993798062324765, 
17, 1111111111, 1111111111, 0.968485080874459, 0.9999499787169573, 0.0 0.0 0.0 0.0 0.0 0.00030012769825589795 0.9996998723017441, 
18, 0011111111, 1111111111, 0.971583009663231, 0.9998869972015983, 0.0 0.0 0.0 0.0 0.0 0.0006780167904100389 0.99932198320959, 
19, 1111111111, 1111111111, 0.9694008923815938, 0.9998847340500474, 0.0 0.0 0.0 0.0 0.0 0.000691595699716182 0.9993084043002838, 
20, 1111111111, 1111111111, 0.9663559185695881, 0.9998286816662433, 0.0 0.0 0.0 0.0 0.0 0.001027910002539839 0.9989720899974601, 
21, 1111111111, 1111111111, 0.9690767998179237, 0.9999567288445109, 0.0 0.0 0.0 0.0 0.0 0.00025962693293412524 0.9997403730670659, 
22, 1111111100, 1111111111, 0.9692788244031995, 0.999969520874268, 0.0 0.0 0.0 0.0 0.0 0.0001828747543914403 0.9998171252456086, 
23, 1111111111, 1111111111, 0.9685882013971747, 0.9999892771504796, 0.0 0.0 0.0 0.0 0.0 6.433709712156228e-05 0.9999356629028784, 
24, 1111111111, 1111111111, 0.9686387462720926, 0.9999554948915618, 0.0 0.0 0.0 0.0 0.0 0.0002670306506290322 0.999732969349371, 
25, 1111111111, 0111111110, 0.968534551760235, 0.9999848139297473, 0.0 0.0 0.0 0.0 0.0 9.111642151654476e-05 0.9999088835784835, 
26, 0111111111, 1111111111, 0.9697834351809206, 1.0, 0.0 0.0 0.0 0.0 0.0 0.0 1.0, 
27, 1111111111, 1111111111, 0.9716150603363188, 0.9999919890928936, 0.0 0.0 0.0 0.0 0.0 4.8065442638453975e-05 0.9999519345573615, 
28, 1111111111, 1111111111, 0.9692568033108024, 0.9999434694292928, 0.0 0.0 0.0 0.0 0.0 0.00033918342424296195 0.9996608165757571, 
29, 1111111111, 1111111111, 0.9686483841666468, 0.9999151325541334, 0.0 0.0 0.0 0.0 0.0 0.0005092046751994036 0.9994907953248006, 
30, 1111111111, 1111111111, 0.9712202098063999, 0.9999860044281175, 0.0 0.0 0.0 0.0 0.0 8.397343129504294e-05 0.9999160265687049, 
31, 1111111111, 1111111111, 0.9648256517830005, 0.9997459287350113, 0.0 0.0 0.0 0.0 0.0 0.0015244275899324246 0.9984755724100676, 
32, 1111111110, 1111111111, 0.9681042091689595, 0.9999395803855609, 0.0 0.0 0.0 0.0 0.0 0.0003625176866348584 0.9996374823133651, 
33, 1111111111, 1111111111, 0.9686089945627959, 0.9999316176642866, 0.0 0.0 0.0 0.0 0.0 0.00041029401427978554 0.9995897059857202, 
34, 1111111110, 1111111111, 0.9676093042859796, 0.9997319185149932, 0.0 0.0 0.0 0.0 0.0002847325669334048 0.001039023776174514 0.9986762436568921, 
35, 0111111111, 1111111111, 0.9702395565778981, 0.9999521480472443, 0.0 0.0 0.0 0.0 0.0 0.0002871117165336154 0.9997128882834663, 
36, 1111111111, 1111111111, 0.9687780282515173, 0.9996944720287968, 0.0 0.0 0.0 0.0 0.0 0.001833167827218927 0.998166832172781, 
37, 1111111111, 1111111111, 0.9686025198340024, 0.9998678743852111, 0.0 0.0 0.0 0.0 0.0 0.0007927536887334783 0.9992072463112666, 
38, 1111111111, 0111111111, 0.9685796334038801, 0.9997590406854958, 0.0 0.0 0.0 0.0 0.0 0.0014457558870256796 0.9985542441129743, 
39, 1111111111, 1111111111, 0.9684708508087302, 0.999862274959282, 0.0 0.0 0.0 0.0 0.0 0.0008263502443076598 0.9991736497556923, 
40, 1111111111, 1111111110, 0.9693898346550195, 0.9998683194536476, 0.0 0.0 0.0 0.0 0.0 0.000790083278114228 0.9992099167218857, 
41, 0111111111, 1111111111, 0.9701692771511893, 0.9999527511288901, 0.0 0.0 0.0 0.0 0.0 0.00028349322665873025 0.9997165067733412, 
42, 0111111111, 1111111110, 0.9689883696104237, 0.9999769405635424, 0.0 0.0 0.0 0.0 0.0 0.0001383566187454405 0.9998616433812546, 
43, 1111111111, 1111111111, 0.9698592371708256, 0.9998655379316097, 0.0 0.0 0.0 0.0 0.0 0.0008067724103417282 0.9991932275896582, 
44, 1111111111, 1111111110, 0.9689251085443487, 0.9998331191427471, 0.0 0.0 0.0 0.0 8.570302797538892e-05 0.000829879087566932 0.9990844178844576, 
45, 1111111111, 1111111111, 0.9701828126640409, 0.9998191722396731, 0.0 0.0 0.0 0.0 0.00018673973241085096 0.0007114870971397274 0.9991017731704493, 
46, 1111111111, 1111111111, 0.9698260106221337, 0.9998930455137208, 0.0 0.0 0.0 0.0 0.0 0.0006417269176750523 0.999358273082325, 
47, 1111111111, 1111111111, 0.969549109851676, 0.9999937946786328, 0.0 0.0 0.0 0.0 0.0 3.723192820412772e-05 0.999962768071796, 
48, 1111111110, 1111111111, 0.9694934853380397, 0.9998893518654279, 0.0 0.0 0.0 0.0 0.0 0.0006638888074318567 0.999336111192568, 
49, 1111111111, 1111111110, 0.9700450062901315, 0.9998038797911311, 0.0 0.0 0.0 0.0 0.0 0.0011767212532137617 0.9988232787467862, 
50, 1111111111, 1111111111, 0.9690547255018803, 0.9999915836429848, 0.0 0.0 0.0 0.0 0.0 5.049814209114937e-05 0.9999495018579089, 
51, 1111111111, 1111111111, 0.9694718364833579, 0.9999162588202489, 0.0 0.0 0.0 0.0 0.0 0.0005024470785069465 0.999497552921493, 
52, 1111111111, 1111111110, 0.9694193744194941, 0.9999999999999999, 0.0 0.0 0.0 0.0 0.0 0.0 0.9999999999999999, 
53, 1111111111, 1111111111, 0.968595860685053, 0.9998090346260546, 0.0 0.0 0.0 0.0 0.00033360822818866083 0.00047857578729455666 0.9991878159845167, 
54, 1111111111, 1111111111, 0.9677094635453891, 0.9998990838927638, 0.0 0.0 0.0 0.0 0.0 0.0006054966434171511 0.9993945033565829, 
55, 0011111111, 1111111111, 0.9682866691256615, 0.9997666077787994, 0.0 0.0 0.0 0.0 0.0 0.0014003533272033413 0.9985996466727967, 
56, 0111111111, 1111111111, 0.969334632545867, 0.9999073441040267, 0.0 0.0 0.0 0.0 0.0 0.0005559353758395853 0.9994440646241605, 
57, 1111111111, 1111111111, 0.9699413056163163, 0.9999209396315553, 0.0 0.0 0.0 0.0 0.0 0.0004743622106679848 0.999525637789332, 
58, 1111111111, 0111111111, 0.9693748028291781, 0.9999303523662687, 0.0 0.0 0.0 0.0 0.0 0.0004178858023876164 0.9995821141976123, 
59, 1111111110, 1111111111, 0.9694521056009329, 0.9999723604671334, 0.0 0.0 0.0 0.0 0.0 0.0001658371971990505 0.9998341628028009, 
60, 1111111111, 1111111111, 0.9713173101561217, 0.9999775560496996, 0.0 0.0 0.0 0.0 0.0 0.0001346637018018961 0.9998653362981982, 
61, 1111111111, 1111111111, 0.9678681002245001, 0.999906600189727, 0.0 0.0 0.0 0.0 4.1418461331540625e-05 0.00047756193897460894 0.9994810195996938, 
62, 1111111111, 1111111111, 0.9697748372952614, 0.9999860249021901, 0.0 0.0 0.0 0.0 0.0 8.385058685904456e-05 0.999916149413141, 
63, 1111111110, 0111111111, 0.9673707349643418, 0.9998566707918153, 0.0 0.0 0.0 0.0 0.00028594090197943503 0.0002880934451490073 0.9994259656528715, 
64, 0111111110, 1111111111, 0.9687872220751557, 0.9999452309224696, 0.0 0.0 0.0 0.0 0.0 0.00032861446518290605 0.9996713855348172, 
65, 1111111111, 1111111111, 0.96978677707413, 0.9999159215524758, 0.0 0.0 0.0 0.0 0.0 0.0005044706851452872 0.9994955293148547, 
66, 1111111111, 1111111110, 0.967378558360716, 0.999896160665702, 0.0 0.0 0.0 0.0 0.0 0.0006230360057879913 0.999376963994212, 
67, 0011111111, 0111111111, 0.9696868988094601, 1.0, 0.0 0.0 0.0 0.0 0.0 0.0 1.0, 
68, 0111111111, 1111111110, 0.9694686158327043, 0.9999449545636462, 0.0 0.0 0.0 0.0 0.0 0.0003302726181226117 0.9996697273818773, 
69, 1111111111, 1111111111, 0.9698307544432211, 0.9998767060370478, 0.0 0.0 0.0 0.0 0.0 0.0007397637777128672 0.9992602362222871, 
70, 1111111111, 1111111111, 0.9702564345172788, 0.9999916434238236, 0.0 0.0 0.0 0.0 0.0 5.0139457058154394e-05 0.9999498605429419, 
71, 0111111111, 1111111110, 0.9704675374769934, 0.9999705539477745, 0.0 0.0 0.0 0.0 0.0 0.00017667631335333697 0.9998233236866466, 
72, 1111111110, 1111111110, 0.9703619181938345, 0.9999289809499604, 0.0 0.0 0.0 0.0 0.0 0.00042611430023715605 0.9995738856997628, 
73, 1111111111, 1111111111, 0.9695584474425992, 0.9999620294483489, 0.0 0.0 0.0 0.0 0.0 0.00022782330990711846 0.9997721766900929, 
74, 1111111111, 1111111111, 0.9701291345173935, 1.0, 0.0 0.0 0.0 0.0 0.0 0.0 1.0, 
75, 1111111110, 1111111111, 0.969823659671462, 0.9999868155664062, 0.0 0.0 0.0 0.0 0.0 7.910660156235807e-05 0.9999208933984376, 
76, 1111111111, 1111111111, 0.9678273745385362, 0.9999958895743286, 0.0 0.0 0.0 0.0 0.0 2.4662554028431573e-05 0.9999753374459716, 
77, 1111111111, 1111111111, 0.9703160824943367, 0.9999778530929714, 0.0 0.0 0.0 0.0 0.0 0.0001328814421721867 0.9998671185578277, 
78, 1111111111, 1111111111, 0.970251563811902, 0.9999743567816302, 0.0 0.0 0.0 0.0 0.0 0.00015385931021897565 0.999846140689781, 
79, 1111111111, 1111111110, 0.9706228860776859, 0.9998575483683457, 0.0 0.0 0.0 0.0 0.0 0.0008547097899253027 0.9991452902100747, 
80, 1111111111, 0111111111, 0.9695766196059932, 0.9999853977284423, 0.0 0.0 0.0 0.0 0.0 8.7613629345461e-05 0.9999123863706546, 
81, 1111111110, 1111111111, 0.9683646547648751, 0.9998893548807308, 0.0 0.0 0.0 0.0 0.0 0.000663870715615171 0.9993361292843849, 
82, 1111111111, 1111111111, 0.9690364302819336, 0.9998429927961466, 0.0 0.0 0.0 0.0 0.0 0.0009420432231202011 0.9990579567768797, 
83, 0111111111, 1111111111, 0.9709475678271906, 0.9999400045326098, 0.0 0.0 0.0 0.0 0.0 0.0003599728043419974 0.999640027195658, 
84, 1111111111, 1111111111, 0.9676891419216986, 0.9998325571324994, 0.0 0.0 0.0 0.0 0.0 0.001004657205003429 0.9989953427949966, 
85, 1111111111, 1111111111, 0.9704724699316122, 0.9998932308983597, 0.0 0.0 0.0 0.0 0.0 0.0006406146098414489 0.9993593853901585, 
86, 1111111111, 1111111111, 0.9679538070118935, 0.9998506432972991, 0.0 0.0 0.0 0.0 0.0 0.0008961402162051342 0.9991038597837949, 
87, 0111111111, 1111111111, 0.9687823220136461, 0.9998688999374828, 0.0 0.0 0.0 0.0 1.0926326081617956e-06 0.0007844151098863957 0.9992144922575054, 
88, 0111111110, 1111111111, 0.971314849410693, 0.9999523450970167, 0.0 0.0 0.0 0.0 0.0 0.0002859294179001876 0.9997140705820997, 
89, 1111111111, 1111111111, 0.970302538590488, 0.9999822874355149, 0.0 0.0 0.0 0.0 0.0 0.000106275386910325 0.9998937246130897, 
90, 1111111111, 1111111111, 0.9684986112644973, 0.9999296806076461, 0.0 0.0 0.0 0.0 0.0 0.0004219163541235242 0.9995780836458765, 
91, 0011111110, 1111111111, 0.9705137541155173, 0.9998743802975039, 0.0 0.0 0.0 0.0 0.0 0.0007537182149775716 0.9992462817850224, 
92, 1111111111, 1111111111, 0.9691653002926809, 0.9997897748302007, 0.0 0.0 0.0 0.0 0.0 0.0012613510187960415 0.9987386489812039, 
93, 1111111111, 1111111111, 0.9695489052761985, 0.9999042808864929, 0.0 0.0 0.0 0.0 0.0 0.0005743146810437623 0.9994256853189563, 
94, 1111111111, 1111111110, 0.969213343344773, 0.9997884748111687, 0.0 0.0 0.0 0.0 0.0 0.0012691511329874538 0.9987308488670126, 
95, 1111111111, 1111111111, 0.9702931825868786, 0.999929976851346, 0.0 0.0 0.0 0.0 0.0 0.0004201388919236546 0.9995798611080764, 
96, 1111111110, 1111111111, 0.9694013947973688, 0.9999999999999999, 0.0 0.0 0.0 0.0 0.0 0.0 0.9999999999999999, 
97, 1111111111, 1111111110, 0.9695333584782965, 0.9999527607342877, 0.0 0.0 0.0 0.0 0.0 0.00028343559427352174 0.9997165644057264, 
98, 1111111110, 0111111111, 0.9699982851774366, 0.9999874792126469, 0.0 0.0 0.0 0.0 0.0 7.51247241193198e-05 0.9999248752758806, 
99, 1111111111, 1111111111, 0.9699920006400071, 0.9998975355730233, 0.0 0.0 0.0 0.0 0.0 0.0006147865618604057 0.9993852134381397, 
100, 1111111111, 1111111111, 0.9692897648321387, 0.9998436182728102, 0.0 0.0 0.0 0.0 0.0 0.0009382903631385308 0.9990617096368614, 
run, initial grid state, final grid state, mean grid cell occupancy, mean binding site occupancy, fraction of time with N TFs bound, warning
1, 1111111110, 1111111111, 0.9686953433271056, 0.9998747840487563, 0.0 0.0 0.0 0.0 0.0 0.0007512957074618906 0.9992487042925382, 
2, 1111111111, 1111111111, 0.9692966513556337, 0.9999134972800597, 0.0 0.0 0.0 0.0 0.0 0.0005190163196414992 0.9994809836803585, 
3, 0111111111, 1111111111, 0.9703534365370897, 0.9999577821172171, 0.0 0.0 0.0 0.0 0.0 0.00025330729669815013 0.9997466927033019, 
4, 1111111111, 1111111111, 0.9695735773585537, 0.9999095102774047, 0.0 0.0 0.0 0.0 4.564573659981999e-05 0.00045164686237244374 0.9995027074010276, 
5, 1111111111, 1111111111, 0.9690575520991779, 0.9999608383520521, 0.0 0.0 0.0 0.0 0.0 0.00023496988768798962 0.9997650301123121, 
6, 0111111100, 1111111111, 0.9687359657213378, 0.9997663334097217, 0.0 0.0 0.0 0.0 0.0 0.0014019995416707934 0.9985980004583291, 
7, 1111111111, 1111111111, 0.9696509090857087, 0.9998941261480133, 0.0 0.0 0.0 0.0 0.0 0.0006352431119196755 0.9993647568880802, 
8, 1111111111, 1111111111, 0.9691208893490156, 0.9998850536189419, 0.0 0.0 0.0 0.0 0.0 0.0006896782863490921 0.9993103217136509, 
9, 1111111111, 1111111111, 0.969524746176248, 0.9999829708302866, 0.0 0.0 0.0 0.0 0.0 0.00010217501828005625 0.9998978249817199, 
10, 1111111110, 1111111111, 0.9710262675432039, 0.9999600739130055, 0.0 0.0 0.0 0.0 0.0 0.00023955652196750753 0.9997604434780325, 
11, 1111111111, 1111111111, 0.9681149088991933, 0.9998322815614236, 0.0 0.0 0.0 0.0 0.0 0.0010063106314584186 0.9989936893685416, 
12, 1111111111, 1111111111, 0.9696798338559661, 0.9999391834029959, 0.0 0.0 0.0 0.0 2.610169400557166e-05 0.00031269619401216506 0.9996612021119822, 
13, 0111111110, 1111111111, 0.9675116707200451, 0.9998808929047653, 0.0 0.0 0.0 0.0 0.0 0.0007146425714078402 0.9992853574285921, 
14, 1111111111, 1111111111, 0.9697911241472674, 0.9999276200547742, 0.0 0.0 0.0 0.0 0.0 0.0004342796713544641 0.9995657203286455, 
15, 1111111111, 1111111111, 0.9686009940228621, 0.9999342555568745, 0.0 0.0 0.0 0.0 0.0 0.00039446665875295795 0.9996055333412471, 
16, 0111111111, 1111111111, 0.9682879227451654, 0.9999321794605349, 0.0 0.0 0.0 0.0 0.0 0.0004069232367900723 0.9995930767632099, 
17, 1111111111, 1111111111, 0.9686857025074365, 0.9998715925841191, 0.0 0.0 0.0 0.0 0.0 0.0007704444952852384 0.9992295555047148, 
18, 1111111111, 1111111111, 0.9683927273310455, 0.9999485258498277, 0.0 0.0 0.0 0.0 0.0 0.00030884490103349793 0.9996911550989666, 
19, 1111111110, 1111111110, 0.9677933674287913, 0.9999146481269402, 0.0 0.0 0.0 0.0 0.0 0.000512111238359 0.9994878887616411, 
20, 0111111111, 1111111111, 0.9685276015903843, 0.999971015995191, 0.0 0.0 0.0 0.0 0.0 0.00017390402885309286 0.9998260959711469, 
21, 1111111111, 0111111111, 0.9706907842115572, 0.9999013491411072, 0.0 0.0 0.0 0.0 0.0 0.0005919051533572517 0.9994080948466427, 
22, 1111111111, 1111111111, 0.9683646817883992, 0.9999307554489989, 0.0 0.0 0.0 0.0 0.0 0.00041546730600629527 0.9995845326939937, 
23, 1111111110, 1111111110, 0.9704429533668528, 0.9999509988457786, 0.0 0.0 0.0 0.0 0.0 0.00029400692532806165 0.999705993074672, 
24, 1111111111, 1111111111, 0.9697687241863763, 0.9998587748844573, 0.0 0.0 0.0 0.0 0.0 0.0008473506932567982 0.9991526493067432, 
25, 1111111111, 1111111111, 0.9687739749318417, 0.9998514239655852, 0.0 0.0 0.0 0.0 0.0 0.0008914562064888362 0.9991085437935112, 
26, 0111111111, 1111111111, 0.9691133602695738, 0.9999005523869899, 0.0 0.0 0.0 0.0 0.0 0.0005966856780606224 0.9994033143219394, 
27, 1111111111, 1111111111, 0.9681316466000085, 0.9999674301490579, 0.0 0.0 0.0 0.0 0.0 0.0001954191056535499 0.9998045808943464, 
28, 1111111111, 1111111110, 0.9704656655645608, 0.9998581582416147, 0.0 0.0 0.0 0.0 0.0 0.0008510505503119439 0.9991489494496881, 
29, 1111111110, 1111111110, 0.9682534319771419, 0.9999613518787088, 0.0 0.0 0.0 0.0 0.0 0.00023188872774711675 0.9997681112722528, 
30, 1111111111, 1111111111, 0.9701100366979735, 1.0, 0.0 0.0 0.0 0.0 0.0 0.0 1.0, 
31, 1111111111, 1111111111, 0.9706957055674161, 1.0, 0.0 0.0 0.0 0.0 0.0 0.0 1.0, 
32, 1111111111, 0111111111, 0.9703421217382588, 0.9999757483929129, 0.0 0.0 0.0 0.0 0.0 0.00014550964252335683 0.9998544903574766, 
33, 0111111111, 1111111111, 0.9677359609294145, 0.9998649518860353, 0.0 0.0 0.0 0.0 0.0 0.0008102886837880596 0.9991897113162119, 
34, 1111111111, 1111111111, 0.9687217616136509, 0.9999635844917676, 0.0 0.0 0.0 0.0 0.0 0.00021849304939491405 0.9997815069506052, 
35, 1111111111, 1111111111, 0.9717972298783902, 0.9998967910361225, 0.0 0.0 0.0 0.0 0.0 0.0006192537832651251 0.9993807462167349, 
36, 1111111111, 1111111111, 0.9705134982926651, 0.9998531033451045, 0.0 0.0 0.0 0.0 0.0 0.0008813799293727605 0.9991186200706272, 
37, 1111111111, 0011111110, 0.9681269464817905, 0.9998860154224032, 0.0 0.0 0.0 0.0 0.0 0.0006839074655812127 0.9993160925344188, 
38, 1111111111, 1111111111, 0.967910093328684, 0.9998821848238684, 0.0 0.0 0.0 0.0 0.0 0.00070689105678933 0.9992931089432107, 
39, 1111111111, 1111111111, 0.9694060541051603, 0.999864939191268, 0.0 0.0 0.0 0.0 0.0 0.0008103648523935959 0.9991896351476064, 
40, 1111111111, 1111111111, 0.9691700498218192, 0.9998018635643318, 0.0 0.0 0.0 0.0 6.561151972589038e-05 0.0010575955745573049 0.9988767929057167, 
41, 1111111111, 1111111111, 0.9697021832810728, 0.9997820080063754, 0.0 0.0 0.0 0.0 0.0 0.0013079519617478779 0.9986920480382521, 
42, 0111111111, 1111111111, 0.9693721569892763, 0.9999983375897741, 0.0 0.0 0.0 0.0 0.0 9.974461355322882e-06 0.9999900255386447, 
43, 1111111111, 1111111111, 0.9700542921945525, 0.9999472735301232, 0.0 0.0 0.0 0.0 0.0 0.0003163588192603134 0.9996836411807397, 
44, 1111111111, 1111111111, 0.9692900728740302, 0.999858650558707, 0.0 0.0 0.0 0.0 0.0 0.0008480966477580296 0.999151903352242, 
45, 1111111111, 1111111110, 0.9683809411871094, 0.9999112029966541, 0.0 0.0 0.0 0.0 0.0 0.0005327820200751224 0.9994672179799249, 
46, 1111111111, 1111111111, 0.9694353043320318, 0.9999704337869357, 0.0 0.0 0.0 0.0 0.0 0.00017739727838561646 0.9998226027216144, 
47, 1111111111, 1111111111, 0.9693880198066179, 0.9999450069664441, 0.0 0.0 0.0 0.0 0.0 0.00032995820133517183 0.9996700417986648, 
48, 0111111111, 1111111111, 0.9702815691145464, 0.9999240752153932, 0.0 0.0 0.0 0.0 0.0 0.00045554870764164695 0.9995444512923584, 
49, 1111111111, 1111111111, 0.9691218220399799, 0.9999274049321373, 0.0 0.0 0.0 0.0 0.0 0.0004355704071766847 0.9995644295928233, 
50, 1111111111, 1111111110, 0.9676506294756788, 0.9999433621714764, 0.0 0.0 0.0 0.0 0.0 0.0003398269711417243 0.9996601730288582, 
51, 1111111111, 1111111110, 0.9678245760723263, 0.9999030360986283, 0.0 0.0 0.0 0.0 0.0 0.0005817834082307133 0.9994182165917693, 
52, 1111111111, 1111111100, 0.9698462395157668, 0.9999865724194312, 0.0 0.0 0.0 0.0 0.0 8.056548341285614e-05 0.9999194345165872, 
53, 0011111111, 1111111111, 0.9692933465968687, 0.9998519278495964, 0.0 0.0 0.0 0.0 0.0 0.0008884329024210181 0.999111567097579, 
54, 1111111111, 0111111111, 0.9708487450970955, 0.9999436890519415, 0.0 0.0 0.0 0.0 0.0 0.00033786568835041347 0.9996621343116495, 
55, 1111111111, 1111111111, 0.9692114055255981, 0.9999565775254057, 0.0 0.0 0.0 0.0 0.0 0.00026053484756605964 0.999739465152434, 
56, 1111111111, 0111111111, 0.9682940163529207, 0.9998705332785738, 0.0 0.0 0.0 0.0 0.0 0.0007768003285577183 0.9992231996714424, 
57, 1111111110, 1111111110, 0.9708924344955852, 0.9999851942122826, 0.0 0.0 0.0 0.0 0.0 8.88347263045538e-05 0.9999111652736955, 
58, 1111111111, 1111111111, 0.9677646759625435, 0.9997572434719185, 0.0 0.0 0.0 0.0 0.0 0.0014565391684884116 0.9985434608315116, 
59, 1111111111, 1111111111, 0.967981699685009, 0.9998452384034544, 0.0 0.0 0.0 0.0 0.0 0.0009285695792732848 0.9990714304207267, 
60, 1111111111, 1111111111, 0.9689946542104423, 0.9999225384342174, 0.0 0.0 0.0 0.0 0.0 0.0004647693946950776 0.9995352306053049, 
61, 1111111110, 1111111111, 0.9723418501961573, 0.9999168157651491, 0.0 0.0 0.0 0.0 0.0 0.0004991054091047105 0.9995008945908953, 
62, 1111111111, 1111111111, 0.9690435333272857, 0.9999113508409785, 0.0 0.0 0.0 0.0 0.0 0.0005318949541289465 0.999468105045871, 
63, 1111111110, 1111111111, 0.9668166715546108, 0.9998817684359321, 0.0 0.0 0.0 0.0 0.0 0.0007093893844071598 0.9992906106155928, 
64, 1111111111, 1111111111, 0.9681423544092499, 0.99992153395467, 0.0 0.0 0.0 0.0 0.0 0.00047079627198083764 0.9995292037280191, 
65, 1111111111, 1111111111, 0.9702872484293833, 0.9999013703757065, 0.0 0.0 0.0 0.0 0.0 0.0005917777457615307 0.9994082222542384, 
66, 1111111111, 1111111111, 0.9689960661739359, 0.9999016880603087, 0.0 0.0 0.0 0.0 0.0 0.0005898716381480012 0.999410128361852, 
67, 1111111111, 1111111111, 0.9689474268470066, 0.9999276598477803, 0.0 0.0 0.0 0.0 0.0 0.0004340409133183388 0.9995659590866817, 
68, 1111111111, 1111111111, 0.9692827594396167, 0.9999480573811994, 0.0 0.0 0.0 0.0 0.0 0.00031165571280387185 0.9996883442871962, 
69, 1111111111, 1111111111, 0.9688348961641589, 0.9999431004814672, 0.0 0.0 0.0 0.0 0.0 0.00034139711119697205 0.999658602888803, 
70, 1111111111, 1111111111, 0.9696308054670619, 0.9999174896083126, 0.0 0.0 0.0 0.0 0.0 0.0004950623501246103 0.9995049376498755, 
71, 0111111111, 1111111111, 0.9716787727270824, 0.9999582421441111, 0.0 0.0 0.0 0.0 0.0 0.00025054713533350395 0.9997494528646665, 
72, 0111111111, 1111111111, 0.9691517233829522, 0.9998536059595631, 0.0 0.0 0.0 0.0 0.0 0.0008783642426220503 0.9991216357573779, 
73, 1111111111, 1111111111, 0.9692317494916525, 0.9998954670899278, 0.0 0.0 0.0 0.0 0.0 0.0006271974604328757 0.9993728025395672, 
74, 1111111111, 0111111111, 0.9690262270266655, 0.9999422087643071, 0.0 0.0 0.0 0.0 0.0 0.0003467474141576247 0.9996532525858424, 
75, 1111111111, 0111111111, 0.9689374518574373, 0.9998838362194158, 0.0 0.0 0.0 0.0 0.0 0.0006969826835053306 0.9993030173164946, 
76, 1111111111, 0111111111, 0.9702458569644288, 0.9999423303025214, 0.0 0.0 0.0 0.0 0.0 0.00034601818487144646 0.9996539818151284, 
77, 1111111110, 1111111111, 0.9671699161398271, 0.9997762915518746, 0.0 0.0 0.0 0.0 0.0 0.0013422506887527446 0.9986577493112472, 
78, 1111111111, 1111111100, 0.96710069363787, 0.9998553075656325, 0.0 0.0 0.0 0.0 0.0 0.0008681546062051965 0.9991318453937947, 
79, 1111111111, 1111111111, 0.9691879565783621, 0.9998671149253442, 0.0 0.0 0.0 0.0 0.0 0.0007973104479343833 0.9992026895520656, 
80, 1111111110, 1111111110, 0.9698717881819813, 0.9998816246982457, 0.0 0.0 0.0 0.0 0.0 0.0007102518105252015 0.9992897481894748, 
81, 1111111111, 1111111111, 0.9705634549124437, 0.9998105545600097, 0.0 0.0 0.0 0.0 0.0 0.0011366726399422117 0.9988633273600577, 
82, 1111111111, 1111111111, 0.9684518865750568, 0.9999425245155498, 0.0 0.0 0.0 0.0 0.0 0.0003448529067013377 0.9996551470932986, 
83, 1111111111, 0111111111, 0.969639535876499, 0.999959528738735, 0.0 0.0 0.0 0.0 0.0 0.00024282756759063116 0.9997571724324094, 
84, 0111111110, 1111111110, 0.9698119928849327, 0.9999596199655958, 0.0 0.0 0.0 0.0 0.0 0.00024228020642547376 0.9997577197935744, 
85, 1111111111, 1111111111, 0.9697662390062883, 0.9997806294421354, 0.0 0.0 0.0 0.0 0.0 0.001316223347187865 0.9986837766528122, 
86, 1111111110, 1111111111, 0.9682408021637721, 0.9999317742096451, 0.0 0.0 0.0 0.0 0.0 0.0004093547421300278 0.99959064525787, 
87, 1111111111, 1111111111, 0.9687593802588369, 0.9999235152193104, 0.0 0.0 0.0 0.0 0.0 0.000458908684136981 0.999541091315863, 
88, 0111111110, 1111111110, 0.9718937536497592, 0.9998423075690956, 0.0 0.0 0.0 0.0 0.0 0.0009461545854259672 0.999053845414574, 
89, 1111111111, 1111111111, 0.9688384571385362, 0.9998847001927489, 0.0 0.0 0.0 0.0 0.0 0.0006917988435065746 0.9993082011564934, 
90, 1111111111, 1111111111, 0.9689367768187135, 0.9998195512455526, 0.0 0.0 0.0 0.0 9.225882294972736e-05 0.0008981748807854311 0.9990095662962648, 
91, 1111111111, 1111111111, 0.968769056112537, 0.9999692069725405, 0.0 0.0 0.0 0.0 0.0 0.0001847581647561384 0.9998152418352438, 
92, 1111111111, 1111111111, 0.9687145544348794, 0.9999745065000174, 0.0 0.0 0.0 0.0 0.0 0.00015296099989593027 0.9998470390001041, 
93, 0111111110, 1111111111, 0.9683402450620097, 0.9999477670339654, 0.0 0.0 0.0 0.0 0.0 0.00031339779620748187 0.9996866022037925, 
94, 1111111111, 1111111111, 0.9711819085648412, 0.9999482596130883, 0.0 0.0 0.0 0.0 0.0 0.0003104423214705785 0.9996895576785295, 
95, 1111111110, 1111111111, 0.9684162611346001, 0.9998857141258761, 0.0 0.0 0.0 0.0 0.0 0.000685715244743086 0.9993142847552569, 
96, 1111111111, 1111111111, 0.9676853203727755, 0.9999291764444159, 0.0 0.0 0.0 0.0 0.0 0.0004249413335048584 0.9995750586664951, 
97, 1111111111, 0111111111, 0.9704961772270905, 0.9998873405227376, 0.0 0.0 0.0 0.0 0.0 0.0006759568635742436 0.9993240431364259, 
98, 1111111110, 1111111111, 0.9676984698869309, 0.9999826223610014, 0.0 0.0 0.0 0.0 0.0 0.00010426583399142536 0.9998957341660085, 
99, 0111111100, 1111111111, 0.9697365913975909, 0.9999160124066597, 0.0 0.0 0.0 0.0 0.0 0.0005039255600415028 0.9994960744399585, 
100, 0111111111, 1111111110, 0.9700660135431272, 0.9999754581353234, 0.0 0.0 0.0 0.0 0.0 0.00014725118805987493 0.9998527488119401, 
run, initial grid state, final grid state, mean grid cell occupancy, mean binding site occupancy, fraction of time with N TFs bound, warning
1, 1111111111, 1111111111, 0.9687498060999884, 0.9997983884289822, 0.0 0.0 0.0 0.0 0.0 0.0012096694261064414 0.9987903305738937, 
2, 1111111111, 0111111100, 0.9690113720768754, 0.9999143093003281, 0.0 0.0 0.0 0.0 0.0 0.000514144198031766 0.9994858558019682, 
3, 1111111111, 0111111111, 0.9678617914563702, 0.999881669657247, 0.0 0.0 0.0 0.0 0.0 0.0007099820565182821 0.9992900179434817, 
4, 1111111111, 1111111111, 0.9688128644967381, 0.9999263861947152, 0.0 0.0 0.0 0.0 0.0 0.000441682831709062 0.9995583171682909, 
5, 1111111111, 1111111111, 0.9697757872821408, 0.9999892549033207, 0.0 0.0 0.0 0.0 0.0 6.447058007631982e-05 0.9999355294199236, 
6, 0011111111, 1111111111, 0.971325012856321, 0.9999086755008085, 0.0 0.0 0.0 0.0 0.0 0.0005479469951483464 0.9994520530048517, 
7, 1111111111, 1111111111, 0.9700659179985125, 0.9998079096296827, 0.0 0.0 0.0 0.0 0.0 0.001152542221903659 0.9988474577780964, 
8, 0111111111, 1111111111, 0.9688695843593415, 0.9998615672081673, 0.0 0.0 0.0 0.0 0.0 0.0008305967509958857 0.9991694032490042, 
9, 1111111110, 1111111111, 0.9675368775028645, 0.9998898403208675, 0.0 0.0 0.0 0.0 0.0 0.0006609580747949224 0.9993390419252051, 
10, 1111111110, 1111111111, 0.9701827727662816, 0.9999653295442301, 0.0 0.0 0.0 0.0 0.0 0.00020802273461886813 0.999791977265381, 
11, 1111111111, 1111111111, 0.9713792216378674, 0.9999154364616615, 0.0 0.0 0.0 0.0 0.0 0.0005073812300315499 0.9994926187699684, 
12, 1111111111, 0111111111, 0.9686321977804592, 0.9999720359009332, 0.0 0.0 0.0 0.0 0.0 0.00016778459440095083 0.9998322154055991, 
13, 1111111111, 1111111111, 0.9687209028924864, 0.9999209437941862, 0.0 0.0 0.0 0.0 0.0 0.00047433723488285424 0.9995256627651171, 
14, 1111111111, 1111111111, 0.9700411786977647, 0.9999336336712328, 0.0 0.0 0.0 0.0 0.0 0.0003981979726032416 0.9996018020273968, 
15, 1111111111, 0111111111, 0.9688779993789279, 0.9998762948374394, 0.0 0.0 0.0 0.0 0.0 0.0007422309753637086 0.9992577690246363, 
16, 0111111111, 1111111111, 0.9702486161937263, 0.9999290040741187, 0.0 0.0 0.0 0.0 0.0 0.0004259755552876421 0.9995740244447123, 
17, 1111111111, 1111111111, 0.9678516225206774, 0.9999341523024776, 0.0 0.0 0.0 0.0 0.0 0.00039508618513413833 0.9996049138148658, 
18, 1111111111, 1111111110, 0.967396911651965, 0.9998187366031868, 0.0 0.0 0.0 0.0 0.0 0.0010875803808791011 0.998912419619121, 
19, 1111111111, 1111111111, 0.9673735527366648, 0.999987504936662, 0.0 0.0 0.0 0.0 0.0 7.497038002808533e-05 0.999925029619972, 
20, 0111111110, 1111111111, 0.9681415163831683, 0.9997812544623981, 0.0 0.0 0.0 0.0 0.0 0.001312473225611586 0.9986875267743884, 
21, 1111111110, 1111111111, 0.9693414690464051, 0.9999290822090818, 0.0 0.0 0.0 0.0 0.0 0.00042550674550930655 0.9995744932544907, 
22, 1111111111, 1111111111, 0.9697537666072628, 0.9998902855323437, 0.0 0.0 0.0 0.0 0.0 0.0006582868059376875 0.9993417131940623, 
23, 1111111111, 1111111111, 0.9684999876808319, 1.0, 0.0 0.0 0.0 0.0 0.0 0.0 1.0, 
24, 1111111111, 1111111111, 0.9703261050820307, 0.9998491046553032, 0.0 0.0 0.0 0.0 0.0 0.0009053720681803495 0.9990946279318197, 
25, 1111111111, 1111111111, 0.9693495391852192, 0.9999807947692525, 0.0 0.0 0.0 0.0 0.0 0.0001152313844853267 0.9998847686155147, 
26, 0111111111, 1111111111, 0.9717141172609436, 0.9998939648322297, 0.0 0.0 0.0 0.0 0.0 0.0006362110066208881 0.9993637889933792, 
27, 1111111111, 0111111111, 0.9684290960085491, 0.9998774914801927, 0.0 0.0 0.0 0.0 0.0 0.000735051118844265 0.9992649488811557, 
28, 1111111111, 1111111111, 0.9678352527407642, 0.9999415329004578, 0.0 0.0 0.0 0.0 0.0 0.00035080259725315226 0.9996491974027469, 
29, 1111111111, 1111111111, 0.9682931886923557, 0.9998497353708536, 0.0 0.0 0.0 0.0 0.0 0.0009015877748786835 0.9990984122251213, 
30, 1111111111, 1111111111, 0.9692672678445642, 0.999893906706019, 0.0 0.0 0.0 0.0 0.0 0.0006365597638855661 0.9993634402361145, 
31, 1111111111, 0111111111, 0.9697726953241603, 1.0, 0.0 0.0 0.0 0.0 0.0 0.0 1.0, 
32, 1111111111, 1111111100, 0.9687325412253331, 0.9999261282740673, 0.0 0.0 0.0 0.0 0.0 0.00044323035559584603 0.9995567696444041, 
33, 1111111111, 1111111111, 0.9702400766585796, 0.9999946231945175, 0.0 0.0 0.0 0.0 0.0 3.226083289504051e-05 0.999967739167105, 
34, 1111111111, 1111111111, 0.9693950563372093, 0.9999436702208496, 0.0 0.0 0.0 0.0 0.0 0.0003379786749024902 0.9996620213250975, 
35, 1111111111, 0111111111, 0.9698727356267685, 0.9998637933983396, 0.0 0.0 0.0 0.0 0.0 0.0008172396099623895 0.9991827603900377, 
36, 1111111111, 1111111110, 0.9695692188153686, 0.999995631175932, 0.0 0.0 0.0 0.0 0.0 2.6212944407349537e-05 0.9999737870555927, 
37, 0011111111, 1111111111, 0.9682991424676897, 0.9999600156405474, 0.0 0.0 0.0 0.0 0.0 0.0002399061567161764 0.9997600938432839, 
38, 1111111111, 1111111111, 0.9689022611364695, 0.999948296703034, 0.0 0.0 0.0 0.0 0.0 0.0003102197817964213 0.9996897802182035, 
39, 1111111111, 1111111110, 0.9701793581782486, 0.9998534142631083, 0.0 0.0 0.0 0.0 0.0 0.0008795144213507997 0.9991204855786493, 
40, 1111111111, 1111111111, 0.9678537291959872, 0.9998239484598374, 0.0 0.0 0.0 0.0 0.0 0.0010563092409761178 0.9989436907590238, 
41, 1111111111, 1111111111, 0.9700753876278633, 0.9998720265368073, 0.0 0.0 0.0 0.0 0.0 0.0007678407791560036 0.999232159220844, 
42, 1111111111, 1111111111, 0.9700196176505312, 0.9998826074368401, 0.0 0.0 0.0 0.0 0.0 0.0007043553789595194 0.9992956446210405, 
43, 1111111111, 1111111111, 0.9660130489736944, 0.9998060896345725, 0.0 0.0 0.0 0.0 0.0 0.0011634621925650465 0.998836537807435, 
44, 1111111111, 1111111111, 0.9682383284927789, 0.9998282640276284, 0.0 0.0 0.0 0.0 0.0 0.001030415834230667 0.9989695841657693, 
45, 1111111111, 1111111111, 0.9676377611975362, 0.9999343495540436, 0.0 0.0 0.0 0.0 0.0 0.0003939026757384481 0.9996060973242615, 
46, 1111111111, 0011111110, 0.9684845068747571, 0.9998221709368257, 0.0 0.0 0.0 0.0 0.0 0.001066974379045282 0.9989330256209548, 
47, 0011111111, 1111111111, 0.9678549459077197, 0.9999420718720174, 0.0 0.0 0.0 0.0 0.0 0.0003475687678945632 0.9996524312321053, 
48, 1111111110, 1111111111, 0.9683053741889608, 0.9999465046750835, 0.0 0.0 0.0 0.0 0.0 0.0003209719494990791 0.9996790280505009, 
49, 1111111111, 1111111111, 0.9687526223393814, 0.9998621124067711, 0.0 0.0 0.0 0.0 0.0 0.0008273255593732425 0.9991726744406267, 
50, 1111111111, 1111111111, 0.9693425911401713, 0.9997501021128277, 0.0 0.0 0.0 0.0 0.0 0.0014993873230344339 0.9985006126769657, 
51, 1111111111, 1111111111, 0.9714944795451765, 0.9998889917321742, 0.0 0.0 0.0 0.0 0.0 0.0006660496069549946 0.999333950393045, 
52, 1111111111, 1111111111, 0.9686131897337459, 0.9997854376844855, 0.0 0.0 0.0 0.0 0.0 0.0012873738930865978 0.9987126261069135, 
53, 1111111110, 1111111111, 0.9682129313731069, 0.9997916080376168, 0.0 0.0 0.0 0.0 0.0 0.0012503517742995277 0.9987496482257004, 
54, 0111111111, 1111111111, 0.9678705340701785, 0.9999847676298781, 0.0 0.0 0.0 0.0 0.0 9.13942207320531e-05 0.999908605779268, 
55, 1111111111, 0111111111, 0.9680357975661688, 0.9999791624617578, 0.0 0.0 0.0 0.0 0.0 0.00012502522945291938 0.999874974770547, 
56, 1111111111, 0111111111, 0.9674914976288628, 0.9999761725659451, 0.0 0.0 0.0 0.0 0.0 0.00014296460432969388 0.9998570353956703, 
57, 1111111111, 1111111111, 0.970597693326273, 0.9998688308654727, 0.0 0.0 0.0 0.0 0.0 0.0007870148071642436 0.9992129851928357, 
58, 1111111111, 1111111111, 0.9677785268783369, 0.9998358408270797, 0.0 0.0 0.0 0.0 0.0 0.0009849550375222308 0.9990150449624778, 
59, 0111111111, 1111111111, 0.969541038954297, 0.9998412423580008, 0.0 0.0 0.0 0.0 0.0 0.0009525458519951324 0.9990474541480049, 
60, 1111111111, 1111111111, 0.9686734098189417, 0.9999135666081671, 0.0 0.0 0.0 0.0 0.0 0.0005186003509971925 0.9994813996490027, 
61, 1111111111, 1111111111, 0.9688060257193952, 0.9999224053706909, 0.0 0.0 0.0 0.0 0.0 0.00046556777585421286 0.9995344322241457, 
62, 1111111111, 0111111111, 0.9699146877287195, 0.9999522313111663, 0.0 0.0 0.0 0.0 0.0 0.0002866121330025579 0.9997133878669975, 
63, 0111111111, 1111111111, 0.9687335039378631, 0.9999475047314031, 0.0 0.0 0.0 0.0 0.0 0.000314971611580281 0.9996850283884198, 
64, 1111111111, 1111111111, 0.9708205775248387, 0.999990491749432, 0.0 0.0 0.0 0.0 0.0 5.7049503407932455e-05 0.9999429504965921, 
65, 1111111111, 0111111111, 0.9700978254489667, 0.9999392978246657, 0.0 0.0 0.0 0.0 0.0 0.0003642130520059381 0.9996357869479942, 
66, 1111111111, 1111111110, 0.9703395129087344, 0.9999846006399878, 0.0 0.0 0.0 0.0 0.0 9.239616007305326e-05 0.9999076038399269, 
67, 1111111111, 1111111111, 0.9686048225578695, 0.9999646176762735, 0.0 0.0 0.0 0.0 0.0 0.0002122939423582667 0.9997877060576418, 
68, 1111111111, 1111111111, 0.9686676416396361, 1.0, 0.0 0.0 0.0 0.0 0.0 0.0 1.0, 
69, 1111111111, 1111111111, 0.9708213290050645, 0.9999871477449682, 0.0 0.0 0.0 0.0 0.0 7.711353019091344e-05 0.9999228864698091, 
70, 1111111110, 0111111111, 0.9665248781828847, 0.9998474918976229, 0.0 0.0 0.0 0.0 0.0 0.0009150486142631229 0.9990849513857369, 
71, 1111111111, 1111111111, 0.9680558841987921, 0.9998825682124248, 0.0 0.0 0.0 0.0 0.0 0.0007045907254512536 0.9992954092745487, 
72, 1111111111, 1111111111, 0.9698867997334991, 0.999909101534646, 0.0 0.0 0.0 0.0 0.0 0.0005453907921242713 0.9994546092078758, 
73, 1111111111, 1111111111, 0.968803703295478, 0.9998560019615047, 0.0 0.0 0.0 0.0 0.0 0.0008639882309717648 0.9991360117690283, 
74, 1111111111, 1111111111, 0.9682899764734123, 0.9998174190316108, 0.0 0.0 0.0 0.0 1.1350149629023811e-05 0.001072785511076812 0.9989158643392941, 
75, 0111111111, 1111111110, 0.9682845776380954, 0.9998537274184841, 0.0 0.0 0.0 0.0 0.0 0.0008776354890948959 0.9991223645109051, 
76, 1111111111, 0111111111, 0.9687338809815103, 0.999804020941314, 0.0 0.0 0.0 0.0 0.0 0.0011758743521155062 0.9988241256478845, 
77, 1111111111, 1111111111, 0.9716069491179286, 0.9999479434965636, 0.0 0.0 0.0 0.0 0.0 0.0003123390206184841 0.9996876609793816, 
78, 1111111111, 1111111111, 0.9695247579668118, 0.9998564382421924, 0.0 0.0 0.0 0.0 0.0002360896568584442 0.00038919123312893363 0.9993747191100126, 
79, 1111111111, 1111111111, 0.9686761137853782, 0.9997767804264082, 0.0 0.0 0.0 0.0 0.0002647209970214253 0.0008098754475080966 0.9989254035554704, 
80, 1111111111, 1111111111, 0.9698669479615374, 0.99996011733505, 0.0 0.0 0.0 0.0 0.0 0.0002392959897003287 0.9997607040102997, 
81, 1111111111, 1111111111, 0.9688543584959007, 0.9998086274385124, 0.0 0.0 0.0 0.0 0.0 0.0011482353689257444 0.9988517646310742, 
82, 1111111111, 1111111111, 0.9678439763282882, 0.9999400488549951, 0.0 0.0 0.0 0.0 0.0 0.00035970687002971055 0.9996402931299704, 
83, 1111111111, 1111111111, 0.9686886414710107, 0.9997301443023823, 0.0 0.0 0.0 0.0 0.0005747028554620061 0.0004697284747824924 0.9989555686697554, 
84, 1111111111, 1111111111, 0.9700228204694743, 0.9999375168239848, 0.0 0.0 0.0 0.0 0.0 0.0003748990560916775 0.9996251009439082, 
85, 1111111111, 1111111111, 0.9690123408390334, 0.9998613969965414, 0.0 0.0 0.0 0.0 0.0 0.0008316180207516607 0.9991683819792483, 
86, 1111111111, 1111111110, 0.968641289731856, 0.999806670121505, 0.0 0.0 0.0 0.0 9.84572148258913e-05 0.0009630648413179033 0.9989384779438563, 
87, 1111111111, 1111111111, 0.968834347831554, 0.999855081797943, 0.0 0.0 0.0 0.0 0.0 0.000869509212341862 0.9991304907876581, 
88, 1111111111, 1111111111, 0.9694834677171769, 1.0, 0.0 0.0 0.0 0.0 0.0 0.0 1.0, 
89, 1111111111, 0111111110, 0.9684498885619626, 0.9999398614719351, 0.0 0.0 0.0 0.0 0.0 0.00036083116838954915 0.9996391688316104, 
90, 1111111111, 1111111110, 0.969985261418904, 0.9998695584361659, 0.0 0.0 0.0 0.0 0.0 0.0007826493830048877 0.999217350616995, 
91, 1111111111, 1111111111, 0.9691213047243498, 0.9999378634757028, 0.0 0.0 0.0 0.0 0.0 0.00037281914578290206 0.9996271808542171, 
92, 1111111111, 1111111111, 0.9691957160471368, 0.9999785078403799, 0.0 0.0 0.0 0.0 0.0 0.00012895295772087005 0.9998710470422791, 
93, 1111111111, 0111111111, 0.9688298871725795, 0.9999731741642425, 0.0 0.0 0.0 0.0 0.0 0.00016095501454495246 0.9998390449854551, 
94, 0111111111, 1111111111, 0.9695032880925095, 0.9998905537434742, 0.0 0.0 0.0 0.0 0.0 0.0006566775391546281 0.9993433224608453, 
95, 1111111111, 1111111100, 0.9702957672402156, 0.9999278674977531, 0.0 0.0 0.0 0.0 0.0 0.0004327950134817262 0.9995672049865183, 
96, 1111111111, 1111111110, 0.9669239670501525, 0.999952036820166, 0.0 0.0 0.0 0.0 0.0 0.0002877790790041855 0.9997122209209959, 
97, 0111111111, 1111111111, 0.9705156958201477, 0.9999652346359912, 0.0 0.0 0.0 0.0 0.0 0.00020859218405297822 0.999791407815947, 
98, 0111111111, 1111111111, 0.9692884305407482, 0.9997889639643531, 0.0 0.0 0.0 0.0 0.00026778109160491395 0.000730654030671219 0.9990015648777238, 
99, 1111111110, 0111111111, 0.9719371626941539, 0.9999802930057952, 0.0 0.0 0.0 0.0 0.0 0.00011824196522905712 0.999881758034771, 
100, 1111111111, 1111111111, 0.9711516068281372, 0.9999819265513299, 0.0 0.0 0.0 0.0 0.0 0.00010844069202071143 0.9998915593079792, 
run, initial grid state, final grid state, mean grid cell occupancy, mean binding site occupancy, fraction of time with N TFs bound, warning
1, 0111111111, 1111111111, 0.9707448651886551, 0.9998063478056194, 0.0 0.0 0.0 0.0 0.0 0.0011619131662831419 0.9988380868337168, 
2, 1111111111, 1111111111, 0.9694118013408556, 0.9999641245517418, 0.0 0.0 0.0 0.0 0.0 0.00021525268954958231 0.9997847473104504, 
3, 0111111111, 0111111111, 0.9672989434167187, 0.9998661619662075, 0.0 0.0 0.0 0.0 0.0001168282758443696 0.0005693716510661443 0.9993138000730895, 
4, 1111111111, 1111111111, 0.9694728412537608, 0.9999226697754736, 0.0 0.0 0.0 0.0 0.0 0.0004639813471585183 0.9995360186528415, 
5, 1111111111, 0111111111, 0.9698049235963762, 0.9998080548046773, 0.0 0.0 0.0 0.0 0.0 0.001151671171936123 0.9988483288280638, 
6, 1111111111, 1111111111, 0.9681444490944004, 0.9996596778424308, 0.0 0.0 0.0 0.0 3.971408552816936e-05 0.0019625047743589536 0.9979977811401128, 
7, 1111111111, 1111111111, 0.9672046271525125, 0.9998569811364502, 0.0 0.0 0.0 0.0 0.0 0.0008581131812986305 0.9991418868187013, 
8, 0111111110, 1111111100, 0.9672622268323547, 0.9999214814383836, 0.0 0.0 0.0 0.0 0.0 0.0004711113696986152 0.9995288886303014, 
9, 1111111111, 1111111111, 0.9694863587061037, 0.9999713913308999, 0.0 0.0 0.0 0.0 0.0 0.00017165201460120222 0.9998283479853989, 
10, 1111111111, 1111111111, 0.9695589909185423, 0.9998504777725098, 0.0 0.0 0.0 0.0 5.22204082835572e-05 0.0007926925483743349 0.999155087043342, 
11, 1111111111, 1111111111, 0.9685715298912333, 0.9997568348715459, 0.0 0.0 0.0 0.0 0.0 0.0014589907707242878 0.9985410092292757, 
12, 1111111111, 1111111111, 0.9691217734401223, 0.9999500119361993, 0.0 0.0 0.0 0.0 0.0 0.0002999283828049046 0.9997000716171952, 
13, 1111111111, 1111111111, 0.9674531939249482, 0.9999508403294544, 0.0 0.0 0.0 0.0 0.0 0.00029495802327374616 0.9997050419767263, 
14, 1111111111, 0111111111, 0.9675255853246426, 0.9998020771518535, 0.0 0.0 0.0 0.0 0.0 0.0011875370888781423 0.9988124629111218, 
15, 1111111111, 1111111111, 0.9693300725796664, 0.9999347515861162, 0.0 0.0 0.0 0.0 0.0 0.0003914904833025024 0.9996085095166976, 
16, 1111111111, 1111111111, 0.9686294460784062, 0.9999354822040597, 0.0 0.0 0.0 0.0 0.0 0.0003871067756424879 0.9996128932243575, 
17, 1111111110, 1111111111, 0.9701678489329127, 0.9999366631449556, 0.0 0.0 0.0 0.0 0.0 0.00038002113026735325 0.9996199788697325, 
18, 0111111111, 0111111111, 0.9714817036827099, 0.9998871956084706, 0.0 0.0 0.0 0.0 0.0 0.0006768263491763528 0.9993231736508237, 
19, 1111111111, 1111111111, 0.9713426870262882, 0.999892841785201, 0.0 0.0 0.0 0.0 0.0 0.0006429492887947104 0.9993570507112054, 
20, 1111111111, 1111111111, 0.9692151039127024, 0.9998420043335171, 0.0 0.0 0.0 0.0 0.0 0.0009479739988978703 0.9990520260011021, 
21, 1111111111, 1111111111, 0.9691679790988652, 0.9998886654118896, 0.0 0.0 0.0 0.0 0.00023369274603764214 0.00020062203658699986 0.9995656852173754, 
22, 0111111111, 1111111111, 0.969613683551564, 0.9999942784090703, 0.0 0.0 0.0 0.0 0.0 3.432954557793481e-05 0.9999656704544221, 
23, 1111111111, 1111111111, 0.9695177141324232, 0.9998435544365717, 0.0 0.0 0.0 0.0 0.0 0.0009386733805700426 0.9990613266194299, 
24, 1111111111, 1111111111, 0.9700683067332216, 0.9998959453888574, 0.0 0.0 0.0 0.0 0.0 0.0006243276668556531 0.9993756723331444, 
25, 1111111111, 1111111110, 0.9676117634771307, 0.9999376110001902, 0.0 0.0 0.0 0.0 0.0 0.00037433399885838936 0.9996256660011417, 
26, 1111111111, 1111111111, 0.9678595635523423, 0.9995306679189123, 0.0 0.0 0.0 0.0 3.220950691839059e-05 0.00275157347268868 0.997216217020393, 
27, 1111111111, 1111111111, 0.969736103233862, 0.9999876543286853, 0.0 0.0 0.0 0.0 0.0 7.407402788826397e-05 0.9999259259721117, 
28, 0111111110, 1111111111, 0.9682724980921396, 0.9997845152703758, 0.0 0.0 0.0 0.0 0.0 0.0012929083777450379 0.998707091622255, 
29, 1111111111, 0111111111, 0.9696680764635973, 0.9999584070439149, 0.0 0.0 0.0 0.0 0.0 0.0002495577365109466 0.9997504422634891, 
30, 1111111111, 1111111111, 0.9696027145135577, 0.9998505140458416, 0.0 0.0 0.0 0.0 0.0 0.0008969157249503476 0.9991030842750496, 
31, 1111111111, 0111111111, 0.9696836045271908, 0.9997530533975977, 0.0 0.0 0.0 0.0 6.343568916298093e-05 0.0013548082360882417 0.9985817560747489, 
32, 1111111111, 0111111111, 0.9691585849135316, 0.9998332467178341, 0.0 0.0 0.0 0.0 0.0 0.0010005196929953211 0.9989994803070047, 
33, 1111111111, 1111111110, 0.9714877903468512, 0.9999502000462911, 0.0 0.0 0.0 0.0 0.0 0.0002987997222538221 0.9997012002777462, 
34, 1111111111, 1111111111, 0.9696928780274829, 0.9999492178535483, 0.0 0.0 0.0 0.0 0.0 0.0003046928787102018 0.9996953071212898, 
35, 1111111110, 1111111111, 0.9709987264615288, 0.999991258002754, 0.0 0.0 0.0 0.0 0.0 5.245198347602571e-05 0.999947548016524, 
36, 0111111111, 1111111111, 0.9688554930690453, 0.9999999999999999, 0.0 0.0 0.0 0.0 0.0 0.0 0.9999999999999999, 
37, 1111111111, 1111111111, 0.9690406045397179, 0.9999540143313601, 0.0 0.0 0.0 0.0 0.0 0.0002759140118395714 0.9997240859881604, 
38, 1111111111, 1111111111, 0.9689677218316591, 0.9997701128355749, 0.0 0.0 0.0 0.0 0.0 0.0013793229865500542 0.99862067701345, 
39, 0111111111, 1111111111, 0.9672697190177855, 0.9998369264565333, 0.0 0.0 0.0 0.0 0.0 0.0009784412608008157 0.9990215587391991, 
40, 1111111111, 1111111111, 0.9688450743527218, 0.9999812693250539, 0.0 0.0 0.0 0.0 0.0 0.00011238404967648641 0.9998876159503235, 
41, 1111111111, 1111111111, 0.9683563200879765, 0.9998717673388527, 0.0 0.0 0.0 0.0 0.0 0.0007693959668835003 0.9992306040331165, 
42, 1111111111, 1111111111, 0.9689126873223249, 0.9999608422223478, 0.0 0.0 0.0 0.0 0.0 0.00023494666591308654 0.9997650533340869, 
43, 1111111111, 1111111110, 0.9702699060382107, 0.9999702211339463, 0.0 0.0 0.0 0.0 0.0 0.00017867319632269084 0.9998213268036773, 
44, 1111111111, 1111111111, 0.9682913717722911, 0.9999138886906678, 0.0 0.0 0.0 0.0 0.0 0.000516667855993511 0.9994833321440064, 
45, 1111111110, 1111111111, 0.9696592965013429, 0.9999495068308573, 0.0 0.0 0.0 0.0 0.0 0.0003029590148568153 0.9996970409851432, 
46, 1111111111, 1111111111, 0.9712549443660212, 0.9999662382077722, 0.0 0.0 0.0 0.0 0.0 0.00020257075336660655 0.9997974292466333, 
47, 1111111110, 1111111111, 0.969504153694253, 0.9997453618058981, 0.0 0.0 0.0 0.0 0.0 0.0015278291646110443 0.998472170835389, 
48, 1111111111, 0111111111, 0.9687189509484598, 0.9998126933940078, 0.0 0.0 0.0 0.0 0.0 0.0011238396359531295 0.9988761603640469, 
49, 1111111111, 1111111111, 0.9683049913677176, 0.9997383472297383, 0.0 0.0 0.0 0.0 0.0 0.001569916621569338 0.9984300833784306, 
50, 1111111100, 0111111111, 0.9685566130263487, 0.9999062176735857, 0.0 0.0 0.0 0.0 0.0 0.0005626939584855522 0.9994373060415144, 
51, 1111111111, 1111111110, 0.9685166998990511, 0.999840995367167, 0.0 0.0 0.0 0.0 0.0 0.0009540277969975697 0.9990459722030024, 
52, 1111111110, 1111111111, 0.9702569440415248, 0.9999577557162368, 0.0 0.0 0.0 0.0 0.0 0.0002534657025795891 0.9997465342974204, 
53, 1111111110, 1111111111, 0.9681228613078404, 0.9998590151198088, 0.0 0.0 0.0 0.0 0.0 0.0008459092811477325 0.9991540907188523, 
54, 0111111111, 1111111111, 0.9699281803095887, 0.9998930221372008, 0.0 0.0 0.0 0.0 0.0 0.0006418671767952612 0.9993581328232047, 
55, 1111111111, 1111111111, 0.9693402067782683, 0.999898171080975, 0.0 0.0 0.0 0.0 0.0 0.0006109735141500435 0.9993890264858499, 
56, 0111111110, 1111111111, 0.9687884026312252, 0.9999272715563503, 0.0 0.0 0.0 0.0 0.0 0.00043637066189839547 0.9995636293381015, 
57, 1111111111, 1111111111, 0.9699676842050786, 0.9999843642202022, 0.0 0.0 0.0 0.0 0.0 9.381467878670918e-05 0.9999061853212133, 
58, 1111111111, 1111111111, 0.9679541082202437, 0.9998579629042277, 0.0 0.0 0.0 0.0 0.0 0.0008522225746330299 0.999147777425367, 
59, 1111111111, 0011111111, 0.9693986197885612, 0.9998887804005204, 0.0 0.0 0.0 0.0 0.0 0.0006673175968774159 0.9993326824031225, 
60, 1111111111, 1111111111, 0.9696474308942519, 0.9997045593366474, 0.0 0.0 0.0 0.0 0.0 0.001772643980115432 0.9982273560198845, 
61, 1111111111, 1111111111, 0.9675831686534094, 0.9998552485631722, 0.0 0.0 0.0 0.0 0.0 0.0008685086209669203 0.9991314913790331, 
62, 1111111110, 0111111111, 0.9692110651855842, 0.9999418625973469, 0.0 0.0 0.0 0.0 0.0 0.00034882441591888665 0.9996511755840811, 
63, 1111111111, 0111111111, 0.9675976040648638, 0.9997286170821719, 0.0 0.0 0.0 0.0 0.0 0.0016282975069686059 0.9983717024930315, 
64, 1111111111, 1111111111, 0.968668721092401, 0.9999047596271552, 0.0 0.0 0.0 0.0 0.0 0.0005714422370681876 0.9994285577629317, 
65, 1111111111, 1111111111, 0.9695083289208168, 0.9999207639265981, 0.0 0.0 0.0 0.0 0.0 0.00047541644041166416 0.9995245835595884, 
66, 1111111111, 1111111111, 0.96748043751613, 0.9996887546909997, 0.0 0.0 0.0 0.0 0.0 0.0018674718540016525 0.9981325281459984, 
67, 1111111110, 1111111111, 0.9691195316525797, 0.999895918512027, 0.0 0.0 0.0 0.0 0.0 0.0006244889278386462 0.9993755110721614, 
68, 1111111100, 1111111110, 0.9681124706560522, 0.99995367566236, 0.0 0.0 0.0 0.0 0.0 0.00027794602583904347 0.999722053974161, 
69, 1111111111, 1111111111, 0.968123795802229, 0.9999422500678272, 0.0 0.0 0.0 0.0 0.0 0.00034649959303682755 0.9996535004069631, 
70, 1111111110, 1111111111, 0.9693747380452561, 0.9998962506004643, 0.0 0.0 0.0 0.0 9.149194237618218e-06 0.0006041980087391535 0.9993866527970232, 
71, 1111111111, 1111111100, 0.9706157439199298, 0.9999627845829391, 0.0 0.0 0.0 0.0 0.0 0.00022329250236636115 0.9997767074976336, 
72, 1111111111, 1111111111, 0.9696594804086696, 0.9998607072435899, 0.0 0.0 0.0 0.0 8.669687999498275e-05 0.0006623627784707432 0.9992509403415343, 
73, 1111111110, 1111111111, 0.9694950266025281, 0.999990574960996, 0.0 0.0 0.0 0.0 0.0 5.6550234023602227e-05 0.9999434497659764, 
74, 1111111111, 1111111111, 0.9693685566107133, 0.9999410412107017, 0.0 0.0 0.0 0.0 0.0 0.0003537527357892763 0.9996462472642107, 
75, 0111111111, 1111111111, 0.969479711844494, 0.9999952580107914, 0.0 0.0 0.0 0.0 0.0 2.8451935251780916e-05 0.9999715480647482, 
76, 0111111111, 1111111111, 0.9675164172777213, 0.999835618134902, 0.0 0.0 0.0 0.0 0.0 0.0009862911905884175 0.9990137088094115, 
77, 1111111111, 1111111100, 0.9712054283064099, 0.9999939841775691, 0.0 0.0 0.0 0.0 0.0 3.609493458588918e-05 0.9999639050654141, 
78, 1111111110, 1111111111, 0.9695126037681107, 0.9999740793384406, 0.0 0.0 0.0 0.0 0.0 0.00015552396935604866 0.9998444760306439, 
79, 1111111111, 1111111111, 0.9679678449433491, 0.9998673080288112, 0.0 0.0 0.0 0.0 0.0001030383265035493 0.0005900751741260573 0.9993068864993704, 
80, 1111111111, 1111111111, 0.967710703823236, 0.999855642665374, 0.0 0.0 0.0 0.0 0.0 0.0008661440077563126 0.9991338559922437, 
81, 1111111111, 1111111100, 0.9692951998813282, 0.9998687532496492, 0.0 0.0 0.0 0.0 0.0 0.0007874805021046456 0.9992125194978954, 
82, 1111111111, 1111111111, 0.9706463752778518, 0.9999732916292646, 0.0 0.0 0.0 0.0 0.0 0.0001602502244124526 0.9998397497755876, 
83, 0111111111, 1111111110, 0.9694735839192873, 0.9999764833375859, 0.0 0.0 0.0 0.0 0.0 0.00014109997448457848 0.9998589000255155, 
84, 1111111111, 1111111111, 0.9707662784266555, 0.9999658564648618, 0.0 0.0 0.0 0.0 0.0 0.0002048612108295872 0.9997951387891705, 
85, 1111111111, 0111111111, 0.9690617653724297, 0.9999604206929659, 0.0 0.0 0.0 0.0 0.0 0.0002374758422047751 0.9997625241577952, 
86, 1111111111, 1111111111, 0.9690628476442112, 0.9999795816724382, 0.0 0.0 0.0 0.0 0.0 0.0001225099653708296 0.9998774900346291, 
87, 1111111111, 0111111111, 0.969164345127119, 0.9999526765862217, 0.0 0.0 0.0 0.0 0.0 0.00028394048267063636 0.9997160595173294, 
88, 1111111111, 1111111111, 0.9694684802096355, 0.9999649922947107, 0.0 0.0 0.0 0.0 0.0 0.00021004623173577442 0.9997899537682642, 
89, 1111111111, 1111111111, 0.9672239878593953, 0.999907892356212, 0.0 0.0 0.0 0.0 0.0 0.000552645862728187 0.9994473541372718, 
90, 1111111111, 1111111111, 0.9684094128802941, 0.9999832869233573, 0.0 0.0 0.0 0.0 0.0 0.00010027845985611279 0.9998997215401438, 
91, 1111111111, 1111111110, 0.9684654116121373, 0.9998226187184437, 0.0 0.0 0.0 0.0 0.0 0.0010642876893378864 0.9989357123106621, 
92, 1111111111, 1111111111, 0.9706542441820118, 0.9998559630614761, 0.0 0.0 0.0 0.0 0.0 0.0008642216311434336 0.9991357783688566, 
93, 1111111110, 1111111111, 0.9686799351852763, 0.9999189433576079, 0.0 0.0 0.0 0.0 0.0 0.00048633985435301343 0.9995136601456469, 
94, 1111111111, 1111111111, 0.9693872777811736, 0.9999124281001969, 0.0 0.0 0.0 0.0 0.0 0.0005254313988186063 0.9994745686011814, 
95, 1111111111, 1111111111, 0.96719721153926, 0.9998674908633933, 0.0 0.0 0.0 0.0 4.749069247552326e-05 0.0007000734346886475 0.9992524358728359, 
96, 1111111111, 1111111111, 0.9687132896109368, 0.9997695905338323, 0.0 0.0 0.0 0.0 0.0 0.0013824567970067544 0.9986175432029932, 
97, 1111111111, 1111111111, 0.9688305364801404, 1.0, 0.0 0.0 0.0 0.0 0.0 0.0 1.0, 
98, 1111111111, 1111111110, 0.9692007112723103, 0.9998861717851211, 0.0 0.0 0.0 0.0 0.0 0.0006829692892735912 0.9993170307107263, 
99, 1111111111, 1111111111, 0.9699857582673655, 0.9998132093020711, 0.0 0.0 0.0 0.0 0.0 0.0011207441875742445 0.9988792558124258, 
100, 1111111111, 1111111111, 0.970283285568323, 0.9998825310931566, 0.0 0.0 0.0 0.0 0.0 0.0007048134410605544 0.9992951865589395, 
