run, initial grid state, final grid state, mean grid cell occupancy, mean binding site occupancy, fraction of time with N TFs bound, warning
1, 0011111100, 0011111100, 0.579408056701099, 0.9651108930503334, 0.0 0.0 0.0 0.0012162795077683244 0.01993931986733807 0.16580716344001933 0.8130372371848743, 
2, 0011111100, 0011111100, 0.5795510801647253, 0.9653324889539343, 0.0 0.0 0.00015325703519821165 0.0026984742940906682 0.022699180680531877 0.1538982538922666 0.8205508340979125, 
3, 0011111100, 0001111100, 0.5783467922877614, 0.9633461401084403, 0.0 0.0 0.0004281820398252634 0.0044696289418987714 0.026594765139337426 0.15161201408568534 0.8168954097932531, 
4, 0000111100, 0001111100, 0.5709622279143342, 0.9510470425672319, 0.01058044168034139 0.0005491444021685492 0.0010702147595172836 0.001213114050788567 0.024044329209922922 0.17148051289343633 0.7910622430038249, 
5, 0011111100, 0001111100, 0.5816178870965353, 0.9687947330039254, 0.0 0.0 0.0 0.0019282014848269191 0.022151958660220242 0.1371430802015264 0.8387767596534265, 
6, 0011111100, 0011111100, 0.5755924399678207, 0.9587646126286034, 0.0 0.0 0.0010114443955985704 0.002608909288431732 0.027688717223765164 0.1801623843331604 0.7885285447590441, 
7, 0011111100, 0011111000, 0.5723870163365641, 0.9534331828903433, 0.005804846646272455 0.0005178490330712 0.0008442647335505343 0.0036072282925498126 0.027730056837348558 0.17232372012840025 0.7891720343288072, 
8, 0011111100, 0011111100, 0.579024324916657, 0.9644492504101156, 0.0 0.0 0.0 0.00107898516519985 0.01849432148200312 0.17307889907970048 0.8073477942730966, 
9, 0011111100, 0011111100, 0.5760513513928986, 0.9595008489292907, 0.0 0.0 0.0010305418150037243 0.0037869207891710463 0.03669808534544866 0.15411580610583106 0.8043686459445455, 
10, 0011111100, 0011111100, 0.5767803127668173, 0.9607006197604442, 0.0 0.0 0.0 0.0014973878230359013 0.02683229703932902 0.17763952388956977 0.7940307912480653, 
11, 0011111100, 0011111100, 0.571711274062728, 0.9523101075316428, 0.0 0.0 0.0010784966468906402 0.010085367330639554 0.03682082422645723 0.1779276177777479 0.7740876940182646, 
12, 0011111100, 0011111100, 0.5812288748652734, 0.9681381817970489, 0.0 0.0 2.6041869938827694e-05 0.0028690139506443338 0.0184041401370487 0.14565141961192046 0.8330493844304476, 
13, 0011111100, 0011111100, 0.575641777206577, 0.9588146986509729, 0.005234834025594393 0.0003022223802532468 0.00041383473839691704 0.003352899235512756 0.021561749807204465 0.15935415576479445 0.8097803040482439, 
14, 0011111100, 0011111100, 0.582017627231304, 0.9694371380844149, 0.0 0.0 1.453770231371834e-05 0.0017091116961443422 0.013009554233989154 0.15217257712784454 0.8330942192397083, 
15, 0011111100, 0011111100, 0.5791976135411868, 0.9647376620010872, 0.0 0.0 0.000200005615444751 0.0025254827051837667 0.0267224551536199 0.14975264710890654 0.820799409416845, 
16, 0011111100, 0011111100, 0.5770453600011214, 0.9611729312304198, 0.0 0.0 0.00010858760662406681 0.003938514417436832 0.030675517483337703 0.15936148397199862 0.8059158965206027, 
17, 0011111100, 0011111100, 0.5787648296230076, 0.9640263929175125, 0.006066524247628052 0.0003514225965978985 0.0004406375784696851 0.002247756567402936 0.012670139603886256 0.14383928480230693 0.8343842346037083, 
18, 0011111100, 0011111100, 0.5794485040578935, 0.9651570658045208, 0.0 0.0 0.0 0.000760928740242081 0.02434117447387167 0.1580924700044052 0.816805426781481, 
19, 0011111100, 0011111100, 0.5771432808155813, 0.9613367851370824, 0.0 0.0 0.0 0.002289370187816804 0.027592863084822332 0.1699254524444105 0.8001923142829503, 
20, 0011111100, 0111111100, 0.5784399785186204, 0.9634765748004418, 0.0 0.0 0.0 0.0015706700916551478 0.02501508125004257 0.16439837842229862 0.8090158702360036, 
21, 0011111100, 0011111100, 0.5746664723035976, 0.9571934992139011, 0.0 0.0 0.0006358189323152743 0.005358952714111216 0.034337982576420616 0.16954290569215796 0.790124340084995, 
22, 0011111100, 0011111100, 0.5765412106402249, 0.9603205725014086, 0.0 0.0 7.07580891573429e-05 0.002866446478331199 0.026298624969030463 0.17659694326186406 0.794167227201617, 
23, 0011111000, 0011111100, 0.5653629390341076, 0.9417175993302022, 0.012584966339747677 0.0007210371776770409 0.004223325363730696 0.00510252646813355 0.0340047931556729 0.17036895292124643 0.7729943985737918, 
24, 0011111100, 0011111100, 0.5769179177129327, 0.9609710173925585, 0.0 0.0 0.0 0.0014206687292977456 0.028761484301480067 0.17238892085379554 0.7974289261154267, 
25, 0011111100, 0001111100, 0.5706541599061674, 0.9505286174436649, 0.010192698822578134 0.000536689460526875 0.0008536376356028942 0.004338785073038722 0.034072999097343945 0.1484117511436918 0.8015934387672176, 
26, 0011111000, 0011111100, 0.5777780279423861, 0.9624052930116832, 0.0 0.0 0.0004627756458330154 0.0038072073970257096 0.02416277113308906 0.1639699748893136 0.8075972709347385, 
27, 0011111100, 0011111100, 0.5652853068389639, 0.9415913648375078, 0.018822146129587033 0.0011716806818812232 0.0011432038865488482 0.004343117480152973 0.026521652949423272 0.16101505690252335 0.7869831419698833, 
28, 0011111000, 0001111100, 0.5804684549464362, 0.9668689114670956, 0.0 0.0 0.0 4.9961200304655795e-05 0.01825751644339493 0.16212161470972264 0.8195709076465778, 
29, 0011111100, 0001111100, 0.5783143540840564, 0.9632825016747413, 0.0 0.0 0.0 0.00299152071721866 0.02407286826577375 0.16318469126834895 0.8097509197486585, 
30, 0011111100, 0011111000, 0.5781664891840966, 0.9630635762135067, 0.0 0.0 0.0004954269128481547 0.0027139074584609834 0.02114317905236909 0.16920875458744675 0.806438731988875, 
31, 0011111100, 0011111000, 0.5781837444156133, 0.9630557931949102, 0.0 0.0 0.0007345241007963815 0.003503402951298432 0.027648251762577698 0.1529204320483025 0.815193389137025, 
32, 0001111100, 0011111100, 0.5756792727516015, 0.9589005728490969, 0.0 0.0 1.6713995393117267e-05 0.0033806069979617705 0.022669436783736573 0.1910490123624877 0.7828842298604208, 
33, 0011111100, 0011111100, 0.5736705835152867, 0.9555287278541307, 0.0019046804749890166 7.53276548933699e-05 0.0003832549635142655 0.007442086816772245 0.034821615507972616 0.16152040043049568 0.7938526341513629, 
34, 0011111100, 0000111000, 0.5786385703830879, 0.9638512855581887, 0.0 0.0 0.00014803170462256385 0.0026099240907528215 0.024743782780707164 0.15898282199870578 0.8135154394252117, 
35, 0011111100, 0011111100, 0.5803980274294537, 0.9667477567845112, 0.0 0.0 0.0 0.001311856839188848 0.021628127640700767 0.15232163349396488 0.8247383820261455, 
36, 0001111100, 0011111100, 0.5773942427259199, 0.9617508169189656, 0.0 0.0 0.00020693444618940352 0.0020233818729920613 0.02275264210114281 0.1770919308801877 0.797925110699488, 
37, 0011111100, 0011111100, 0.5743194044011493, 0.9566698449272808, 0.0 0.0 0.000667807505086687 0.00384274975990284 0.02828771658326522 0.18920601796973044 0.7779957081820149, 
38, 0011111100, 0001111100, 0.5774603846237406, 0.9618729710137152, 0.0 0.0 9.561747299943651e-05 0.002918737274988116 0.029367895601950432 0.16088770099684646 0.8067300486532156, 
39, 0001111000, 0011111100, 0.5767012381890882, 0.9605867458676352, 0.0 0.0 0.0 0.0038616131075224274 0.026332548775674515 0.17222958792027285 0.7975762501965301, 
40, 0011111100, 0011111100, 0.5751926336505983, 0.9580880331570251, 0.0 0.0 0.0005269768824983919 0.004160133750613065 0.03130964622772838 0.17426419982056016 0.7897390433186, 
41, 0011111000, 0001111100, 0.5758871138754773, 0.9592597945881758, 0.0 0.0 0.0012136878437659499 0.002832438410968956 0.02232459144915547 0.18643998296466371 0.787189299331446, 
42, 0011111000, 0011111100, 0.5780649627465297, 0.9628856717924158, 0.0 0.0 0.00019306825813832735 0.002229711693804945 0.023511547079735764 0.16820146697206537 0.8058642059962555, 
43, 0011111100, 0011111100, 0.5760953173539929, 0.9595846335486672, 0.0 0.0 0.0007539607388227326 0.004516823879434111 0.02951793633512209 0.16689001144415952 0.7983212676024616, 
44, 0011111100, 0011111100, 0.5757894658035276, 0.9590739496369887, 0.0 0.0 0.000480718241362004 0.007650359371968308 0.02638397030280868 0.16791441049109776 0.7975705415927633, 
45, 0011111100, 0011111100, 0.5714156831788425, 0.9518233060549869, 0.007720708429120331 0.00035587509727204124 0.0013832670350959967 0.004707508989775308 0.029461897100386634 0.1623771482985135 0.7939935950498362, 
46, 0011111100, 0011111100, 0.578262732700064, 0.963186967779243, 0.0 0.0 0.00013555662044698283 0.0030773208682174195 0.02956044460386946 0.15198311503036346 0.8152435628771028, 
47, 0011111100, 0011111100, 0.5806790390153596, 0.9672258407878389, 0.0 0.0 0.0 0.002088314398233436 0.022632498009953646 0.14511501605835952 0.8301641715334533, 
48, 0011111100, 0011111100, 0.5791575836654345, 0.9647036138666664, 0.0 0.0 0.00015811296747366584 0.0028473610330158185 0.019538404676623187 0.1635269724778131 0.8139291488450742, 
49, 0011111100, 0011111100, 0.5752678075455704, 0.9582202420043616, 0.0 0.0 0.0 0.002666656453746784 0.031133720788008128 0.1804111370365742 0.7857884857216709, 
50, 0001111100, 0011111100, 0.5788211613578589, 0.9641136852405159, 0.0 0.0 0.00044151340036664683 0.0042029513826491146 0.02340510224994511 0.15413277630760083 0.8178176566594383, 
51, 0011111100, 0001111100, 0.5780958873852332, 0.9628836529275202, 0.002961432545344886 0.00019835444248948776 0.001631124370188429 0.0032711087361930093 0.018708206013549382 0.15018347923393105 0.8230462946583037, 
52, 0001111100, 0011111100, 0.5793984815334182, 0.9650987409406843, 0.0 0.0 6.635805647850036e-05 0.00255463385435496 0.025828422177477762 0.14982137621195993 0.8217292096997288, 
53, 0011111100, 0011111100, 0.5761143535384384, 0.95962354666727, 0.0 0.0 0.0005455399789674509 0.0059196233991833805 0.02642565466829046 0.16946638054637925 0.7976428014071795, 
54, 0011111100, 0011111100, 0.5702901992372352, 0.9499045343369903, 0.011929219098195007 0.0006265884802106448 0.0010311294676134699 0.003370607042407847 0.02360653742025321 0.16441512314965095 0.7950207953416688, 
55, 0001111000, 0011111000, 0.5796243115673652, 0.9654607325749256, 0.0 0.0 0.0 0.002653288914903615 0.025176033618780777 0.14892367056817463 0.823247006898141, 
56, 0001111100, 0001111000, 0.5793878307227932, 0.9650493881005099, 0.0 0.0 0.0010391820379987216 0.004155846891979575 0.02165298907937777 0.14977342441025127 0.8233785575803926, 
57, 0011111100, 0011111100, 0.5747629084930022, 0.9573703792136345, 0.0 0.0 0.0013686492544730787 0.006078237222431032 0.029330295830204852 0.17340782437259736 0.7898149933202937, 
58, 0011111100, 0011111100, 0.5768441951153861, 0.9608302147379143, 0.0 0.0 0.0006564824342502299 0.0019356417858098231 0.023753825992953965 0.1790782044921759 0.7945758452948101, 
59, 0011111100, 0011111100, 0.5784269620027676, 0.9634743140497636, 0.0 0.0 0.0 0.0025609307033756796 0.02438224348121038 0.16270683662887023 0.8103499891865437, 
60, 0011111000, 0011111100, 0.5773698693519232, 0.9617347342291656, 0.0 0.0 7.049017917918307e-06 0.007240773234420879 0.022905041507448667 0.16203099583517475 0.8078161404050378, 
61, 0011111100, 0011111100, 0.5773098639760881, 0.9616361098200633, 0.0 0.0 7.112960302140031e-05 0.000938001288149669 0.021064419589681794 0.18495597962372148 0.7929704698954256, 
62, 0011111100, 0001111100, 0.57513614707884, 0.9579853115160312, 0.0 0.0 0.000760869629995312 0.00696408850316672 0.021633797978092145 0.18488479091814708 0.7857564529705987, 
63, 0011111100, 0011111100, 0.5803440976210055, 0.9666397001978501, 0.0 0.0 0.0 0.002168047995175187 0.01642468612364942 0.16080828258007512 0.8205989833011003, 
64, 0011111100, 0011111000, 0.5775227099419998, 0.9619462345288924, 0.0 0.0 0.0 0.0033632336469817726 0.02931391929271973 0.1596050533002609 0.8077177937600376, 
65, 0011111100, 0011111100, 0.5779965730975035, 0.9627793735896684, 0.0 0.0 0.00020568995616972445 0.004549676221395986 0.022991438905998075 0.1628690921611269 0.8093841027553093, 
66, 0011111100, 0011111100, 0.5762297970966518, 0.959798847512943, 0.0 0.0 0.001043581915413198 0.0020690110709318233 0.030347846979614707 0.17012986008866496 0.7964096999453752, 
67, 0011111100, 0011111100, 0.5807297065642484, 0.9673068548797741, 0.0 0.0 0.0 0.0006549200267272903 0.019064827521635845 0.1560644555979022 0.8242157968537347, 
68, 0011111100, 0000111100, 0.5767768055953097, 0.9607355840114379, 0.0 0.0 0.0 0.004949878129033843 0.02732723059414102 0.16608240035598942 0.8016404909208357, 
69, 0011111100, 0011111100, 0.5784813630515645, 0.9635532121282431, 0.0 0.0 0.0 0.0018832348148746147 0.022086943582486463 0.16885713562094465 0.8071726859816943, 
70, 0011111100, 0011111100, 0.5701617435678545, 0.9496999469810564, 0.008857894210256508 0.0005466791673065367 0.0005612843295256722 0.0033794312861783727 0.030565368156080623 0.1724053895267905 0.7836839533238618, 
71, 0011111100, 0011111000, 0.5778233833480972, 0.9624680757345622, 0.0 0.0 0.0001292557707933301 0.0014414204484938437 0.026440269746464955 0.16746972167104254 0.8045193323632053, 
72, 0011111000, 0011111100, 0.5807213267843669, 0.967287161438197, 0.0 0.0 0.0 0.00317844614959748 0.01538191451302388 0.15597786389597681 0.8254617754414019, 
73, 0011111100, 0011111100, 0.5797620926528292, 0.9656932404951238, 0.0 0.0 0.0013271390831506818 0.0019987887964491046 0.020821995544460126 0.15289164321838702 0.8229604333575531, 
74, 0011111100, 0011111100, 0.576366313469701, 0.9600550631748966, 0.0 0.0 0.0002180249096477599 0.003148053649920615 0.0266169764611944 0.17611940743987942 0.7938975375393578, 
75, 0011110100, 0011111100, 0.5653044246907208, 0.9416203693200512, 0.011495972146596084 0.0006979388832060212 0.0008207336588674215 0.006894089670997829 0.0374064081761673 0.1790342367832889 0.7636506206808764, 
76, 0011111000, 0011111100, 0.5787469517206553, 0.9639841830074508, 0.0 0.0 0.0 0.0012896518683679328 0.021822325047889966 0.16858129625441232 0.8083067268293298, 
77, 0011111100, 0001111100, 0.5748232181231915, 0.957470463065101, 0.0 0.0 0.0 0.004050912025306079 0.028563178133387622 0.1858981292667005 0.7814877805746057, 
78, 0011111100, 0011111100, 0.5782259218963186, 0.9631586889023124, 5.016421627912492e-05 5.910411469766071e-06 0.000707532084014884 0.002232787438844286 0.020609512018333453 0.16996981454184348 0.806424279289215, 
79, 0011111100, 0011111100, 0.5798451137204023, 0.9658186242236362, 0.0 0.0 0.0010945917591954411 0.002764646569608606 0.023759506755309304 0.14489693440195603 0.8274843205139307, 
80, 0011111100, 0001111100, 0.5780698994593856, 0.9628556907011203, 0.0 0.0 0.0 0.0030022720514150457 0.02516515299705266 0.16352873364492768 0.8083038413066047, 
81, 0001111100, 0011111100, 0.566859676094195, 0.9442054726449481, 0.010703212760152646 0.0004623798790758564 0.003722805027943906 0.009078006627433154 0.031012111321449237 0.1640865255370423 0.7809349588469029, 
82, 0011111100, 0001111100, 0.5809208777297006, 0.9676123212185087, 0.0 0.0 0.0 0.0012491191492989516 0.018939364395278737 0.1526999864504937 0.8271115300049285, 
83, 0011111100, 0011111000, 0.562990538806707, 0.937736023886311, 0.02532701857558673 0.0012897362662312244 0.000945007455215454 0.0023836433403430983 0.01710786921698225 0.17002636562160148 0.7829203595240398, 
84, 0011111100, 0001111100, 0.5779078304006928, 0.9626018678142116, 0.0005885322840666203 6.37015829734575e-05 0.000861390998336474 0.0020316737640505176 0.023315078446048354 0.1643683493178687 0.8087712736066558, 
85, 0011111100, 0011111100, 0.5767497094579557, 0.9606847935370277, 0.0 0.0 0.0007762900989677224 0.006553080627698955 0.02638474574088156 0.1603573450171029 0.805928538515349, 
86, 0011111100, 0011111100, 0.5770145675106085, 0.9611130901996171, 0.0 0.0 0.00010297905446801866 0.007416653964771088 0.027231888945477515 0.1561958027991574 0.809052675236126, 
87, 0011111100, 0001111100, 0.5802117498506781, 0.9664579986328823, 0.0 0.0 0.0 0.001009545363162316 0.018830337027048387 0.16056269805912265 0.8195974195506666, 
88, 0011111000, 0011111100, 0.5754076161451266, 0.9584546818325975, 0.0 0.0 0.0026526683440031605 0.007989858930018823 0.028332833407135737 0.1580259920240743 0.8029986472947681, 
89, 0001111100, 0011111100, 0.5757277070625325, 0.9589853328063624, 0.0 0.0 0.0 0.001886421255071759 0.028174621018795424 0.18407949735901927 0.7858594603671135, 
90, 0011111000, 0011111100, 0.5704307729854713, 0.9501334908379834, 0.009120888977366627 0.00043588609656390685 0.00044270769788174396 0.0023545392421264874 0.027676329584104074 0.17810718293896596 0.7818624654629912, 
91, 0011111100, 0011111100, 0.5786507245958606, 0.9638216557563992, 0.0 0.0 0.0 0.0018002258667596464 0.02097404212816816 0.16972130360499002 0.8075044284000822, 
92, 0011111100, 0011111100, 0.5733670512693801, 0.955045512906004, 0.01463177023138266 0.0008335799958041735 0.000783510560397832 0.0015489512061602018 0.013007579310919507 0.14397234671474837 0.8252222619805872, 
93, 0011111100, 0011111100, 0.5749758254065044, 0.9576980423561902, 0.0 0.0 0.000594206466090452 0.0037806605409852092 0.026593895183481674 0.18690514800857852 0.7821260898008641, 
94, 0011111100, 0011111100, 0.5790948199793569, 0.9645942983455984, 0.0 0.0 0.0 0.00046966620361038613 0.022491943308229026 0.1660413246991203 0.8109970657890403, 
95, 0011111100, 0011111100, 0.5762304582391741, 0.9598170790431891, 0.0 0.0 0.0 0.005542699815910628 0.024401984543040378 0.17566545720705315 0.7943898584339958, 
96, 0001111100, 0011111100, 0.5781916341241725, 0.9630756828281481, 0.0 0.0 0.0025837176473516507 0.0021013641491157455 0.022017953848437407 0.16087103229748298 0.8124259320576122, 
97, 0011111100, 0011111100, 0.5759538741807273, 0.9593598544880463, 0.00012822706599632897 8.029125558762322e-06 0.000447640276030898 0.006970206362976999 0.02679476483193288 0.16674065519103037 0.7989104771464738, 
98, 0001111000, 0011111100, 0.582196357213821, 0.9697648394366101, 0.0 0.0 0.0 0.0009273478940277439 0.01462124006332023 0.1493864395716156 0.8350649724710364, 
99, 0011111000, 0011111000, 0.5764360784276567, 0.9601523055920135, 0.0 0.0 0.00027810265882049286 0.003743884586714208 0.030473679407992723 0.1657947432365093 0.7997095901099633, 
100, 0011111100, 0001111100, 0.5771971689819406, 0.961407311152601, 0.0 0.0 0.000414477819704722 0.004206387297315972 0.02974071163046787 0.15779763665269114 0.8078407865998203, 
run, initial grid state, final grid state, mean grid cell occupancy, mean binding site occupancy, fraction of time with N TFs bound, warning
1, 0011111100, 0011111100, 0.577685879166119, 0.9622167561024088, 0.0 0.0 0.0002802982684435234 0.0029100230359766738 0.027906918278103963 0.1610343646476356 0.8078683957698403, 
2, 0011111100, 0011111100, 0.5778223772419406, 0.9624623330404874, 0.0 0.0 0.00041453911209322154 0.0021680346645413977 0.021820538004622678 0.17342266530583306 0.8021742229129096, 
3, 0011111100, 0001111100, 0.5808883596384963, 0.9675444543510794, 0.0 0.0 0.0 0.002375963148480008 0.01664859676149963 0.15430819092508483 0.8266672491649355, 
4, 0001111000, 0011111000, 0.5733903315695411, 0.955109458643006, 0.0 0.0 0.0001889212496100295 0.003196046536457155 0.03914112901297559 0.18071716550820066 0.7767567376927565, 
5, 0011111100, 0011111100, 0.5774586640169728, 0.9618759860734193, 0.0 0.0 0.0003139334894086633 0.004254498271484743 0.025949740233145203 0.16282537432110505 0.8066564536848564, 
6, 0011111100, 0011111100, 0.5784878979657382, 0.9635440339675023, 0.0 0.0 0.00015216871463366916 0.0012982609381758598 0.0177038752063316 0.17882458810926088 0.802021107031598, 
7, 0001111100, 0011111000, 0.5788953665334777, 0.9642230618256006, 0.0 0.0 0.0002761164391277517 0.005197305340779764 0.01942115237064324 0.15912294252625991 0.8159824833231893, 
8, 0011111100, 0011111100, 0.577790446143115, 0.9624068450713037, 0.0 0.0 0.00017026942093656175 0.004287801625940614 0.024276470967487165 0.16346150507563578 0.80780395291, 
9, 0011111100, 0011111100, 0.5766770944404562, 0.9605554507205649, 0.0 0.0 0.0003469900810573498 0.004514918804620362 0.023472187407562788 0.1747902041233943 0.7968756995833652, 
10, 0011111000, 0011111100, 0.575606043637724, 0.9587802006169961, 0.0 0.0 0.0001626569524725278 0.003532883789567663 0.030009997172388916 0.1760495227746532 0.7902449393109178, 
11, 0011111100, 0011111100, 0.5782163813434328, 0.9631140253113208, 0.0 0.0 0.0 0.0019449380188108624 0.024794788553595414 0.16589145696845184 0.8073688164591418, 
12, 0011111100, 0011111100, 0.5756185393970975, 0.9587879751614217, 0.0 0.0 0.0019083304157008442 0.005111844969323589 0.02944497821667629 0.16541333602734354 0.7981215103709557, 
13, 0011111100, 0011111100, 0.5766731932722995, 0.9605357014356168, 0.0 0.0 0.0 0.00334595406121393 0.029688558009538225 0.1673708131835807 0.7995946747456671, 
14, 0001111100, 0011111100, 0.5790423149679252, 0.9644872706555677, 0.0 0.0 0.000342030937820162 0.0012888231332160744 0.025040164376019122 0.15776145416362614 0.8155675273893185, 
15, 0011111100, 0011111100, 0.5744000877074824, 0.9567639825767019, 0.0 0.0 0.00048020354916538505 0.002612131120721499 0.034746751287741545 0.18016539440547938 0.7819955196368922, 
16, 0001111100, 0011111100, 0.5767918428544766, 0.9607576234424456, 0.0 0.0 0.00013615477846954548 0.0034373094479650257 0.03205633482487571 0.16048504223780127 0.8038851587108885, 
17, 0011111000, 0011111100, 0.575389273083576, 0.9584053873166455, 0.0 0.0 0.0 0.0019910689887277567 0.02920836970758626 0.18517772971877183 0.7836228315849142, 
18, 0011111000, 0011111100, 0.5767783628475088, 0.9607070437317, 0.0 0.0 0.0006747077670165895 0.0063824196788178555 0.028621728732142828 0.15666819004099386 0.8076529537810289, 
19, 0011111100, 0011111100, 0.5776370593506133, 0.9621596931661632, 0.0 0.0 0.0 0.002704919099585655 0.02717664167700488 0.16457380035025368 0.8055446388731559, 
20, 0011111100, 0011111100, 0.5773630464929884, 0.9616928518100799, 0.0 0.0 0.0021959355659421282 0.004009225784064066 0.022879654190615707 0.16327216114232906 0.8076430233170491, 
21, 0001111100, 0011111100, 0.5758057582836296, 0.9590903711963245, 0.0 0.0 6.586008035989034e-05 0.007032576887813848 0.02728483420466359 0.16952693342784483 0.7960897953993179, 
22, 0011111100, 0011111100, 0.576880155521046, 0.9609325647723796, 0.0 0.0 0.0 0.003141863099928175 0.022334169622096035 0.18031068282174592 0.79421328445623, 
23, 0001111100, 0011111100, 0.576162829703227, 0.9597070089220832, 0.0 0.0 0.0009880748398450442 0.0032565016490608166 0.032785984374095335 0.16246417341274824 0.8005052657242506, 
24, 0011111100, 0011111100, 0.5779180649358021, 0.9625959117625295, 0.0 0.0 0.00025611138531815434 0.0009411232245590572 0.026643914751068927 0.16728888470773565 0.8048699659313183, 
25, 0011111100, 0011111000, 0.5801125733873541, 0.9662588143016446, 0.0 0.0 0.0 0.0012216749227137791 0.020394708023554108 0.15799267337488243 0.8203909436788497, 
26, 0011111100, 0011111100, 0.5761722322749814, 0.9597301006009867, 0.0 0.0 0.0 0.002897564635653609 0.03370425926060059 0.1655181839659177 0.7978799921378281, 
27, 0011111000, 0011111100, 0.5718489029493908, 0.9524874403673753, 0.010701638272429363 0.000507337518728574 0.0006869199515688419 0.0034223856232769713 0.023456605526914538 0.15840079283759365 0.802824320269488, 
28, 0011111100, 0011111100, 0.5776070492649523, 0.9621256682597525, 0.0 0.0 0.0004345808236376444 0.0007721386849308013 0.031829741853933904 0.1595317673842733 0.8074317712532243, 
29, 0011111100, 0000111100, 0.5789780836732613, 0.9643620733354388, 0.0 0.0 0.0 0.002021815523659771 0.025129511510341464 0.15750309039570523 0.8153455825702935, 
30, 0011111100, 0011111000, 0.5719482226378059, 0.9526553008311378, 0.004810769098004045 0.0002180131483844206 0.00260874066676628 0.007117859669276915 0.026807041980222424 0.16871088904788634 0.7897266863894595, 
31, 0011111100, 0011111100, 0.5776337350984344, 0.9621568117067545, 0.0 0.0 4.468903092344601e-05 0.0029294872581539406 0.023745325869398908 0.1706012601225197 0.802679237719004, 
32, 0011111100, 0011111000, 0.5791027683953046, 0.9645879761458444, 0.0 0.0 0.00035358828345528664 0.0030402044326036455 0.021861459511854694 0.15821425766959246 0.816530490102494, 
33, 0011111100, 0011111100, 0.5742167893469555, 0.9564717180794692, 0.0031493788748409063 0.00022777782910960058 0.0015719306527904385 0.005973453506733548 0.03201832848726608 0.15288978902269623 0.8041693416265632, 
34, 0011111100, 0011111100, 0.5771355408473782, 0.9613274136402863, 0.0 0.0 0.00018765577974962335 0.00404030450477082 0.024979131240113736 0.1692057190447445 0.8015871894306213, 
35, 0011111100, 0011111000, 0.5700822404687116, 0.9495780825918778, 0.007485440045364243 0.00042675265066220643 3.465157658968652e-05 0.005739612794782788 0.03017449359491436 0.177778669042701 0.7783603802949857, 
36, 0011000000, 0011111100, 0.5814783215208437, 0.9685299574969, 0.0 0.0 0.001418236467162167 0.0015394687635875003 0.015475060107210208 0.14757878264476945 0.8339884520172707, 
37, 0011111100, 0011111100, 0.5763447486065963, 0.9599848206615611, 0.0 0.0 0.0022564435295822504 0.004044051392923962 0.025433900647536763 0.168065346438459 0.800200257991498, 
38, 0011111100, 0011111100, 0.5735641034755541, 0.9553687854028408, 0.0 0.0 0.0018701205330625033 0.005602409366159865 0.033471437966305785 0.17655670141961383 0.7824993307148581, 
39, 0011111100, 0011111100, 0.576291680785683, 0.9599174134682186, 0.0 0.0 0.0 0.004620181012468877 0.02395206124162907 0.17873085367002428 0.7926969040758778, 
40, 0011111100, 0001111100, 0.5800420047625904, 0.9661499340324106, 0.0 0.0 0.0 0.0006470974339485168 0.01647605706018129 0.16820698938332806 0.8146698561225422, 
41, 0011111100, 0011111100, 0.5778111004502956, 0.9624505272088638, 0.0 0.0 0.0003775667414334274 0.006202720287631688 0.02508847118621687 0.15500146654575436 0.8133297752389637, 
42, 0011111100, 0011111100, 0.5774237700819557, 0.961795072535427, 0.0 0.0 4.6849411335417196e-05 0.0036690822834439148 0.026380931136229076 0.16527305801930675 0.8046300791496848, 
43, 0011111100, 0011111100, 0.5785300246087637, 0.9636403684167585, 0.0 0.0 0.0 0.0021110973658718377 0.019569268725923482 0.17268595994998634 0.8056336739582184, 
44, 0011111100, 0011111100, 0.5813162881123514, 0.9682939396515241, 0.0 0.0 7.466134276719319e-05 0.0019683572363789308 0.015283717747529822 0.1534652095155896 0.8292080541577345, 
45, 0011111100, 0011111100, 0.5655032614361523, 0.9419565320596941, 0.015696273189994777 0.000940813239966347 0.002632605859007906 0.005119111937507389 0.03412923104691349 0.1552328809596541 0.786249083766956, 
46, 0011111100, 0011111100, 0.5783535577356235, 0.9633308686048426, 0.0 0.0 0.0 0.0035999312387257954 0.021715733061970874 0.1657835285308255 0.8089008071684779, 
47, 0011111000, 0011111100, 0.5763414582070947, 0.959978032744562, 0.001125373258706615 5.731103523470106e-05 0.0017456564803282986 0.0054883992697709084 0.023231380605988672 0.1631824238616122 0.8051694554883586, 
48, 0011111000, 0011111100, 0.5756386115291872, 0.9587923798260628, 0.0 0.0 0.0005863482326350254 0.003619270052499331 0.029625723332435717 0.1747910712907144 0.7913775870917156, 
49, 0011111100, 0011111100, 0.5776524500793377, 0.9621650528670372, 0.0 0.0 0.0005248777220864522 0.001130330074993386 0.028622363218240725 0.16427445524796944 0.80544797373671, 
50, 0011111100, 0011111100, 0.5769237323524847, 0.9609694796155822, 0.0 0.0 0.0002456795196903745 0.0030439343420986045 0.029339424503557424 0.16538975219433452 0.8019812094403191, 
51, 0011111100, 0011111100, 0.5811938719427112, 0.9680462602095802, 0.0 0.0 0.0 0.00030050629007101053 0.01737285924994883 0.1560752013724082 0.826251433087572, 
52, 0011111100, 0011111100, 0.5669268608536208, 0.9443044121286475, 0.01243367640369767 0.0007778121206299463 0.0006226544466788427 0.0051726743824277175 0.03024299466979147 0.17718777792919824 0.7735624100475761, 
53, 0011111100, 0011111100, 0.5793877917525163, 0.9650664859708177, 0.0017081663237721579 0.00011602911505403971 0.0003275206652604966 0.006986762779038541 0.021419109359729377 0.13366335093957457 0.8357790608175708, 
54, 0011111100, 0011111100, 0.5775719522793992, 0.9620542173595824, 0.0 0.0 0.0005797926480398858 0.003252645207925921 0.02721924999501318 0.16115908963654224 0.8077892225124788, 
55, 0011111100, 0001111100, 0.5747929325619585, 0.9574085683020861, 0.0 0.0 0.0003681785361812228 0.003816724940736861 0.030346190263179276 0.18193332069418938 0.7835355855657131, 
56, 0011111100, 0000111100, 0.5767149743566619, 0.9606298188195592, 0.0 0.0 0.0 0.0032762585372035982 0.027031465287746345 0.1723293808955415 0.7973628952795085, 
57, 0011111100, 0011111100, 0.5799364838283487, 0.9659818259909995, 0.0 0.0 0.0011975329324985684 0.0008458755213544429 0.019360072756239202 0.15806114024746779 0.82053537854244, 
58, 0011111100, 0011111100, 0.5803640415793684, 0.9667049995586666, 0.0 0.0 0.0 0.0016494548068468342 0.01653265646813317 0.1617563252911934 0.8200615634338265, 
59, 0011111100, 0011111100, 0.5625062855987985, 0.9369462062061377, 0.02766952412464164 0.0013794699384869847 0.0006846450696555773 0.0019848445120786485 0.020863451182326073 0.15498825214337889 0.7924298130294322, 
60, 0011111100, 0011111100, 0.5774536867837224, 0.9618544151095789, 0.0 0.0 0.00016875600645791916 0.0034094312666731216 0.024198202947941335 0.16957378562079306 0.8026498241581346, 
61, 0011111100, 0011111100, 0.5813709021396763, 0.9683556150713444, 0.0 0.0 0.0 0.0015849590313427788 0.02063707003527697 0.1438372924073514 0.8339406785260288, 
62, 0011111100, 0011111100, 0.5798679173027163, 0.9658886008889633, 0.0 0.0 7.210180684498378e-07 0.00196577411389954 0.02423522854664154 0.15029773115896433 0.8235005451624261, 
63, 0011111100, 0011111100, 0.5753836693172056, 0.9584107485610553, 0.0 0.0 0.0007588727611011549 0.009123436886774883 0.03283452156944688 0.15346066379004478 0.8038225049926323, 
64, 0011111100, 0011111100, 0.5755774464203309, 0.9587386958321921, 0.0 0.0 0.0 0.0024819467138979547 0.025281441677164392 0.18955910151082506 0.7826775100981126, 
65, 0011111100, 0001111100, 0.5770544465185475, 0.9611761742366098, 0.0 0.0 0.0012591956337918836 0.007464160830935104 0.022336260845764046 0.16084116786083988 0.8080992148286691, 
66, 0011111100, 0011111100, 0.5756593208645477, 0.9588486325912418, 0.0 0.0 0.0 0.0054976092130975636 0.028829501386728386 0.17275637403980054 0.7929165153603734, 
67, 0011111100, 0001111100, 0.5760600732541378, 0.9595249355417532, 0.0 0.0 0.0012945390265571503 0.0032829205036895613 0.02866523019994417 0.1704930087322958 0.7962643015375133, 
68, 0011111100, 0011111100, 0.5781567635446222, 0.9630217343196273, 0.0 0.0 0.0008342499175912992 0.0017449591812144572 0.02472365788652028 0.16385040109518703 0.808846731919487, 
69, 0011111100, 0011111100, 0.5743756268356273, 0.9567199013389361, 0.0 0.0 0.0015163202172447953 0.0090295442376059 0.031368740833925025 0.1637891967167362 0.7942961979944881, 
70, 0011111100, 0011111100, 0.5771433961390741, 0.9613538080578861, 0.0 0.0 0.0003016982171943074 0.006928070567373079 0.028263460602717616 0.1533592258763517 0.8111475447363632, 
71, 0011111100, 0011111100, 0.5760279959627395, 0.9594436181996403, 0.0 0.0 0.0008674037488223256 0.003785411759816805 0.03184194134384183 0.16482855783973407 0.7986766853077849, 
72, 0011111100, 0011111100, 0.5773136679582357, 0.9615967388570934, 0.0 0.0 0.0008210486875080494 0.0050384940890246975 0.026954658076528176 0.15811057368727635 0.8090752254596627, 
73, 0011111100, 0011111000, 0.5768105056609626, 0.9607623907777354, 0.0 0.0 0.0 0.001636094514858325 0.02939816653567523 0.17172103871766245 0.797244700231804, 
74, 0011111000, 0011111100, 0.579939462946018, 0.965995385335092, 0.0 0.0 0.0 0.004526444307339143 0.022870515475868172 0.1447073241156943 0.8278957161010985, 
75, 0011111100, 0011111100, 0.5740766430243326, 0.9562387300104257, 0.0 0.0 0.00014662520640969275 0.0074621102097043816 0.0372008842678628 0.16519301994696856 0.7899973603690547, 
76, 0011111100, 0011111100, 0.5754126437039091, 0.9584705124892086, 0.0 0.0 0.0005555283326706431 0.003715262868780635 0.03054512183572509 0.17471877945627393 0.7904653075065498, 
77, 0000111100, 0011111100, 0.5766697536445933, 0.9605696948136054, 0.0 0.0 0.0005976186446042571 0.002911458473803074 0.030876789048337044 0.16370340302186742 0.8019107308113882, 
78, 0011111100, 0011111100, 0.5790446216515036, 0.9645033041159808, 0.0 0.0 0.0002417588877680117 0.0045401106857119 0.025008711911292513 0.14837538387332222 0.8218340346419053, 
79, 0011111100, 0011111100, 0.5776195851249354, 0.9621248329960199, 0.0 0.0 0.0003769190598221194 0.0032128045727013686 0.02900090058333239 0.15810311089982326 0.8093062648843208, 
80, 0011111100, 0011111100, 0.5750839946187053, 0.9578718793474523, 0.0030269687580437884 0.00022075413801329473 0.0008591438884760084 0.005720900420513777 0.02487313666180096 0.16315759053790918 0.802141505595243, 
81, 0011111100, 0011111100, 0.5744786730678821, 0.9569118921793162, 0.0 0.0 0.0 0.0025807533055051024 0.031975016526962594 0.18683635395366313 0.7786078762138692, 
82, 0011111100, 0011111100, 0.5770127334170899, 0.9611235574154436, 0.0 0.0 0.0005022004683237983 0.005232890475113675 0.027339587712439273 0.1608720067838238 0.8060533145602995, 
83, 0011111100, 0001111000, 0.5756802388235441, 0.95886331380431, 0.0022763378887119177 0.00010891201927133968 0.0018380427624502067 0.0020208008804772862 0.02504539118539827 0.1691121736834816 0.7995983415802094, 
84, 0001111100, 0011111100, 0.5756300890445198, 0.9588174917820441, 0.004438929579351856 0.0001956525910821415 0.00021227985272384822 0.0038034338118706425 0.023461034732453638 0.16030171856479825 0.8075869508677196, 
85, 0011111100, 0011111100, 0.572663866195363, 0.9538691440131539, 0.0 0.0 0.0014589069262722558 0.0045061992651152325 0.03349403660737843 0.19044283720588523 0.7700980199953488, 
86, 0011111100, 0011111100, 0.5765645310596517, 0.9603518402083537, 0.0 0.0 0.0003981127930174839 0.003362678733976217 0.03010124343084569 0.16600598451418727 0.8001319805279733, 
87, 0011111100, 0011111100, 0.5774393472827046, 0.9618121872225105, 0.0 0.0 0.00022780579231636863 0.0035091899028854797 0.01958486986844176 0.1785183440501312 0.7981597903862252, 
88, 0011111100, 0011111100, 0.5763757091777948, 0.9600510199816199, 0.0 0.0 1.7936995975062957e-05 0.003979173525773131 0.032002643887940004 0.1636793237731812 0.8003209218171307, 
89, 0011111100, 0011111100, 0.5810089144078449, 0.967757980313248, 0.0 0.0 0.0 0.001271470458475997 0.023168016294712136 0.1433016741556604 0.8322588390911515, 
90, 0011111100, 0011111100, 0.5725738324068269, 0.9537138319771487, 0.005997258951051589 0.00024022380576991606 0.0008907677034521954 0.0011506700114169502 0.028224366844247194 0.17706852086539515 0.786428191818667, 
91, 0001111100, 0001111100, 0.5765304044768362, 0.9603241010214668, 0.0 0.0 0.0004637466528322015 0.004330887604915421 0.028514915830828075 0.16617791278346797 0.8005125371279563, 
92, 0011111100, 0011111100, 0.5766181435714026, 0.9604547427531238, 0.0 0.0 0.0008597310959463175 0.0054766006176395635 0.023718467446866693 0.16996588235082022 0.7999793184887272, 
93, 0011111100, 0011111100, 0.5733652923421881, 0.9550392934794507, 0.0 0.0 0.0006318356279460588 0.0034140741596416484 0.036775716360963995 0.1834432414106587 0.7757351324407896, 
94, 0011111100, 0011111100, 0.5793966667106464, 0.96508094573182, 0.0 0.0 0.0004151389885830311 0.0025122805107817476 0.022504325161278507 0.15530827779984552 0.8192599775395112, 
95, 0011111000, 0011111100, 0.5768918747618087, 0.9609037994217057, 0.0 0.0 0.000335363827621142 0.0036613870716158546 0.021583117272212526 0.1790853524000094 0.7953347794285411, 
96, 0011111100, 0011111100, 0.578181820099423, 0.9630365519826609, 0.0 0.0 0.0 0.005238212428355217 0.025827600366194706 0.15441085008657932 0.8145233371188708, 
97, 0011111100, 0011111100, 0.579386878072733, 0.9650407440019171, 0.0 0.0 0.0009564383002075694 0.0020808758564046874 0.02259221802770216 0.15450271916304864 0.819867748652637, 
98, 0011111100, 0011111000, 0.5774962246095571, 0.961883717828529, 0.0 0.0 0.0009746086318412848 0.0021300580559265045 0.020820392969877966 0.17676829839392535 0.7993066419484288, 
99, 0011111100, 0011111100, 0.5788471464414573, 0.9641822785478138, 0.0 0.0 0.0 0.005444651300407463 0.019121250704154553 0.16032987340358607 0.815104224591852, 
100, 0011111100, 0011111100, 0.5768597825871024, 0.9608657143500502, 0.0017290895210580596 0.00010280527946520418 0.000731556429381711 0.005734474407164255 0.022466299016361952 0.15885490340428096 0.8103808719422879, 
run, initial grid state, final grid state, mean grid cell occupancy, mean binding site occupancy, fraction of time with N TFs bound, warning
1, 0011111100, 0011111100, 0.5788716794639068, 0.9642074852651554, 0.0 0.0 0.0007019431448036147 0.004455124139148394 0.019721889761944788 0.15913816388851806 0.8159828790655852, 
2, 0011111100, 0011111100, 0.5811741619212668, 0.9680239792987901, 0.0 0.0 0.0 0.0015537023611991603 0.02030260784280278 0.14658980143805547 0.8315538883579425, 
3, 0011111100, 0011111100, 0.5789007406747945, 0.9642688378322112, 0.0 0.0 0.0004081728961278143 0.0020595785734713644 0.027491637625418907 0.15159227045096968 0.8184483404540123, 
4, 0011111100, 0011111100, 0.5827948480968388, 0.9707242694856995, 0.0 0.0 0.0006109643645120802 0.0022666283003527064 0.017733322298473415 0.1309439961297502 0.8484450889069116, 
5, 0011111100, 0000111100, 0.5779503174436107, 0.9626602116149159, 0.0 0.0 0.0009326014915369379 0.004878401082697202 0.02612616364303164 0.1534207938102023 0.8146420399725319, 
6, 0011111100, 0011111100, 0.5795715490570185, 0.9653976501327153, 0.0 0.0 0.0 0.002570777194907601 0.02264431595655532 0.15461313570587507 0.820171771142662, 
7, 0000111100, 0011111100, 0.5774941064805871, 0.9619470722937579, 0.0 0.0 0.0 0.003542031499547181 0.027642413268033135 0.16240664520274478 0.8064089100296749, 
8, 0011111100, 0011111100, 0.5769868140121681, 0.9610472259929147, 0.0 0.0 0.0 0.0019286516173724474 0.02278323825064015 0.18236421268911387 0.7929238974428736, 
9, 0011111100, 0011111000, 0.5755293508719719, 0.9586590326605272, 0.0 0.0 0.00040871358344049676 0.004572287559665589 0.028814674650060053 0.17506473772395786 0.7911395864828761, 
10, 0011111100, 0011111100, 0.57588274368668, 0.9592340415765028, 0.0 0.0 0.0004941711290129593 0.004480421830161114 0.025156384849486235 0.17886503083547517 0.7910039913558645, 
11, 0011111100, 0011111100, 0.5780080425383465, 0.9627919901550683, 0.0 0.0 5.216181053059441e-05 0.001764565570206649 0.024532076977227694 0.1686815611623923 0.8049696344796428, 
12, 0011111100, 0011111100, 0.5799347006327029, 0.9659875813930384, 0.0 0.0 0.0009046445363414855 0.004811983973965077 0.01830243599962998 0.14941510957524853 0.826565825914815, 
13, 0001111100, 0011111000, 0.5784686814010833, 0.963519341408039, 0.0 0.0 0.0 0.0009836419894321759 0.028925617802164873 0.1580817899791404 0.8120089502292626, 
14, 0011111100, 0011111100, 0.578379755905114, 0.9633856265525962, 0.0 0.0 0.0 0.0012807170617834724 0.025477300406055326 0.16488948868696182 0.8083524938451994, 
15, 0011111000, 0011111100, 0.5781936401929594, 0.9631082123153271, 0.0 0.0 0.0 0.0016442705734068933 0.024469218657359345 0.16747947707309802 0.8064070336961358, 
16, 0011111000, 0011111100, 0.5775031768598784, 0.9619418260006963, 0.0 0.0 2.8468746561549955e-05 0.0033413837716646136 0.025499248541212115 0.1672125206121573 0.8039183783284044, 
17, 0011111100, 0011111100, 0.5659801986741363, 0.9427345966415552, 0.017204153964385935 0.0007336623125741169 0.0010034143350364337 0.0026441858575783597 0.026700109443542265 0.17135275100151695 0.7803617230853659, 
18, 0011111100, 0001111100, 0.5791038205363604, 0.9646274336598218, 0.0 0.0 0.0009830618177323965 0.0023704628162594527 0.019619239462313143 0.16195328339673473 0.8150739525069602, 
19, 0011111100, 0011111100, 0.5765763590725205, 0.9604142750346015, 0.0 0.0 0.0 0.003364380272722698 0.029819399120303867 0.16778241073361552 0.7990338098733578, 
20, 0011111100, 0011111100, 0.5789102692866371, 0.9642623393622134, 0.003377455344134285 0.00026330922505571726 0.001097120306436902 0.0026154155253097556 0.014997135140938853 0.15061568755308025 0.8270338769050443, 
21, 0011111100, 0011111100, 0.577106726795124, 0.9612513991258378, 0.0014277248206171534 7.022694883789335e-05 0.0007796963383159182 0.0023763598544215016 0.02373451783215806 0.16585722099623687 0.8057542532094125, 
22, 0011111100, 0011111100, 0.5757300322671673, 0.9589806215618597, 0.0 0.0 0.00029572428975831893 0.0047718787510936025 0.02786534601700689 0.17488704518251433 0.7921800057596268, 
23, 0011111100, 0011111100, 0.5787770934288374, 0.9640629365804622, 0.0 0.0 0.0 0.0025498182212692214 0.021514074386985372 0.16494477707944824 0.8109913303122971, 
24, 0011111100, 0011111100, 0.5797803434047923, 0.9657034447150996, 0.0 0.0 7.396714288439069e-05 0.001772491064355515 0.020064226679032442 0.16003753658673317 0.8180517785269945, 
25, 0011111100, 0011111100, 0.5785349669084724, 0.9636532687817139, 0.0 0.0 0.00027889192207279656 0.004256227798793854 0.026050031983800577 0.15209607225744315 0.8173187760378896, 
26, 0011111100, 0011111100, 0.5776579773422057, 0.9621734738108952, 0.0 0.0 9.956550211588541e-05 0.0008600839894676208 0.024651513116369685 0.17467761692502257 0.7997112204670243, 
27, 0011111100, 0001111100, 0.58079790501535, 0.9674164322885174, 0.0 0.0 0.0 0.0013857854441586277 0.015029775497820742 0.1612844989407786 0.8222999401172421, 
28, 0011111100, 0011111100, 0.5760905218107062, 0.9595694815359125, 0.001997151600568777 0.00015259021731935796 0.0001827053244496243 0.002684067932322025 0.023260052477732676 0.1745341200442855 0.7971893124033221, 
29, 0011111100, 0011111100, 0.5766692535233331, 0.9605460611430113, 0.0 0.0 2.6598345867565696e-05 0.004219746894966207 0.030159730196165538 0.16363853868123154 0.8019553858817691, 
30, 0011111100, 0011111100, 0.5796097202123675, 0.9654226282140302, 0.0 0.0 0.0 0.002932332857355333 0.027079372569816962 0.144508487004119 0.8254798075687088, 
31, 0011111100, 0011111100, 0.5774092602608035, 0.9617682600629691, 0.0 0.0 0.0009944226931475598 0.006848139782565083 0.022155526445459074 0.16055727661098212 0.8094446344678462, 
32, 0011111100, 0011111100, 0.5764235451026452, 0.9601724656388128, 0.0 0.0 0.0002762600808709008 0.0071621806867141515 0.025045613026227334 0.16628239773104286 0.8012335484751447, 
33, 0011111000, 0011111100, 0.5785858547267975, 0.9637506790506766, 0.0 0.0 0.0 0.0016562396385223523 0.017541571768786374 0.17744406324280115 0.80335812534989, 
34, 0011111000, 0011111100, 0.5783375107496522, 0.963325591756933, 0.0 0.0 0.00048513589779365624 0.005104831270579866 0.02260732203780346 0.1575767679798808 0.8142259428139422, 
35, 0011111100, 0011111100, 0.5749356910921285, 0.9576562821199625, 0.0 0.0 0.0008138608850157402 0.0015435675547990982 0.028753043959486267 0.18867007315679246 0.7802194544439064, 
36, 0011111000, 0011111100, 0.5739131016784735, 0.9559428294901064, 0.0 0.0 0.00015786711722657793 0.006952892545711286 0.027775534867014933 0.18730180721929127 0.7778118982507559, 
37, 0011111100, 0011111100, 0.5780084482824944, 0.9627598761728109, 0.0 0.0 7.164560014747437e-06 0.0072521164272199064 0.024920254081154322 0.1518152272791073 0.8160052376525038, 
38, 0011111100, 0011111100, 0.5753777331285215, 0.9583671113370718, 0.0 0.0 0.0005168915258160091 0.0024191202822141347 0.028232866170930078 0.18400667268580284 0.7848244493352369, 
39, 0011111100, 0011111100, 0.5668869278472981, 0.9442623121129067, 0.012605869217239106 0.0006807235594226065 0.0007978463138845988 0.003713054241971316 0.03309404344294657 0.17486865935466606 0.7742398038698697, 
40, 0001111100, 0011111100, 0.5752634641597795, 0.958216866367152, 0.0 0.0 0.00041619197377045945 0.002013884010122042 0.029500811130344303 0.1839907596109519 0.7840783532748112, 
41, 0011111100, 0011111100, 0.5748032170581124, 0.9574357391335314, 0.0 0.0 0.0 0.0020472160259147627 0.03258496416818759 0.18407398878469233 0.7812938310212053, 
42, 0011111100, 0011111100, 0.5781085392091694, 0.9629647672560073, 0.0 0.0 0.0001689319683316279 0.003907370737390447 0.022579441266695102 0.1646546738450679 0.808689582182515, 
43, 0011111100, 0011111100, 0.577885382109158, 0.9625741212080051, 0.0 0.0 0.0002527832382325899 0.0015598381879112265 0.02299743877215531 0.17286974769099545 0.8023201921107054, 
44, 0011111100, 0011111100, 0.575814567713939, 0.9591326685345141, 0.0 0.0 0.00048012492193505874 0.004128285134014855 0.030827023783828622 0.16924458613547322 0.7953199800247482, 
45, 0011111100, 0011111100, 0.5772441534879009, 0.9614945046342624, 0.0 0.0 0.0 0.00267081975895822 0.02299109994290152 0.17703831303174716 0.7972997672663931, 
46, 0011111100, 0011111000, 0.5770660403201846, 0.9612227043147424, 0.0 0.0 0.0 0.003581999499063818 0.025961356980431508 0.1699950616534912 0.8004615818670134, 
47, 0011111100, 0011111100, 0.5802785400435133, 0.9665572096518052, 0.0 0.0 0.0 0.0005733004392650013 0.018603816764349253 0.16172920724267487 0.8190936755537109, 
48, 0011111100, 0011111100, 0.5784184228890448, 0.9634517513110146, 0.0 0.0 3.5177846869230265e-05 0.0017677040731821456 0.024121867937773663 0.1656019326513411 0.8084733174908338, 
49, 0011111100, 0011111100, 0.5794042982154101, 0.9650835224401827, 0.0 0.0 0.0 0.0017510321164757154 0.021919591795932766 0.16040658541761088 0.8159227906699806, 
50, 0011111000, 0000000000, 0.5536712743705389, 0.922229169057122, 0.04118098163307542 0.002141821432490235 0.0005188145509302048 0.0008999584008796441 0.021363458898934578 0.1613279374921349 0.772567027591555, 
51, 0011111100, 0011111100, 0.5782703671994743, 0.9632086041962786, 0.0 0.0 0.0 0.0019137891905169826 0.02856040947698436 0.15788618829680878 0.8116396130356899, 
52, 0001111100, 0011111100, 0.5774642278351514, 0.9618623994672602, 0.0 0.0 0.0 0.003807853590294165 0.024626969984255693 0.16814810245704595 0.8034170739684041, 
53, 0011111100, 0001111100, 0.5790623169279694, 0.9645195789679623, 0.0 0.0 0.0 0.0017377828470522448 0.02223549788397194 0.16319818188312557 0.8128285373858501, 
54, 0011111100, 0011111100, 0.5776995568552656, 0.9622460882749388, 0.0 0.0 0.0 0.001942275361997914 0.025555916532011582 0.16958481120034996 0.8029169969056406, 
55, 0011111100, 0011111000, 0.5810000954173361, 0.9677642594248096, 0.0 0.0 0.0 0.0010949684552847203 0.013382079504213456 0.16336537907686066 0.8221575729636411, 
56, 0011111100, 0011111100, 0.5766164366200562, 0.9604511950836794, 0.0 0.0 9.535001049382345e-05 0.0024945611355988466 0.032279393459870735 0.16486895912941021 0.8002617362646263, 
57, 0011111100, 0011111100, 0.5794326845676218, 0.965130502371057, 0.0 0.0 0.0004156930963947659 0.004031889719508453 0.019778874882910042 0.15590079446373464 0.8198727478374521, 
58, 0011111100, 0011111100, 0.5770057217928863, 0.9610952011157275, 0.0 0.0 0.0 0.002589320364875772 0.029787825293202154 0.16608518162460292 0.8015376727173191, 
59, 0001111100, 0011111100, 0.577692694850269, 0.9622421120987784, 0.0 0.0 0.00019660021726486228 0.0038675619566317394 0.024738734506760552 0.16468077165485356 0.8065163316644892, 
60, 0011111100, 0011111100, 0.582333790273306, 0.9699807405653685, 0.0 0.0 0.0 0.0004177299249221029 0.014779564136381467 0.1493032385602596 0.8354994673784368, 
61, 0011111100, 0011111100, 0.5808248975134418, 0.9674498644006213, 0.0 0.0 0.0003382922941556998 0.00149115279375309 0.018282748997778504 0.15290868804283325 0.8269791178714795, 
62, 0011111100, 0011111100, 0.5740481850825238, 0.9561815880265789, 0.004896427141466084 0.0003207819393860726 0.0017123611455035776 0.004136417464416537 0.02771192059899263 0.15724546112155116 0.803976630588684, 
63, 0011111100, 0011111100, 0.573725211444854, 0.9556284838463426, 0.0 0.0 0.0008383547487877805 0.01053096094209871 0.03804323491550585 0.1551963252694857 0.795391124124122, 
64, 0001111100, 0011111100, 0.5767359291233335, 0.9606662064909424, 0.0 0.0 0.0005132908339215744 0.004568405487692043 0.023993835683464478 0.17225670988865432 0.7986677581062676, 
65, 0011111100, 0011111100, 0.5799031802400613, 0.9659358500453493, 0.0 0.0 7.647965731132597e-05 0.003632674127735126 0.016693368414308775 0.15979422188683645 0.8198032559138083, 
66, 0011111100, 0011111100, 0.580308841624244, 0.9666282539004818, 0.0 0.0 0.0 0.002424911215149688 0.018878595995909485 0.1551985509598417 0.8234979418290991, 
67, 0011111100, 0011111000, 0.5815998348047601, 0.9687760579523944, 0.0 0.0 0.0 0.0027086547063619178 0.017687173284634396 0.14384334159727832 0.8357608304117254, 
68, 0001111100, 0011111100, 0.5797777553395983, 0.965706831532276, 0.0 0.0 0.0 0.003253240728756047 0.02090269137871845 0.15419390586263862 0.8216501620298868, 
69, 0001111000, 0011111100, 0.5799226937450243, 0.965976925233185, 0.0 0.0 0.00048233694861979706 0.004005587812213823 0.0201578724476308 0.14987659247450735 0.8254776103170283, 
70, 0011111100, 0011111100, 0.5763226546523339, 0.9599639991845486, 0.0 0.0 0.00011450981669153485 0.004822059712078706 0.029804522575289292 0.16568274133912816 0.7995761665568123, 
71, 0011111100, 0011111100, 0.5768373356530264, 0.9608190856090868, 0.0 0.0 0.0003413748016870873 0.004825323988826302 0.02891737025252039 0.16140927466721114 0.804506656289755, 
72, 0011111100, 0011111100, 0.5784322602142768, 0.9634869057672593, 0.0 0.0 0.00010815550169554848 0.003178769489425211 0.02718092328835164 0.15474778834468308 0.8147843633758445, 
73, 0011111100, 0011111100, 0.5770291782653606, 0.9611342752602224, 0.0 0.0 0.0 0.0026052457329526824 0.02479770940727643 0.1757831924252543 0.7968138524345165, 
74, 0011111100, 0011111100, 0.5798693696963692, 0.9658752878476895, 0.0 0.0 0.0 0.002113784351703056 0.019358425350531307 0.15969006915769166 0.8188377211400739, 
75, 0011111000, 0011111100, 0.574792816838382, 0.9574188448070621, 0.0 0.0 0.0010850000377669788 0.00386741340034422 0.030957870603446062 0.17762894959863507 0.7864607663598077, 
76, 0011111100, 0011111000, 0.5775290289972118, 0.961963712447269, 0.0 0.0 0.0003645981432506158 0.002827181283072758 0.025013813659970182 0.16825016157422543 0.803544245339481, 
77, 0011111000, 0011111000, 0.576911305962636, 0.9609437515348999, 0.0033701221553147404 0.00020516932416132517 7.555335398787543e-05 0.0035548357580169605 0.022264811106198483 0.15759456833550678 0.8129349399668139, 
78, 0000111100, 0011111000, 0.5790271610716251, 0.9644771253255793, 0.0 0.0 0.0 0.0007281067976553098 0.023510343005131728 0.16393224164329556 0.8118293085539174, 
79, 0011111100, 0011111100, 0.576538590953483, 0.9603215341645526, 0.0 0.0 0.00024621610967250095 0.0016291808731529825 0.03126875552675233 0.169660876901031 0.7971949705893911, 
80, 0011111100, 0011111100, 0.5780676510724794, 0.9628659362187151, 0.0 0.0 0.0003783773788668428 0.0033813957659731245 0.02813727671872896 0.1548721324368656 0.8132308176995654, 
81, 0011111000, 0011111100, 0.5766903661298829, 0.9605729531197778, 0.0 0.0 0.0 0.001289392257279782 0.027710030233918822 0.17727404404165686 0.7937265334671445, 
82, 0011111100, 0011111100, 0.5770649705826943, 0.9611866935375737, 7.324121833517437e-05 1.820248006287075e-05 0.001251644089018078 0.0037762327385036996 0.030320707961949928 0.15537268856874945 0.8091872829433808, 
83, 0011111100, 0011111100, 0.5804503181306062, 0.9668497250229763, 0.0 0.0 0.00033165500558637434 0.002153436029142709 0.016857309233138693 0.15740010328609141 0.8232574964460408, 
84, 0011111100, 0011111100, 0.5792860606014874, 0.9649024267892558, 0.0 0.0 3.974353624660344e-06 0.0034616698827268284 0.024101654159559664 0.15198122388266716 0.8204514777214217, 
85, 0000111100, 0011111100, 0.5770944518621693, 0.9612501003316604, 0.0 0.0 0.0004031711993433747 0.003783065547962756 0.023372392818951822 0.17279273093087275 0.7996486395028692, 
86, 0011111100, 0011111100, 0.5791565025359955, 0.964657900335376, 0.0017696397429450919 9.754888228109903e-05 0.0016832137120304218 0.002943754244482545 0.017510930042998925 0.1503610374511004 0.8256338759241615, 
87, 0011111100, 0011111100, 0.5774518972173474, 0.9618607477195024, 0.0 0.0 0.00021921203296967914 0.0021465978189644927 0.03158548951294158 0.158347893068331 0.8077008075667932, 
88, 0011111100, 0011111100, 0.5777315348735607, 0.9623007604802106, 0.0 0.0 0.000245751180972684 0.0026055031933904967 0.02758777268661505 0.16222037744144416 0.8073405954975776, 
89, 0011111100, 0011111100, 0.5757100765636441, 0.9589259634710143, 0.0 0.0 0.0008989717859972374 0.006495253322328371 0.03029254114096693 0.16277748978100673 0.7995357439697007, 
90, 0011111100, 0011111100, 0.578504023876218, 0.9635869643078601, 0.0 0.0 0.0 0.0018104498519132036 0.024139052617934795 0.16476875936123045 0.8092817381689216, 
91, 0011111100, 0011111100, 0.5739006064689248, 0.9559413574030915, 0.0 0.0 2.5722824347927453e-05 0.0046820257053418945 0.03650586511179375 0.1771911569444459 0.7815952294140706, 
92, 0011110000, 0011111100, 0.5777345066489097, 0.962353036920058, 0.0 0.0 0.0 0.0007353064161044359 0.0301232211127709 0.16342941700579694 0.8057120554653276, 
93, 0011111100, 0011111100, 0.580633767729155, 0.9671445608933886, 0.0 0.0 0.0 0.002796906261728661 0.018765459367947036 0.15121099711858818 0.8272266372517361, 
94, 0011111100, 0011111100, 0.5794491005485913, 0.9651556408494655, 0.0 0.0 0.0029037525422602605 0.005165013967552042 0.01535282858843237 0.15125044565464507 0.8253279592471102, 
95, 0011111100, 0011111100, 0.5779388327449364, 0.9626502226506026, 0.0 0.0 2.4544520454122905e-05 0.002204051461493089 0.021643717422824144 0.1741008967844398 0.8020267898107889, 
96, 0011111100, 0011111100, 0.5774336948989538, 0.9618244436463671, 0.0 0.0 0.0006224644672477528 0.00352767655635861 0.025852188581807132 0.16427607342011694 0.8057215969744697, 
97, 0011110000, 0001111100, 0.5692966554784383, 0.9482522955382114, 0.01079595466285802 0.0004686215640695038 0.0023024284934621622 0.007004438287902331 0.024753346404272607 0.16363766932713544 0.7910375412602999, 
98, 0011111100, 0011111100, 0.5773734504064123, 0.9617179237957904, 0.0 0.0 0.0013704376224752124 0.006139139999965159 0.024679349436579616 0.15643458786230324 0.8113764850786768, 
99, 0011111100, 0001111100, 0.577487873793119, 0.9618920003658666, 0.0 0.0 0.0 0.0021630690803814785 0.027553642967442626 0.16705150462877097 0.803231783323405, 
100, 0011111100, 0011111000, 0.5795034024148055, 0.9652622271570047, 0.0 0.0 0.0 0.0034509921682971145 0.021317948684709764 0.15543776318366068 0.8197932959633324, 
run, initial grid state, final grid state, mean grid cell occupancy, mean binding site occupancy, fraction of time with N TFs bound, warning
1, 0011111100, 0011111100, 0.5788327972741152, 0.9641581736162906, 0.0 0.0 0.0 0.00043619801441087603 0.018207645992905832 0.1773270722732116 0.8040290837194717, 
2, 0011111100, 0011111100, 0.5791236096185711, 0.9646118886157362, 0.0 0.0 0.00045635195291344604 0.005339846624655127 0.022123011562741778 0.15023769749447974 0.8218430923652098, 
3, 0001111100, 0011111100, 0.5770262977354746, 0.9611341295675531, 0.0 0.0 0.00028459749758640924 0.005719817339377232 0.0298831731817266 0.15513103422275115 0.8089813777585586, 
4, 0011111100, 0011111000, 0.5786491835762094, 0.9638315481609603, 0.0 0.0 0.0 0.0030754911291219645 0.024482726513551215 0.15881878461976964 0.8136229977375572, 
5, 0011111100, 0011111100, 0.5770704576586072, 0.9612148650778883, 0.0 0.0 0.0 0.003828809763858999 0.02599249079844495 0.16923939864420343 0.8009393007934926, 
6, 0011111100, 0001111100, 0.5772898557349649, 0.9615898696957106, 0.0 0.0 0.0005478757511409406 0.001799382846259588 0.021630981813264893 0.1796091666558641 0.7964125929334706, 
7, 0011111100, 0011111100, 0.5654603386004486, 0.9418716624102924, 0.019248433319748126 0.0008915928539527029 0.00054497407357477 0.0029326206320749006 0.026144986388825744 0.16555373038181842 0.7846836623500053, 
8, 0011111100, 0001111100, 0.5794000316732458, 0.9650818304813341, 0.0 0.0 4.161261947807811e-05 0.001400886595525259 0.024368304825792362 0.15640329719592286 0.8177858987632814, 
9, 0011111100, 0011111100, 0.5717450547794166, 0.9523446962624649, 0.010138235577989305 0.0005735819381246112 0.0013532591203098353 0.002898253925600449 0.024248145775385452 0.15963040945784046 0.8011581142047499, 
10, 0011111100, 0001111100, 0.5770138271476014, 0.9610973450335693, 0.0 0.0 0.0 0.004741558395324065 0.032223878249644386 0.15474349811332427 0.8082910652417074, 
11, 0001111100, 0011111000, 0.5766955628134076, 0.9606146431497451, 0.0 0.0 0.0 0.0032212552161517594 0.03009597838790961 0.16645641867725433 0.8002263477186843, 
12, 0111111100, 0011111100, 0.5772281396150067, 0.9614638725311898, 0.0 0.0 0.0 0.0031573651085952063 0.026459768742399133 0.16882513200227695 0.8015577341467287, 
13, 0011111100, 0011111100, 0.5760461375716851, 0.9594854835501962, 0.0 0.0 0.00088738370540687 0.005229974315111459 0.029854763127177105 0.16413811467750644 0.7998897641747982, 
14, 0011111100, 0011111100, 0.5783869411022904, 0.9634040592309584, 0.0 0.0 0.0004496368980032489 0.002854433258829216 0.023516606626308986 0.16218058399313093 0.8109987392237277, 
15, 0011111100, 0011111100, 0.5761953163273252, 0.9597398829965003, 0.0 0.0 0.0011069515987310239 0.0056798310669873295 0.028215919390695576 0.16366156364372123 0.8013357342998648, 
16, 0001111000, 0011111100, 0.5748947534061926, 0.9576167603400384, 0.0 0.0 0.0 0.005853098126506507 0.0347860118261917 0.16716811992786626 0.7921927701194356, 
17, 0011111100, 0001111100, 0.577634918041702, 0.962143083675186, 0.0 0.0 0.0008614418639391944 0.002812029283024399 0.029053810752031225 0.15715202113999183 0.8101206969610134, 
18, 0011111000, 0011111100, 0.5773993104599918, 0.9617531352713048, 0.0 0.0 0.0 0.0030533105128128044 0.023581168368295047 0.1731589200971425 0.8002066010217497, 
19, 0011111100, 0011111100, 0.5767116147817755, 0.9606173095705546, 0.0 0.0 0.0006941706014966963 0.004190776482583458 0.021106958798677675 0.1787332131255798 0.7952748809916623, 
20, 0011111100, 0011111100, 0.5802630675468077, 0.9665223153124858, 0.0 0.0 0.0 0.0019361340054034333 0.017238066773721892 0.1605815725614308 0.8202442266594439, 
21, 0011111100, 0011111100, 0.57958103834881, 0.9653919247598675, 0.0 0.0 0.0 0.0015094881097725457 0.02328010750700184 0.15655977209747365 0.818650632285752, 
22, 0011111000, 0011111100, 0.5809997596574816, 0.9677534984090321, 0.0 0.0 0.0006473654671982356 0.002194687428262244 0.017279958676881892 0.14974556803846406 0.8301324203891935, 
23, 0011111100, 0011111100, 0.5774302210407279, 0.9618137209942492, 0.0 0.0 0.0005317596065764909 0.003108473641483464 0.024805160353425292 0.1680548939768984 0.8034997124216163, 
24, 0011111100, 0011111100, 0.5800479678666813, 0.9661645434374905, 0.0 0.0 0.0008563160776822907 0.002028691373888254 0.021902618213170827 0.14969616451632123 0.8255162098189374, 
25, 0011111100, 0011111100, 0.5736921810699649, 0.9555806531735299, 0.0034454405955207912 0.0002268542370860917 0.0008982817528645197 0.005110647760225875 0.027575701537645575 0.17063269283283866 0.7921103812838185, 
26, 0011111100, 0011111100, 0.5770334807445975, 0.9611532085303289, 0.0 0.0 0.00011632142317465373 0.003157847419899134 0.02488312448002274 0.17337567190558514 0.7984670347713183, 
27, 0011111100, 0001111100, 0.5788923494905839, 0.9642485411050872, 0.0 0.0 6.659319024449303e-05 0.0021022264689257173 0.025772103047223827 0.1563914951072746 0.8156675821863313, 
28, 0011111100, 0001111100, 0.5765034787412784, 0.9602620092436966, 0.0 0.0 0.0 0.0019072980446119 0.030440691393571605 0.17182466761684098 0.7958273429449755, 
29, 0000111000, 0011111100, 0.5776391192961329, 0.9621422627149582, 0.0 0.0 0.00021371559800250188 0.004747981994094029 0.02708693526520027 0.15787374480555838 0.8100776223371448, 
30, 0011111100, 0011111100, 0.5799625588198039, 0.9660397251670044, 0.0 0.0 0.0006970536642028035 0.002181332203076879 0.02035285723970213 0.1537237232525281 0.8230450336404902, 
31, 0011111000, 0011111100, 0.5779194722736519, 0.9626224567903143, 0.0 0.0 0.0009957054846616018 0.005014799456761365 0.022541801536328943 0.16015443587652625 0.8112932576457218, 
32, 0011111100, 0011111100, 0.578917018508125, 0.9643118572106331, 0.0 0.0 0.0 0.0005961543145543194 0.022808396665387528 0.16672360046176402 0.8098718485582941, 
33, 0011111100, 0011111100, 0.5788492482599199, 0.9641784160707623, 0.0 0.0 0.0 0.0022392824190827776 0.02499320280587287 0.1582252507064329 0.8145422640686114, 
34, 0011111100, 0011111100, 0.5791010831675769, 0.964583349147792, 0.0 0.0 0.0002968721992643674 0.001697541886106048 0.027482411359465896 0.15125496793894141 0.8192682066162222, 
35, 0011111100, 0011111100, 0.5710796915555938, 0.9512477236218299, 0.005490671138798168 0.0003450639571905136 0.00111428520723411 0.006073085574268698 0.029387867219872736 0.1763921796587917 0.7811968472438441, 
36, 0011111100, 0011111100, 0.5788266516130413, 0.9641468679030101, 0.0 0.0 0.0 0.0018820296350336356 0.027601047232558056 0.15427060921172228 0.816246313920686, 
37, 0011111100, 0011111100, 0.5759395035060877, 0.9593452864462405, 0.0 0.0 0.0 0.001959745392770625 0.03255645757082802 0.17293613000258948 0.7925476670338119, 
38, 0011111100, 0011111100, 0.576012167671795, 0.9594478076093563, 0.0 0.0 0.0007077180721076897 0.004219222900042547 0.03257198112371948 0.1626806511078642 0.7998204267962662, 
39, 0011111100, 0001111000, 0.5744672146445067, 0.9568649950742232, 0.0 0.0 0.0033300228343314782 0.007703423835167997 0.025405347301897346 0.17156897210803557 0.7919922339205675, 
40, 0011111100, 0011111100, 0.5765230798571915, 0.9603028676062284, 0.0 0.0 0.00024213902475169724 0.004735670230510575 0.028595819058811235 0.16581558945446817 0.8006107822314584, 
41, 0011111100, 0011111100, 0.5759817940994653, 0.9594175584019322, 0.0 0.0 0.00041206740527925033 0.005220652997882508 0.025476091756257667 0.17523223746112646 0.7936589503794541, 
42, 0001111100, 0011111100, 0.5770570574279773, 0.9612086688663715, 0.0 0.0 0.0 0.005961008387613284 0.03268020973512016 0.14950454216869152 0.811854239708575, 
43, 0011111100, 0011111100, 0.5692583658973597, 0.9481975095324474, 0.012077224352624188 0.0007151624581330162 0.00022229887882414316 0.00715042777364542 0.02427275392267346 0.16388979771732548 0.7916723348967744, 
44, 0011111100, 0011111100, 0.5681866941770605, 0.9464170922836029, 0.015298760110777332 0.0009064302641836234 0.0008853752427075022 0.004882385939827306 0.024328165360010454 0.1583277448024674 0.7953711382800265, 
45, 0011111000, 0011111100, 0.5793599425028891, 0.9650180920229057, 0.0 0.0 0.0 0.0007224698267051914 0.02246899030562158 0.16278605777120753 0.8140224820964657, 
46, 0011111100, 0011111100, 0.5820966224669714, 0.9695828711598593, 0.0 0.0 0.0006863391796397026 0.0028792975585303416 0.016115825541214292 0.138887872564266 0.8414306651563496, 
47, 0011111100, 0011111100, 0.5746547955593263, 0.9571812166775255, 0.006296998763342243 0.00033410712448273385 0.0012074894691272008 0.001692523261292605 0.02143794841573053 0.16467674724053227 0.8043541857254924, 
48, 0011111100, 0011111100, 0.5723751074459152, 0.9533827299354862, 0.0 0.0 9.117193648681753e-05 0.005664806878102969 0.036745881437726176 0.1888527491313741 0.7686453906163099, 
49, 0011111100, 0011111100, 0.5798157877313636, 0.9657831404612541, 0.0 0.0 0.00055002525835287 0.002325731092890756 0.019206773812973723 0.15771031529444446 0.8202071545413382, 
50, 0011111100, 0011111000, 0.5798394035359091, 0.9658225846404199, 0.0 0.0 0.0 0.0007130741027466456 0.024326951342658755 0.15427136716392328 0.8206886073906714, 
51, 0011111100, 0011111100, 0.578212763673805, 0.9631094253820729, 0.0 0.0 0.000313506525554884 0.001759314171510807 0.02659876105269563 0.1616139569854198 0.8097144612648188, 
52, 0011111100, 0011111000, 0.5789923511200119, 0.9644007317025795, 0.0 0.0 0.0 0.0023080482960209673 0.02361595700554132 0.15943955088537837 0.8146364438130593, 
53, 0011111100, 0011111100, 0.5782997994141149, 0.9632634062469375, 0.0 0.0 0.0002250417469462894 0.002025007894375665 0.02609590227060913 0.16125256730624488 0.8104014807818241, 
54, 0001111100, 0011111000, 0.5762012039851895, 0.9597491298852293, 0.0 0.0 0.0 0.0019361244128550516 0.033486579927369906 0.16872368759531994 0.7958536080644552, 
55, 0001111100, 0011111100, 0.5782847822136626, 0.9632184663572958, 0.0 0.0 0.0 0.0021818484120226045 0.021432084921900005 0.1712794867763573 0.8051065798897201, 
56, 0001111000, 0001111100, 0.5777931163440478, 0.9624207846109689, 0.00126850823074636 8.142180393684477e-05 0.0005796024954298563 0.00565613315711782 0.016760867889535156 0.16464858869788165 0.8110048777253523, 
57, 0011111100, 0011111100, 0.5712386503745052, 0.9514558874248578, 0.005098333385027817 0.00036394702307315096 0.0011700280883132842 0.006315320681893765 0.02684789269234015 0.181533080241706 0.7786713978876458, 
58, 0011111100, 0011111100, 0.5792721990184997, 0.9648846409295055, 0.0007304241791570754 6.140623624279384e-05 0.001254241740446715 0.0036892433649997054 0.02340854097194179 0.14310079916614163 0.8277553443410703, 
59, 0001111100, 0011111100, 0.5797868920500193, 0.9657229674301131, 0.0 0.0 0.0 0.0029012705645351036 0.025940551458487345 0.14507728080874124 0.8260808971682364, 
60, 0011111100, 0011111100, 0.5764285419649421, 0.960131818157884, 0.0 0.0 0.0 0.004992112360529757 0.022229916657483563 0.1797729206561401 0.7930050503258466, 
61, 0011111100, 0011111100, 0.5770328961454225, 0.9611645692547588, 0.0 0.0 0.0003404458257035414 0.003480508805664465 0.026648937995571602 0.16791139876049646 0.8016187086125639, 
62, 0011111100, 0000000000, 0.5671442953875606, 0.9446834836650796, 0.01709173132324843 0.0009355914037338324 0.0007357593568248407 0.0009393302388882352 0.02191460705322352 0.17508051080095102 0.7833024698231301, 
63, 0011111100, 0011111100, 0.5820967014887237, 0.9695769365216743, 0.0 0.0 9.504467697552271e-05 0.0033441246754352246 0.016093005710271842 0.13993981671520245 0.8405280082221149, 
64, 0011111100, 0000111100, 0.5763773290518569, 0.9600603155597611, 0.0 0.0 0.0003417732511067674 0.00507579844395829 0.027931819033197153 0.16717998023873765 0.7994706290330001, 
65, 0011111100, 0011111100, 0.5792006655434683, 0.964756675536062, 0.0 0.0 5.5592539095083867e-05 0.003990137470087369 0.023485900003135475 0.15229536421071405 0.8201730057769681, 
66, 0011111100, 0011111000, 0.57880212530486, 0.9640696961754924, 0.0 0.0 0.0 0.0010376052310884566 0.02194731490187539 0.16857437745002946 0.8084407024170066, 
67, 0011111100, 0011111100, 0.5775031089120364, 0.9619442904166978, 0.0 0.0 4.449795550113632e-05 0.001718588324006228 0.022056138651608964 0.17888822340257235 0.7972925516663113, 
68, 0011111000, 0011111100, 0.5780651702753822, 0.9628662170902251, 0.0 0.0 0.0 0.002598468981432162 0.02670094282516455 0.1616054048640234 0.8090951833293799, 
69, 0011111100, 0011111100, 0.5810603438723256, 0.9678492586886545, 0.0 0.0 0.0 0.0006750350738523403 0.020838789917949692 0.1492017628106168 0.8292844121975812, 
70, 0011111100, 0011111100, 0.5788315162124492, 0.9641559589442372, 0.0 0.0 0.0001410087547922844 0.002181634209535418 0.021442716765301344 0.16506987515619975 0.8111647651141712, 
71, 0011111100, 0011111100, 0.5769759124112595, 0.9610492151170115, 0.0 0.0 0.0014132059551999114 0.003375270993410036 0.026546903445344237 0.16483226560621328 0.8038323539998327, 
72, 0011111100, 0011111100, 0.5773550900948896, 0.9616833206101469, 0.0 0.0 0.0 0.004563684604516958 0.023700366047722715 0.1688082904301222 0.8029276589176382, 
73, 0011111100, 0011111100, 0.5764956435333235, 0.9602427147913033, 0.0 0.0 0.0004333210513709272 0.005201160729037182 0.02613976011878891 0.16892742462200713 0.7992983334787959, 
74, 0011111100, 0011111100, 0.5758958437198679, 0.9592320065369297, 0.0 0.0 0.0 0.004521396484122386 0.02655724279086564 0.17792928574432348 0.7909920749806885, 
75, 0011111100, 0011111100, 0.5811557468204779, 0.9680170482233265, 0.0 0.0 0.0 0.0023439861225651912 0.02187941441564185 0.14110692346106204 0.8346696760007309, 
76, 0011111100, 0011111100, 0.5787802928145396, 0.964042091089783, 0.0 0.0 0.0 0.0016367129746301117 0.026587138506282502 0.15766303752484667 0.8141131109942407, 
77, 0011111100, 0011111100, 0.5766798689103283, 0.960550647567103, 0.0 0.0 0.0017817799587061787 0.005164582162450984 0.022749455471140243 0.1685763373329239 0.8017278450747787, 
78, 0011111100, 0011111000, 0.5781938458655419, 0.9630736004636187, 0.0 0.0 0.00018796962039765855 0.0014153868070537737 0.022611665326040788 0.17133702766345432 0.8044479505830534, 
79, 0011111100, 0011100000, 0.5772796731044126, 0.9615602662414348, 0.0 0.0 0.00020399451654570442 0.0042261405754761465 0.020334804579804872 0.17647439359917044 0.7987606667290028, 
80, 0011111100, 0011111100, 0.5767101053334753, 0.9605974564308344, 0.000508690555194673 2.1255800571328115e-05 0.00138898537534674 0.0023435228769868328 0.02801708775851199 0.16463615343159735 0.8030843042017911, 
81, 0011111100, 0000111100, 0.5755828829956302, 0.958733702863656, 0.0 0.0 0.0008574464109424181 0.0027544522368381135 0.03200061537645171 0.17190340971087692 0.7924840762648908, 
82, 0011111100, 0011111100, 0.5775926318912616, 0.962066352421959, 0.0001489541899419966 1.4976823239440009e-05 0.0016326272712840352 0.003833246010052533 0.03061924935006706 0.14736453039696873 0.8163864159584462, 
83, 0011111100, 0011111000, 0.5773365294850533, 0.9616277053055757, 0.0 0.0 1.1196212618691579e-06 0.0021677812604166493 0.026691812568184613 0.1703423207638788 0.800796965786258, 
84, 0011111100, 0011111000, 0.5777673073969353, 0.9623725359572625, 0.0 0.0 0.00040945442850158324 0.002760257060529923 0.022351521428299145 0.17114315250423054 0.8033356145784388, 
85, 0011111100, 0011111100, 0.5745639480341678, 0.9570555605256931, 0.002790500974330192 0.00017926734535898478 0.0027357718890139884 0.003333139823609448 0.02666510112530642 0.16575458499556822 0.7985416338468128, 
86, 0011111100, 0011111100, 0.577541387963826, 0.9619765611732232, 0.0 0.0 0.0005006662891265891 0.0025740342408917573 0.02523422058484139 0.16794742391179623 0.803743654973344, 
87, 0011111100, 0011111100, 0.5750936621809316, 0.957928569486797, 0.0 0.0 0.00019897068355719978 0.0029300233007973145 0.033780966258977516 0.17528069792464146 0.7878093418320266, 
88, 0011111100, 0011111100, 0.5702614636809018, 0.9498716244002448, 0.005041163554877099 0.0002481173733748708 0.0010730516108231885 0.0065414774849906305 0.04307006391841828 0.15922591866729366 0.7848002073902223, 
89, 0011111100, 0011111100, 0.575935395545764, 0.9593051029089862, 0.0 0.0 0.0001914073120360573 0.0030486554651606647 0.026157130682297837 0.18194352553786083 0.7886592810026446, 
90, 0011111100, 0011111100, 0.5806286213910025, 0.9671560687453478, 0.0 0.0 0.0007565724114360127 0.002624713828866453 0.014897054000354366 0.1563690483948603 0.8253526113644828, 
91, 0011111100, 0011111100, 0.578584658303841, 0.9637475476834115, 0.0 0.0 0.0 0.001876373144392882 0.020891124945243856 0.17010334457586423 0.8071291573344991, 
92, 0001111100, 0011111100, 0.5757477849190458, 0.9590155110556429, 0.0 0.0 0.00036496011909149936 0.004672588238030132 0.025704790606306226 0.1790197472630744 0.7902379137734977, 
93, 0011111100, 0011111100, 0.5810666390403616, 0.9678601197266918, 0.0 0.0 0.0 0.0015416299382737986 0.017952626620577793 0.15230913858387252 0.828196604857276, 
94, 0011111100, 0011111100, 0.5783576855945903, 0.963355839864441, 0.0 0.0 0.0005190151476644334 0.0034547083800155346 0.02264189385833375 0.16214098736598215 0.8112433952480042, 
95, 0011111100, 0011111100, 0.5765607559568927, 0.9603572547788951, 0.0 0.0 0.0 0.004388506035222524 0.02634229556180263 0.17200636209735656 0.7972628363056183, 
96, 0011111100, 0011111000, 0.5801024907233437, 0.9662244115688696, 0.0 0.0 0.00019506880528813314 0.0026349189235670505 0.02000407123348599 0.15396035612795708 0.8232055849097017, 
97, 0011111000, 0000111100, 0.5769400300406836, 0.9609855703809683, 0.0 0.0 0.0015155402372453892 0.003366341242081111 0.019649693631484427 0.1786260057759959 0.7968424191131932, 
98, 0011111100, 0011111100, 0.5786937319246535, 0.9639062815777955, 0.0012913421191830862 6.962441711403074e-05 7.749906212920233e-05 0.0030700182685496975 0.023207224728109807 0.15253163522217267 0.8197526561827416, 
99, 0011111100, 0001111100, 0.5744555633847652, 0.9568605745405432, 0.0 0.0 0.00045660254459846584 0.0038735899379819484 0.03422012602127779 0.17694912072184554 0.7845005607742963, 
100, 0011111000, 0011111100, 0.5771114880021392, 0.9612765607795544, 0.0 0.0 0.0008454028710789481 0.0037010159406926798 0.022408635991700256 0.17303870403287977 0.8000062411636484, 
run, initial grid state, final grid state, mean grid cell occupancy, mean binding site occupancy, fraction of time with N TFs bound, warning
1, 0011111100, 0011111100, 0.5782036541383161, 0.9630887525625612, 0.0 0.0 0.0 0.0014742884942132517 0.026296917025092906 0.16445078509180683 0.807778009388887, 
2, 0011111100, 0011111000, 0.5806688394260573, 0.9672091088701577, 0.0 0.0 4.009380407664037e-05 0.003343627703764495 0.023103056963497095 0.14034797452445977 0.833165247004202, 
3, 0011111000, 0011111100, 0.5814846346445304, 0.9685423505038678, 0.0 0.0 7.878753251121156e-05 0.0007972990991126922 0.01728037028077421 0.15147810898786163 0.8303654340997402, 
4, 0011111000, 0011111100, 0.5755992453808647, 0.958766242618126, 0.0 0.0 0.0006735986204300891 0.007008873238145361 0.025239108517334855 0.17320331306041778 0.7938751065636719, 
5, 0011111100, 0011111100, 0.5761942016791557, 0.9597714085121989, 0.0 0.0 0.00022630010967220575 0.00358947175754154 0.02579081967073891 0.17811629387401492 0.7922771145880324, 
6, 0011111100, 0011111100, 0.5753929488260647, 0.9584370307180948, 0.0 0.0 0.0 0.00595095604561167 0.02750165228091003 0.17652164299277562 0.7900257486807027, 
7, 0011111100, 0011111100, 0.578025268764959, 0.9627961957587398, 0.0 0.0 0.0007386895659804912 0.002135066929602892 0.023415087578915313 0.1670326912370005 0.8066784646885008, 
8, 0011111000, 0011111100, 0.5793817701342312, 0.9650724066892182, 0.0 0.0 0.0 0.0017283452830053332 0.01762267130431532 0.16913518140704364 0.8115138020056357, 
9, 0011111100, 0011111100, 0.5744922178582886, 0.9569318330792759, 0.0 0.0 0.0009014458713028402 0.005087524431238202 0.029575431070581755 0.18038978260425553 0.7840458160226217, 
10, 0011111100, 0011111100, 0.5562703888905592, 0.9265657893944154, 0.03602253029439131 0.0018650397627025556 0.0016443087666717028 0.004810993249493439 0.02112442805818945 0.1518858121221011 0.7826468877464505, 
11, 0011111100, 0011111000, 0.5789061556302657, 0.9642609579415382, 0.0 0.0 0.0 0.0038548938251575966 0.02646812782243003 0.1499333152304385 0.8197436631219738, 
12, 0001111100, 0011111100, 0.578437186995046, 0.9635039401345417, 0.0 0.0 0.0 0.002527985481983011 0.023731421105674163 0.16392956053545268 0.8098110328768902, 
13, 0001111100, 0011111000, 0.5755768512157508, 0.9587295483979829, 0.0 0.0 0.0 0.0011961418961803118 0.027372629357893 0.18928902520777643 0.7821422035381502, 
14, 0011111100, 0011111100, 0.5785142274827341, 0.9636146967869127, 0.0 0.0 0.0009490596672770557 0.0032336342697884333 0.02508318908157638 0.15464829963689763 0.8160858173444605, 
15, 0011111100, 0011111100, 0.5774805749705082, 0.9618862653848872, 0.0 0.0 0.0 0.0018015549791043609 0.027458077054963323 0.1683615886434371 0.8023787793224952, 
16, 0011111000, 0011111100, 0.5787832266990162, 0.9640465394844602, 0.0 0.0 0.0009870044161226635 0.0031741509875826603 0.021283206630541836 0.1596838792049165 0.8148717587608364, 
17, 0011111100, 0011111100, 0.5768383657672304, 0.960836081603892, 0.0 0.0 0.0 0.001506932309620664 0.024362352872260334 0.18173800770326495 0.792392707114854, 
18, 0011111100, 0011111100, 0.5739713354921507, 0.9560563482532516, 0.004197634151473499 0.00020774397715125762 0.0012627075620092096 0.0028194116032024645 0.029637499027365455 0.1646533225735178 0.7972216811052802, 
19, 0011111000, 0011111100, 0.5748998749000727, 0.957603243139176, 0.004193432052282889 0.00019672735458356992 0.0004686377471770275 0.002561890171469691 0.022433465078641367 0.17380916041792852 0.796336687177917, 
20, 0011111100, 0011111100, 0.5767953203016952, 0.9607408396779645, 0.0 0.0 0.000149071760453894 0.0020291076392563467 0.028659819893201596 0.17155171218622467 0.7976102885208636, 
21, 0011111000, 0011111100, 0.5787368061522488, 0.9639890233943079, 0.0 0.0 0.0 0.00268062603167816 0.026183845616527725 0.15565629030606287 0.8154792380457312, 
22, 0011111100, 0011111100, 0.579289083640046, 0.9649003963044849, 0.0 0.0 0.0 0.0008470017239813293 0.021924641397241124 0.164207334206665 0.8130210226721126, 
23, 0011111100, 0011111000, 0.5789357121285924, 0.9643229166918604, 0.0 0.0 0.0 0.0017609104465045814 0.023195022181473485 0.16238972414637626 0.8126543432256457, 
24, 0011111100, 0011111100, 0.57776074921802, 0.9623594165577076, 0.0016014265582051516 5.595180251867288e-05 0.0011565173544781761 0.0019041141166915494 0.02594799579170216 0.15372077894053765 0.8156132154358666, 
25, 0011111100, 0011110000, 0.5748846268617294, 0.9575868795609402, 0.0 0.0 0.0 0.0029071942133869298 0.0384259574805791 0.1689052250330391 0.7897616232729949, 
26, 0011111100, 0011111100, 0.572065974547224, 0.95289020348186, 0.005356929217745832 0.00044995598804488065 0.0007970526764224256 0.003621027164994109 0.028042600839737232 0.1781309299819936 0.7836015041310619, 
27, 0011111100, 0011111100, 0.5770936376790231, 0.9612612211925324, 0.0 0.0 0.0010293107741442605 0.0014058936731147624 0.026111105314216117 0.1718755381004521 0.7995781521380728, 
28, 0011111100, 0011111100, 0.5794265920291507, 0.9651423751569436, 0.0 0.0 0.00010901006808349063 0.0014480652523551382 0.021943141698185 0.16047922963256891 0.8160205533488075, 
29, 0001111100, 0011111100, 0.5768140015469067, 0.9607781672754784, 0.0 0.0 0.0 0.0023758203930055667 0.025202523786852008 0.17779848759440925 0.7946231682257331, 
30, 0011111100, 0011111100, 0.579850112788392, 0.9658258334371861, 0.0 0.0 0.00015831330709034487 0.0013883814424624611 0.02326894949831152 0.1537087028245118 0.8214756529276238, 
31, 0001111100, 0011111000, 0.5791111961752075, 0.9645912988171296, 0.0 0.0 0.0 0.0027433922421014343 0.019556197758441706 0.1651096348540349 0.812590775145422, 
32, 0011111100, 0011111100, 0.5735918504678051, 0.9554388668162166, 0.0 0.0 0.0006541619204416729 0.008157869616350222 0.03160781818723003 0.17706090619742382 0.7825192440785542, 
33, 0011111100, 0011111100, 0.5774549395895509, 0.9618570785884456, 0.0 0.0 0.00034510009489445453 0.005193300836304928 0.02988544449211204 0.15212633659660962 0.812449817980079, 
34, 0011111100, 0011111100, 0.5757035824277043, 0.9589336874152063, 0.0015667932212726273 7.170818965298788e-05 0.0005792698838537789 0.003097641630363734 0.02176529655072585 0.18149797770490378 0.7914213128192273, 
35, 0011111100, 0011111000, 0.5762437742076608, 0.9598437632708956, 0.0 0.0 0.0 0.0019331547441701377 0.026571008276501534 0.18199593958911303 0.7894998973902153, 
36, 0011111100, 0011111100, 0.5719978418514508, 0.9527687713789067, 0.008277220372780504 0.0005314107438610849 0.003087188169634796 0.003561415641709509 0.022610846265210777 0.16281230363648216 0.7991196151703212, 
37, 0011111100, 0011111100, 0.5798246457710224, 0.9657800646471916, 0.0 0.0 0.0008755840261921321 0.0035231892135959113 0.021165987890848628 0.14891573258959703 0.8255195062797663, 
38, 0111111100, 0011111100, 0.5777934398912751, 0.9624160371402556, 0.0 0.0 0.0 0.0019749274511463156 0.020254263132789527 0.17907046853944877 0.7987003408766153, 
39, 0011111100, 0011111100, 0.5788306930611388, 0.9641444790420856, 0.0 0.0 2.2546972923903235e-06 0.0047522325532006575 0.025840265323719316 0.14918687865127625 0.8202183687745114, 
40, 0011111100, 0011111000, 0.5793318113774439, 0.9649618034908188, 0.0 0.0 0.00033759328434410546 0.002483496438763035 0.02475113290103549 0.15192605079935026 0.8205017265765071, 
41, 0011111100, 0011111100, 0.5795841153994777, 0.9654048894694973, 0.0 0.0 0.0007039239210113598 0.002336774537718537 0.021783617015895755 0.15417740985402403 0.8209982746713503, 
42, 0011111100, 0011111100, 0.5799433112716258, 0.9659847668819963, 0.0 0.0 0.0 0.00237942294965893 0.02595288258231856 0.14504736469440851 0.826620329773614, 
43, 0011111100, 0001111000, 0.5749328434781078, 0.9576609119892401, 0.0 0.0 0.00030566624252200124 0.006008340870448492 0.03543672994656322 0.1639133805899991 0.7943358823504671, 
44, 0011111000, 0000000000, 0.5737474552045378, 0.9556939976550987, 0.002133938931505339 0.0001523519765487171 0.0013039461261118682 0.006122088988797208 0.02903348205052848 0.17062160502573556 0.7906325869007729, 
45, 0011111100, 0011111100, 0.5769127469740326, 0.9609616610779032, 0.0 0.0 0.0 0.0035971377774840943 0.02619788064516747 0.17104285890979418 0.7991621226675543, 
46, 0011111100, 0001111100, 0.5773868255898126, 0.9617540576729459, 0.0 0.0 0.0005943913581573111 0.00505903128448719 0.024417375817847906 0.16308624304053776 0.8068429584989699, 
47, 0011111100, 0011111100, 0.5772185617994131, 0.9614605483289472, 0.0 0.0 0.0017707351969093366 0.002750721197996927 0.020818097829054916 0.17426540998657836 0.8003950357894605, 
48, 0011111100, 0011111100, 0.5788778138944337, 0.9641993998826165, 0.0 0.0 0.0003406216551645313 0.0037082677432040793 0.029683872503941573 0.14294856584614735 0.8233186722515424, 
49, 0000111000, 0011111100, 0.5767358227861327, 0.9606369606348181, 0.0022598830262634865 0.00011880460671220506 0.0012861607770133586 0.006891798409424452 0.022143089617374538 0.1519186974288741 0.8153815661343379, 
50, 0011111100, 0011111100, 0.5748343395585519, 0.9574672686893229, 0.006248746101745934 0.0002869136699575895 0.0008627369080597303 0.0029390924507358097 0.02608541196250705 0.1518302939943394 0.8117468049126545, 
51, 0011111100, 0011111100, 0.5753702456100853, 0.958371808974836, 0.0 0.0 0.001308530960954981 0.005176657603096564 0.02273175167981883 0.18354154613823695 0.7872415136178926, 
52, 0011111100, 0011111100, 0.5758629304957193, 0.9592009140573149, 0.0 0.0 0.004259509117771954 0.006555869242003183 0.022742399196722572 0.16260407306556873 0.8038381493779336, 
53, 0000011100, 0011111100, 0.5785490999231916, 0.9636889115210638, 0.0 0.0 0.0009065252778218473 0.004479377210779479 0.023700479260078466 0.1534013396098342 0.817512278641486, 
54, 0011111100, 0011111100, 0.58305469222603, 0.9711530482618848, 0.0 0.0 0.0009962182660474095 0.0021264740356135648 0.014666951067340093 0.1333835131229811 0.8488268435080177, 
55, 0011111100, 0011111100, 0.5789400142938315, 0.9643134573456016, 0.0 0.0 0.0012214994742835701 0.002473501047670692 0.019562530853608644 0.16268769317902698 0.81405477544541, 
56, 0011111100, 0011111100, 0.5785509295385687, 0.963705303593392, 0.0 0.0 0.0015855450851109765 0.005075575943277506 0.018281412828702878 0.15963644461196516 0.8154210215309435, 
57, 0011111100, 0011111100, 0.5767586600826097, 0.9607067805420988, 0.0 0.0 0.0 0.0033833055368154316 0.023109444741337172 0.17939051065428685 0.7941167390675605, 
58, 0011111100, 0011111100, 0.5776100612538715, 0.9621135568641135, 0.0 0.0 1.6926338578122e-05 0.0032698902486330552 0.025613251576681935 0.16621477956174388 0.8048851522743631, 
59, 0011111100, 0011111100, 0.5742640603852834, 0.9565005497157902, 0.0 0.0 0.0014831144126629828 0.005291986033399339 0.03302605519294757 0.17313617556851355 0.7870626687924765, 
60, 0011111100, 0011111100, 0.5753701545753689, 0.9583673242440938, 0.0 0.0 0.002290910340577307 0.004372077204042254 0.03370916435351855 0.16009785285396486 0.7995299952478971, 
61, 0011111000, 0011111100, 0.5790965915632768, 0.9645825289204739, 0.0 0.0 0.0 0.0017607847841210448 0.022056509387167793 0.16310945335045762 0.8130732524782536, 
62, 0001111100, 0011111100, 0.5801063307827368, 0.9662651253634948, 0.0 0.0 0.00022597573455651599 0.00165748246315712 0.02120393536067431 0.15412502676998469 0.8227875796716274, 
63, 0011111000, 0011111100, 0.5774655292797981, 0.9618721438645736, 0.0 0.0 7.793014447865031e-05 0.005716221734840579 0.026484628573830757 0.15833749388246074 0.8093837256643893, 
64, 0011111100, 0011111100, 0.577784386084358, 0.9623988273061943, 0.0 0.0 0.0 0.0021784517716687242 0.025574671151082716 0.16792233854566252 0.804324538531586, 
65, 0011111000, 0011111100, 0.5796717475854288, 0.9655402835216963, 0.0 0.0 0.0 0.001865816340543145 0.01762855139130996 0.16590374706557284 0.814601885202574, 
66, 0011111100, 0011111100, 0.5805989125693927, 0.9670935802629679, 0.0 0.0 0.0003838621058879579 0.0026480677891122157 0.018532204994025477 0.15089445664325382 0.8275414084677205, 
67, 0011111100, 0011111100, 0.5772559026546263, 0.9615070757813278, 0.0 0.0 7.870552872635068e-05 0.0016645944989919234 0.02761842205708253 0.17041209558598638 0.8002261823292128, 
68, 0011111100, 0011111100, 0.575040186867807, 0.9578188134083585, 0.0 0.0 0.0008448960950645946 0.004639241574068182 0.031246047921363228 0.17329771460465965 0.7899720998048443, 
69, 0011111100, 0011111100, 0.5714256944203846, 0.951827838851437, 0.012093407398520536 0.0007528955306163287 8.280953743730272e-05 0.004185474947562377 0.022909887122428592 0.15400060760987894 0.8059749178535559, 
70, 0011111100, 0011111000, 0.5803697259667474, 0.9667202036661056, 0.0 0.0 0.0 0.0009248975949760277 0.01956315933926381 0.15777776653991032 0.8217341765258499, 
71, 0001111100, 0011111100, 0.5788137657203598, 0.964119563613914, 0.0 0.0 1.951092259514899e-05 0.0013348587889934153 0.023975936374080714 0.163248125510993 0.8114215684033377, 
72, 0011111100, 0011111000, 0.5761251171832668, 0.9596407605312084, 0.0 0.0 0.0013198844122204042 0.0022718498844985237 0.029483634379594233 0.1710930807511845 0.7958315505725023, 
73, 0000011100, 0011111100, 0.5803059465726839, 0.9666060741839174, 0.0 0.0 0.0 0.002109880138238209 0.019253493267884624 0.1555269279460119 0.8231096986478652, 
74, 0011111100, 0011111100, 0.5799335616184905, 0.9659534654808181, 0.0 0.0 0.0 0.001886221882572628 0.02004865972066633 0.15852322202604072 0.8195418963707203, 
75, 0011111100, 0011111100, 0.5816888555980597, 0.968911471638987, 0.0 0.0 0.00026062891746157687 0.004794571335538455 0.017370719017209962 0.13636350245519574 0.8412105782745943, 
76, 0011111100, 0011111100, 0.5786992694157902, 0.9639447415135829, 0.0 0.0 0.0 0.0016390586681507028 0.024384382236024054 0.16264561044200243 0.8113309486538227, 
77, 0011111100, 0001111100, 0.5782981359763478, 0.9632192797933815, 0.0 0.0 0.00038598552596535 0.0020136071733343245 0.02137533234985022 0.17034889291614622 0.8058761820347039, 
78, 0011111000, 0011111100, 0.5759822339381518, 0.9593994291783836, 0.0 0.0 0.00018160011290913535 0.0037453579952596476 0.022846142738450082 0.1859486650153831 0.787278234137998, 
79, 0011111100, 0001111100, 0.5781542845584668, 0.9630176078177975, 0.002333015945079099 0.00016767093867001078 0.0007956915057347501 0.0017620036365577718 0.0266190141008317 0.14535109759511458 0.8229715062780121, 
80, 0001111100, 0011111100, 0.5760429930905067, 0.9594943761802522, 0.0 0.0 2.0003000080585476e-05 0.00294536012664196 0.03290608771090456 0.16830547511642965 0.7958230740459432, 
81, 0001111100, 0011111100, 0.5779470769617142, 0.9626615658275129, 0.0 0.0 0.00024118346660775795 0.002863927753046325 0.025477228333746094 0.16351963124185992 0.8078980292047399, 
82, 0011111100, 0011111100, 0.5768720139422895, 0.9608357208202181, 0.003432172969469797 0.00021899227846270514 0.00041091914374294733 0.0030252886132166356 0.01898350062329394 0.16461113220835003 0.809317994163464, 
83, 0011111100, 0011111100, 0.5752273516672531, 0.9581339232570706, 0.005746274590455918 0.0003053681613910198 0.0005729125628277801 0.001044102652295175 0.01810932647897067 0.1735493609417476 0.8006726546123117, 
84, 0011111100, 0011111100, 0.5634522970929343, 0.9385235745456527, 0.02705114655440864 0.001531170830270449 0.0019040633480476195 0.0020914729106396718 0.014285869097443189 0.15643340892928326 0.7967028683299072, 
85, 0011111100, 0011111100, 0.5783647904407605, 0.9633664279952422, 0.0 0.0 0.0 0.004107236651270985 0.03009768979269006 0.14728434248935385 0.818510731066685, 
86, 0011111100, 0011111100, 0.5656296453204029, 0.9421597626225825, 0.014801643074477967 0.000802597896440171 0.0015116109106915053 0.004854645492827778 0.029950533703735915 0.1737071288067151 0.7743718401151116, 
87, 0011111100, 0001111100, 0.577031611020746, 0.9611335176836734, 0.0 0.0 0.0 0.0012175663840987142 0.02621702087426744 0.17711215299712857 0.7954532597445053, 
88, 0011111100, 0011111100, 0.5811816600254561, 0.9680422097884965, 0.0 0.0 0.00011883948765868231 0.0020760995450621413 0.018330232782190356 0.14838261911881923 0.8310922090662697, 
89, 0011111000, 0011111100, 0.5792528434536743, 0.9648255518508004, 0.0 0.0 0.0008222385618688946 0.0025713191222850903 0.02242299121918545 0.1551977948424958 0.8189856562541648, 
90, 0011111100, 0011111100, 0.5808114999348493, 0.9674553343430694, 0.0 0.0 0.0001914986897135916 0.0036458491356030527 0.02077663046434633 0.1420111908472271 0.8333748308631099, 
91, 0000000000, 0011111100, 0.578160763348855, 0.9630186328785661, 0.0006480556462357716 1.0345920664961726e-05 0.0009060253701585326 0.005739545471811594 0.023624079561348776 0.14985724222909777 0.8192147058006826, 
92, 0011111100, 0011111100, 0.5820048239121232, 0.9694475007977258, 0.0 0.0 0.0 0.0006524796012554849 0.014706829062773662 0.15194389828433125 0.8326967930516397, 
93, 0011111100, 0011111100, 0.5741259284003972, 0.9562920571793817, 0.007020551104032084 0.00040269004133031475 0.0022620963387227056 0.0013655292917192547 0.02422639183779473 0.15651314318722734 0.8082095981991735, 
94, 0011111100, 0011111000, 0.5771358666027986, 0.9613198068839933, 0.0 0.0 0.00038474977237638966 0.0037871534689549033 0.0265661705229414 0.16604835815378757 0.8032135680819397, 
95, 0011111100, 0011111100, 0.5800004868988068, 0.9661162369490586, 0.0 0.0 0.0006532787538007894 0.0045574050959396005 0.019600904180166173 0.147815439642294 0.8273729723277995, 
96, 0011111000, 0011111100, 0.5790404687390702, 0.964495458555858, 0.0 0.0 2.1192786301601497e-05 0.0040363354254403 0.020896155837935308 0.1590411595674541 0.8160051563828687, 
97, 0011111100, 0011111100, 0.5767209143814879, 0.9606287916632258, 0.0 0.0 0.0007184801828912325 0.002689350738491146 0.02511538031026783 0.1750545164530713 0.7964222723152785, 
98, 0011111100, 0011111100, 0.5778169531813933, 0.9624477934860834, 0.0 0.0 0.0 0.003224421591500015 0.021401057424275092 0.1728378594604494 0.8025366615237756, 
99, 0011111100, 0011111100, 0.5802783049205105, 0.9665413066732984, 0.0 0.0 0.0002638159716573783 0.0022897816979118185 0.019605618024584787 0.15361631493067532 0.8242244693751707, 
100, 0011111100, 0011111100, 0.5809073050816729, 0.9675773623093276, 0.0 0.0 0.0 0.0033629088273266733 0.01636821951423622 0.15171066063358166 0.8285582110248555, 
