run, initial grid state, final grid state, mean grid cell occupancy, mean binding site occupancy, fraction of time with N TFs bound, warning
1, 1111111100, 1111111111, 0.9354772013553421, 0.9994967831521642, 0.0 0.0 0.0 0.0 0.0 0.003019301087015072 0.9969806989129849, 
2, 1111111111, 1111111111, 0.9339150200737012, 0.9994324519517285, 0.0 0.0 0.0 0.0 0.0 0.0034052882896299587 0.9965947117103701, 
3, 0111111111, 0111111111, 0.9355336649230886, 0.9993641461867793, 0.0 0.0 0.0 0.0 0.0 0.003815122879324771 0.9961848771206753, 
4, 0111111110, 0011111111, 0.9330934597752845, 0.999171521175713, 0.0 0.0 0.0 0.0 0.0 0.004970872945722 0.9950291270542779, 
5, 1111111110, 1111111111, 0.9357383663795191, 0.9997526520195666, 0.0 0.0 0.0 0.0 0.0 0.0014840878825996035 0.9985159121174004, 
6, 1111111111, 0111111111, 0.9334955434430259, 0.9997260702396376, 0.0 0.0 0.0 0.0 0.0 0.001643578562174354 0.9983564214378255, 
7, 1111111110, 1111111110, 0.9355783437759069, 0.9994538252727637, 0.0 0.0 0.0 0.0 0.0005522495661551043 0.002172549231107575 0.9972752012027374, 
8, 1111111111, 1111111100, 0.9336174525485356, 0.999500203270686, 0.0 0.0 0.0 0.0 0.0 0.00299878037588409 0.9970012196241159, 
9, 1111111111, 1111111111, 0.935428374012038, 0.9997593181446274, 0.0 0.0 0.0 0.0 0.0 0.0014440911322353282 0.9985559088677646, 
10, 0111111100, 1111111111, 0.93645234923405, 0.9994205798248342, 0.0 0.0 0.0 0.0 0.0 0.0034765210509939437 0.9965234789490061, 
11, 1111111111, 0111111100, 0.9362022939147844, 0.9996063413507948, 0.0 0.0 0.0 0.0 0.0 0.0023619518952313207 0.9976380481047686, 
12, 0111111111, 1111111110, 0.9361454781767952, 0.9993415036859568, 0.0 0.0 0.0 0.0 0.0 0.003950977884259876 0.9960490221157402, 
13, 1111111111, 1111111110, 0.9365366647437211, 0.9992285986428623, 0.0 0.0 0.0 0.0 0.0 0.004628408142826613 0.9953715918571735, 
14, 1111111111, 0111111111, 0.9326782382251564, 0.9994573436683606, 0.0 0.0 0.0 0.0 0.0 0.0032559379898363418 0.9967440620101636, 
15, 0111111111, 1111111111, 0.9369566638933933, 0.9993894363268865, 0.0 0.0 0.0 0.0 0.0 0.0036633820386812017 0.9963366179613188, 
16, 0011111110, 1111111111, 0.9369055864423071, 0.9997259354019699, 0.0 0.0 0.0 0.0 0.0 0.0016443875881804702 0.9983556124118196, 
17, 1111111111, 0011111111, 0.9332362581055864, 0.99923508798002, 0.0 0.0 0.0 0.0 0.00021612405307020458 0.004157224013739228 0.9956266519331906, 
18, 1111111111, 1111111111, 0.9346650165314764, 0.9993183154531827, 0.0 0.0 0.0 0.0 0.00010531995491186777 0.0038794673710794373 0.9960152126740086, 
19, 1111111110, 1111111111, 0.9360300698496713, 0.9998521233508335, 0.0 0.0 0.0 0.0 0.0 0.0008872598949988114 0.9991127401050012, 
20, 0111111111, 0111111111, 0.9371086571974185, 0.9993339187122834, 0.0 0.0 0.0 0.0 0.0 0.003996487726299262 0.9960035122737007, 
21, 1111111111, 0111111111, 0.9299751786200948, 0.9987806897659214, 0.0 0.0 0.0 0.0 0.0 0.007315861404471709 0.9926841385955283, 
22, 1111111111, 0111111111, 0.9351957321338273, 0.9986307404920506, 0.0 0.0 0.0 0.0008529686032147634 0.00045948204697716797 0.00473768714409848 0.9939498622057096, 
23, 0111111110, 1111111111, 0.9367657158709854, 0.9992111451746285, 0.0 0.0 0.0 0.0 6.0928516868523184e-05 0.004611271918492203 0.9953277995646392, 
24, 1111111111, 0111111111, 0.9346625839905125, 0.9997522711201814, 0.0 0.0 0.0 0.0 0.00012878531102305366 0.0012288026568651482 0.9986424120321118, 
25, 1111111111, 0111111111, 0.9326105906941978, 0.9998145800966077, 0.0 0.0 0.0 0.0 0.0 0.0011125194203531245 0.9988874805796469, 
26, 1111111110, 1111111111, 0.9307856706930732, 0.999305747543223, 0.0 0.0 0.0 0.0 0.0005468577248321828 0.003071799290998028 0.9963813429841699, 
27, 1111111111, 1111111111, 0.935094538662164, 0.99963417101237, 0.0 0.0 0.0 0.0 0.0 0.0021949739257805826 0.9978050260742193, 
28, 0111111111, 1111111111, 0.9334679323241709, 0.9991218924414494, 0.0 0.0 0.0 0.0 0.0 0.005268645351303702 0.9947313546486962, 
29, 1111111111, 0111111111, 0.9291721362051727, 0.9995677507456676, 0.0 0.0 0.0 0.0 0.0 0.002593495525993878 0.997406504474006, 
30, 1111111111, 1111111111, 0.9360969496929872, 0.9989142029326393, 0.0 0.0 0.0 0.0 0.00021112191814229598 0.006092538567878992 0.9936963395139787, 
31, 1111111111, 1111111111, 0.9400715414704236, 0.9997266206761964, 0.0 0.0 0.0 0.0 0.0 0.0016402759428214937 0.9983597240571785, 
32, 1111111111, 0111111111, 0.9368860901661735, 0.9993506245743017, 0.0 0.0 0.0 0.0 0.0 0.0038962525541900448 0.99610374744581, 
33, 0111111111, 0111111111, 0.9313968109357961, 0.9986208450900701, 0.0 0.0 0.0 0.0 0.0006455165882146358 0.00698389628314991 0.9923705871286355, 
34, 1111111111, 1111111111, 0.936084915299643, 0.9991914868042202, 0.0 0.0 0.0 0.0 2.800839985966682e-05 0.004795062374958928 0.9951769292251814, 
35, 1111111100, 0011111111, 0.9365175938153479, 0.999306556914091, 0.0 0.0 0.0 0.0 0.0 0.004160658515454331 0.9958393414845457, 
36, 0111111111, 1111111111, 0.9338972540376523, 0.999663082623837, 0.0 0.0 0.0 0.0 0.0 0.0020215042569782333 0.9979784957430219, 
37, 1111111110, 0111111111, 0.9338149839298241, 0.9997045124255451, 0.0 0.0 0.0 0.0 0.0 0.0017729254467290212 0.9982270745532709, 
38, 1111111111, 0111111111, 0.9365184809815132, 0.9995731741891256, 0.0 0.0 0.0 0.0 0.0 0.0025609548652466914 0.9974390451347532, 
39, 1111111111, 0111111111, 0.9358841839637966, 0.999360836341898, 0.0 0.0 0.0 0.0 0.0 0.003834981948611452 0.9961650180513886, 
40, 1111111111, 0111111111, 0.9333467070756605, 0.999368602456189, 0.0 0.0 0.0 0.0 0.000405540786382414 0.002977303690100823 0.9966171555235168, 
41, 1111111111, 1111111111, 0.9337799081881699, 0.9995032839554467, 0.0 0.0 0.0 0.0 0.0 0.002980296267319243 0.9970197037326807, 
42, 1111111111, 1111111111, 0.9329720686138765, 0.9990773916503108, 0.0 0.0 0.0 0.0 0.0005002451668978872 0.004535159764339562 0.9949645950687626, 
43, 1111111100, 0111111110, 0.9336596070398864, 0.9993579742756377, 0.0 0.0 0.0 0.0 0.0 0.0038521543461745903 0.9961478456538254, 
44, 1111111111, 1111111111, 0.932128717471622, 0.9997416934246214, 0.0 0.0 0.0 0.0 0.0 0.001549839452271376 0.9984501605477286, 
45, 0111111100, 0011111111, 0.9317970573275531, 0.9988746412380723, 0.0 0.0 0.0 0.0 0.00021772903004277318 0.006316694511480696 0.9934655764584766, 
46, 0111111111, 1111111111, 0.9345378790124488, 0.9998598191003416, 0.0 0.0 0.0 0.0 0.0 0.0008410853979506378 0.9991589146020493, 
47, 0111111111, 1111111111, 0.9312265013055687, 0.9992244715912872, 0.0 0.0 0.0 0.0 0.0 0.0046531704522766735 0.9953468295477234, 
48, 0001111111, 1111111111, 0.9324555473178165, 0.9990638782197758, 0.0 0.0 0.0 0.0 0.00040369132216544376 0.00480934803701382 0.9947869606408206, 
49, 0111111111, 1111111111, 0.930793370482701, 0.9992216977697186, 0.0 0.0 0.0 0.0 0.000371175871315343 0.003927461639057567 0.995701362489627, 
50, 1111111111, 0011111110, 0.9346470333375207, 0.9995450153237249, 0.0 0.0 0.0 0.0 0.0006857830034987699 0.00135834205065415 0.997955874945847, 
51, 0111111111, 1111111110, 0.9376536678820172, 0.9997358367677686, 0.0 0.0 0.0 0.0 0.0 0.0015849793933891626 0.9984150206066108, 
52, 1111111100, 0011111111, 0.9343033162198446, 0.9995342198240188, 0.0 0.0 0.0 0.0 0.0 0.0027946810558869438 0.9972053189441131, 
53, 1111111111, 1111111111, 0.9318047375688995, 0.9985704818645027, 0.0 0.0 0.0 0.0 0.0004496690296722593 0.007677770753639595 0.9918725602166881, 
54, 1111111110, 1111111111, 0.9371664243327257, 0.9993975996333032, 0.0 0.0 0.0 0.0 0.0 0.00361440220018087 0.9963855977998192, 
55, 1111111111, 0011111111, 0.9355405583527888, 0.9993390882168651, 0.0 0.0 0.0 0.0 0.0 0.003965470698808783 0.9960345293011912, 
56, 1111111100, 1111111111, 0.9373666478231781, 0.9994461840419087, 0.0 0.0 0.0 0.0 0.0 0.003322895748548435 0.9966771042514516, 
57, 1111111111, 1111111111, 0.935341347597891, 0.9994151745708876, 0.0 0.0 0.0 0.0 0.0 0.003508952574674515 0.9964910474253255, 
58, 1111111110, 1111111111, 0.933505265827705, 0.998797431842054, 0.0 0.0 0.0 0.0 0.0 0.007215408947675866 0.9927845910523241, 
59, 0111111111, 1111111110, 0.9380976736505865, 0.9988226817491782, 0.0 0.0 0.0 0.0 0.00129495311508542 0.004474003274760366 0.9942310436101541, 
60, 1111111111, 1111111111, 0.9389815076111458, 0.9997555889632129, 0.0 0.0 0.0 0.0 0.0 0.0014664662207220776 0.9985335337792779, 
61, 1111111111, 1111111110, 0.9329174259118876, 0.9993193706418073, 0.0 0.0 0.0 0.0 0.00015812861807204426 0.003767518913011767 0.9960743524689162, 
62, 1111111111, 1111111111, 0.9340032983728436, 0.9986792218808189, 0.0 0.0 0.0 0.0 0.0006246572323022569 0.006675354250482504 0.9926999885172153, 
63, 1111111111, 1111111111, 0.9365354561637023, 0.9995477079759979, 0.0 0.0 0.0 0.0 0.0 0.002713752144012912 0.9972862478559871, 
64, 1111111111, 1111111111, 0.933679010573441, 0.9989660403206112, 0.0 0.0 0.0 0.0 0.0010775251216327008 0.004048707833067441 0.9948737670452998, 
65, 1111111110, 1111111110, 0.9363805144488037, 0.9996242147175318, 0.0 0.0 0.0 0.0 0.0 0.002254711694809652 0.9977452883051903, 
66, 1111111110, 1111111111, 0.9368338648976747, 0.9996787557757846, 0.0 0.0 0.0 0.0 0.0 0.0019274653452929994 0.998072534654707, 
67, 0111111111, 0111111111, 0.9353918469167084, 0.9996060599546215, 0.0 0.0 0.0 0.0 0.0 0.0023636402722713775 0.9976363597277286, 
68, 1111111110, 1111111111, 0.9322794153119136, 0.9995186665568357, 0.0 0.0 0.0 0.0 0.0 0.0028880006589852626 0.9971119993410148, 
69, 1111111111, 0111111100, 0.9331907854642979, 0.9995362721579126, 0.0 0.0 0.0 0.0 3.330518827881132e-05 0.002715756675967517 0.9972509381357537, 
70, 0111111111, 1111111111, 0.9356612267101009, 0.9998212644002735, 0.0 0.0 0.0 0.0 0.0 0.0010724135983593405 0.9989275864016407, 
71, 1111111110, 1111111111, 0.9336118628843032, 0.9989945398683684, 0.0 0.0 0.0 0.0 0.0 0.006032760789789188 0.9939672392102109, 
72, 1111111110, 1111111111, 0.9361427547797592, 0.9996240208442894, 0.0 0.0 0.0 0.0 0.0 0.0022558749342637473 0.9977441250657362, 
73, 1111111110, 0111111110, 0.9363017865186768, 0.9990805880027561, 0.0 0.0 0.0 0.0 0.0 0.005516471983463593 0.9944835280165365, 
74, 0111111111, 1111111111, 0.934547489189464, 0.9994008533796928, 0.0 0.0 0.0 0.0 0.0 0.0035948797218433347 0.9964051202781568, 
75, 1111111111, 1111111111, 0.9349078967618709, 0.9994788531785448, 0.0 0.0 0.0 0.0 0.0 0.0031268809287316457 0.9968731190712682, 
76, 1111111111, 1111111110, 0.934443545243514, 0.9995111117309878, 0.0 0.0 0.0 0.0 0.0 0.002933329614073265 0.9970666703859267, 
77, 1111111111, 1111111110, 0.936853460855908, 0.9997963964996817, 0.0 0.0 0.0 0.0 0.0 0.001221621001910262 0.9987783789980897, 
78, 1111111111, 1111111110, 0.9339371128656829, 0.9993294504687615, 0.0 0.0 0.0 0.0 0.0002121064630870308 0.0035990842612565765 0.9961888092756565, 
79, 1111111111, 0011111111, 0.9351419535096424, 0.999234216072561, 0.0 0.0 0.0 0.0 0.0 0.004594703564634003 0.9954052964353659, 
80, 0111111111, 0111111111, 0.9353618387455978, 0.9995398405472896, 0.0 0.0 0.0 0.0 0.0 0.0027609567162622155 0.9972390432837377, 
81, 1111111111, 1111111111, 0.9368850383345959, 0.9996737793510054, 0.0 0.0 0.0 0.0 0.0 0.0019573238939675263 0.9980426761060324, 
82, 0111111111, 0111111111, 0.9339652616862252, 0.9992657945842778, 0.0 0.0 0.0 0.0 0.00025402069015860554 0.003897191114015703 0.9958487881958257, 
83, 1111111111, 1111111111, 0.9358334506792034, 0.9995595492875361, 0.0 0.0 0.0 0.0 0.0 0.002642704274783354 0.9973572957252167, 
84, 1111111111, 1111111111, 0.9372720224961811, 0.9995155504433999, 0.0 0.0 0.0 0.0 0.0 0.0029066973396006082 0.9970933026603994, 
85, 1111111111, 0011111111, 0.9331893283957952, 0.9994089415174735, 0.0 0.0 0.0 0.0 0.0 0.0035463508951586787 0.9964536491048414, 
86, 0011111111, 1111111111, 0.9348149312103378, 0.9988995836724323, 0.0 0.0 0.0 0.00025917600044769186 0.0005451120843878672 0.004734745795287894 0.9944609661198764, 
87, 1111111110, 1111111111, 0.9351998794926901, 0.9994129131272915, 0.0 0.0 0.0 0.0 0.0 0.003522521236250489 0.9964774787637495, 
88, 1111111111, 1111111111, 0.9312289423428601, 0.9989650064979002, 0.0 0.0 0.0 0.0001330487897685028 0.0003341786035835175 0.0051424574361266335 0.9943903151705213, 
89, 1111111111, 1111111111, 0.9315412675205059, 0.9996582052457242, 0.0 0.0 0.0 0.0 0.0 0.0020507685256539354 0.9979492314743461, 
90, 0111111110, 1111111111, 0.9373596690012572, 0.9997117399286269, 0.0 0.0 0.0 0.0 0.0 0.0017295604282383521 0.9982704395717616, 
91, 1111111110, 0011111111, 0.934346711728551, 0.9991212395475786, 0.0 0.0 0.0 0.0 0.0 0.00527256271452798 0.994727437285472, 
92, 1111111110, 1111111111, 0.9378342258892289, 0.9990989805893146, 0.0 0.0 0.0 0.0 0.0 0.005406116464113422 0.9945938835358866, 
93, 1111111110, 1111111110, 0.9364258811054327, 0.999054446245303, 0.0 0.0 0.0 0.0 0.00038970550851861633 0.004893911511144233 0.9947163829803372, 
94, 1111111111, 1111111111, 0.9350932765583858, 0.9992961940652758, 0.0 0.0 0.0 0.0 0.0 0.00422283560834561 0.9957771643916544, 
95, 1111111110, 1111111110, 0.9327663091484273, 0.9992397519929558, 0.0 0.0 0.0 0.0 0.00012714525271622905 0.004307197536832941 0.9955656572104508, 
96, 1111111111, 1111111111, 0.9310940326276794, 0.9986322312776957, 0.0 0.0 0.0 0.0 0.00035714195312568114 0.007492328427575327 0.992150529619299, 
97, 0111111110, 1111111111, 0.9326944057040125, 0.9990308914243263, 0.0 0.0 0.0 0.0 0.00036538861675097827 0.005083874220539331 0.9945507371627097, 
98, 1111111110, 1111111111, 0.9343900473713056, 0.9996915711958388, 0.0 0.0 0.0 0.0 0.00020017937503144853 0.0014502140749047482 0.9983496065500638, 
99, 1111111111, 1111111111, 0.9355046890999339, 0.9990846117817054, 0.0 0.0 0.0 0.0 0.0002792805340043703 0.0049337682417590276 0.9947869512242365, 
100, 1111111100, 1111111111, 0.9343323924202754, 0.9994424838890381, 0.0 0.0 0.0 0.0 0.00020214865444523946 0.002940799356880727 0.996857051988674, 
run, initial grid state, final grid state, mean grid cell occupancy, mean binding site occupancy, fraction of time with N TFs bound, warning
1, 1111111111, 0111111111, 0.9317430076944271, 0.9997472958101769, 0.0 0.0 0.0 0.0 0.0 0.0015162251389386823 0.9984837748610613, 
2, 1111111110, 1111111111, 0.9377808742982077, 0.9995021963396903, 0.0 0.0 0.0 0.0 0.0 0.0029868219618592513 0.9970131780381407, 
3, 1111111111, 1111111110, 0.9346596241042177, 0.9996986617919986, 0.0 0.0 0.0 0.0 0.0 0.0018080292480082737 0.9981919707519917, 
4, 1111111111, 1111111111, 0.9330325495184941, 0.9994399510795514, 0.0 0.0 0.0 0.0 0.0 0.0033602935226913926 0.9966397064773086, 
5, 1111111111, 1111111111, 0.9333229933945805, 0.9995348614723847, 0.0 0.0 0.0 0.0 0.0 0.002790831165692011 0.997209168834308, 
6, 1111111111, 1111111111, 0.9325779085772242, 0.9993486778944777, 0.0 0.0 0.0 0.0 0.0 0.0039079326331342736 0.9960920673668657, 
7, 1111111111, 0111111111, 0.9354308781514487, 0.9993577496023776, 0.0 0.0 0.0 0.0 0.0 0.0038535023857347805 0.9961464976142652, 
8, 0111111111, 0111111111, 0.9344967386275316, 0.9991684230877461, 0.0 0.0 0.0 0.0 0.0004046885458387647 0.004180084381846338 0.9954152270723149, 
9, 1111111111, 0111111111, 0.9392306495193238, 0.9993397279492116, 0.0 0.0 0.0 0.0 0.0 0.003961632304730834 0.9960383676952692, 
10, 1111111110, 0111111111, 0.9340603777121209, 0.9992812660165767, 0.0 0.0 0.0 0.0 0.0 0.00431240390053952 0.9956875960994604, 
11, 0111111111, 0011111111, 0.9396255798342366, 0.9990906571923264, 0.0 0.0 0.0 0.0 0.00023958415802501494 0.004976888529992131 0.9947835273119827, 
12, 1111111111, 1111111111, 0.931566198438085, 0.9989443798909252, 0.0 0.0 0.0 0.0 0.00022253049934807276 0.005888659655753004 0.9938888098448989, 
13, 0111111111, 1111111111, 0.9326125385092, 0.9994454207027643, 0.0 0.0 0.0 0.0 0.0 0.0033274757834147266 0.9966725242165853, 
14, 0111111111, 1111111100, 0.9349690027098422, 0.9991118570732171, 0.0 0.0 0.0 0.0 0.0007123538217955543 0.0039041499171062945 0.9953834962610981, 
15, 1111111111, 1111111111, 0.9313430461582021, 0.998803343291688, 0.0 0.0 0.0 0.0 0.00047094558461779635 0.00623804908063704 0.9932910053347451, 
16, 1111111110, 1111111111, 0.9343367561099231, 0.9985067817989579, 0.0 0.0 0.0 0.0 0.0023894432747661497 0.004180422656720621 0.9934301340685132, 
17, 0111111111, 1111111111, 0.9310556318952907, 0.9991279384196378, 0.0 0.0 0.0 0.0 0.0 0.005232369482173465 0.9947676305178266, 
18, 1111111111, 1111111110, 0.9330016547168343, 0.9992560256568321, 0.0 0.0 0.0 0.0 0.0 0.004463846059007481 0.9955361539409925, 
19, 0111111111, 1111111111, 0.937801440264633, 0.9996067648298543, 0.0 0.0 0.0 0.0 0.0 0.0023594110208746432 0.9976405889791253, 
20, 1111111110, 1111111111, 0.9329351019686416, 0.9992071615019374, 0.0 0.0 0.0 0.0 0.0 0.004757030988374664 0.9952429690116255, 
21, 1111111110, 1111111111, 0.9320186907668212, 0.9990555197247747, 0.0 0.0 0.0 0.0 0.0009807856604643094 0.003705310330422804 0.9953139040091129, 
22, 0111111110, 1111111111, 0.9361341430350386, 0.9996670624975458, 0.0 0.0 0.0 0.0 0.0 0.0019976250147255474 0.9980023749852744, 
23, 1111111111, 1111111111, 0.93517529306616, 0.9989395977349813, 0.0 0.0 0.0 0.0 0.0 0.006362413590111959 0.993637586409888, 
24, 1111111111, 0111111111, 0.9320082311180546, 0.9993275514899967, 0.0 0.0 0.0 0.0 0.0 0.004034691060019334 0.9959653089399807, 
25, 1111111111, 0011111110, 0.9338284286655916, 0.9993593674110317, 0.0 0.0 0.0 0.0 0.0 0.0038437955338094555 0.9961562044661905, 
26, 1111111111, 1111111110, 0.9372558578052741, 0.9995129276042984, 0.0 0.0 0.0 0.0 0.0 0.002922434374209784 0.9970775656257902, 
27, 0111111111, 1111111111, 0.9345947831485308, 0.9991149203031257, 0.0 0.0 0.0 0.0 0.0 0.005310478181246221 0.9946895218187538, 
28, 0111111111, 1111111110, 0.9320095881077262, 0.9996046896678781, 0.0 0.0 0.0 0.0 0.0 0.0023718619927320024 0.997628138007268, 
29, 1111111111, 1111111110, 0.9371834272265511, 0.9997637795334203, 0.0 0.0 0.0 0.0 0.0 0.0014173227994783292 0.9985826772005217, 
30, 1111111111, 1111111111, 0.9344529394177543, 0.9993914595596869, 0.0 0.0 0.0 0.0 0.0 0.003651242641878312 0.9963487573581218, 
31, 0111111111, 0011111111, 0.9355185226484699, 0.998472829422126, 0.0 0.0 0.0 0.0 0.0 0.009163023467244236 0.9908369765327557, 
32, 1111111111, 0111111111, 0.9383245556410936, 0.9996886049206537, 0.0 0.0 0.0 0.0 0.0 0.0018683704760772272 0.9981316295239228, 
33, 1111111111, 1111111110, 0.9356532824974808, 0.9995811002827025, 0.0 0.0 0.0 0.0 0.0 0.0025133983037854126 0.9974866016962146, 
34, 0111111111, 1111111111, 0.9357153580295148, 0.9990945626683019, 0.0 0.0 0.0 0.0 0.0001752735007821378 0.005082076988624944 0.9947426495105929, 
35, 1111111111, 1111111111, 0.9293701909416403, 0.9993493966516055, 0.0 0.0 0.0 0.0 0.0 0.003903620090367492 0.9960963799096325, 
36, 1111111111, 1111111110, 0.9373124459564705, 0.9996857018761073, 0.0 0.0 0.0 0.0 0.0 0.0018857887433567499 0.9981142112566432, 
37, 0111111110, 1111111111, 0.9360188566683922, 0.999431648902063, 0.0 0.0 0.0 0.0 0.0 0.0034101065876217095 0.9965898934123782, 
38, 1111111111, 1111111111, 0.9366918641402366, 0.9989805981169071, 0.0 0.0 0.0 0.0 0.0 0.006116411298557377 0.9938835887014427, 
39, 1111111111, 1111111111, 0.9382446764880583, 0.9993965415474092, 0.0 0.0 0.0 0.0 0.0 0.003620750715544436 0.9963792492844555, 
40, 0111111111, 0111111111, 0.9346933345936583, 0.9992730033405455, 0.0 0.0 0.0 0.0 0.0 0.004361979956726616 0.9956380200432733, 
41, 0111111000, 1111111111, 0.9280462416477642, 0.9988421757570005, 0.0 0.0 0.0 0.0 0.0 0.006946945457996312 0.9930530545420037, 
42, 1111111110, 1111111100, 0.934706560421314, 0.9994602671145048, 0.0 0.0 0.0 0.0 0.0 0.003238397312971066 0.996761602687029, 
43, 1111111111, 1111111111, 0.9355288794674591, 0.9993968887072912, 0.0 0.0 0.0 0.0 0.0 0.0036186677562529694 0.996381332243747, 
44, 1111111110, 1111111111, 0.9338515040731363, 0.9990419878862897, 0.0 0.0 0.0 0.0 8.343808003312064e-05 0.005581196522195821 0.9943353653977711, 
45, 0111111110, 1111111111, 0.932918915884805, 0.9992100656798959, 0.0 0.0 0.0 0.0 0.00016526199742260432 0.0044090819257793816 0.995425656076798, 
46, 1111111111, 0111111111, 0.9386103381338256, 0.9996098303658972, 0.0 0.0 0.0 0.0 0.0 0.002341017804616576 0.9976589821953834, 
47, 1111111110, 0111111111, 0.9387490879382986, 0.9996935581791214, 0.0 0.0 0.0 0.0 0.0 0.0018386509252707587 0.9981613490747293, 
48, 1111111110, 1111111111, 0.9377678864101145, 0.9992497734096902, 0.0 0.0 0.0 0.0 0.0002950235801627522 0.0039113123815332565 0.995793664038304, 
49, 1111111111, 0111111111, 0.9300590035699966, 0.9991701062441818, 0.0 0.0 0.0 0.0 0.0 0.004979362534908588 0.9950206374650914, 
50, 1111111110, 1111111110, 0.9381585796593874, 0.9997360178179462, 0.0 0.0 0.0 0.0 0.0 0.0015838930923228495 0.9984161069076771, 
51, 1111111111, 1111111111, 0.9305704038127779, 0.9991364568252256, 0.0 0.0 0.0 0.0 0.00037007294922215595 0.004441113150202131 0.9951888139005758, 
52, 1111111111, 1111111111, 0.935844524447703, 0.9992866964169581, 0.0 0.0 0.0 0.0 0.00046786288033187385 0.0033440957375872275 0.996188041382081, 
53, 1111111111, 1111111111, 0.930801982024007, 0.999078047510898, 0.0 0.0 0.0 0.0 0.0004593105579507918 0.004613093818710041 0.9949275956233391, 
54, 1111111110, 1111111110, 0.9312708028338721, 0.9993549553416262, 0.0 0.0 0.0 0.0 0.0 0.003870267950242502 0.9961297320497575, 
55, 1111111111, 0011111111, 0.9309257423352124, 0.998688650660326, 0.0 0.0 0.0 0.0 0.00030022950144313626 0.007267637035158226 0.9924321334633986, 
56, 1111111110, 1111111111, 0.9369807856530963, 0.999001514606366, 0.0 0.0 0.0 0.0 0.0 0.005990912361803814 0.9940090876381962, 
57, 1111111100, 1111111110, 0.9351993181887412, 0.9992418777767135, 0.0 0.0 0.0 0.0 0.0 0.004548733339719274 0.9954512666602808, 
58, 1111111110, 1111111111, 0.9323408877972557, 0.9991842423103173, 0.0 0.0 0.0 0.0 0.0 0.0048945461380954895 0.9951054538619045, 
59, 1111111111, 1111111111, 0.9339609683333522, 0.9993529084549958, 0.0 0.0 0.0 0.0 9.472727770078749e-05 0.003693094714623556 0.9962121780076757, 
60, 1111111111, 0111111111, 0.9373448047853719, 0.9993708807616594, 0.0 0.0 0.0 0.0 0.0 0.0037747154300440916 0.9962252845699558, 
61, 1111111110, 1111111111, 0.9319220207114167, 0.9992769533623648, 0.0 0.0 0.0 0.0 0.0 0.0043382798258114 0.9956617201741887, 
62, 1111111110, 1111111111, 0.9365101854643705, 0.9994011804771591, 0.0 0.0 0.0 0.0 0.0004604182896943319 0.002672080557656295 0.9968675011526493, 
63, 0111111111, 1111111111, 0.9341943613061856, 0.999079815450171, 0.0 0.0 0.0 0.0 0.0003550720983265553 0.004810963102321851 0.9948339647993516, 
64, 1111111100, 1111111110, 0.936208824986859, 0.9994623915344242, 0.0 0.0 0.0 0.0 0.0 0.0032256507934551575 0.996774349206545, 
65, 1111111111, 1111111111, 0.9381768169477637, 0.999404939156106, 0.0 0.0 0.0 0.0 0.0 0.003570365063364349 0.9964296349366356, 
66, 0111111111, 1111111111, 0.9335652018498247, 0.9991924400626077, 0.0 0.0 0.0 0.0 0.000479270781710829 0.003886818060931993 0.9956339111573572, 
67, 1111111110, 0111111110, 0.9333202685011064, 0.9995909979368034, 0.0 0.0 0.0 0.0 0.0 0.0024540123791798804 0.9975459876208203, 
68, 1111111111, 1111111111, 0.9311158670987216, 0.9986237650221949, 0.0 0.0 0.0 0.0 0.0001744693237456821 0.007908471219339795 0.9919170594569144, 
69, 1111111111, 1111111110, 0.9351043926533321, 0.9993301030140123, 0.0 0.0 0.0 0.0 0.0 0.004019381915926599 0.9959806180840735, 
70, 1111111111, 1111111100, 0.9322323523389112, 0.9994322951977683, 0.0 0.0 0.0 0.0 0.0 0.0034062288133898124 0.9965937711866103, 
71, 0011111110, 1111111111, 0.9345775195442676, 0.9994679300739006, 0.0 0.0 0.0 0.0 0.0 0.003192419556596676 0.9968075804434033, 
72, 1111111111, 1111111100, 0.931678522667046, 0.9990874216315786, 0.0 0.0 0.0 0.0 0.00021198553045414741 0.0050514991496202555 0.9947365153199256, 
73, 1111111110, 0011111100, 0.9339287502342936, 0.9991534556222307, 0.0 0.0 0.0 0.0 0.0 0.005079266266615745 0.9949207337333843, 
74, 0111111100, 1111111111, 0.9367878918355069, 0.9995011220211257, 0.0 0.0 0.0 0.0 0.0 0.0029932678732450375 0.997006732126755, 
75, 0011111110, 1111111100, 0.9389049141975536, 0.999525670878707, 0.0 0.0 0.0 0.0 0.0 0.0028459747277582645 0.9971540252722417, 
76, 1111111111, 0111111111, 0.9335123317643923, 0.9989545489254124, 0.0 0.0 0.0 0.0 0.0013588253181049937 0.003555055811315888 0.9950861188705791, 
77, 1111111111, 0111111111, 0.9314560889175555, 0.9992720858248315, 0.0 0.0 0.0 0.0 0.0 0.0043674850510101865 0.9956325149489897, 
78, 1111111111, 1111111111, 0.9363136109233567, 0.9995947152955896, 0.0 0.0 0.0 0.0 0.0 0.002431708226461737 0.9975682917735382, 
79, 1111111111, 1111111110, 0.9346076133113516, 0.9993361801630198, 0.0 0.0 0.0 0.0 0.0 0.003982919021881045 0.9960170809781189, 
80, 1111111111, 1111111111, 0.9330573198751952, 0.9986643794270211, 0.0 0.0 5.386721376282828e-05 0.00013885895574615114 0.0004608423165917396 0.006459993082400262 0.992886438431499, 
81, 1111111111, 1111111110, 0.9334848633793794, 0.9993994139597505, 0.0 0.0 0.0 0.0 8.58327383219628e-05 0.0034318507648527334 0.9964823164968252, 
82, 0111111111, 1111111111, 0.9322651745618702, 0.9990384528701106, 0.0 0.0 0.0 0.0 0.0003194222751366808 0.00513043822906283 0.9945501394958004, 
83, 1111111111, 1111111111, 0.9382805341520065, 0.9995059465936751, 0.0 0.0 0.0 0.0 0.0 0.0029643204379501795 0.9970356795620499, 
84, 1111111111, 1111111111, 0.935361653910001, 0.9989186939092344, 0.0 0.0 0.0 0.0 0.0003657584866424969 0.005756319571308493 0.993877921942049, 
85, 0111111111, 1111111111, 0.9372070302084236, 0.9993712898481466, 0.0 0.0 0.0 0.0 0.0 0.003772260911120928 0.996227739088879, 
86, 0111111110, 1111111110, 0.9374522368204864, 0.9991449998313516, 0.0 0.0 0.0 0.0 0.0002361139445558048 0.004657773122778002 0.9951061129326663, 
87, 1111111111, 0111111111, 0.9331244571054034, 0.9987483398304502, 0.0 0.0 0.0 0.0 0.00013592858699889408 0.007238103843301143 0.9926259675697, 
88, 1111111110, 1111111100, 0.9362812738700902, 0.9993397726334158, 0.0 0.0 0.0 0.0 0.0002675892058407692 0.003426185787823782 0.9963062250063355, 
89, 1111111111, 1111111111, 0.9368641391687912, 0.9992506384776361, 0.0 0.0 0.0 0.0 0.0004938970849151838 0.0035083749643534134 0.9959977279507315, 
90, 0011111110, 0111111111, 0.9336604895713451, 0.999362035637345, 0.0 0.0 0.0 0.0 0.0 0.003827786175929563 0.9961722138240704, 
91, 1111111111, 1111111111, 0.9399325041342973, 0.9995854144522895, 0.0 0.0 0.0 0.0 0.0 0.002487513286263233 0.9975124867137367, 
92, 1111111111, 1111111111, 0.9342263429925665, 0.99969948963951, 0.0 0.0 0.0 0.0 0.0 0.001803062162939168 0.9981969378370609, 
93, 1111111111, 1111111110, 0.9383763043610878, 0.9994913101611679, 0.0 0.0 0.0 0.0 0.0 0.0030521390329930325 0.996947860967007, 
94, 0111111110, 1111111111, 0.9342400065221207, 0.998998449646637, 0.0 0.0 0.0 0.0 0.0 0.006009302120178086 0.9939906978798219, 
95, 0111111111, 1111111111, 0.9329751345206423, 0.9996549149592375, 0.0 0.0 0.0 0.0 0.0 0.0020705102445749725 0.9979294897554251, 
96, 1111111111, 0111111111, 0.9309604836483614, 0.9991494760668976, 0.0 0.0 0.0 0.0 0.0005663264674231551 0.003970490663768436 0.9954631828688084, 
97, 1111111111, 1111111111, 0.9330552816917596, 0.9994641931926801, 0.0 0.0 0.0 0.0 0.00013348485120046706 0.0029478711415192056 0.9969186440072804, 
98, 0011111111, 1111111111, 0.9369358311039268, 0.9996343455000661, 0.0 0.0 0.0 0.0 0.0 0.0021939269996025306 0.9978060730003975, 
99, 1111111111, 1111111110, 0.9332191607219489, 0.9990281768535003, 0.0 0.0 0.0 0.0 0.0 0.0058309388789979395 0.994169061121002, 
100, 1111111111, 1111111111, 0.9309492690169987, 0.9992099701477054, 0.0 0.0 0.0 0.0 0.0 0.004740179113767715 0.9952598208862323, 
run, initial grid state, final grid state, mean grid cell occupancy, mean binding site occupancy, fraction of time with N TFs bound, warning
1, 1111111110, 1111111000, 0.9362848163644026, 0.999385853750305, 0.0 0.0 0.0 0.0 0.0 0.0036848774981702503 0.9963151225018299, 
2, 0111111111, 1111111111, 0.9330212099159816, 0.9993797822724857, 0.0 0.0 0.0 0.0 1.1904022744439895e-05 0.0036974983195974427 0.9962905976576582, 
3, 1111111110, 1111111111, 0.9360383142183814, 0.9996416559879454, 0.0 0.0 0.0 0.0 0.0 0.002150064072327188 0.9978499359276728, 
4, 1111111111, 1111111111, 0.932567243980042, 0.9992630874828707, 0.0 0.0 0.0 0.0 0.0 0.004421475102775359 0.9955785248972246, 
5, 1111111111, 1111111110, 0.9334348452461456, 0.9993963313243951, 0.0 0.0 0.0 0.0 0.0 0.003622012053629415 0.9963779879463706, 
6, 1111111111, 1111111111, 0.9342002566311975, 0.9991241053390495, 0.0 0.0 0.0 0.0 0.0 0.005255367965703635 0.9947446320342964, 
7, 1111111111, 1111111111, 0.9386210859620052, 0.9994261447886048, 0.0 0.0 0.0 0.0 0.0 0.003443131268370357 0.9965568687316296, 
8, 1111111111, 1111111111, 0.932196562433959, 0.999138874506529, 0.0 0.0 0.0 0.0 0.0 0.0051667529608259025 0.994833247039174, 
9, 1111111111, 1111111111, 0.9319818289683888, 0.9993625202811143, 0.0 0.0 0.0 0.0 0.0 0.0038248783133140274 0.996175121686686, 
10, 1111111111, 1111111110, 0.9358494933344437, 0.9996323360650287, 0.0 0.0 0.0 0.0 0.0 0.00220598360982858 0.9977940163901714, 
11, 1111111111, 0111111111, 0.9334343456127561, 0.9991920256520119, 0.0 0.0 0.0 0.0 0.0 0.0048478460879283645 0.9951521539120716, 
12, 1111111111, 0111111110, 0.933669559312096, 0.9993296047972083, 0.0 0.0 0.0 0.0 0.0 0.004022371216750003 0.99597762878325, 
13, 1111111111, 1111111111, 0.9366701244284574, 0.9994797067399949, 0.0 0.0 0.0 0.0 0.0 0.00312175956003067 0.9968782404399693, 
14, 1111111111, 1111111111, 0.9308964166391692, 0.9992925860524206, 0.0 0.0 0.0 0.0 0.0 0.004244483685476666 0.9957555163145233, 
15, 1111111110, 1111111110, 0.9355489382671596, 0.9992586419638216, 0.0 0.0 0.0 0.0 0.0 0.004448148217070606 0.9955518517829295, 
16, 1111111111, 1111111111, 0.9334213796741923, 0.9995458260250434, 0.0 0.0 0.0 0.0 0.0 0.0027250438497396024 0.9972749561502604, 
17, 1111111110, 1111111111, 0.9324585264302655, 0.9995035505381514, 0.0 0.0 0.0 0.0 0.0 0.002978696771092081 0.9970213032289079, 
18, 1111111111, 1111111110, 0.9367366747940673, 0.9989856568334746, 0.0 0.0 0.0 0.0 0.0004887699559081736 0.005108519087335226 0.9944027109567566, 
19, 1111111111, 1111111111, 0.9400298446326917, 0.9994831228721005, 0.0 0.0 0.0 0.0 0.0 0.00310126276739703 0.996898737232603, 
20, 1111111111, 0111111110, 0.9367712611866936, 0.9997052405378697, 0.0 0.0 0.0 0.0 0.00010570741742389541 0.0015571419379341424 0.9983371506446419, 
21, 1111111110, 1111111111, 0.9341857992711163, 0.9991474360343476, 0.0 0.0 0.0 0.0 0.00010294478156827743 0.004909494230777635 0.9949875609876541, 
22, 0011111111, 1111111111, 0.936490115795163, 0.999533917110394, 0.0 0.0 0.0 0.0 0.0 0.002796497337635945 0.9972035026623641, 
23, 1111111110, 1111111111, 0.9338094985687168, 0.9996955108659416, 0.0 0.0 0.0 0.0 0.0 0.0018269348043514432 0.9981730651956485, 
24, 1111111110, 1111111111, 0.9348904073308159, 0.9989899986293104, 0.0 0.0 0.0 0.0004613858831112157 0.0004450174968022959 0.003785815581200046 0.9953077810388864, 
25, 0111111111, 1111111111, 0.9366465149762319, 0.9995654741900826, 0.0 0.0 0.0 0.0 0.0 0.002607154859504497 0.9973928451404955, 
26, 1111111110, 0011111111, 0.9360722224998016, 0.9990293332311312, 0.0 0.0 0.0 0.0 0.0004787559479167347 0.0048664887173788885 0.9946547553347044, 
27, 1111111111, 1111111111, 0.933529773866288, 0.9990803033945818, 0.0 0.0 0.0 0.0 0.00034803110457760943 0.004822117423354202 0.9948298514720681, 
28, 1111111111, 1111111111, 0.9310216821870072, 0.9991552413809109, 0.0 0.0 0.0 0.0 4.434365274792625e-07 0.005067664841479036 0.9949318917219935, 
29, 1111111111, 0111111110, 0.9405442908424259, 0.9996785170330966, 0.0 0.0 0.0 0.0 0.0 0.0019288978014204614 0.9980711021985795, 
30, 0111111110, 1111111111, 0.9371429496363823, 0.9992047636797187, 0.0 0.0 0.0 0.0 9.490534005102656e-05 0.004581607241586361 0.9953234874183626, 
31, 1111111110, 1111111111, 0.9364576520620009, 0.9991134821346005, 0.0 0.0 0.0 0.0 0.0 0.005319107192397145 0.9946808928076027, 
32, 0111111111, 1111111110, 0.9396934178835331, 0.9997126743689849, 0.0 0.0 0.0 0.0 0.0 0.0017239537860909953 0.998276046213909, 
33, 1111111110, 0111111111, 0.9363901914542869, 0.9994387960336524, 0.0 0.0 0.0 0.0 0.0003867458746552467 0.002593732048775227 0.9970195220765695, 
34, 1111111111, 0011111111, 0.9345251401407563, 0.9997926410412575, 0.0 0.0 0.0 0.0 0.0 0.0012441537524548881 0.9987558462475451, 
35, 0111111110, 1111111111, 0.9351574586436769, 0.9990902273064041, 0.0 0.0 0.0 0.0 0.0 0.005458636161575916 0.9945413638384241, 
36, 0111111110, 0111111111, 0.9360317969237016, 0.9993812181790948, 0.0 0.0 0.0 0.0 0.0 0.0037126909254316253 0.9962873090745684, 
37, 1111111110, 1111111111, 0.9330695117029566, 0.9991134155294564, 0.0 0.0 0.0 0.0 0.00024648644038785067 0.004826533942485466 0.9949269796171266, 
38, 1111111111, 1111111111, 0.9365070171429777, 0.9992066208866784, 0.0 0.0 0.0 0.0 0.0 0.004760274679928933 0.9952397253200711, 
39, 1111111111, 1111111111, 0.9360548595570475, 0.9994423096985524, 0.0 0.0 0.0 0.0 0.0 0.0033461418086853123 0.9966538581913148, 
40, 1111111111, 1111111111, 0.9335131317534507, 0.9996816041593367, 0.0 0.0 0.0 0.0 0.0 0.00191037504397978 0.9980896249560203, 
41, 1111111000, 1111111111, 0.9368575163912627, 0.999499060997937, 0.0 0.0 0.0 0.0 0.0 0.003005634012378078 0.9969943659876219, 
42, 1111111110, 1111111111, 0.9373073524232571, 0.9994204041945818, 0.0 0.0 0.0 0.0 0.00045057565260648723 0.0025764235272965827 0.9969730008200969, 
43, 0111111111, 1111111111, 0.9372130727508879, 0.9993634652317684, 0.0 0.0 0.0 0.0 0.0 0.003819208609389847 0.9961807913906102, 
44, 1111111111, 1111111111, 0.9333611357969351, 0.9991407637849432, 0.0 0.0 0.0 0.0 0.0002724945036113829 0.004610428283118804 0.9951170772132699, 
45, 0111111111, 1111111111, 0.9342332654339515, 0.9987981641569755, 0.0 0.0 0.0 0.0 0.00025829153312342503 0.006694431991899932 0.9930472764749767, 
46, 1111111111, 1111111111, 0.9335389963708768, 0.9996215781283738, 0.0 0.0 0.0 0.0 0.0 0.0022705312297565026 0.9977294687702435, 
47, 1111111111, 1111111110, 0.9319031153504979, 0.9992408998536567, 0.0 0.0 0.0 0.0 0.0004296125557357356 0.0036953757665881795 0.9958750116776761, 
48, 1111111111, 0111111111, 0.9402701515761938, 0.999875664626985, 0.0 0.0 0.0 0.0 0.0 0.0007460122380906626 0.9992539877619093, 
49, 1111111110, 1111111111, 0.9368399225426642, 0.9993685790565502, 0.0 0.0 0.0 0.0 0.0 0.0037885256606980905 0.9962114743393019, 
50, 1111111100, 1111111110, 0.9307160416548941, 0.9982573235656592, 0.0 0.0 0.0 0.0 0.0011313062816222508 0.008193446042800917 0.9906752476755769, 
51, 0111111111, 1111111110, 0.934535385598156, 0.9987995753207674, 0.0 0.0 0.0 0.0 0.0 0.007202548075395481 0.9927974519246044, 
52, 1111111111, 1111111111, 0.9418683126346818, 0.9995209139605415, 0.0 0.0 0.0 0.0 0.0 0.0028745162367505685 0.9971254837632494, 
53, 1111111111, 0011111111, 0.9371569520907204, 0.9996527612234885, 0.0 0.0 0.0 0.0 0.0 0.0020834326590690156 0.9979165673409308, 
54, 1111111111, 1111111111, 0.9333126352344673, 0.9986265900196934, 0.0 0.0 0.0 0.0006929810533277477 0.000303498764489066 0.00555451919287854 0.9934490009893047, 
55, 0111111100, 0111111111, 0.9295027464144991, 0.9990641671782778, 0.0 0.0 0.0 0.0 0.00024307672080811998 0.005128843488716986 0.994628079790475, 
56, 1111111111, 1111111111, 0.936816104357995, 0.9993332728260003, 0.0 0.0 0.0 0.0 0.0008192259816292353 0.002361911080739301 0.9968188629376314, 
57, 0111111110, 1111111110, 0.9356613967736009, 0.9996506457611392, 0.0 0.0 0.0 0.0 0.0 0.0020961254331651755 0.9979038745668349, 
58, 1111111111, 1111111111, 0.9340463947577944, 0.9997853930809477, 0.0 0.0 0.0 0.0 0.0 0.001287641514313675 0.9987123584856863, 
59, 0111111111, 1111111111, 0.931769586577652, 0.9993046561821397, 0.0 0.0 0.0 0.0 0.0 0.004172062907162071 0.9958279370928379, 
60, 0111111111, 1111111111, 0.9343305612089905, 0.99954950921114, 0.0 0.0 0.0 0.0 0.0 0.002702944733159593 0.9972970552668404, 
61, 1111111111, 1111111111, 0.9318273480502474, 0.9993101203382349, 0.0 0.0 0.0 0.0 0.0 0.004139277970590222 0.9958607220294098, 
62, 0111111100, 1111111110, 0.9347381219621897, 0.9993057880304421, 0.0 0.0 0.0 0.0 0.0 0.0041652718173466685 0.9958347281826534, 
63, 0111111111, 0111111110, 0.9358831912245924, 0.9990466486770402, 0.0 0.0 0.0 0.0 0.0 0.00572010793775864 0.9942798920622413, 
64, 1111111111, 0111111110, 0.9305030590261628, 0.9994711750109405, 0.0 0.0 0.0 0.0 0.0 0.003172949934356723 0.9968270500656433, 
65, 1111111100, 1111111111, 0.9345562292690087, 0.9996022516965081, 0.0 0.0 0.0 0.0 0.0 0.0023864898209515636 0.9976135101790484, 
66, 1111111110, 0011111111, 0.937026393750119, 0.9996674217731455, 0.0 0.0 0.0 0.0 0.0 0.001995469361127072 0.9980045306388728, 
67, 0111111111, 0111111111, 0.9368646243437243, 0.9996124210579508, 0.0 0.0 0.0 0.0 0.0 0.002325473652294888 0.9976745263477051, 
68, 0111111111, 1111111111, 0.9345041219132812, 0.998667016404029, 0.0 0.0 0.0 0.00010303692823659805 0.0012101511988577387 0.005268488393401645 0.993418323479504, 
69, 1111111111, 0111111111, 0.9302899986393143, 0.9991598390258888, 0.0 0.0 0.0 0.0 0.0 0.005040965844667369 0.9949590341553326, 
70, 0111111110, 1111111111, 0.9339470421088597, 0.9992560971365928, 0.0 0.0 0.0 0.0 0.0 0.004463417180443789 0.9955365828195561, 
71, 1111111111, 0011111111, 0.9398046836958144, 0.9987112619113391, 0.0 0.0 0.0 0.0 0.001154328688449746 0.0054237711550660355 0.9934219001564842, 
72, 0111111111, 1111111100, 0.9342140730857327, 0.9994403698555638, 0.0 0.0 0.0 0.0 0.0 0.003357780866616932 0.9966422191333831, 
73, 1111111111, 1111111110, 0.9336299162721258, 0.9995252214489411, 0.0 0.0 0.0 0.0 0.0 0.002848671306353857 0.9971513286936461, 
74, 1111111110, 1111111111, 0.9353737938294936, 0.9998509987240201, 0.0 0.0 0.0 0.0 0.0 0.0008940076558796138 0.9991059923441203, 
75, 1111111111, 0111111111, 0.9358530474309852, 0.9991808212538441, 0.0 0.0 0.0 0.0 0.00020810088349579344 0.0044988707099434585 0.9952930284065608, 
76, 1111111111, 0111111111, 0.9347372554078822, 0.9994026249038829, 0.0 0.0 0.0 0.0 0.0 0.0035842505767019264 0.996415749423298, 
77, 1111111111, 1111111110, 0.9307979908652492, 0.9997008813399845, 0.0 0.0 0.0 0.0 0.0 0.0017947119600923002 0.9982052880399077, 
78, 0111111110, 1111111111, 0.9338296964457821, 0.9997080982224825, 0.0 0.0 0.0 0.0 0.0 0.0017514106651049142 0.9982485893348951, 
79, 1111111111, 1111111111, 0.9367109931094644, 0.9990151365878731, 0.0 0.0 0.0 0.0 0.0 0.005909180472761719 0.9940908195272383, 
80, 0011111111, 1111111111, 0.9296643343521556, 0.9994947099735235, 0.0 0.0 0.0 0.0 0.0 0.00303174015885903 0.996968259841141, 
81, 1111111111, 1111111110, 0.9381234668036785, 0.9996022169754223, 0.0 0.0 0.0 0.0 0.0 0.002386698147466154 0.9976133018525339, 
82, 1111111111, 1111111110, 0.9353656612915636, 0.9992700857151874, 0.0 0.0 0.0 0.0 0.00010375564530662126 0.004171974418262484 0.9957242699364309, 
83, 1111111111, 1111111111, 0.9367941905008044, 0.9996594253769809, 0.0 0.0 0.0 0.0 0.0 0.0020434477381138004 0.9979565522618863, 
84, 1111111110, 1111111111, 0.9353383194074792, 0.9992987671923945, 0.0 0.0 0.0 0.0 0.00048165856476636154 0.0032440797161006002 0.996274261719133, 
85, 1111111111, 1111111111, 0.9354889055591439, 0.9994502510575926, 0.0 0.0 0.0 0.0 0.0 0.003298493654444615 0.9967015063455553, 
86, 0111111111, 1111111111, 0.9381863876414395, 0.9994838043506773, 0.0 0.0 0.0 0.0 0.0 0.0030971738959359833 0.9969028261040641, 
87, 1111111111, 1111111110, 0.9344597413684891, 0.9993394315659775, 0.0 0.0 0.0 0.0 0.0 0.003963410604135025 0.9960365893958649, 
88, 0111111100, 0111111111, 0.9360618410776872, 0.9990941313843983, 0.0 0.0 0.0 0.0 0.0010041267528966495 0.0034269581878171077 0.9955689150592862, 
89, 1111111111, 1111111111, 0.9338680662607995, 0.9993778769147216, 0.0 0.0 0.0 0.0 0.0010787459671691769 0.0015752465773326014 0.9973460074554983, 
90, 1111111111, 1111111111, 0.9349366256887099, 0.9993912224687028, 0.0 0.0 0.0 0.0 0.0 0.0036526651877828364 0.996347334812217, 
91, 1111111100, 1111111111, 0.934732340215448, 0.9992533345398436, 0.0 0.0 0.0 0.0 0.0 0.004479992760939001 0.995520007239061, 
92, 1111111110, 1111111111, 0.9362279982915198, 0.9993603994681918, 0.0 0.0 0.0 0.0 0.00015275172229937143 0.0035320997462503323 0.9963151485314502, 
93, 1111111111, 1111111111, 0.9325941975885615, 0.9997092328843568, 0.0 0.0 0.0 0.0 0.0 0.0017446026938600198 0.99825539730614, 
94, 1111111111, 0011111111, 0.9308079735149942, 0.998919817390759, 0.0 0.0 0.0 0.0 0.00015839342022248674 0.006164308815001604 0.993677297764776, 
95, 1111111111, 1111111100, 0.9364975017229865, 0.9996063445646898, 0.0 0.0 0.0 0.0 0.0 0.0023619326118610876 0.997638067388139, 
96, 1111111111, 1111111111, 0.9329072969940966, 0.9995511007986846, 0.0 0.0 0.0 0.0 0.0 0.0026933952078919466 0.9973066047921081, 
97, 1111111111, 1111111111, 0.9315691092936099, 0.9995177173666991, 0.0 0.0 0.0 0.0 0.0 0.0028936957998052805 0.9971063042001947, 
98, 1111111111, 1111111110, 0.9329448041122855, 0.9986820719323929, 0.0 0.0 0.0 0.0 0.0 0.007907568405642601 0.9920924315943573, 
99, 0111111111, 1111111110, 0.9367003432525314, 0.9991884121467387, 0.0 0.0 0.0 0.0 0.0 0.0048695271195672235 0.9951304728804329, 
100, 0111111111, 0011111111, 0.9335398956942857, 0.9995465558033981, 0.0 0.0 0.0 0.0 0.0 0.00272066517961143 0.9972793348203886, 
run, initial grid state, final grid state, mean grid cell occupancy, mean binding site occupancy, fraction of time with N TFs bound, warning
1, 0111111111, 0111111111, 0.9333151961288401, 0.9996819063873823, 0.0 0.0 0.0 0.0 0.0 0.001908561675705654 0.9980914383242945, 
2, 1111111111, 1111111110, 0.9364682697939883, 0.9995917934085501, 0.0 0.0 0.0 0.0 0.0 0.0024492395486996996 0.9975507604513003, 
3, 1111111111, 1111111111, 0.933161519213125, 0.9997994189022629, 0.0 0.0 0.0 0.0 0.0 0.0012034865864230053 0.998796513413577, 
4, 1111111110, 1111111111, 0.934663602495747, 0.9990393540929867, 0.0 0.0 0.0 0.0 0.0 0.005763875442080156 0.9942361245579199, 
5, 0111111111, 1111111111, 0.9348076408285397, 0.999259935495585, 0.0 0.0 0.0 0.0 0.00010435759362689085 0.004231671839236361 0.9956639705671367, 
6, 1111111110, 1111111111, 0.935348425554701, 0.9993405625493621, 0.0 0.0 0.0 0.0 0.0 0.0039566247038274145 0.9960433752961725, 
7, 1111111111, 1111111111, 0.9357406307103853, 0.9994959984312924, 0.0 0.0 0.0 0.0 0.0 0.003024009412245126 0.9969759905877548, 
8, 1111111111, 0111111111, 0.9275015721293444, 0.9992715722130132, 0.0 0.0 0.0 0.0 0.0 0.004370566721921038 0.995629433278079, 
9, 0111111111, 1111111111, 0.9312657032508445, 0.9990320667663098, 0.0 0.0 0.0 0.0 0.0 0.00580759940214029 0.9941924005978596, 
10, 1111111110, 1111111111, 0.9359054861769763, 0.9996310837066937, 0.0 0.0 0.0 0.0 0.0 0.002213497759836655 0.9977865022401634, 
11, 1111111111, 1111111111, 0.937000447047462, 0.9995398243057072, 0.0 0.0 0.0 0.0 0.0 0.0027610541657567553 0.9972389458342433, 
12, 0111111110, 1111111110, 0.9345423474587908, 0.9986907356958278, 0.0 0.0 0.0 0.0 0.001756287459433476 0.004343010906166278 0.9939007016344003, 
13, 1111111111, 1111111111, 0.9339551269809556, 0.9994396277161617, 0.0 0.0 0.0 0.0 0.0 0.0033622337030299004 0.9966377662969701, 
14, 1111111111, 1111111111, 0.9323317678787544, 0.9989684260763757, 0.0 0.0 0.0 0.0 0.0013911752653715723 0.0034070930110026397 0.9952017317236258, 
15, 0111111111, 1111111111, 0.9326672220947594, 0.9993025698469635, 0.0 0.0 0.0 0.0 0.0 0.004184580918219032 0.995815419081781, 
16, 1111111111, 0111111110, 0.933055338411913, 0.9991452726515155, 0.0 0.0 0.0 0.0 0.0 0.0051283640909066935 0.9948716359090933, 
17, 1111111110, 1111111111, 0.93779048675471, 0.999324775470028, 0.0 0.0 0.0 0.0 0.0 0.0040513471798322934 0.9959486528201676, 
18, 0111111111, 1111111111, 0.9322768366825501, 0.9992851979897256, 0.0 0.0 0.0 0.0 0.0 0.004288812061646883 0.9957111879383531, 
19, 0111111111, 1111111100, 0.9332458820912283, 0.999087418749271, 0.0 0.0 0.0 0.0 0.0005701041523503122 0.004335279199673618 0.9950946166479762, 
20, 1111111110, 1111111110, 0.9317730375232613, 0.9992721465898137, 0.0 0.0 0.0 0.0 0.0004452610571154526 0.0034765983468866913 0.9960781405959979, 
21, 1111111111, 1111111111, 0.934897739522139, 0.9991588893404616, 0.0 0.0 0.0 0.0 0.0 0.005046663957231016 0.9949533360427689, 
22, 1111111110, 0011111110, 0.934474287813906, 0.9996338026191264, 0.0 0.0 0.0 0.0 0.0 0.002197184285241601 0.9978028157147584, 
23, 1111111111, 1111111110, 0.9352281546264609, 0.9994196417138462, 0.0 0.0 0.0 0.0 0.0 0.0034821497169220655 0.996517850283078, 
24, 1111111111, 1111111111, 0.9319728094402933, 0.9995682368826484, 0.0 0.0 0.0 0.0 0.0 0.0025905787041097025 0.9974094212958903, 
25, 1111111111, 1111111111, 0.9330052419113712, 0.9989754969149907, 0.0 0.0 0.0 0.0 0.0 0.006147018510056878 0.993852981489943, 
26, 1111111110, 1111111111, 0.943943183840898, 0.9991355492790575, 0.0 0.0 0.0 0.00025646853928815746 0.00023691320795291942 0.003943472291884933 0.995563145960874, 
27, 0111111111, 1111111111, 0.9384246551880758, 0.9994065291589967, 0.0 0.0 0.0 0.0 0.0 0.003560825046019809 0.9964391749539803, 
28, 1111111110, 1111111111, 0.9334406914725213, 0.9991095178195162, 0.0 0.0 0.0 0.0 0.0 0.00534289308290263 0.9946571069170973, 
29, 1111111111, 1111111100, 0.9326493378014112, 0.9992990580213237, 0.0 0.0 0.0 0.0 0.0 0.004205651872058099 0.9957943481279419, 
30, 1111111111, 0111111111, 0.9373309225144184, 0.9995933679822518, 0.0 0.0 0.0 0.0 0.0 0.002439792106488744 0.9975602078935112, 
31, 1111111110, 0001111110, 0.9357872099380685, 0.9991248536240092, 0.0 0.0 0.0 0.0 0.0 0.005250878255945117 0.9947491217440549, 
32, 1111111111, 1111111111, 0.9370976931934256, 0.9996324675292693, 0.0 0.0 0.0 0.0 0.0 0.002205194824384848 0.9977948051756151, 
33, 1111111110, 0111111110, 0.9394139249733209, 0.9995867219656005, 0.0 0.0 0.0 0.0 0.0 0.0024796682063967413 0.9975203317936032, 
34, 0011111111, 1111111110, 0.9356519341480887, 0.9994095263500904, 0.0 0.0 0.0 0.0 0.0 0.003542841899457751 0.9964571581005423, 
35, 0011111100, 1111111110, 0.9309531532954086, 0.9986937373315351, 0.0 0.0 0.0 0.0 0.0009642670783340362 0.005909041854121207 0.9931266910675447, 
36, 1111111110, 1111111110, 0.9362973002585653, 0.9992373630342954, 0.0 0.0 0.0 0.0 0.0 0.004575821794227276 0.9954241782057727, 
37, 1111111111, 0111111110, 0.9332790558461453, 0.9988429452830517, 0.0 0.0 0.0 0.0 0.0 0.006942328301689298 0.9930576716983107, 
38, 1111111110, 1111111110, 0.9371741239567088, 0.9995939504868198, 0.0 0.0 0.0 0.0 0.0 0.002436297079081152 0.9975637029209189, 
39, 1111111111, 0111111111, 0.9366597961505525, 0.9996856627459593, 0.0 0.0 0.0 0.0 0.0 0.0018860235242438633 0.9981139764757562, 
40, 1111111111, 1111111100, 0.9383644205850958, 0.9997609772535188, 0.0 0.0 0.0 0.0 0.0 0.0014341364788874522 0.9985658635211127, 
41, 1111111111, 1111111111, 0.9310806489350302, 0.999772732879554, 0.0 0.0 0.0 0.0 0.0 0.0013636027226761975 0.9986363972773238, 
42, 1111111111, 1111111110, 0.9384716693551438, 0.9991939380871917, 0.0 0.0 0.0 0.0 0.0009127914706029777 0.0030107885356442485 0.9960764199937527, 
43, 1111111111, 1111111100, 0.9328051450306246, 0.9991592769035839, 0.0 0.0 0.0 0.0001097510052495627 0.0006373236617823158 0.0034404382391833403 0.9958124870937848, 
44, 1111111110, 1111111111, 0.9379539117810798, 0.9993441928960677, 0.0 0.0 0.0 0.0 0.0 0.003934842623594148 0.9960651573764059, 
45, 0111111111, 1111111100, 0.9382794373551059, 0.9992414070909592, 0.0 0.0 0.0 0.0 0.0 0.004551557454244705 0.9954484425457554, 
46, 0111111111, 0111111110, 0.9322529813841867, 0.9989289400568271, 0.0 0.0 0.0 0.0 0.00029886008850143065 0.005828639482035091 0.9938725004294635, 
47, 1111111111, 1111111111, 0.9324539912563736, 0.999300469839286, 0.0 0.0 0.0 0.0 0.0 0.004197180964284012 0.995802819035716, 
48, 0111111110, 1111111111, 0.9291331012868922, 0.9990062134769834, 0.0 0.0 0.0 0.0 0.0006611942364372525 0.004640330665225812 0.9946984750983369, 
49, 1111111110, 1111111110, 0.9348897035163765, 0.9993908511816563, 0.0 0.0 0.0 0.0 0.0 0.0036548929100619467 0.9963451070899381, 
50, 0111111110, 1111111111, 0.9335751602570108, 0.9995571866145805, 0.0 0.0 0.0 0.0 0.0 0.0026568803125169662 0.9973431196874831, 
51, 1111111111, 1111111111, 0.932204938672614, 0.9984785295380638, 0.0 0.0 0.0 0.0 0.0008640325034282604 0.007400757764760819 0.9917352097318108, 
52, 1111111111, 1111111111, 0.9331675189097569, 0.9991516117815125, 0.0 0.0 0.0 0.0 0.0 0.005090329310925986 0.9949096706890741, 
53, 1111111110, 0111111111, 0.9359533450052215, 0.9997328589571718, 0.0 0.0 0.0 0.0 0.0 0.0016028462569685847 0.9983971537430315, 
54, 0111111110, 1111111100, 0.9299492371981254, 0.9992187048051595, 0.0 0.0 0.0 0.0 0.0 0.004687771169043115 0.9953122288309568, 
55, 1111111111, 1111111111, 0.9394532517023253, 0.9994297713955056, 0.0 0.0 0.0 0.0 0.0 0.0034213716269669925 0.9965786283730331, 
56, 1111111111, 1111111111, 0.9363000332614001, 0.9993108849230776, 0.0 0.0 0.0 0.0 0.0 0.004134690461534219 0.9958653095384657, 
57, 0111111111, 1111111111, 0.9333729773096475, 0.9993377746935992, 0.0 0.0 0.0 0.0 6.453429611501238e-05 0.003844283246174511 0.9960911824577106, 
58, 1111111110, 1111111111, 0.9358517412581691, 0.99920046812575, 0.0 0.0 0.0 0.0 0.0 0.00479719124550011 0.9952028087544998, 
59, 1111111110, 1111111111, 0.9314305300845868, 0.9988269865577447, 0.0 0.0 0.0 0.0 0.00013975428385428019 0.00675857208582326 0.9931016736303225, 
60, 1111111111, 0111111111, 0.9342808208965473, 0.9996938370096666, 0.0 0.0 0.0 0.0 0.0 0.0018369779420004996 0.9981630220579994, 
61, 1111111111, 1111111110, 0.9326218227591595, 0.9990781400131533, 0.0 0.0 0.0 0.0 0.0 0.00553115992107976 0.9944688400789203, 
62, 1111111111, 1111111111, 0.9382243788003098, 0.9997562457913947, 0.0 0.0 0.0 0.0 0.0 0.0014625252516319636 0.9985374747483681, 
63, 1111111111, 1111111110, 0.9328498635391042, 0.9989967547978494, 0.0 0.0 0.0 0.0 0.0 0.00601947121290326 0.9939805287870966, 
64, 1111111111, 1111111110, 0.9353582943284161, 0.9990012924597882, 0.0 0.0 0.0 0.0 0.0001358678112790698 0.005720509618712549 0.9941436225700084, 
65, 1111111111, 1111111111, 0.9364320931024752, 0.9993580894856386, 0.0 0.0 0.0 0.0 0.0 0.003851463086168411 0.9961485369138315, 
66, 0111111111, 1111111111, 0.9337316749023982, 0.9991331870032121, 0.0 0.0 0.0 0.0 0.0 0.005200877980726965 0.9947991220192731, 
67, 1111111110, 1111111111, 0.9342030244228618, 0.9991711364962353, 0.0 0.0 0.0 0.0 0.00012903895870079596 0.004715103105186237 0.9951558579361129, 
68, 1111111111, 1111111110, 0.9316283411712875, 0.9995188589835836, 0.0 0.0 0.0 0.0 0.0 0.002886846098498787 0.9971131539015012, 
69, 1111111111, 0011111100, 0.935872057517694, 0.9994649744865434, 0.0 0.0 0.0 0.0 0.0 0.0032101530807397477 0.9967898469192602, 
70, 1111111111, 1111111110, 0.9304742957677596, 0.9987866125910031, 0.0 0.0 0.0 0.0 0.0 0.0072803244539805245 0.9927196755460196, 
71, 0111111111, 1111111110, 0.9313961526952171, 0.9998047897693502, 0.0 0.0 0.0 0.0 0.0 0.001171261383899819 0.9988287386161001, 
72, 1111111111, 1111111111, 0.9411521535852305, 0.9994794813481293, 0.0 0.0 0.0 0.0 0.0 0.0031231119112242116 0.9968768880887757, 
73, 1111111111, 1111111111, 0.9364847624084056, 0.9997815763972867, 0.0 0.0 0.0 0.0 0.0 0.001310541616280476 0.9986894583837195, 
74, 0111111111, 1111111111, 0.9332056834952149, 0.999254838910846, 0.0 0.0 0.0 0.0 0.0002094034478172234 0.004052159639289106 0.9957384369128937, 
75, 1111111111, 1111111111, 0.9322222054659799, 0.9992085864004565, 0.0 0.0 0.0 0.0 0.00015320854357798894 0.004442064510105536 0.9954047269463165, 
76, 1111111111, 1111111111, 0.9387888851098505, 0.9994871990888742, 0.0 0.0 0.0 0.0 0.0 0.0030768054667543224 0.9969231945332457, 
77, 1111111111, 0111111111, 0.9338008353263342, 0.9991976090138454, 0.0 0.0 0.0 0.0 4.1486254167358075e-05 0.004731373408593464 0.9952271403372391, 
78, 1111111111, 0111111111, 0.9332580831246878, 0.9993742492081815, 0.0 0.0 0.0 0.0 7.1948216574248804e-06 0.003740115107596289 0.9962526900707462, 
79, 0111111111, 1111111110, 0.9361566502227022, 0.9992116787849226, 0.0 0.0 0.0 0.0 0.0007183638346637146 0.0032931996211371037 0.9959884365441991, 
80, 1111111110, 0111111111, 0.9333825273202006, 0.9996304092687666, 0.0 0.0 0.0 0.0 0.0 0.002217544387400136 0.9977824556125999, 
81, 0111111111, 1111111111, 0.9311809192998124, 0.9988979716773804, 0.0 0.0 0.0 0.0 0.00015986478226196195 0.006292440371193658 0.9935476948465444, 
82, 1111111111, 1111111111, 0.9351204323927992, 0.9990363123421423, 0.0 0.0 0.0 0.0 0.0 0.005782125947146463 0.9942178740528534, 
83, 1111111111, 1111111111, 0.9343116347341336, 0.9990145382473152, 0.0 0.0 0.0 3.491837892134984e-05 0.00120622035327514 0.003395574672794817 0.9953632865950087, 
84, 1111111111, 1111111111, 0.9355026532909869, 0.9991920936150898, 0.0 0.0 0.0 0.0 0.00042852637413024895 0.003990385561201019 0.9955810880646687, 
85, 0111111110, 1111111111, 0.934446693443741, 0.9994810590311174, 0.0 0.0 0.0 0.0 0.00033640394624949205 0.0024408379207970696 0.9972227581329536, 
86, 0011111111, 1111111111, 0.9360464298204233, 0.9995696087769171, 0.0 0.0 0.0 0.0 0.0 0.002582347338497557 0.9974176526615025, 
87, 1111111111, 1111111110, 0.9346784148217545, 0.9995472552776801, 0.0 0.0 0.0 0.0 0.0 0.0027164683339192326 0.9972835316660807, 
88, 0111111111, 1111111111, 0.9335885392547074, 0.9995233722402603, 0.0 0.0 0.0 0.0 0.0 0.0028597665584383547 0.9971402334415617, 
89, 0011111111, 1111111100, 0.9327004600928543, 0.9994349924518093, 0.0 0.0 0.0 0.0 0.0 0.0033900452891439904 0.996609954710856, 
90, 1111111111, 0111111100, 0.9340571776804684, 0.9992097084808755, 0.0 0.0 0.0 0.0 0.0 0.004741749114746358 0.9952582508852537, 
91, 1111111111, 1111111110, 0.9345043919833954, 0.999334332532127, 0.0 0.0 0.0 0.0 0.00025523756998635473 0.003483529667265397 0.9962612327627481, 
92, 0111111111, 1111111111, 0.9343011875600045, 0.9992859174760674, 0.0 0.0 0.0 0.0 0.0001047825238202867 0.004074930095955027 0.9958202873802248, 
93, 1111111111, 1111111110, 0.9360131311848188, 0.9987440790388867, 0.0 0.0 0.0 0.0 0.0004084252927552518 0.006718675181169647 0.992872899526075, 
94, 1111111111, 1111111111, 0.9333993458427385, 0.9992048607853907, 0.0 0.0 0.0 0.0 1.5638072965996606e-05 0.004739559141723584 0.9952448027853104, 
95, 0011111100, 0111111111, 0.9308122357432873, 0.9990799798988989, 0.0 0.0 0.0 0.0 0.0 0.005520120606606902 0.9944798793933931, 
96, 1111111111, 1111111100, 0.9370091107452907, 0.9995480727345476, 0.0 0.0 0.0 0.0 0.0 0.0027115635927148374 0.9972884364072852, 
97, 0111111111, 0111111111, 0.9354526291796357, 0.9992839130296866, 0.0 0.0 0.0 0.0 0.0 0.0042965218218803825 0.9957034781781197, 
98, 1111111111, 0111111110, 0.9348585950085755, 0.9988104187537945, 0.0 0.0 0.0 0.0 0.0006847796799258958 0.005767928117381124 0.9935472922026929, 
99, 1111111111, 1111111111, 0.9369471891229252, 0.9993521408347195, 0.0 0.0 0.0 0.0 0.0 0.003887154991682895 0.9961128450083171, 
100, 1111111100, 0111111111, 0.9369274699304646, 0.9994020207535805, 0.0 0.0 0.0 0.0 0.0004036853026847612 0.0027805048731470673 0.9968158098241682, 
run, initial grid state, final grid state, mean grid cell occupancy, mean binding site occupancy, fraction of time with N TFs bound, warning
1, 1111111111, 1111111100, 0.9333673004820073, 0.9993582636649955, 0.0 0.0 0.0 0.0 0.0 0.003850418010027034 0.9961495819899729, 
2, 1111111111, 1111111111, 0.937086640153792, 0.9997877031701287, 0.0 0.0 0.0 0.0 0.0 0.0012737809792285873 0.9987262190207714, 
3, 0011111111, 1111111111, 0.9309127701405767, 0.9990475656518322, 0.0 0.0 0.0 0.0 0.0002539722687485104 0.005206661551509613 0.9945393661797419, 
4, 1111111111, 1111111110, 0.934487264028367, 0.9995542984478287, 0.0 0.0 0.0 0.0 0.0 0.002674209313027433 0.9973257906869726, 
5, 1111111110, 1111111111, 0.929815471440324, 0.9995806475008117, 0.0 0.0 0.0 0.0 0.0 0.0025161149951308465 0.9974838850048691, 
6, 1111111111, 0111111110, 0.9334419191360236, 0.9994970088941935, 0.0 0.0 0.0 0.0 0.00018910841619400749 0.0026397298024510483 0.997171161781355, 
7, 1111111110, 1111111111, 0.9324874426122662, 0.9993654105954969, 0.0 0.0 0.0 0.0 0.0 0.003807536427019309 0.9961924635729806, 
8, 1111111110, 1111111111, 0.9351010957307476, 0.9995753719579888, 0.0 0.0 0.0 0.0 6.153278009880156e-05 0.0024247026918697637 0.9975137645280313, 
9, 1111111110, 1111111100, 0.9318913351298356, 0.9988644264746338, 0.0 0.0 0.0 0.0 0.00021451201800286768 0.006384417116190982 0.9934010708658061, 
10, 1111111111, 1111111110, 0.9336104769331317, 0.9991000963826124, 0.0 0.0 0.0 0.0 0.0 0.005399421704325477 0.9946005782956745, 
11, 1111111111, 0111111111, 0.9339504781275615, 0.9989728607018931, 0.0 0.0 0.0 0.0 0.00011102933106672195 0.005940777126508567 0.9939481935424247, 
12, 1111111110, 1111111111, 0.93643205216221, 0.9993575472415916, 0.0 0.0 0.0 0.0 0.0 0.0038547165504495156 0.9961452834495504, 
13, 1111111111, 1111111111, 0.9348040952501918, 0.9994185678601671, 0.0 0.0 0.0 0.0 0.0007842185782622722 0.0019201556824728135 0.9972956257392648, 
14, 0011111111, 1111111111, 0.9371658754081534, 0.9993052962076897, 0.0 0.0 0.0 0.0 0.0 0.004168222753861911 0.9958317772461381, 
15, 1111111111, 1111111111, 0.9326083453212115, 0.9994334376013773, 0.0 0.0 0.0 0.0 0.0 0.0033993743917358522 0.996600625608264, 
16, 1111111111, 0111111111, 0.9374784450803973, 0.9995901144793714, 0.0 0.0 0.0 0.0 0.0 0.0024593131237718533 0.9975406868762281, 
17, 1111111110, 1111111111, 0.9328395932595972, 0.9990532520369539, 0.0 0.0 0.0 0.0 1.3887918756348745e-05 0.005652711940764056 0.9943334001404796, 
18, 1111111110, 1111111111, 0.9322976514893837, 0.9991656889901891, 0.0 0.0 0.0 0.0 0.0 0.005005866058865196 0.9949941339411348, 
19, 1111111111, 1111111111, 0.9337433286068297, 0.9989833543483047, 0.0 0.0 0.0 0.0 0.0007506401706294785 0.004598593568913759 0.9946507662604567, 
20, 0111111100, 1111111111, 0.9377400519159798, 0.9989128993947437, 0.0 0.0 0.0 0.0 0.0006991123731727826 0.005124378885192111 0.994176508741635, 
21, 1111111111, 1111111110, 0.9347622136983573, 0.9985802987230542, 0.0 0.0 0.0 0.0 0.0004550931256499744 0.007608021410374882 0.9919368854639752, 
22, 1111111111, 0111111111, 0.9353359528227501, 0.9992265023001582, 0.0 0.0 0.0 0.0 0.0 0.004640986199050815 0.9953590138009493, 
23, 1111111110, 0011111111, 0.937729447689742, 0.9993542413162778, 0.0 0.0 0.0 0.0 0.00013371989115817205 0.003607112320016537 0.9962591677888254, 
24, 0111111110, 1111111111, 0.9342236298310673, 0.9992889390245986, 0.0 0.0 0.0 0.0 0.0 0.004266365852408068 0.995733634147592, 
25, 0111111110, 0011111111, 0.934267831968616, 0.9993828067844035, 0.0 0.0 0.0 0.0 0.0 0.00370315929357926 0.9962968407064208, 
26, 1111111111, 1111111111, 0.9363528535377793, 0.9996696894746647, 0.0 0.0 0.0 0.0 0.0 0.0019818631520111926 0.9980181368479888, 
27, 0111111110, 0111111111, 0.9279566141718016, 0.9992075329067259, 0.0 0.0 0.0 0.0 0.000259942690619287 0.0042349171784058495 0.9955051401309748, 
28, 1111111111, 0111111111, 0.9382758310762516, 0.9996978300217259, 0.0 0.0 0.0 0.0 0.0 0.0018130198696448261 0.9981869801303551, 
29, 0111111111, 1111111100, 0.9357262329255324, 0.9992290591703872, 0.0 0.0 0.0 0.0 0.0 0.004625644977677152 0.9953743550223229, 
30, 1111111111, 1111111111, 0.9332812870382831, 0.9995255157801125, 0.0 0.0 0.0 0.0 0.0 0.0028469053193251573 0.9971530946806748, 
31, 1111111111, 1111111111, 0.9354880996277352, 0.9997932316662378, 0.0 0.0 0.0 0.0 0.0 0.0012406100025733312 0.9987593899974266, 
32, 1111111111, 1111111111, 0.9331756826048594, 0.9993044286918887, 0.0 0.0 0.0 0.0 0.0 0.004173427848667772 0.9958265721513321, 
33, 1111111111, 0011111100, 0.9339331444634484, 0.9995606165556364, 0.0 0.0 0.0 0.0 0.0 0.00263630066618153 0.9973636993338184, 
34, 1111111110, 0111111111, 0.9340167421131343, 0.9995727981302267, 0.0 0.0 0.0 0.0 0.0 0.0025632112186398212 0.9974367887813602, 
35, 0111111111, 1111111110, 0.9357870848020959, 0.9996639676794603, 0.0 0.0 0.0 0.0 0.0 0.0020161939232383667 0.9979838060767615, 
36, 1111111110, 0111111100, 0.9362834962560089, 0.9991851247563331, 0.0 0.0 0.0 0.0 0.0 0.004889251462001547 0.9951107485379984, 
37, 0111111111, 1111111110, 0.9386555208580766, 0.999688062267719, 0.0 0.0 0.0 0.0 0.0 0.0018716263936853833 0.9981283736063146, 
38, 1111111111, 1111111111, 0.9371169971536971, 0.999723853528939, 0.0 0.0 0.0 0.0 0.0 0.0016568788263661021 0.998343121173634, 
39, 1111111111, 0111111111, 0.9325399907721913, 0.9996214458165699, 0.0 0.0 0.0 0.0 0.0 0.002271325100580709 0.9977286748994193, 
40, 0111111100, 0111111110, 0.9383595694570072, 0.9992325865279255, 0.0 0.0 0.0 0.0 0.0 0.004604480832447224 0.9953955191675528, 
41, 0111111110, 0111111111, 0.9330513100650334, 0.9992817799730116, 0.0 0.0 0.0 0.0 0.00066839189203312 0.002972536377864295 0.9963590717301026, 
42, 1111111111, 0111111111, 0.9347370395614953, 0.9995113576191261, 0.0 0.0 0.0 0.0 0.0 0.002931854285242777 0.9970681457147572, 
43, 0111111111, 1111111111, 0.9353923637949918, 0.9999039711492397, 0.0 0.0 0.0 0.0 0.0 0.0005761731045623052 0.9994238268954377, 
44, 1111111111, 1111111111, 0.9369293127365164, 0.9995089476080387, 0.0 0.0 0.0 0.0 0.0 0.002946314351767308 0.9970536856482326, 
45, 1111111110, 1111111110, 0.9347085627141908, 0.9997115083349454, 0.0 0.0 0.0 0.0 0.0 0.0017309499903280109 0.9982690500096719, 
46, 0111111111, 1111111111, 0.9360326771592188, 0.9990948352208309, 0.0 0.0 0.0 0.0 0.0 0.005430988675014631 0.9945690113249853, 
47, 1111111111, 1111111111, 0.9395265256733004, 0.9993063027304545, 0.0 0.0 0.0 0.0 0.0006636843556575263 0.0028348149059581576 0.9965015007383844, 
48, 0011111111, 0111111111, 0.9331497305483973, 0.9993036828462851, 0.0 0.0 0.0 0.0 0.0 0.004177902922289584 0.9958220970777104, 
49, 0111111111, 0111111110, 0.9371274530218521, 0.9990071852762863, 0.0 0.0 0.0 0.0 0.00028619820278646686 0.005384491936709653 0.9943293098605039, 
50, 0011111111, 1111111111, 0.931309161027252, 0.9991484654395781, 0.0 0.0 0.0 0.0 0.0 0.005109207362530912 0.994890792637469, 
51, 0111111111, 1111111111, 0.9341957838905274, 0.9990570031440081, 0.0 0.0 0.0 0.0 0.0004018406047098551 0.0048542999265319955 0.9947438594687581, 
52, 1111111111, 1111111100, 0.9326670007998763, 0.9991389706640481, 0.0 0.0 0.0 0.0 0.0 0.005166176015711086 0.9948338239842889, 
53, 1111111110, 0111111100, 0.9370478353954628, 0.9989006166510456, 0.0 0.0 0.0 0.0 0.0 0.006596300093726628 0.9934036999062734, 
54, 1111111111, 1111111111, 0.9350005160150752, 0.999337877685425, 0.0 0.0 0.0 0.0 0.00011336310356872421 0.0037460076803123945 0.9961406292161189, 
55, 1111111110, 1111111111, 0.9315594117058982, 0.9996598020268553, 0.0 0.0 0.0 0.0 0.0 0.0020411878388678214 0.9979588121611321, 
56, 0011111111, 1111111110, 0.9363497644736305, 0.9996539526247779, 0.0 0.0 0.0 0.0 0.0 0.0020762842513333472 0.9979237157486667, 
57, 1111111111, 0111111111, 0.9353992939831665, 0.9996446163133264, 0.0 0.0 0.0 0.0 0.0 0.002132302120041393 0.9978676978799587, 
58, 1111111111, 1111111110, 0.9344779456242746, 0.999154667452019, 0.0 0.0 0.0 0.0 0.0 0.005071995287886205 0.9949280047121137, 
59, 0111111111, 1111111111, 0.9334703471096351, 0.9995976049418877, 0.0 0.0 0.0 0.0 0.0002863338287887686 0.0018417026910964858 0.9978719634801148, 
60, 1111111111, 1111111111, 0.9351381982949422, 0.9992042319758522, 0.0 0.0 0.0 0.0 0.0 0.004774608144886763 0.9952253918551133, 
61, 1111111110, 1111111111, 0.9381018072480835, 0.9994592683788679, 0.0 0.0 0.0 0.0 0.0 0.0032443897267924173 0.9967556102732076, 
62, 1111111111, 1111111111, 0.9308323729216104, 0.9994930988504247, 0.0 0.0 0.0 0.0 0.0 0.00304140689745098 0.9969585931025491, 
63, 1111111111, 1111111111, 0.9319653973938483, 0.9995165365062747, 0.0 0.0 0.0 0.0 8.619291633185885e-05 0.0027283951296882113 0.9971854119539799, 
64, 1111111111, 1111111111, 0.9323702435705763, 0.9988017508148034, 0.0 0.0 0.0 0.0 0.0 0.00718949511117967 0.9928105048888203, 
65, 0111111110, 1111111111, 0.9351933066525816, 0.9992281144432346, 0.0 0.0 0.0 0.0 0.0 0.004631313340592746 0.9953686866594073, 
66, 0111111110, 1111111111, 0.9351617569850055, 0.999132389868354, 0.0 0.0 0.0 0.0 0.0 0.0052056607898753665 0.9947943392101246, 
67, 1111111111, 1111111111, 0.9361572413673009, 0.9992028807582114, 0.0 0.0 0.0 0.0 8.15969200289746e-05 0.004619521610673697 0.9952988814692973, 
68, 1111111111, 0111111111, 0.9360432252312629, 0.9997220027404875, 0.0 0.0 0.0 0.0 0.0 0.0016679835570747226 0.9983320164429252, 
69, 1111111110, 1111111111, 0.9339666005884846, 0.9993414887151184, 0.0 0.0 0.0 0.0 0.0 0.003951067709289079 0.9960489322907108, 
70, 1111111111, 0111111111, 0.9327671107352655, 0.9996127723003053, 0.0 0.0 0.0 0.0 0.0 0.0023233661981677954 0.9976766338018324, 
71, 1111111111, 1111111110, 0.9314427616077766, 0.9995796112448286, 0.0 0.0 0.0 0.0 0.0 0.002522332531028624 0.9974776674689714, 
72, 0111111110, 1111111111, 0.933516378163242, 0.9992604385746303, 0.0 0.0 0.0 0.0 0.0 0.004437368552217979 0.9955626314477819, 
73, 0111111110, 1111111111, 0.9338805887900368, 0.9994792400030105, 0.0 0.0 0.0 0.0 0.0 0.003124559981937082 0.9968754400180629, 
74, 1111111111, 1111111111, 0.9321164611184931, 0.9984935101050355, 0.0 0.0 0.0 0.0 0.0012239166899076954 0.006591105989970928 0.9921849773201213, 
75, 1111111111, 1111111111, 0.9349897459605256, 0.9991650561662325, 0.0 0.0 0.0 0.0 0.0004542955291234879 0.004101071944358038 0.9954446325265184, 
76, 1111111111, 1111111111, 0.9347226280267634, 0.9992540483190502, 0.0 0.0 0.0 0.0 0.0 0.004475710085699299 0.9955242899143006, 
77, 1111111111, 1111111111, 0.934083938750965, 0.9993390089954586, 0.0 0.0 0.0 0.0 0.0 0.003965946027248118 0.9960340539727519, 
78, 1111111111, 1111111100, 0.9366854364514956, 0.9996403004179608, 0.0 0.0 0.0 0.0 0.0 0.002158197492234749 0.9978418025077653, 
79, 1111111111, 1111111110, 0.9328248523397401, 0.9988490531735601, 0.0 0.0 0.0 0.0 0.0 0.006905680958639462 0.9930943190413606, 
80, 1111111110, 0111111111, 0.9339222923743054, 0.9993328973886046, 0.0 0.0 0.0 0.0 8.559960906164986e-06 0.003985495746560352 0.9960059442925334, 
81, 1111111100, 0111111111, 0.9332922742422053, 0.9993235100648555, 0.0 0.0 0.0 0.0 0.0 0.004058939610867244 0.9959410603891328, 
82, 1111111111, 0111111111, 0.9345198917025254, 0.9995511327233666, 0.0 0.0 0.0 0.0 0.00012093267529044832 0.002451338309219419 0.9974277290154901, 
83, 1111111111, 1111111111, 0.9338289341002244, 0.9995984590883106, 0.0 0.0 0.0 0.0 0.0 0.002409245470136161 0.9975907545298639, 
84, 1111111111, 1111111111, 0.9307432392771877, 0.9991039952753481, 0.0 0.0 0.0 0.0 0.0 0.005376028347910472 0.9946239716520895, 
85, 0011111111, 1111111111, 0.9323420360083745, 0.9988848338292649, 0.0 0.0 0.0 0.0 0.00041748387188775195 0.005856029280635848 0.9937264868474764, 
86, 1111111111, 1111111111, 0.9356652365827987, 0.999552891365293, 0.0 0.0 0.0 0.0 0.0 0.0026826518082416055 0.9973173481917584, 
87, 1111111111, 1111111100, 0.9355473284816593, 0.9994169465272008, 0.0 0.0 0.0 0.0 0.0 0.0034983208367947477 0.9965016791632053, 
88, 1111111111, 1111111111, 0.9337937414319609, 0.9993671663854276, 0.0 0.0 0.0 0.0 0.0 0.003797001687435167 0.9962029983125649, 
89, 1111111111, 1111111111, 0.9355192938281126, 0.999266417790441, 0.0 0.0 0.0 0.0 0.00024120061505987527 0.003919092027234222 0.9958397073577059, 
90, 1111111111, 1111111111, 0.9321779813192835, 0.9990268766143688, 0.0 0.0 0.0 0.0 9.105923062290463e-05 0.005656621852540863 0.9942523189168362, 
91, 1111111111, 0111111111, 0.9346431566963288, 0.9994839750730815, 0.0 0.0 0.0 0.0 0.0 0.0030961495615104617 0.9969038504384896, 
92, 1111111110, 1111111111, 0.934401556330638, 0.9993104745124418, 0.0 0.0 0.0 0.0 9.712852010454095e-05 0.0039428958851400265 0.9959599755947554, 
93, 0111111111, 0011111111, 0.9347967728000821, 0.9989524589649125, 0.0 0.0 0.0 0.0 0.0 0.0062852462105251914 0.9937147537894748, 
94, 0111111111, 0111111111, 0.9381197967354992, 0.9996235954470345, 0.0 0.0 0.0 0.0 0.0 0.0022584273177923757 0.9977415726822076, 
95, 1111111111, 1111111110, 0.934489094494395, 0.9995937012198658, 0.0 0.0 0.0 0.0 0.0 0.0024377926808041898 0.9975622073191959, 
96, 1111111111, 1111111100, 0.9387188131750258, 0.9995832322399519, 0.0 0.0 0.0 0.0 0.0 0.0025006065602877522 0.9974993934397122, 
97, 1111111110, 1111111111, 0.9412620006213125, 0.9996926018610964, 0.0 0.0 0.0 0.0 0.0 0.0018443888334212912 0.9981556111665788, 
98, 1111111111, 1111111111, 0.9374639236176041, 0.9993330707348103, 0.0 0.0 0.0 0.0 0.0 0.0040015755911379765 0.9959984244088621, 
99, 1111111111, 1111111111, 0.9345967321285833, 0.9990936356716554, 0.0 0.0 0.0 0.0 0.0008512473481709615 0.00373569127372461 0.9954130613781044, 
100, 1111111100, 1111111111, 0.9375822191763068, 0.9997092984123949, 0.0 0.0 0.0 0.0 0.0 0.0017442095256311764 0.9982557904743689, 
