run, initial grid state, final grid state, mean grid cell occupancy, mean binding site occupancy, fraction of time with N TFs bound, warning
1, 0011111111, 0111111100, 0.7899275507993577, 0.9980603693022178, 0.0 0.0 0.0 0.0 0.0 0.01163778418669406 0.988362215813306, 
2, 0011111000, 0011111110, 0.7853876682696455, 0.9982200313427645, 0.0 0.0 0.0 1.5743226337830224e-05 0.0003676019873905749 0.009897378289617948 0.9897192764966536, 
3, 0111111100, 0011111100, 0.7827327573304014, 0.997944285325431, 0.0 0.0 0.0 0.0 0.0003209503861813034 0.011692387275051399 0.9879866623387674, 
4, 0111111110, 1111111111, 0.7824295505158846, 0.9979334205684934, 0.0 0.0 0.0 0.0 0.0002342053472457613 0.011931065894547557 0.9878347287582067, 
5, 0111111100, 1111111100, 0.7833654153630545, 0.9977560736501772, 0.0 0.0 0.0 0.0 0.0 0.013463558098936235 0.9865364419010637, 
6, 0011111110, 1111111111, 0.7807452501657324, 0.998113531995246, 0.0 0.0 0.0 0.0 0.00027898959643219193 0.01076082883566025 0.9889601815679075, 
7, 1111111100, 1111111111, 0.7844403818592016, 0.9981209468099139, 0.0 0.0 0.0 0.0 0.00011911776211346898 0.011036083616289853 0.9888447986215967, 
8, 0011111110, 0011111110, 0.7852416003124625, 0.9978011800615167, 0.0 0.0 0.0 0.0 0.0009553370662752787 0.011282245498348338 0.9877624174353764, 
9, 0111111110, 0111111110, 0.7837829728947335, 0.9976707401331167, 0.0 0.0 0.0 0.0 6.934480714423316e-05 0.0138368695870122 0.9860937856058436, 
10, 0011111100, 0111111110, 0.7840626112676898, 0.9974567057625338, 0.0 0.0 0.0 0.0 2.6372517999410626e-05 0.01520702038879789 0.9847666070932027, 
11, 1111111111, 1111111100, 0.7834449296638293, 0.9974571647045256, 0.0 0.0 0.0 0.0 0.0 0.015257011772847148 0.9847429882271528, 
12, 0011111100, 0011111100, 0.7831489567905989, 0.9976312249073369, 0.0 0.0 0.0 0.0 0.0003369391222139767 0.013538772311551428 0.9861242885662346, 
13, 0011111110, 0111111100, 0.7850642360171004, 0.9982714271053114, 0.0 0.0 0.0 0.0 0.00022536211104478153 0.009920713146042382 0.9898539247429128, 
14, 0011111100, 0111111111, 0.785412276746554, 0.9979923518086677, 0.0 0.0 0.0 0.0 0.000157822497894991 0.011730244152203471 0.9881119333499016, 
15, 1111111110, 0011111110, 0.7854660258982862, 0.9978939049757771, 0.0 0.0 0.0 0.0 0.0001166118927492414 0.012403346359838686 0.987480041747412, 
16, 0111111111, 0011111111, 0.7802726037722214, 0.9976147387558401, 0.0 0.0 0.0 0.0 0.0002477166917850006 0.0138161340813903 0.9859361492268247, 
17, 0011111100, 0111111100, 0.7855168072117998, 0.9985111702329067, 0.0 0.0 0.0 0.0 0.0005796516316703955 0.007773675339217847 0.9916466730291117, 
18, 1111111100, 1111111110, 0.783500393932798, 0.9978477082170437, 0.0 0.0 0.0 0.0 0.00027579263369872454 0.012362165430339609 0.9873620419359617, 
19, 1111111100, 0011111110, 0.7807216949708984, 0.9982921823417104, 0.0 0.0 0.0 0.0 0.0 0.010246905949737987 0.989753094050262, 
20, 0111111110, 0011111111, 0.7826194461763997, 0.9974360553219234, 0.0 0.0 0.0 3.89053676923116e-07 0.0007820594089047965 0.013818382089619852 0.9853991694477984, 
21, 1111111111, 1111111100, 0.7867581037941002, 0.9981347950489005, 0.0 0.0 0.0 0.0 0.0 0.0111912297065976 0.9888087702934024, 
22, 0011111110, 0111111110, 0.780498140469538, 0.9975704633931415, 0.0 0.0 0.0 0.0 0.0009612272131406124 0.012654765214869919 0.9863840075719895, 
23, 1111111110, 1111111100, 0.785192139442539, 0.9973197926180716, 0.0 0.0 0.0 0.0 6.056301954871131e-05 0.015960118252473416 0.983979318727978, 
24, 1111111111, 1111111110, 0.7821450077050809, 0.9978607520921272, 0.0 0.0 0.0 0.0 0.0002645188823308547 0.012306449682574475 0.9874290314350946, 
25, 0011111111, 0111111111, 0.7823758534412449, 0.997717913752714, 0.0 0.0 0.0 0.0 0.00045522186222030997 0.012782073759275614 0.9867627043785041, 
26, 1111111111, 1111111100, 0.7853556528922634, 0.9977557145987056, 0.0 0.0 0.0 0.0 6.274484532265436e-05 0.013340222717120894 0.9865970324375564, 
27, 0011111100, 1111111100, 0.7838213909031221, 0.9981967488640378, 0.0 0.0 0.0 0.0 0.00017229781045692306 0.01047491119485941 0.9893527909946837, 
28, 1111111111, 0011111110, 0.78600164537122, 0.9982184840267357, 0.0 0.0 0.0 0.0 0.00039139056103626885 0.009906314717513364 0.9897022947214503, 
29, 0011111111, 0011111111, 0.7830960140256537, 0.9981226837642936, 0.0 0.0 0.0 0.0 4.0047562826474504e-05 0.011183802288585757 0.9887761501485878, 
30, 0011111110, 1111111100, 0.7839660541800744, 0.9981557848604962, 0.0 0.0 0.0 0.0 0.0002981723525096121 0.010468946132004444 0.9892328815154859, 
31, 0111111110, 1111111111, 0.7816631635000583, 0.9982916285501164, 0.0 0.0 0.0 0.0 0.0001320108793418748 0.009986206940617276 0.9898817821800407, 
32, 0011111100, 1111111111, 0.7824349791847431, 0.9975968700879744, 0.0 0.0 0.0 0.0 0.0012767152224405145 0.01186534902727223 0.9868579357502872, 
33, 0111111111, 0011111110, 0.7828934680936412, 0.9981479672264125, 0.0 0.0 0.0 0.0 7.855855401941707e-05 0.010955079533486161 0.9889663619124944, 
34, 0011111111, 0111111100, 0.7823543301978851, 0.9976047476665172, 0.0 0.0 0.0 0.0 0.0005885069951369648 0.013194500010622147 0.9862169929942409, 
35, 0011111110, 1111111100, 0.7852128906666775, 0.9973203326484175, 0.0 0.0 0.0 0.0 9.688972105610938e-06 0.01605862616528431 0.9839316848626101, 
36, 1111111100, 0011111111, 0.7841805126164628, 0.9984023474593781, 0.0 0.0 0.0 0.0 4.021499410856337e-05 0.009505485255515166 0.9904542997503764, 
37, 0111111111, 0011111110, 0.781987783087388, 0.9971829464271263, 0.0 0.0 0.0 0.0 0.0005048442012354589 0.015892633034771335 0.9836025227639932, 
38, 0011111110, 0011111100, 0.7821746981972231, 0.9981225184440017, 0.0 0.0 0.0 0.0 0.0 0.011264889335989504 0.9887351106640105, 
39, 1111111100, 0011111100, 0.7800578958736092, 0.9974271994827772, 0.0 0.0 0.0 0.0 2.3345996893530796e-05 0.01539011110954918 0.9845865428935573, 
40, 1111111110, 0111111100, 0.7773178089881778, 0.997473188792015, 0.0 0.0 0.0 0.0 0.00021467781265020367 0.014731511622610842 0.985053810564739, 
41, 0111111111, 1111111100, 0.78389826010543, 0.9981185329015656, 0.0 0.0 0.0 0.0 4.6725885711510974e-05 0.011195350819184232 0.9887579232951041, 
42, 0111111110, 0111111100, 0.7823429504805067, 0.9980093805372802, 0.0 0.0 0.0 0.0 7.434021132616769e-06 0.011928848734054294 0.9880637172448131, 
43, 0111111110, 1111111111, 0.7844890002369524, 0.9985357843998977, 0.0 0.0 0.0 0.0 2.4788802459126423e-06 0.008780335840122994 0.9912171852796311, 
44, 1111111100, 0011111100, 0.7829081227068112, 0.9975383763541908, 0.0 0.0 0.0 0.0 3.4133725423245196e-05 0.014701474424008758 0.985264391850568, 
45, 0111111100, 0011111111, 0.7821754764634177, 0.9977844799586686, 0.0 0.0 0.0 0.0 0.0003215936117537816 0.012649933024481278 0.9870284733637649, 
46, 0011111111, 0011111110, 0.7866056339042696, 0.9979684908808389, 0.0 0.0 0.0 0.0 0.000353744177487748 0.01148156635999139 0.9881646894625209, 
47, 1111111100, 0001111111, 0.782615909110043, 0.9979248520155276, 0.0 0.0 0.0 0.0 0.00012309399578707558 0.01220469991525969 0.9876722060889532, 
48, 1111111111, 0111111111, 0.7806286835053882, 0.9972550898686852, 0.0 0.0 0.0 0.0 0.0004123938297779574 0.015644673128333175 0.9839429330418888, 
49, 0011111111, 0111111110, 0.7841432906685044, 0.9986328510281398, 0.0 0.0 0.0 0.0 0.0 0.008202893831161004 0.991797106168839, 
50, 0011111110, 0011111110, 0.7870343242750749, 0.9979264035492391, 0.0 0.0 0.0 0.0 0.0 0.012441578704566336 0.9875584212954336, 
51, 1111111100, 0111111111, 0.7836758759595239, 0.998497977954522, 0.0 0.0 0.0 0.0 7.848563643415769e-05 0.008855161000000012 0.9910663533635659, 
52, 0011111111, 1111111110, 0.7824110419923854, 0.9979166331061081, 0.0 0.0 0.0 0.0 0.0001810734168513048 0.012138054529647497 0.9876808720535013, 
53, 1111111111, 0011111100, 0.7858593660181113, 0.997373230745931, 0.0 0.0 0.0 0.0 0.0003079499124506541 0.01514471569951322 0.9845473343880362, 
54, 0011111111, 0111111110, 0.7814758035746097, 0.9969543540509154, 0.0 0.0 0.0 0.0 0.0002507372544631539 0.01777240118558177 0.981976861559955, 
55, 0111111100, 0111111100, 0.7829487370103765, 0.9978782499109148, 0.0 0.0 0.0 0.0 0.0 0.012730500534510684 0.9872694994654893, 
56, 0011111110, 0111111100, 0.7868434790954654, 0.9981538695286915, 0.0 0.0 0.0 0.0 1.400762102217901e-05 0.01104876758580762 0.9889372247931701, 
57, 0011111111, 0111111110, 0.785081933568805, 0.998025473192719, 0.0 0.0 0.0 0.0 0.0002393644715000334 0.011368431900686527 0.9883922036278134, 
58, 0111111110, 0111111111, 0.7795082511402329, 0.9970178526281439, 0.0 0.0 0.0 0.00019250422198040143 0.0025836388793766016 0.012148093806442923 0.9850757630922001, 
59, 0011111000, 0011111110, 0.7819107778582841, 0.9979961924137538, 0.0 0.0 0.0 0.0 0.00021180503102021555 0.011599235455436663 0.9881889595135431, 
60, 1111111111, 0011111100, 0.7813412078101567, 0.9980162059018665, 0.0 0.0 0.0 0.0 0.0 0.011902764588801738 0.9880972354111982, 
61, 0011111110, 1111111110, 0.7844009854982861, 0.9977233007294785, 0.0 0.0 0.0 0.0 0.0008552630844542525 0.011949669454221021 0.9871950674613247, 
62, 1111111100, 0111111100, 0.7823704949042241, 0.9979498664208794, 0.0 0.0 0.0 0.0 6.557864327022006e-05 0.012169644188183846 0.9877647771685458, 
63, 1111111100, 0011111110, 0.7816629357753254, 0.9979975962414908, 0.0 0.0 0.0 0.0 7.880028709712482e-05 0.011856821976861165 0.9880643777360416, 
64, 0011111110, 0111111100, 0.782076576269592, 0.997117335082087, 0.0 0.0 0.0 0.0 9.825506472655704e-05 0.017099479378025525 0.9828022655572479, 
65, 0111111111, 0111111110, 0.7836363390333589, 0.9982055002330127, 0.0 0.0 0.0 0.0 0.0 0.010766998601923808 0.9892330013980762, 
66, 0111111100, 0111111110, 0.7817272842124758, 0.9969244451033449, 0.0 0.0 0.0 0.0 0.0003697677742208753 0.017713793831488814 0.9819164383942904, 
67, 1111111111, 1111111110, 0.7845316851085558, 0.9978105720298127, 0.0 0.0 0.0 0.0 7.885734799297082e-05 0.012978853125138952 0.9869422895268681, 
68, 1111111111, 0111111100, 0.7858062998819443, 0.9979963652235837, 0.0 0.0 0.0 0.0 8.435663593303589e-05 0.011853095386631126 0.9880625479774359, 
69, 0111111100, 0111111110, 0.7836789806712482, 0.9974772583762718, 0.0 0.0 0.0 0.0 0.0007257074674129485 0.013685034807543878 0.9855892577250431, 
70, 0011111111, 0111111111, 0.78371254160315, 0.9976441363753472, 0.0 0.0 0.0 7.23137489818959e-05 0.000533975157836193 0.012850290185299347 0.9865434209078826, 
71, 1111111111, 0111111110, 0.7826381848499026, 0.9980448653148125, 0.0 0.0 0.0 0.0 2.166874157105173e-05 0.011687470627982718 0.9882908606304461, 
72, 0011111100, 0011111110, 0.7829359184335221, 0.9979431913954792, 0.0 0.0 0.0 0.0 0.00019497411783462476 0.01195090339145603 0.9878541224907094, 
73, 1111111100, 0011111100, 0.7829047830631368, 0.9978722155039552, 0.0 0.0 0.0 0.0 0.0003216284806360517 0.012123450014996259 0.9875549215043676, 
74, 0111111100, 0111111110, 0.7833374560054037, 0.9974783813817228, 0.0 0.0 0.0 0.0 5.2860729817152016e-05 0.015023990250028728 0.9849231490201541, 
75, 0111111100, 0111111100, 0.7831751365531471, 0.9978904573880817, 0.0 0.0 0.0 0.0 5.724379153052965e-07 0.01265611079567966 0.9873433167664051, 
76, 0111111110, 0011111110, 0.7829975607588062, 0.9971192017502108, 0.0 0.0 0.0 0.0 0.0004295733480679421 0.016425642802599363 0.9831447838493327, 
77, 0111111100, 0111111100, 0.7852610434945161, 0.9984694203956322, 0.0 0.0 0.0 0.0 0.0 0.009183477626206351 0.9908165223737937, 
78, 0111111100, 0111111111, 0.7830689843264901, 0.9976587920523805, 0.0 0.0 0.0 0.0 0.0002441365237928572 0.01355897463813233 0.9861968888380749, 
79, 0011111110, 0111111100, 0.7846948222960247, 0.9982552037532835, 0.0 0.0 0.0 0.0 0.00039409413498151864 0.009680589210336401 0.9899253166546822, 
80, 0011111110, 1111111111, 0.7848781748630781, 0.9976811932992131, 0.0 0.0 0.0 0.0 0.00028428059343145007 0.013344279017858639 0.9863714403887098, 
81, 0111111100, 0111111100, 0.7850088903659745, 0.9973236203720007, 0.0 0.0 0.0 0.0 9.424200665025483e-05 0.01586979375469487 0.9840359642386548, 
82, 1111111110, 0011111111, 0.7822588360588951, 0.9981338131421588, 0.0 0.0 0.0 0.0 0.0004185747099352734 0.01035997172717615 0.9892214535628886, 
83, 0011111110, 0001111110, 0.7855618501817014, 0.9983777776614798, 0.0 0.0 0.0 0.0 0.0 0.009733334031121314 0.9902666659688786, 
84, 0111111100, 0111111100, 0.7800989950464511, 0.997732075255972, 0.0 0.0 0.0 0.0 0.0 0.013607548464167353 0.9863924515358327, 
85, 0111111110, 0011111100, 0.7832900880549172, 0.9974690245151401, 0.0 0.0 0.0 0.0 1.0407589355139503e-05 0.01516503773044891 0.984824554680196, 
86, 0111111110, 0111111100, 0.7801358614682029, 0.9973940111652883, 0.0 0.0 0.0 0.0 1.3583172369322605e-05 0.01560876666353217 0.9843776501640985, 
87, 0111111111, 0011111110, 0.7832652853892541, 0.9970495735816629, 0.0 0.0 0.0 0.0 0.0006932765172836325 0.016316005475456235 0.9829907180072601, 
88, 0011111100, 0111111100, 0.7802967884123717, 0.997254629956448, 0.0 0.0 0.0 0.0 0.0006439889353384858 0.015184242390635353 0.9841717686740262, 
89, 0011111110, 0111111100, 0.7866860584182361, 0.9975295176057892, 0.0 0.0 0.0 0.0 7.688354857535588e-06 0.014807517655549194 0.9851847939895934, 
90, 0011111100, 0011111100, 0.7826260573980967, 0.9975574798915908, 0.0 0.0 0.0 0.0 0.00021385570552962164 0.014227409239395705 0.9855587350550747, 
91, 0011111111, 0111111100, 0.7826928079810775, 0.9971889487759296, 0.0 0.0 0.0 0.0 0.0 0.016866307344421506 0.9831336926555785, 
92, 1111111110, 1111111111, 0.7868234942682636, 0.9978294768241516, 0.0 0.0 0.0 0.0 0.0 0.013023139055090286 0.9869768609449097, 
93, 0011111000, 0011111111, 0.7854714134482811, 0.9974472762208249, 0.0 0.0 0.0 0.0003899559835272743 0.00039206834457696367 0.013362338035315934 0.9858556376365798, 
94, 0111111110, 1111111100, 0.782524669759134, 0.9978977870053156, 0.0 0.0 0.0 0.0 9.49147690257288e-05 0.012423448430055746 0.9874816368009185, 
95, 0011111111, 0111111111, 0.7846438331573335, 0.9977583219487006, 0.0 0.0 0.0 0.0 0.0004933881044247037 0.012463292098947639 0.9870433197966276, 
96, 0111111100, 0111111100, 0.7815444966137272, 0.9982888595694832, 0.0 0.0 0.0 0.0 8.743903196712334e-05 0.010091964519166597 0.9898205964488662, 
97, 0111111100, 1111111111, 0.7857259071692954, 0.9970591493640538, 0.0 0.0 0.0 0.00034651252659085246 0.0007251248888294468 0.015155316458245196 0.9837730461263344, 
98, 0111111110, 1111111111, 0.7843358181689599, 0.9979209550153715, 0.0 0.0 0.0 0.0 0.0005538666514851932 0.011366536604800803 0.988079596743714, 
99, 0111111100, 1111111110, 0.7825067138448634, 0.9971225183870894, 0.0 0.0 0.0 0.0005781405526461062 0.0008276080844423032 0.013875251850640737 0.9847189995122708, 
100, 0111111110, 0011111110, 0.7839796367400533, 0.9978684174466657, 0.0 0.0 0.0 0.0 0.0004702454219916888 0.011849004476023075 0.9876807501019851, 
run, initial grid state, final grid state, mean grid cell occupancy, mean binding site occupancy, fraction of time with N TFs bound, warning
1, 1111111111, 0011111100, 0.7852033258105235, 0.9974682086015981, 0.0 0.0 0.0 0.0005335865629465239 0.0005252611816569878 0.012539466338257149 0.9864016859171393, 
2, 0111111110, 1111111110, 0.7801573532832698, 0.9981071113017467, 0.0 0.0 0.0 0.0 0.0 0.011357332189519809 0.9886426678104803, 
3, 0011111110, 1111111110, 0.7846096630693006, 0.998002030843228, 0.0 0.0 0.0 0.0 6.883953781389055e-05 0.011850135865004378 0.9880810245971817, 
4, 0011111110, 1111111111, 0.7810884151576841, 0.9980750500930419, 0.0 0.0 0.0 0.0 0.0 0.011549699441748962 0.988450300558251, 
5, 0111111110, 1111111100, 0.780525456908753, 0.9972349566430591, 0.0 0.0 0.0 0.00010502442534565925 0.0007736402124160244 0.014727906440777773 0.9843934289214605, 
6, 1111111111, 0111111111, 0.7833567010794839, 0.9980331144040356, 0.0 0.0 0.0 0.0 0.0 0.011801313575786607 0.9881986864242134, 
7, 1111111100, 0111111111, 0.7843489557780072, 0.9981011460385031, 0.0 0.0 0.0 0.0 0.0003763477475881864 0.010640428273805238 0.9889832239786066, 
8, 0111111100, 0011111100, 0.7844799220561298, 0.9980336326895405, 0.0 0.0 0.0 0.0 0.0 0.011798203862757138 0.9882017961372429, 
9, 1111111100, 0111111100, 0.7815617821615889, 0.997604528055021, 0.0 0.0 0.0 0.0 0.000174386279422584 0.01402405911102948 0.9858015546095479, 
10, 0111111111, 0011111100, 0.7849263346882303, 0.9977321430782423, 0.0 0.0 0.0 0.0 0.0 0.013607141530546407 0.9863928584694536, 
11, 0011111100, 0011111100, 0.7837328040872392, 0.9978657656076123, 0.0 0.0 0.0 0.0 0.0 0.012805406354325803 0.9871945936456742, 
12, 0011111100, 0111111110, 0.7842222046436141, 0.9979208570576951, 0.0 0.0 0.0 0.0 0.0 0.01247485765382973 0.9875251423461703, 
13, 0011111110, 1111111110, 0.787075509029018, 0.9979630453439462, 0.0 0.0 0.0 0.0 0.0004906247739496685 0.01124047838842367 0.9882688968376266, 
14, 1111111100, 0011111100, 0.784159797016408, 0.9974691811808706, 0.0 0.0 0.0 0.0 4.9839895277590976e-05 0.015085233124221236 0.9848649269805011, 
15, 0011111100, 0011111111, 0.779851772960676, 0.9978581182541522, 0.0 0.0 0.0 0.0 0.0002422410502637 0.012366808374559595 0.9873909505751767, 
16, 0111111111, 0111111111, 0.783610948238207, 0.9981525411743462, 0.0 0.0 0.0 0.0 0.0002544949415800543 0.010575763070763185 0.9891697419876567, 
17, 1111111110, 0011111110, 0.7817699752116435, 0.9977627650594113, 0.0 0.0 0.0 0.0 0.0 0.01342340964353196 0.986576590356468, 
18, 1111111100, 1111111100, 0.7840957699777362, 0.9977359290860177, 0.0 0.0 0.0 0.0 0.0004428220974978946 0.012698781288898578 0.9868583966136034, 
19, 0111111100, 0011111111, 0.7814728837887636, 0.9977145785956947, 0.0 0.0 0.0 0.0 0.0003338026072155081 0.013044923211400725 0.9866212741813837, 
20, 1111111110, 0011111100, 0.7826422956498705, 0.9977342785803304, 0.0 0.0 0.0 0.0 0.0003223972957966157 0.012949533926425274 0.9867280687777782, 
21, 0111111111, 0111111100, 0.7827495388687724, 0.9973187468617227, 0.0 0.0 0.0 0.0 0.00019297867845064116 0.015701561472763678 0.9841054598487857, 
22, 1111111111, 0111111100, 0.7795795488671049, 0.9980061524978473, 0.0 0.0 0.0 0.0 0.00014506721372110502 0.011672950585475307 0.9881819822008036, 
23, 0011111111, 0011111100, 0.7804416468414996, 0.9975195315722029, 0.0 0.0 0.0 0.0 0.00030907466661941435 0.014264661233544257 0.9854262640998364, 
24, 1111111110, 0011111111, 0.7827346903814404, 0.9976109172522055, 0.0 0.0 0.0 0.0 0.0005080211655716668 0.013318454155623003 0.9861735246788054, 
25, 0111111100, 0111111100, 0.7831378763228833, 0.9978708503507919, 0.0 0.0 0.0 0.0 0.0 0.01277489789524797 0.9872251021047521, 
26, 1111111100, 1111111111, 0.7843713466267632, 0.997442497118823, 0.0 0.0 0.0 0.0 8.91062559872014e-05 0.015166804775088043 0.9847440889689247, 
27, 1111111100, 0011111100, 0.7871964634186965, 0.998126397578128, 0.0 0.0 0.0 0.0 0.0005736499189119112 0.010094314693407444 0.9893320353876807, 
28, 1111111111, 1111111100, 0.7811828846060114, 0.9973662203576804, 0.0 0.0 0.0 0.0 0.0007082932030997832 0.014386091447717535 0.9849056153491826, 
29, 1111111100, 0011111111, 0.785975994588944, 0.9979418550499963, 0.0 0.0 0.0 0.0 0.0001265656470201129 0.012095738405981715 0.9877776959469982, 
30, 0111111111, 0011111100, 0.7826300232242944, 0.9982216844501716, 0.0 0.0 0.0 0.0 0.00013212321278310957 0.010405646873404442 0.9894622299138125, 
31, 1111111100, 0011111100, 0.7796010938096443, 0.9974763340865328, 0.0 0.0 0.0 0.0 0.00028937771751962955 0.014563240045763863 0.9851473822367165, 
32, 0111111111, 0011111100, 0.7846509012667933, 0.9974726000010222, 0.0 0.0 0.0 0.0 0.0006061913058497223 0.013952017382166719 0.9854417913119835, 
33, 0011111111, 0111111100, 0.7803259220580604, 0.9981048635273997, 0.0 0.0 0.0 0.0 0.0004585526089090392 0.010453713617783793 0.9890877337733072, 
34, 0011111100, 1111111110, 0.7857773571326993, 0.9973156425720041, 0.0 0.0 0.0 0.0 0.0 0.01610614456797418 0.9838938554320258, 
35, 0011111111, 0011111111, 0.7789840554187852, 0.9972679088283767, 0.0 0.0 0.0 0.0 0.00045226665179662936 0.015488013726146914 0.9840597196220565, 
36, 1111111110, 1111111100, 0.7858815408769844, 0.9975223272349885, 0.0 0.0 0.0 0.0 0.0004541116574867566 0.013957813275095642 0.9855880750674176, 
37, 0111111110, 0111111110, 0.7797945011142832, 0.9974097932850217, 0.0 0.0 0.0 0.0 6.019123676016216e-05 0.015420857816349305 0.9845189509468906, 
38, 0111111100, 1111111110, 0.7857431096077834, 0.9980507973194475, 0.0 0.0 0.0 0.0 0.0005743976124491861 0.010546420858417685 0.9888791815291331, 
39, 0111111100, 0111111111, 0.7822582594671122, 0.9976362761216694, 0.0 0.0 0.0 0.0 0.0 0.014182343269982856 0.9858176567300171, 
40, 0011111111, 1111111110, 0.7875940385125686, 0.9981706276003475, 0.0 0.0 0.0 0.0 0.0 0.010976234397916033 0.989023765602084, 
41, 0111111000, 0011111100, 0.7842972812401863, 0.9981888116751854, 0.0 0.0 0.0 0.0 0.0 0.010867129948888672 0.9891328700511114, 
42, 0011111100, 0011111110, 0.7804466316240771, 0.9973560513400395, 0.0 0.0 0.0 0.0 0.0003825280387864794 0.015098635882189577 0.984518836079024, 
43, 0111111110, 0111111100, 0.7833507251031676, 0.9977465051993282, 0.0 0.0 0.0 0.0 0.000251550945167655 0.013017866913696116 0.9867305821411362, 
44, 0111111110, 1111111100, 0.7837896212655834, 0.9980642875613568, 0.0 0.0 0.0 0.0 0.00013784012266715366 0.011338594386524313 0.9885235654908084, 
45, 0111111100, 0111111100, 0.7816648507861308, 0.9978442558536278, 0.0 0.0 0.0 0.0 6.758504330683321e-05 0.012799294791620262 0.9871331201650728, 
46, 0011111110, 0111111111, 0.7798403038835182, 0.9977998796654277, 0.0 0.0 0.0 0.0 0.0005635012042328218 0.012073719598968217 0.987362779196799, 
47, 1111111100, 1111111111, 0.7828376607835602, 0.9981171446500234, 0.0 0.0 0.0 0.0 8.964802587318987e-05 0.011117836048113476 0.9887925159260134, 
48, 1111111110, 0011111111, 0.7876598784175575, 0.9980197136504357, 0.0 0.0 0.0 0.0 0.0 0.011881718097385672 0.9881182819026143, 
49, 0011111110, 0011111100, 0.7851134162231106, 0.9978882644512785, 0.0 0.0 0.0 0.0 3.065090928554534e-05 0.012609111473756943 0.9873602376169575, 
50, 0011111100, 0011111100, 0.7854206659919716, 0.998263670519252, 0.0 0.0 0.0 0.0 0.0 0.010417976884487362 0.9895820231155127, 
51, 1111111110, 0111111100, 0.7853377269633345, 0.9982160649266584, 0.0 0.0 0.0 0.0 9.201850287006014e-05 0.010519573434309789 0.9893884080628202, 
52, 1111111111, 0011111111, 0.7824878194908951, 0.9973599551460233, 0.0 0.0 0.0 0.0 0.00028029393361352734 0.015279681256633279 0.9844400248097532, 
53, 0111111110, 1111111110, 0.7828393470546129, 0.9980575996315842, 0.0 0.0 0.0 0.0 8.864809961188406e-05 0.011477106011270609 0.9884342458891175, 
54, 0111111100, 0011111110, 0.7816602964464899, 0.9967679728933113, 0.0 0.0 0.0 0.0 2.168694470734823e-05 0.019348788750717764 0.980629524304575, 
55, 1111111111, 0111111110, 0.780108378882491, 0.9981321194414428, 0.0 0.0 0.0 0.0 0.0 0.011207283351343706 0.9887927166486563, 
56, 0011111110, 1111111100, 0.7878776222701369, 0.9981538563529835, 0.0 0.0 0.0 0.0 0.0001970530986718904 0.010682755684756717 0.9891201912165715, 
57, 0111111111, 1111111100, 0.7834794291743441, 0.9979983884074576, 0.0 0.0 0.0 0.00011889294639871233 0.00017680824805009932 0.011299374219958533 0.9884049245855926, 
58, 0001111111, 1111111110, 0.782545756514454, 0.9978178063191669, 0.0 0.0 0.0 0.0 0.0 0.013093162084998783 0.9869068379150012, 
59, 1111111111, 0011111100, 0.7790006093802, 0.9975647924925796, 0.0 0.0 0.0 0.0 3.300143637220774e-05 0.014545242171777932 0.9854217563918498, 
60, 0011111111, 0011111100, 0.7855919235617185, 0.9977359795810661, 0.0 0.0 0.0 0.0 4.578392319999989e-05 0.013492554667203597 0.9864616614095963, 
61, 0011111111, 0111111110, 0.7829431062467032, 0.9976771141439092, 0.0 0.0 0.0 0.0 0.0012530555695394105 0.011431203997466237 0.9873157404329944, 
62, 1111111100, 0111111100, 0.7825324442085653, 0.9978360596643554, 0.0 0.0 0.0 0.0 4.0186979965425665e-05 0.012903268053937086 0.9870565449660975, 
63, 0111111110, 1111111111, 0.7840531645518201, 0.9974733481768113, 0.0 0.0 0.0 0.0 0.0002630812460607574 0.014633748447010143 0.9851031703069291, 
64, 1111111100, 0111111110, 0.7840678306030708, 0.99819834432404, 0.0 0.0 0.0 0.0 9.405553569736934e-05 0.01062182298436494 0.9892841214799377, 
65, 0011111111, 0111111110, 0.7862014704458986, 0.9980275489771347, 0.0 0.0 0.0 0.0 0.0004384522961793112 0.010957801544833227 0.9886037461589875, 
66, 0111111111, 1111111110, 0.779846101738892, 0.9970813178623074, 0.0 0.0 0.0 0.0 0.0015188257616550013 0.014474441302846567 0.9840067329354985, 
67, 0111111111, 1111111100, 0.7810993386635747, 0.9973618771577334, 0.0 0.0 0.0 0.0 0.0003249334148487874 0.015178870223902508 0.9844961963612486, 
68, 0011111100, 0111111110, 0.7831873846100187, 0.9977894856986836, 0.0 0.0 0.0 0.0 0.00020651290137302305 0.012850060005152285 0.9869434270934746, 
69, 0111111111, 0111111111, 0.7847361574588675, 0.997998164137898, 0.0 0.0 0.0 0.0 0.0004070939387843864 0.01119682729504368 0.988396078766172, 
70, 1111111111, 0011111111, 0.7805492527752433, 0.9977519167721826, 0.0 0.0 0.0 0.0 5.30831817809173e-05 0.013382333003342291 0.9865645838148768, 
71, 0011111110, 0011111111, 0.7866290956999008, 0.9977871679487508, 0.0 0.0 0.0 0.0 0.00015706156205449784 0.012962869183385888 0.9868800692545595, 
72, 0011111110, 0011111111, 0.7835305569877333, 0.9975169912912313, 0.0 0.0 0.0 0.0 0.0001068182680132843 0.014684415716586095 0.9852087660154005, 
73, 0011111111, 0011111111, 0.7846571942321102, 0.9979736197780793, 0.0 0.0 0.0 0.0 0.00040067896050475886 0.011356923410514468 0.9882423976289808, 
74, 0011111111, 0111111110, 0.7862619879022633, 0.9981654099347715, 0.0 0.0 0.0 0.0 0.0004134470614308154 0.010180646268509523 0.9894059066700597, 
75, 0011111111, 1111111110, 0.780801609718712, 0.9969529669785594, 0.0 0.0 0.0 0.0 0.0003904420046298844 0.01750131411938426 0.9821082438759858, 
76, 0011111110, 0111111111, 0.782124152882852, 0.9980245514264277, 0.0 0.0 0.0 0.0 0.00012742589708129563 0.01159783964727038 0.9882747344556483, 
77, 0111111110, 1111111100, 0.7814214560151479, 0.9972644966249825, 0.0 0.0 0.0 0.0 7.29240171107224e-05 0.016267172215884248 0.9836599037670051, 
78, 0111111110, 0011111111, 0.7809621786796564, 0.9975565847689047, 0.0 0.0 0.0 0.0 4.2449557713951376e-05 0.014575592271143892 0.9853819581711422, 
79, 0011111100, 0111111111, 0.7812276472112075, 0.9971224608329802, 0.0 0.0 0.0 0.0 0.00052149320081058 0.016222248600498094 0.9832562581986913, 
80, 0011111110, 0011111111, 0.7802963426067856, 0.9971951821316083, 0.0 0.0 0.0 0.0 0.00026039639974341505 0.016308114410862332 0.9834314891893942, 
81, 0011111111, 1111111110, 0.7832655815079648, 0.9976921741523345, 0.0 0.0 0.0 0.0 0.0003709645888665247 0.013105025908260128 0.9865240095028733, 
82, 0011111100, 0011111100, 0.7799428732756843, 0.9971378091450002, 0.0 0.0 0.0 0.0 0.0018866339301477158 0.013399877269704003 0.9847134888001483, 
83, 0111111100, 0111111111, 0.784696507496459, 0.9968276204231472, 0.0 0.0 0.0 0.0 0.0010133613290504685 0.01700755480301632 0.9819790838679332, 
84, 0111111100, 1111111111, 0.7784277159830987, 0.997331027749268, 0.0 0.0 0.0 0.0 0.00046112904396658846 0.015091575416459687 0.9844472955395737, 
85, 0111111110, 1111111110, 0.7788902965003801, 0.9977096587131783, 0.0 0.0 0.0 0.0 4.2663108832609084e-05 0.013656721503265105 0.9863006153879023, 
86, 0111111100, 1111111110, 0.7835040815456572, 0.9972893819246511, 0.0 0.0 0.0 0.0 0.0 0.01626370845209381 0.9837362915479063, 
87, 0111111100, 0011111110, 0.7832896756863503, 0.9977531470810966, 0.0 0.0 0.0 0.00012318781941606882 0.0005792567046347118 0.011953040645902736 0.9873445148300465, 
88, 0011111100, 0011111110, 0.7821829339459735, 0.9982985181315206, 0.0 0.0 0.0 0.0 2.771850298472813e-05 0.010153454204906825 0.9898188272921085, 
89, 0011111110, 0111111111, 0.781698049484089, 0.9980787822774045, 0.0 0.0 0.0 0.0 0.00037239367296545273 0.010782518989641315 0.9888450873373932, 
90, 0011111110, 0111111110, 0.7824212541565175, 0.9975419712724232, 0.0 0.0 0.0 0.0 7.581494689419156e-05 0.014596542471672679 0.9853276425814331, 
91, 0011111110, 0111111100, 0.7843669177958424, 0.9977219905048306, 0.0 0.0 0.0 0.0 0.0 0.013668056971017015 0.9863319430289831, 
92, 1111111111, 1111111110, 0.7824892467359552, 0.9973936919707123, 0.0 0.0 0.0 0.0 0.00019475991081918987 0.015248328354088393 0.9845569117350923, 
93, 0011111110, 0001111100, 0.7806179898547765, 0.9981137037483218, 0.0 0.0 0.0 0.0 8.914790920109975e-05 0.011139481691666507 0.9887713703991324, 
94, 0111111111, 0011111100, 0.7820375136799882, 0.9979596442658103, 0.0 0.0 0.0 0.0 3.2621588887941264e-05 0.012176891227361875 0.9877904871837502, 
95, 1111111111, 0011111110, 0.7871187733856829, 0.9980844803601261, 0.0 0.0 0.0 3.2962886983212966e-05 0.0003144595421675273 0.010765310093959138 0.98888726747689, 
96, 1111111110, 0011111111, 0.7800572219112818, 0.9969781622175118, 0.0 0.0 0.0 0.0 0.00021278914059182004 0.0177054484137451 0.9820817624456631, 
97, 0011111110, 1111111100, 0.7860648492029977, 0.9978703792351102, 0.0 0.0 0.0 0.0 9.633357023917492e-05 0.012585057448860409 0.9873186089809003, 
98, 0011111100, 0111111100, 0.7840610571612627, 0.9976197346281662, 0.0 0.0 0.0 0.0 6.667861596550259e-05 0.014148234999071436 0.9857850863849631, 
99, 0111111110, 1111111100, 0.7872707116126332, 0.9980865665412679, 0.0 0.0 0.0 0.0 0.0 0.011480600752392442 0.9885193992476075, 
100, 0111111100, 1111111110, 0.7839806431970067, 0.9969942952475299, 0.0 0.0 0.0 0.0 0.0014909999914755777 0.015052228531869445 0.983456771476655, 
run, initial grid state, final grid state, mean grid cell occupancy, mean binding site occupancy, fraction of time with N TFs bound, warning
1, 0011111110, 1111111110, 0.7808017290937839, 0.9973339428663136, 0.0 0.0 0.0 0.0 0.00036927279551613894 0.015257797211086319 0.9843729299933975, 
2, 1111111100, 1111111110, 0.7799072278644141, 0.9970664870148279, 0.0 0.0 0.0 5.551767080636251e-05 0.0004789764907652707 0.016476571917082582 0.9829889339213458, 
3, 0111111111, 0011111111, 0.783600048203911, 0.9977355024635804, 0.0 0.0 0.0 0.0 0.00026405285959757506 0.01305887949932179 0.9866770676410807, 
4, 0111111110, 0111111111, 0.7870131435853127, 0.998173384200972, 0.0 0.0 0.0 0.0 0.0008019029873884291 0.009355888819390623 0.989842208193221, 
5, 0011111100, 0011111110, 0.7833927051240432, 0.9975127357833412, 0.0 0.0 0.0 8.016497416723341e-06 0.0005427905066058749 0.013813954794491158 0.9856352382014862, 
6, 0011111100, 0111111110, 0.7826591545531192, 0.9978760714942843, 0.0 0.0 0.0 0.0 0.0001736292971810911 0.01239631243993204 0.9874300582628869, 
7, 1111111111, 0011111100, 0.7817620055296488, 0.9980884412329964, 0.0 0.0 0.0 0.0 0.00026168505666543325 0.010945982488690092 0.9887923324546445, 
8, 0111111110, 0011111110, 0.7859337966576135, 0.9978042278633649, 0.0 0.0 0.0 0.0 0.0006626780740102983 0.01184927667179091 0.9874880452541989, 
9, 0011111111, 1111111110, 0.7828956441770625, 0.9978609485355362, 0.0 0.0 0.0 0.0 0.0004644451705436195 0.011905418445696361 0.9876301363837601, 
10, 0011111110, 0011111110, 0.7857488068352827, 0.9978594956226652, 0.0 0.0 0.0 0.0 0.0 0.012843026264009311 0.9871569737359908, 
11, 0111111100, 0111111110, 0.7833829692796107, 0.9977154273759637, 0.0 0.0 0.0 0.0 0.0 0.013707435744217646 0.9862925642557823, 
12, 0011111100, 0111111100, 0.781607693913637, 0.9984533945298373, 0.0 0.0 0.0 0.0 0.0 0.00927963282097594 0.990720367179024, 
13, 0011111100, 0111111100, 0.7821329554429177, 0.9978820484682451, 0.0 0.0 0.0 0.0 0.0 0.012707709190529564 0.9872922908094705, 
14, 0111111110, 0011111100, 0.7798377532805347, 0.997145900642515, 0.0 0.0 0.0 0.0 0.0007088672860888639 0.015706861572733207 0.983584271141178, 
15, 0011111000, 1111111111, 0.7811966719058951, 0.9980489345448197, 0.0 0.0 0.0 0.0 0.0 0.011706392731082553 0.9882936072689175, 
16, 0011111111, 1111111111, 0.7808205503813906, 0.9968505580463537, 0.0 0.0 0.0 0.0 0.0014688881917034372 0.01595887533847079 0.9825722364698257, 
17, 0011111100, 0111111100, 0.7844258042866781, 0.9975499542059597, 0.0 0.0 0.0 0.0003810908684751817 0.000730012800489068 0.012096976557837133 0.9867919197731987, 
18, 0111111100, 0111111110, 0.7824091352654289, 0.9981915799816693, 0.0 0.0 0.0 0.0 0.00021419834343070073 0.010422123423123757 0.9893636782334456, 
19, 0011111110, 0111111110, 0.7808778117628856, 0.9978412130584855, 0.0 0.0 0.0 0.0 0.00017941905524441172 0.01259388353859797 0.9872266974061576, 
20, 1111111100, 1111111100, 0.7822068612933298, 0.9978015756409506, 0.0 0.0 0.0 0.0 0.0001106774706179755 0.012969191213060612 0.9869201313163215, 
21, 0011111111, 0011111100, 0.784055342216678, 0.9979059119532274, 0.0 0.0 0.0 0.0 0.0006392955447114364 0.011285937191212469 0.9880747672640761, 
22, 1111111100, 0011111110, 0.7843979837755654, 0.9977624560816999, 0.0 0.0 0.0 0.0 0.0 0.013425263509800844 0.9865747364901992, 
23, 0011111110, 0011111100, 0.7827054626555144, 0.9973417874152886, 0.0 0.0 0.0 0.0 0.0 0.015949275508269096 0.984050724491731, 
24, 1111111111, 0111111100, 0.7839408155551539, 0.9984289471228257, 0.0 0.0 0.0 0.0 0.0 0.009426317263046626 0.9905736827369535, 
25, 1111111111, 0111111111, 0.7852670932483443, 0.9978856943051123, 0.0 0.0 0.0 0.0 0.00010092319726819083 0.012483987774789328 0.9874150890279425, 
26, 1111111110, 1111111100, 0.7860025109705951, 0.9977547820454982, 0.0 0.0 0.0 2.6449006479581195e-05 0.0006581243094294127 0.012075712088713648 0.9872397145953774, 
27, 0111111111, 1111111100, 0.783516319400114, 0.9973744164392009, 0.0 0.0 0.0 0.0 0.0004425352983680793 0.014868430768058988 0.9846890339335729, 
28, 0011111110, 0011111100, 0.7832027029860132, 0.9979831452461421, 0.0 0.0 0.0 0.0 0.00017447498400847115 0.011752178555129758 0.9880733464608619, 
29, 1111111100, 1111111110, 0.7841251586898381, 0.9978832144689427, 0.0 0.0 0.0 0.0 0.00013426929810927027 0.012432174590125357 0.9874335561117653, 
30, 0011111110, 1111111111, 0.7840565836105864, 0.9977777511427111, 0.0 0.0 0.0 0.0 0.00020428326329543475 0.012924926617142833 0.9868707901195618, 
31, 0011111111, 1111111110, 0.7823937854727655, 0.9978452122933639, 0.0 0.0 0.0 0.0 0.00016967152833925557 0.01258938318313796 0.9872409452885228, 
32, 0111111100, 0011111111, 0.7829200011604253, 0.9976221594594488, 0.0 0.0 0.0 0.0 0.00015792170442138398 0.013951199834464283 0.9858908784611143, 
33, 0011111110, 1111111100, 0.7833225940509715, 0.9970699995103992, 0.0 0.0 0.0 0.0 0.0005895309092924707 0.016400941119020494 0.9830095279716871, 
34, 1111111110, 0011111100, 0.7863288052568608, 0.9981389499651072, 0.0 0.0 0.0 0.0 0.0 0.011166300209357341 0.9888336997906426, 
35, 0011111111, 1111111110, 0.7821695322118721, 0.9979250161743102, 0.0 0.0 0.0 0.0 9.91705963125683e-05 0.012251561761513614 0.9876492676421738, 
36, 1111111100, 0111111100, 0.7839838597268831, 0.9977157996077979, 0.0 0.0 0.0 0.0 0.00021003178809736453 0.013285138777018124 0.9865048294348845, 
37, 1111111111, 0011111111, 0.7847699646081009, 0.998023036978151, 0.0 0.0 0.0 0.0 2.7641859578916003e-05 0.011806494411936614 0.9881658637284845, 
38, 0011111111, 0111111100, 0.7831809624678435, 0.9978187910392494, 0.0 0.0 0.0 0.0 1.8962580986477077e-05 0.01304932860253056 0.986931708816483, 
39, 1111111111, 0111111111, 0.7828410987455007, 0.9980432132473198, 0.0 0.0 0.0 0.0 0.0 0.011740720516081452 0.9882592794839185, 
40, 0111111110, 0111111110, 0.7818169680352032, 0.9973141694687315, 0.0 0.0 0.0 0.0 0.0006929298987288134 0.01472912339015374 0.9845779467111175, 
41, 0111111100, 1111111110, 0.7850433618066932, 0.9982761315742603, 0.0 0.0 0.0 0.0 0.0 0.010343210554438506 0.9896567894455615, 
42, 0011111110, 1111111110, 0.7806267761712364, 0.9970288448779274, 0.0 0.0 0.0 0.0 0.0005241482123364277 0.01677863430776294 0.9826972174799007, 
43, 0011111000, 1111111111, 0.7830605139328964, 0.9970701024044081, 0.0 0.0 0.0 0.0 0.00016793955508152643 0.017243506463388566 0.98258855398153, 
44, 0011111110, 1111111110, 0.781820865159996, 0.9974465577638345, 0.0 0.0 0.0 0.0 0.0007311623945136794 0.013858328627965317 0.985410508977521, 
45, 1111111111, 1111111100, 0.7860406927503673, 0.9981886141535933, 0.0 0.0 0.0 0.0 6.339356772598765e-05 0.010741527942987626 0.9891950784892863, 
46, 1111111110, 1111111100, 0.7871388057628802, 0.9976776528199406, 0.0 0.0 0.0 0.0 0.0003816452954158612 0.013170792489525187 0.986447562215059, 
47, 1111111110, 0111111100, 0.7843013389104361, 0.9975267778997323, 0.0 0.0 0.0 0.0 0.0001405071295060714 0.014558318342593923 0.9853011745279, 
48, 0111111111, 0111111111, 0.7804015542868108, 0.9981839916210565, 0.0 0.0 0.0 0.0 7.645940553097497e-05 0.010743131462599287 0.9891804091318697, 
49, 0011111110, 1111111111, 0.7819883890533168, 0.9975869484422564, 0.0 0.0 0.0 0.0 0.0003913206660846301 0.013695668014292645 0.9859130113196227, 
50, 0111111111, 0011111111, 0.7834938498719378, 0.997718473591713, 0.0 0.0 0.0 0.0 0.00031076488135644366 0.013067628687009633 0.986621606431634, 
51, 1111111111, 0011111110, 0.7857395209879631, 0.9978393668412084, 0.0 0.0 0.0 0.0 5.0962213456744235e-05 0.01286187452583548 0.9870871632607078, 
52, 0111111110, 1111111100, 0.7875195410135414, 0.9981173367315133, 0.0 0.0 0.0 0.0 0.0 0.011295979610921391 0.9887040203890787, 
53, 0011111111, 0011111100, 0.783009557909373, 0.9977919391014314, 0.0 0.0 0.0 0.0 0.00022690968737903094 0.012794546016654132 0.9869785442959669, 
54, 0011111111, 1111111111, 0.7833367025516002, 0.9975060826599997, 0.0 0.0 0.0 0.0 0.00036821791545938517 0.014227068209082516 0.985404713875458, 
55, 1111111110, 0011111100, 0.7851671487151637, 0.9979230051318737, 0.0 0.0 0.0 0.0 0.0002453251467480546 0.011971318915262057 0.9877833559379899, 
56, 1111111110, 0011111100, 0.7843800182008231, 0.998037299819863, 0.0 0.0 0.0 0.0 1.2911825851145244e-05 0.011750377429120613 0.9882367107450283, 
57, 1111111111, 0111111100, 0.7831285815883995, 0.9975945646789247, 0.0 0.0 0.0 0.0 0.00019028895507171038 0.014052034016308619 0.9857576770286197, 
58, 0011111111, 0111111111, 0.7832530791650693, 0.9975277038104419, 0.0 0.0 0.0 0.0 2.260463959546316e-06 0.014829256209429622 0.9851684833266109, 
59, 0011111111, 0111111110, 0.7855277646514576, 0.9977056897349887, 0.0 0.0 0.0 0.0 0.00020005144372094242 0.013365758702624343 0.9864341898536547, 
60, 0011111111, 1111111100, 0.7819657969860181, 0.9968197652499788, 0.0 0.0 0.0 0.0 0.0011835029876297995 0.01671440252486804 0.9821020944875022, 
61, 0011111100, 0011111111, 0.7844315545204462, 0.9978295176736066, 0.0 0.0 0.0 0.0 4.913241971220288e-05 0.01292462911893578 0.987026238461352, 
62, 1111111111, 0111111100, 0.7835120363390222, 0.9976096024119258, 0.0 0.0 0.0 0.0 0.0 0.014342385528445424 0.9856576144715545, 
63, 1111111000, 1111111100, 0.7855623505827627, 0.9979933599302525, 0.0 0.0 0.0 0.0 0.0001709330433995383 0.011697974331686421 0.988131092624914, 
64, 0011111110, 0111111111, 0.7845208543144938, 0.9977393972338694, 0.0 0.0 0.0 0.0 6.202532994423593e-05 0.013439565936895765 0.9864984087331601, 
65, 0111111111, 0011111100, 0.78658696417293, 0.9979801892130706, 0.0 0.0 0.0 0.0 0.00015620991715641246 0.011806444887263564 0.9880373451955801, 
66, 0011111110, 0011111100, 0.7812245889981402, 0.9975095529985312, 0.0 0.0 0.0 0.0 6.922873154271216e-05 0.014804224545727232 0.98512654672273, 
67, 0011111110, 0011111110, 0.7798359346808461, 0.9980775622970162, 0.0 0.0 0.0 0.0 0.00025672069378722276 0.01102118483032876 0.988722094475884, 
68, 0111111100, 0011111110, 0.7849250032348727, 0.9982480018693652, 0.0 0.0 0.0 0.0 0.00028443176817330576 0.009943125247462277 0.9897724429843644, 
69, 0011111100, 0011111100, 0.7845543538468428, 0.9977367711705303, 0.0 0.0 0.0 0.0 0.00033864221955446966 0.012902088537708653 0.9867592692427369, 
70, 0011111110, 0011111100, 0.7832414811330107, 0.9983123209370488, 0.0 0.0 0.0 0.0 8.000198269900821e-05 0.0099660704123097 0.9899539276049913, 
71, 1111111110, 1111111100, 0.7852933119331588, 0.997691274061114, 0.0 0.0 0.0 0.00014288069537878034 0.0004070941477236861 0.012609525251732147 0.9868404999051654, 
72, 1111111111, 0011111100, 0.7828896757822469, 0.9975031017819457, 0.0 0.0 0.0 0.0 6.259568196673034e-05 0.014856197944392443 0.9850812063736408, 
73, 0011111111, 1111111111, 0.7881834390976203, 0.997958096125789, 0.0 0.0 0.0 0.0 9.851931298065753e-05 0.012054384619304113 0.9878470960677153, 
74, 0011111111, 0011111111, 0.7841497602690862, 0.9979527159066933, 0.0 0.0 0.0 0.0 0.0 0.012283704559839952 0.9877162954401599, 
75, 1111111110, 1111111110, 0.7848838418373048, 0.9982990948166008, 0.0 0.0 0.0 0.0 0.0 0.010205431100395377 0.9897945688996047, 
76, 1111111100, 1111111110, 0.7848244063544312, 0.99817815075063, 0.0 0.0 0.0 0.0 0.0 0.010931095496219921 0.98906890450378, 
77, 0111111111, 0111111111, 0.7808229958751984, 0.9975159920957648, 0.0 0.0 0.0 0.0 0.0 0.014904047425410774 0.9850959525745893, 
78, 0011111100, 0111111100, 0.7859626211726799, 0.9981544619306308, 0.0 0.0 0.0 0.0 0.0 0.01107322841621465 0.9889267715837853, 
79, 1111111100, 1111111111, 0.7867340025783222, 0.99812913999567, 0.0 0.0 0.0 0.0 0.00017264891286225545 0.010879862200255342 0.9889474888868823, 
80, 0111111100, 0011111110, 0.7783322821653368, 0.9977498119997049, 0.0 0.0 0.0 0.0 0.00018724182091752687 0.013126644359935446 0.9866861138191471, 
81, 1111111111, 1111111100, 0.7875056959932083, 0.9978657016513092, 0.0 0.0 0.0 0.0 0.00046911045623802 0.011867569179669088 0.9876633203640929, 
82, 0111111110, 0011111110, 0.7820565152291878, 0.9978198186594869, 0.0 0.0 0.0 2.2278736266862777e-05 0.0004546224473723627 0.01210500693953382 0.9874180918768269, 
83, 0111111100, 1111111100, 0.7868763397834215, 0.9984592176962999, 0.0 0.0 0.0 0.0 0.00023606396112714492 0.008772565899946586 0.9909913701389262, 
84, 1111111110, 0011111111, 0.7824655616977877, 0.998046974771965, 0.0 0.0 0.0 0.0 0.00011111156750792547 0.011495928233194563 0.9883929601992975, 
85, 0111111100, 1111111100, 0.7803427716041684, 0.9971455581031251, 0.0 0.0 0.0 0.0 0.0007430566434153204 0.0156405380944192 0.9836164052621655, 
86, 1111111110, 0011111110, 0.7832265183450311, 0.9980142635744642, 0.0 0.0 0.0 0.0 0.00011029703963478405 0.011693824473945512 0.9881958784864198, 
87, 1111111111, 0111111100, 0.7800043068878579, 0.9982590240600185, 0.0 0.0 0.0 0.0 0.0 0.010445855639889158 0.9895541443601109, 
88, 0011111100, 0111111100, 0.7859575912236071, 0.9975982166066846, 0.0 0.0 0.0 0.0 0.0004902823163301036 0.01343013572723243 0.9860795819564374, 
89, 0011111111, 1111111100, 0.7821163201124113, 0.9979181574942404, 0.0 0.0 0.0 0.0 3.1824817622275577e-06 0.012484690071033429 0.9875121274472044, 
90, 1111111110, 0011111111, 0.785920106509363, 0.9978707550783711, 0.0 0.0 0.0 0.0 0.0 0.012775469529772794 0.9872245304702272, 
91, 1111111110, 1111111110, 0.7840985266901148, 0.9980894226213104, 0.0 0.0 0.0 0.0 0.0004714288523557072 0.010520606567426628 0.9890079645802177, 
92, 1111111110, 0011111100, 0.7826077104414776, 0.9976335859685503, 0.0 0.0 0.0 0.0 0.0003807002705117634 0.01343708364767404 0.9861822160818142, 
93, 1111111110, 0111111100, 0.7843784170774234, 0.9979325864481143, 0.0 0.0 0.0 0.0 0.0004932644798438322 0.011417952351626678 0.9880887831685295, 
94, 1111111110, 0011111100, 0.7825473916703741, 0.9987297740698122, 0.0 0.0 0.0 0.0 6.919075789726915e-05 0.007482974065332192 0.9924478351767706, 
95, 0011111111, 0011111100, 0.7856275631031033, 0.99863913896072, 0.0 0.0 0.0 0.0 0.0 0.008165166235680142 0.9918348337643199, 
96, 0111111110, 0011111100, 0.7857672646873856, 0.9978776517339852, 0.0 0.0 0.0 0.0 0.0001404442774298645 0.01245320104122899 0.9874063546813412, 
97, 0011111111, 0011111100, 0.7834091432257222, 0.9984304096838403, 0.0 0.0 0.0 0.0 7.118597770361672e-06 0.009403304701417925 0.9905895767008117, 
98, 1111111100, 0111111111, 0.7804678928026174, 0.9976386557994719, 0.0 0.0 0.0 0.0 7.706298371950785e-05 0.01401393923572957 0.9859089977805509, 
99, 0111111111, 0111111100, 0.7820013061391703, 0.9977457737490082, 0.0 0.0 0.0 0.0 0.00014689139632863656 0.013231574713293715 0.9866215338903777, 
100, 1111111110, 0111111100, 0.7865443860772392, 0.9980665811755585, 0.0 0.0 0.0 0.0 0.0002629529103889919 0.011074607125871007 0.98866243996374, 
run, initial grid state, final grid state, mean grid cell occupancy, mean binding site occupancy, fraction of time with N TFs bound, warning
1, 0011111100, 1111111110, 0.7854745737542029, 0.9981568495612295, 0.0 0.0 0.0 0.0 0.0 0.011058902632622427 0.9889410973673777, 
2, 0011111111, 0011111100, 0.7844546716691306, 0.9984029141278691, 0.0 0.0 0.0 0.0 0.0 0.009582515232785579 0.9904174847672145, 
3, 0011111111, 0111111100, 0.7804858116183044, 0.9985471637717581, 0.0 0.0 0.0 0.0 5.052964666991006e-05 0.008615958076112184 0.9913335122772179, 
4, 0111111111, 0111111110, 0.7838941795802538, 0.9977408751085249, 0.0 0.0 0.0 0.0 0.0006901936471777444 0.012174362054495185 0.9871354442983271, 
5, 1111111100, 0111111111, 0.7846556999156726, 0.9972233370446254, 0.0 0.0 0.0 0.0 0.000828555605140527 0.015002866521966682 0.9841685778728928, 
6, 1111111100, 0011111110, 0.7838654107097104, 0.997601182312259, 0.0 0.0 0.0 0.0 0.0003593812677991957 0.013674143590846864 0.9859664751413539, 
7, 0011111100, 0111111111, 0.7869934576990067, 0.997745009111667, 0.0 0.0 0.0 0.0 0.00010199345934865197 0.013325958411299486 0.9865720481293518, 
8, 0111111110, 0011111100, 0.7859826218579562, 0.9975224361848727, 0.0 0.0 0.0 0.0 0.0001732278107473396 0.014518927269269497 0.9853078449199832, 
9, 0111111111, 1111111111, 0.782613168297931, 0.997413786180324, 0.0 0.0 0.0 0.0 0.00056075067710235 0.014395781563851101 0.9850434677590466, 
10, 0011111110, 0011111110, 0.7833238131242425, 0.9976891534973752, 0.0 0.0 0.0 0.0 0.000267463689511617 0.013330151636725691 0.9864023846737626, 
11, 1111111110, 1111111110, 0.7862939101843509, 0.9977297259675343, 0.0 0.0 0.0 0.0 0.0005118793125566981 0.012597885569681092 0.9868902351177622, 
12, 0011111110, 0111111100, 0.7806566305900497, 0.9976610073258724, 0.0 0.0 0.0 0.0 5.739526893797374e-05 0.013919165506889751 0.9860234392241723, 
13, 0111111110, 1111111110, 0.7812042365341415, 0.9979976744165315, 0.0 0.0 0.0 0.0 0.0 0.012013953500811416 0.9879860464991886, 
14, 0111111110, 0011111100, 0.7815836424772259, 0.9975630294248803, 0.0 0.0 0.0 0.0 0.0005133566574920216 0.013595110135734605 0.9858915332067734, 
15, 0111111111, 0011111110, 0.7832094670738846, 0.9974805084354816, 0.0 0.0 0.0 0.0 0.0001078626121298472 0.014901224162850453 0.9849909132250196, 
16, 1111111111, 0011111100, 0.7832838454197067, 0.9981884787858858, 0.0 0.0 0.0 0.0 0.000313095433892409 0.010242936416901292 0.9894439681492063, 
17, 0011111110, 0111111110, 0.7838804958801958, 0.9981241324331277, 0.0 0.0 0.0 0.0 0.000248216166756295 0.010758773067721333 0.9889930107655224, 
18, 0111111100, 0111111111, 0.784863972594718, 0.9972019529551057, 0.0 0.0 0.0 0.0 0.0 0.016788282269365913 0.9832117177306341, 
19, 1111111111, 0011111110, 0.7812911650882175, 0.9974232212794468, 0.0 0.0 0.0 0.0 0.0002835671202727442 0.014893538082773695 0.9848228947969535, 
20, 1111111110, 0011111100, 0.7820320685315276, 0.9981007572456497, 0.0 0.0 0.0 0.0 0.0 0.011395456526101305 0.9886045434738987, 
21, 1111111100, 0111111111, 0.7788004437185383, 0.9970622812067883, 0.0 0.0 0.0 0.0 0.0005526751043960097 0.016520962550477396 0.9829263623451265, 
22, 0011111110, 0111111110, 0.7823555873419276, 0.9976283357770523, 0.0 0.0 0.0 0.0 3.801142932516478e-05 0.01415396247903546 0.9858080260916393, 
23, 1111111111, 0111111110, 0.7823916097505081, 0.9977504903453818, 0.0 0.0 0.0 0.0 0.00027769565621881253 0.012941666615271172 0.98678063772851, 
24, 0011111111, 0011111100, 0.7850732832445833, 0.9980404580567241, 0.0 0.0 0.0 0.0 2.065325842777888e-05 0.011715945142799899 0.9882634015987724, 
25, 0011111100, 0011111111, 0.7826973071978147, 0.9979852432259109, 0.0 0.0 0.0 0.0 0.000350723181018659 0.01138709428249732 0.988262182536484, 
26, 1111111111, 0011111100, 0.7833386041508884, 0.9980983826456259, 0.0 0.0 0.0 0.0 0.00012878844871975126 0.011152127228805247 0.988719084322475, 
27, 0111111111, 0011111111, 0.7818739869957891, 0.9979550760616532, 0.0 0.0 0.0 0.0 0.00020351925787105444 0.011862505114339018 0.9879339756277898, 
28, 0111111111, 0111111100, 0.7819794152132374, 0.9977540755447, 0.0 0.0 0.0 0.0 0.0002093851804160504 0.01305677637096879 0.9867338384486152, 
29, 0011111111, 0111111110, 0.7800794490208353, 0.9980570577852096, 0.0 0.0 0.0 0.0 0.0 0.011657653288742572 0.9883423467112574, 
30, 0111111110, 0111111111, 0.7815325918217328, 0.9976413483081921, 0.0 0.0 0.0 0.0 0.00036391703822737646 0.01342407607439223 0.9862120068873804, 
31, 0111111111, 1111111111, 0.7862908540021754, 0.9978817936970859, 0.0 0.0 0.0 0.0 0.000734047531827972 0.011241142753828216 0.9880248097143438, 
32, 0111111100, 0011111111, 0.7861740989375582, 0.9982967569764061, 0.0 0.0 0.0 0.0 4.6294149728275474e-05 0.010126869842106645 0.9898268360081651, 
33, 1111111100, 0111111100, 0.7835610982467214, 0.9977351122129531, 0.0 0.0 0.0 0.0 0.00019863571007887521 0.013192055302123699 0.9866093089877974, 
34, 0011111111, 0011111110, 0.784105832627106, 0.9978669330167325, 0.0 0.0 0.0 0.0 4.66697421777816e-05 0.01270506241525044 0.9872482678425718, 
35, 1111111111, 1111111111, 0.7830341263967286, 0.9976101657824564, 0.0 0.0 0.0 0.0 8.201361139013653e-05 0.014174978082482016 0.9857430083061278, 
36, 1111111110, 0111111100, 0.7848075786934742, 0.9979738093801989, 0.0 0.0 0.0 0.0 0.00016915733012801124 0.011818829058550865 0.9880120136113211, 
37, 1111111111, 0011111100, 0.7833181742044963, 0.9983757465798391, 0.0 0.0 0.0 0.0 0.0 0.00974552052096596 0.9902544794790341, 
38, 0111111100, 1111111111, 0.7832730101181791, 0.9975062508720484, 0.0 0.0 0.0 3.991071445314657e-05 0.0005774204322693461 0.0136879217598124 0.985694747093465, 
39, 1111111111, 0111111111, 0.7834139576268951, 0.9973595007091569, 0.0 0.0 0.0 0.0 0.0004937436917280866 0.014855508361602782 0.9846507479466692, 
40, 0111111111, 0111111110, 0.7807820150261676, 0.9970721205095938, 0.0 0.0 0.0 0.0 0.0002620618884917951 0.017043153165453195 0.982694784946055, 
41, 0011111110, 0111111100, 0.7835273397892617, 0.9980192477444164, 0.0 0.0 0.0 0.0 0.0007768097508453754 0.010330894031811349 0.9888922962173432, 
42, 0011111100, 1111111111, 0.7818112844534478, 0.9972971779801344, 0.0 0.0 0.0 0.0 0.0008052447920279701 0.014606442535137702 0.9845883126728344, 
43, 0011111110, 0011111100, 0.7851518480340255, 0.9971519169691485, 0.0 0.0 0.0 0.0 0.0002059209313281377 0.01667665632245257 0.9831174227462193, 
44, 0111111111, 0111111100, 0.7826124757200489, 0.9978256812540524, 0.0 0.0 0.0 0.0 9.360373916410264e-05 0.012858704997357253 0.9870476912634786, 
45, 0011111100, 0011111100, 0.7807498059124555, 0.997515812828806, 0.0 0.0 0.0 0.0 0.0002548699889929521 0.014395383049177387 0.9853497469618296, 
46, 1111111111, 0111111111, 0.7878575066007911, 0.9980748979115303, 0.0 0.0 0.0 0.0 0.0004928571150868563 0.010564898300644875 0.9889422445842683, 
47, 0111111100, 0011111110, 0.7863356650374638, 0.9976228434950487, 0.0 0.0 0.0 0.0 0.0009282014275605638 0.012406536174586568 0.9866652623978529, 
48, 0111111100, 0011111100, 0.7846508635174835, 0.998163072859066, 0.0 0.0 0.0 0.0 0.0 0.01102156284560366 0.9889784371543963, 
49, 0011111100, 0111111100, 0.7852255418283854, 0.9977815031075079, 0.0 0.0 0.0 0.0 0.00020597129060091713 0.012899038773750697 0.9868949899356483, 
50, 0111111110, 0011111110, 0.7824505137839904, 0.9979585709249116, 0.0 0.0 0.0 0.0 0.0006711535801373208 0.010906267290255347 0.9884225791296073, 
51, 0111111100, 1111111100, 0.7821924322550432, 0.9976310954698057, 0.0 0.0 0.0 0.0 0.0004391377913098959 0.013335151598545876 0.9862257106101443, 
52, 0011111110, 0011111111, 0.7834081483346816, 0.9975328307445285, 0.0 0.0 0.0 8.046921184690225e-05 0.0001180375515870537 0.014325532794114342 0.9854759604424517, 
53, 0011111100, 0111111110, 0.7830008825977643, 0.9977746773883025, 0.0 0.0 0.0 0.0 0.0013509437696943962 0.010650048130796189 0.9879990080995095, 
54, 1111111100, 0011111111, 0.7831035073676983, 0.9975372059156418, 0.0 0.0 0.0 0.0 2.113073683557056e-05 0.01473450303247809 0.9852443662306862, 
55, 0111111110, 1111111110, 0.7806935681596051, 0.9977545070012139, 0.0 0.0 0.0 0.0 0.00024051624567273115 0.012991925501371113 0.9867675582529561, 
56, 0011111111, 1111111100, 0.7850571279111767, 0.997232670281663, 0.0 0.0 0.0 0.0 0.0009194134468117213 0.01476515141639925 0.984315435136789, 
57, 0011111111, 0011111110, 0.7805836486670096, 0.9979842297547191, 0.0 0.0 0.0 0.0 0.00020501535001709345 0.011684590771650571 0.9881103938783323, 
58, 0011111100, 1111111110, 0.778628722528925, 0.996981858140217, 0.0 0.0 0.0 0.0 8.726521084002086e-05 0.01793432073701784 0.9819784140521421, 
59, 0011111100, 1111111110, 0.7808631789062322, 0.9978644588823016, 0.0 0.0 0.0 0.0 0.0004567042884849082 0.011899838129220493 0.9876434575822945, 
60, 0011111100, 1111111110, 0.7872801873131886, 0.9982922284529674, 0.0 0.0 0.0 0.0 0.0 0.01024662928219628 0.9897533707178038, 
61, 1111111110, 0111111100, 0.7814885515320524, 0.9982562748960196, 0.0 0.0 0.0 0.0 5.641838061809539e-06 0.010451066947758965 0.9895432912141792, 
62, 1111111110, 1111111111, 0.7785812297389525, 0.9967231029464735, 0.0 0.0 0.0 0.0 0.0007591510503165494 0.01814308022052581 0.9810977687291577, 
63, 1111111111, 0011111111, 0.7825814327604615, 0.9975001126027463, 0.0 0.0 0.0 0.0 0.0003846238094108445 0.01423007676470055 0.9853852994258886, 
64, 1111111110, 0111111110, 0.7840089645032157, 0.9970701209744031, 0.0 0.0 0.0 0.0 0.0008913732121271177 0.015796527729327266 0.9833120990585457, 
65, 0111111111, 0011111111, 0.779627072925999, 0.9979707448331161, 0.0 0.0 0.0 0.0 0.00023540582166058674 0.011704719357982344 0.9880598748203571, 
66, 0111111111, 0111111110, 0.7834384275444983, 0.9979680109659982, 0.0 0.0 0.0 0.0 0.00019037856169775835 0.01181117708061491 0.9879984443576874, 
67, 0011111100, 1111111110, 0.7827645502874386, 0.99775260294844, 0.0 0.0 0.0 0.0 0.000600908501698403 0.012282565305963345 0.9871165261923383, 
68, 0111111110, 1111111000, 0.7867949764289289, 0.9980982283479375, 0.0 0.0 0.0 0.0 0.0003173865757225241 0.010775856760930132 0.9889067566633473, 
69, 0011111111, 1111111111, 0.7837923610136229, 0.9973901849327313, 0.0 0.0 0.0 0.0 0.0011874999160833585 0.013283890571446404 0.9855286095124702, 
70, 0111111100, 0011111110, 0.7848228966819392, 0.998210526121347, 0.0 0.0 0.0 0.0 0.000475858346686647 0.009785126578544846 0.9897390150747684, 
71, 1111111100, 0011111100, 0.7825361764932337, 0.9977537037958217, 0.0 0.0 0.0 0.0 0.00012632487668434776 0.013225127471701204 0.9866485476516145, 
72, 0011111111, 0111111111, 0.7821562483037859, 0.9978354338127431, 0.0 0.0 0.0 0.0 0.0011325761398013716 0.010722244843937847 0.9881451790162608, 
73, 1111111111, 0011111110, 0.7843959587227242, 0.9977357365643172, 0.0 0.0 0.0 0.0 0.0004101938616865305 0.012765192890723902 0.9868246132475896, 
74, 0111111100, 0111111100, 0.7823192353056153, 0.997069487936236, 0.0 0.0 0.0 0.0 0.0003794957287405502 0.016824080925103443 0.9827964233461559, 
75, 0011111100, 0011111111, 0.7826604854843225, 0.9976231243940606, 0.0 0.0 0.0 0.0 0.00026554830020473114 0.013730157035226788 0.9860042946645684, 
76, 0111111100, 0011111111, 0.7839247220072425, 0.998096183192508, 0.0 0.0 0.0 0.0 0.00019330202581808678 0.011036296793316495 0.9887704011808655, 
77, 0111111110, 0011111100, 0.7843024320140082, 0.9980223401109382, 0.0 0.0 0.0 0.0 0.0 0.011865959334370433 0.9881340406656296, 
78, 1111111111, 0011111100, 0.7860720848379105, 0.9982564213210953, 0.0 0.0 0.0 0.0 0.0 0.010461472073429406 0.9895385279265707, 
79, 0011111111, 1111111100, 0.7861758722799849, 0.99754692605156, 0.0 0.0 0.0 0.0 0.0002502404273980004 0.014217962835843416 0.9855317967367586, 
80, 0111111111, 1111111110, 0.7854838461683599, 0.9981232248332969, 0.0 0.0 0.0 0.0 0.0 0.011260651000219179 0.9887393489997808, 
81, 0011111100, 0111111100, 0.784310300087827, 0.9977205478532467, 0.0 0.0 0.0 0.0 0.0 0.013676712880519125 0.9863232871194809, 
82, 0111111100, 0011111110, 0.7851785584319844, 0.9982759134141708, 0.0 0.0 0.0 0.0 0.0 0.010344519514975838 0.9896554804850242, 
83, 0011111111, 1111111111, 0.7833850594654929, 0.9978887537687975, 0.0 0.0 0.0 0.0 0.00032258338883207666 0.012022310609550758 0.9876551060016171, 
84, 0111111110, 0111111110, 0.7875575566027383, 0.9976432118083884, 0.0 0.0 0.0 0.0 0.0 0.014140729149669868 0.9858592708503301, 
85, 0111111110, 1111111111, 0.7816415619696744, 0.9972917533965043, 0.0 0.0 0.0 0.0 0.0003342285191571925 0.015581022582658031 0.9840847488981848, 
86, 0011111111, 0111111100, 0.7861129374740454, 0.9985716520376605, 0.0 0.0 0.0 0.0 0.0 0.008570087774036242 0.9914299122259638, 
87, 0011111110, 1111111100, 0.7826749060671293, 0.9973943281538684, 0.0 0.0 0.0 0.0 2.380146062277612e-05 0.015586428155544244 0.9843897703838329, 
88, 1111111100, 0011111111, 0.7835344520391812, 0.9976040763003773, 0.0 0.0 0.0 0.0 0.00025069832076924183 0.013874145556197731 0.985875156123033, 
89, 0111111111, 0011111100, 0.7872307645485501, 0.9981324522318329, 0.0 0.0 0.0 0.0 0.00013695964789255742 0.010931367313216995 0.9889316730388905, 
90, 0011111111, 0111111110, 0.7848981757063243, 0.9980015911243815, 0.0 0.0 0.0 0.0 0.0005554120762806279 0.010879629101150378 0.9885649588225689, 
91, 0011111110, 0011111100, 0.7809663086665324, 0.9974710868776375, 0.0 0.0 0.0 0.0 0.00011206752010141099 0.014949343693972023 0.9849385887859265, 
92, 0011111110, 0011111100, 0.784839325578225, 0.9986392833788919, 0.0 0.0 0.0 0.0 0.0 0.008164299726648795 0.9918357002733512, 
93, 0011111100, 0111111111, 0.7812610987288765, 0.9974101550590523, 0.0 0.0 0.0 0.0 0.0003457573575584377 0.01484755493056946 0.9848066877118722, 
94, 1111111110, 1111111100, 0.7862292970240421, 0.9981379688908973, 0.0 0.0 0.0 0.0 0.0004627411061930656 0.010246704442230036 0.9892905544515769, 
95, 1111111100, 1111111100, 0.7821091409739435, 0.9978673942022823, 0.0 0.0 0.0 0.0 6.214203697829018e-05 0.012671350712349795 0.987266507250672, 
96, 0111111110, 0111111111, 0.7835574682630552, 0.9974733787765291, 0.0 0.0 0.0 0.0 5.018678482130879e-05 0.015059353771183748 0.9848904594439949, 
97, 0011111100, 0011111111, 0.7814899265580901, 0.9977067097365342, 0.0 0.0 0.0 0.0 3.7936441282204216e-05 0.013683868698230819 0.986278194860487, 
98, 0011111100, 0111111111, 0.7782698123410068, 0.9968079495855992, 0.0 0.0 0.0 0.0 0.0008214557357522702 0.017509391014900604 0.9816691532493472, 
99, 1111111110, 1111111100, 0.7850421838770943, 0.9979129519056519, 0.0 0.0 0.0 0.0 0.00042675038441289035 0.0116687877972632 0.9879044618183239, 
100, 1111111110, 1111111111, 0.7846370457762043, 0.9982781951689484, 0.0 0.0 0.0 0.0 7.691817062102612e-05 0.010176992645068324 0.9897460891843106, 
run, initial grid state, final grid state, mean grid cell occupancy, mean binding site occupancy, fraction of time with N TFs bound, warning
1, 0011111100, 1111111110, 0.7859874922944294, 0.9984249315751909, 0.0 0.0 0.0 0.0 0.0 0.009450410548855061 0.9905495894511449, 
2, 1111111100, 0011111111, 0.7860541042015119, 0.9975678635867642, 0.0 0.0 0.0 0.0 0.00022769297781404993 0.014137432523786351 0.9856348744983996, 
3, 0011111100, 0011111111, 0.7860681286691871, 0.9972455011808047, 0.0 0.0 0.0 0.0 0.0002040956348555996 0.016118801645460784 0.9836771027196837, 
4, 1111111110, 1111111110, 0.7885668937685261, 0.9982200728420412, 0.0 0.0 0.0 0.0 6.10904405101566e-05 0.010557382066732549 0.9893815274927573, 
5, 0011111100, 0011111110, 0.7770097882917022, 0.9975241998793566, 0.0 0.0 0.0 0.0 0.0003806339465735072 0.014093532830713773 0.9855258332227127, 
6, 1111111111, 0011111110, 0.7826246337068866, 0.9980740277251063, 0.0 0.0 0.0 0.0 0.0004759753476291043 0.010603882954103592 0.9889201416982673, 
7, 1111111110, 0011111100, 0.7812581544469656, 0.998226163419902, 0.0 0.0 0.0 0.0 0.00023432608228569936 0.010174367316016479 0.9895913066016978, 
8, 0011111111, 1111111111, 0.783474509558723, 0.9978369783707178, 0.0 0.0 0.0 0.0 0.0010628235444694472 0.010852482686754365 0.9880846937687762, 
9, 1111111110, 0011111110, 0.780600098772179, 0.9976135839480237, 0.0 0.0 0.0 0.0 0.00021270685326451344 0.013893082605329381 0.9858942105414061, 
10, 0011111100, 1111111111, 0.7801846868188151, 0.9971360067904943, 0.0 0.0 0.0 0.0 0.0010951482253084579 0.014993662806415953 0.9839111889682755, 
11, 1111111110, 0011111110, 0.7837197579252146, 0.9979632969474603, 0.0 0.0 0.0 0.0 0.0 0.012220218315239463 0.9877797816847605, 
12, 0011111100, 0111111111, 0.7861768756521742, 0.9982750171392382, 0.0 0.0 0.0 0.0 0.0 0.0103498971645706 0.9896501028354294, 
13, 0011111100, 0011111111, 0.7813559310425385, 0.9976833862262043, 0.0 0.0 0.0 0.0 0.0 0.013899682642774172 0.9861003173572258, 
14, 1111111110, 0111111111, 0.7819864581775943, 0.9979005956586804, 0.0 0.0 0.0 0.0 0.0005977250531366893 0.011400975941645108 0.9880012990052183, 
15, 0011111111, 0011111100, 0.7832508119345754, 0.9975028831037007, 0.0 0.0 0.0 0.0 0.00025372645703162464 0.01447524846373264 0.9852710250792358, 
16, 0011111111, 0111111100, 0.7830844474615956, 0.9983093295498858, 0.0 0.0 0.0 0.0 0.00014452479086478549 0.009854973118956164 0.990000502090179, 
17, 1111111110, 1111111100, 0.7815088253637149, 0.9977277944373388, 0.0 0.0 0.0 0.0 0.000255327015793806 0.013122579344379765 0.9866220936398264, 
18, 0011111100, 0111111110, 0.7819971843610132, 0.9980328781297746, 0.0 0.0 0.0 0.0 5.367398607925999e-05 0.011695383249194372 0.9882509427647264, 
19, 0011111111, 0011111100, 0.7792783479611037, 0.9976071240858052, 0.0 0.0 0.0 0.0 0.0002245828718540782 0.013908089741460824 0.9858673273866851, 
20, 0011111111, 0011111111, 0.779100025707913, 0.9977805689171017, 0.0 0.0 0.0 0.0 0.0002797675098269894 0.012757051477735802 0.9869631810124371, 
21, 0011111110, 0111111110, 0.7835779369948643, 0.9975289694978146, 0.0 0.0 0.0 0.0 0.0004352366775703997 0.01395570965797224 0.9856090536644574, 
22, 1111111111, 0011111100, 0.7794203884981113, 0.9974762999023237, 0.0 0.0 0.0 0.0 0.00015050108240899585 0.014841198421240796 0.9850083004963502, 
23, 0011111111, 1111111111, 0.7800671949694857, 0.9978526560428537, 0.0 0.0 0.0 0.0 0.0008777756473786418 0.01112851244812052 0.9879937119045009, 
24, 0111111100, 0011111100, 0.7847923163269072, 0.997722905806782, 0.0 0.0 0.0 0.00015543821166810534 0.0003860653133226576 0.012424119897657725 0.9870343765773516, 
25, 1111111100, 0111111100, 0.7846211284738406, 0.9967703087827489, 0.0 0.0 0.0 0.0 0.001620474201086277 0.016137198901334155 0.9822423268975796, 
26, 0111111110, 0111111110, 0.7881610398597294, 0.9982021311617071, 0.0 0.0 0.0 0.0 0.0006101124166018338 0.0095669881965539 0.9898228993868443, 
27, 1111111111, 0011111100, 0.7793997169958354, 0.9974982751634498, 0.0 0.0 0.0 0.00013703538533006395 0.0004193213705214432 0.013760600122268372 0.9856830431218802, 
28, 0111111111, 0011111100, 0.784292980421822, 0.9981076741969356, 0.0 0.0 0.0 0.0 8.717215999398911e-05 0.011179610498398707 0.9887332173416074, 
29, 0111111100, 0011111100, 0.7817702364575011, 0.9980233668334982, 0.0 0.0 0.0 0.0 1.0693995702479566e-05 0.011838411007605468 0.988150894996692, 
30, 0011111100, 0011111100, 0.7804701059897913, 0.9980441725776408, 0.0 0.0 0.0 0.0 0.0003294309067103976 0.01107610272073503 0.9885944663725545, 
31, 0111111100, 0111111111, 0.7867705798061829, 0.9978401354506471, 0.0 0.0 0.0 0.0 0.0006176449167815843 0.011723897462553994 0.9876584576206644, 
32, 0111111111, 0111111100, 0.7808363279662789, 0.9979205745427723, 0.0 0.0 0.0 0.0 0.00025952761711688267 0.011957497509131974 0.9877829748737511, 
33, 0111111111, 0011111110, 0.784082716184944, 0.997871838584203, 0.0 0.0 0.0 0.0 9.704882661070142e-05 0.012574870841560186 0.9873280803318292, 
34, 0011111111, 0011111110, 0.7816550567752043, 0.9973427795499602, 0.0 0.0 0.0 0.0 0.0005145314683712947 0.014914259763496635 0.9845712087681321, 
35, 0111111111, 0111111110, 0.7846736972693524, 0.997635405402699, 0.0 0.0 0.0 0.0 3.880906442108608e-05 0.014109949454964122 0.9858512414806148, 
36, 0011111100, 0111111100, 0.7806136678010628, 0.9977803622948976, 0.0 0.0 0.0 0.0 7.92237972821508e-05 0.013159378636049634 0.9867613975666681, 
37, 0011111111, 1111111110, 0.7821860093459735, 0.9974168976826479, 0.0 0.0 0.0 0.0 0.0 0.015498613904113197 0.9845013860958868, 
38, 0111111100, 0111111110, 0.7821406090826722, 0.9978100766954142, 0.0 0.0 0.0 0.0 0.0 0.013139539827513935 0.986860460172486, 
39, 0011111100, 0011111100, 0.7831293735951425, 0.9981518319275017, 0.0 0.0 0.0 0.0 0.0008238582524651714 0.009441291930059392 0.9897348498174754, 
40, 0111111111, 0011111111, 0.7849182106152575, 0.9979226634233712, 0.0 0.0 0.0 0.0 9.948258765311467e-05 0.012265054284466255 0.9876354631278806, 
41, 0011111111, 1111111100, 0.7814334268868979, 0.9976451045057235, 0.0 0.0 0.0 0.0 0.0007569508525766928 0.012615471260505766 0.9866275778869175, 
42, 0111111110, 0111111110, 0.7808229167922469, 0.997479515560661, 0.0 0.0 0.0 0.0 0.0001434796355237918 0.014835947364986772 0.9850205729994894, 
43, 0111111100, 0111111110, 0.7810225008622784, 0.9979899017946846, 0.0 0.0 0.0 0.0 0.00012570222828569864 0.011809184775319975 0.9880651129963943, 
44, 1111111111, 0011111110, 0.7781425584008265, 0.997899135621739, 0.0 0.0 0.0 0.0 4.304956261964071e-05 0.012519087144326542 0.9874378632930537, 
45, 1111111100, 0011111110, 0.7833420812057941, 0.9978457624170466, 0.0 0.0 0.0 0.0 0.00020566330102670757 0.012514098895666978 0.9872802378033063, 
46, 1111111100, 1111111100, 0.7826640344130519, 0.9974616066479348, 0.0 0.0 0.0 0.0 0.0002586451253494762 0.014713069861692584 0.9850282850129579, 
47, 0111111110, 0111111111, 0.7835030292680779, 0.9978054761922941, 0.0 0.0 0.0 0.0 0.00015750684938163983 0.01285212914747232 0.986990364003146, 
48, 0111111110, 0011111111, 0.7807610971206791, 0.9976657572429217, 0.0 0.0 0.0 0.0 0.0 0.014005456542469472 0.9859945434575306, 
49, 1111111111, 0011111100, 0.7817634617535986, 0.9976067466112438, 0.0 0.0 0.0 0.0 0.0005828646366520722 0.013193791059232945 0.986223344304115, 
50, 1111111110, 1111111111, 0.7812552405450246, 0.998139773130388, 0.0 0.0 0.0 0.0 0.00014129929267179398 0.010878762632327706 0.9889799380750004, 
51, 0011111100, 0111111111, 0.7857411743456103, 0.9980141923810706, 0.0 0.0 0.0 0.0 2.844188788107463e-06 0.011909157336000339 0.9880879984752116, 
52, 0111111110, 0111111111, 0.7853653102268273, 0.9981178706098787, 0.0 0.0 0.0 0.0 0.0 0.011292776340727137 0.9887072236592729, 
53, 0111111111, 1111111111, 0.7847638528638708, 0.9980326942054514, 0.0 0.0 0.0 0.0 0.0 0.01180383476729163 0.9881961652327085, 
54, 1111111110, 1111111100, 0.783998786838253, 0.9980245778614414, 0.0 0.0 0.0 0.0 0.00026826511106615265 0.011316002609218886 0.988415732279715, 
55, 0111111111, 0011111000, 0.783014922301714, 0.9979861613912794, 0.0 0.0 0.0 0.0 0.0003731469106292157 0.011336737831065941 0.9882901152583049, 
56, 1111111110, 0111111100, 0.7802006825185432, 0.9974372712439491, 0.0 0.0 0.0 0.0 0.0003261208187004498 0.014724130898905539 0.9849497482823941, 
57, 0111111110, 1111111100, 0.7822474225420265, 0.9982135479020819, 0.0 0.0 0.0 0.0 0.00011091066561662014 0.010496891256275254 0.9893921980781081, 
58, 1111111100, 0111111111, 0.7803757765482774, 0.9978249533552235, 0.0 0.0 0.0 0.0 0.0 0.01305027986865959 0.9869497201313404, 
59, 0111111110, 0011111111, 0.7809049628448101, 0.9976506376861171, 0.0 0.0 0.0 0.0 0.00022661852786257152 0.013642936827572047 0.9861304446445653, 
60, 0011111111, 1111111110, 0.7841789164706721, 0.9975946724409502, 0.0 0.0 0.0 0.0 0.000324164763797816 0.013783635826703024 0.9858921994094991, 
61, 1111111110, 0111111100, 0.783474650693173, 0.9973248274587299, 0.0 0.0 0.0 0.0 0.0010917521193685416 0.01386753100888439 0.9850407168717471, 
62, 1111111100, 0011111110, 0.7834139077953642, 0.9975513049600232, 0.0 0.0 0.0 0.0 0.0 0.014692170239860882 0.9853078297601391, 
63, 0111111100, 0111111110, 0.7835251859593506, 0.9983219402943099, 0.0 0.0 0.0 0.0 0.00014788815323582715 0.009772581927668986 0.9900795299190952, 
64, 0111111100, 0111111110, 0.783560713774583, 0.9980504421888353, 0.0 0.0 0.0 0.0 0.00014717272964931668 0.011403001407689538 0.9884498258626611, 
65, 0011111110, 0111111111, 0.7839937488478812, 0.9975432767147032, 0.0 0.0 0.0 0.0 0.0 0.014740339711780941 0.9852596602882191, 
66, 1111111100, 0111111111, 0.7837604989252224, 0.997107772892086, 0.0 0.0 0.0 0.0 9.410984306511069e-05 0.01716514296135449 0.9827407471955804, 
67, 0111111100, 0011111111, 0.7844620837098292, 0.9977976899993761, 0.0 0.0 0.0 0.0 0.0003859995722022794 0.012441860859338957 0.9871721395684587, 
68, 0011111100, 0011111111, 0.7841671482647143, 0.9978711161100723, 0.0 0.0 0.0 0.0 2.7484830251307713e-05 0.012718333679064067 0.9872541814906846, 
69, 0011111100, 0111111100, 0.7855157684622499, 0.9981174290574875, 0.0 0.0 0.0 0.0 0.0002378939447351864 0.01081963776560533 0.9889424682896596, 
70, 0111111100, 0011111111, 0.7781785960462432, 0.9980445270803732, 0.0 0.0 0.0 0.0 0.00023638730816614057 0.01126006290142856 0.9885035497904053, 
71, 1111111111, 0011111110, 0.7845745856675422, 0.9977724559343187, 0.0 0.0 0.0 0.0 0.0003498643020170075 0.012665535790054387 0.9869845999079286, 
72, 1111111110, 0011111110, 0.7854667119777672, 0.9976999218526257, 0.0 0.0 0.0 0.0 7.805928965341476e-05 0.013644350304939224 0.9862775904054073, 
73, 0111111111, 0011111111, 0.7861933369660259, 0.9984091595146541, 0.0 0.0 0.0 0.0 0.00016874244954886888 0.009207558012977237 0.9906236995374739, 
74, 0011111111, 1111111110, 0.7852291819489475, 0.9981546186875754, 0.0 0.0 0.0 0.0 7.694906905702182e-05 0.010918389736433127 0.9890046611945098, 
75, 0111111100, 0111111100, 0.7846862261160957, 0.9980999861774188, 0.0 0.0 0.0 0.0 3.229019810971759e-05 0.01133550253926788 0.9886322072626224, 
76, 1111111111, 1111111100, 0.7845076611527524, 0.9978057641639564, 0.0 0.0 0.0 0.0 0.0 0.013165415016261207 0.9868345849837389, 
77, 1111111100, 1111111110, 0.7798672608390375, 0.9981112546665043, 0.0 0.0 0.0 0.0 0.00016926508058159122 0.010993941839810771 0.9888367930796076, 
78, 1111111110, 0111111110, 0.7859344227752662, 0.9979804049480105, 0.0 0.0 0.0 0.0 0.0004950844450605199 0.011127401421815038 0.9883775141331244, 
79, 0111111110, 0111111110, 0.782290873642036, 0.9981167717947911, 0.0 0.0 0.0 0.0 0.0 0.01129936923125424 0.9887006307687457, 
80, 0111111100, 0111111100, 0.7849449647170865, 0.9982548811550592, 0.0 0.0 0.0 0.0 0.0003726225056378614 0.009725468058369057 0.9899019094359931, 
81, 1111111100, 0111111100, 0.78445614875352, 0.9975744290608201, 0.0 0.0 0.0 0.0 7.557095466681888e-06 0.014538311444145833 0.9854541314603875, 
82, 0111111110, 0011111110, 0.7815783965760046, 0.9969993565409337, 0.0 0.0 0.0 0.0 0.000505364767497228 0.016993131219402637 0.9825015040131001, 
83, 0111111111, 0111111111, 0.7827690633815857, 0.9972965516400482, 0.0 0.0 0.0 0.0 2.2889909588495887e-05 0.016174910340534095 0.9838021997498774, 
84, 0011111110, 0111111100, 0.7835411609644377, 0.9973793759066885, 0.0 0.0 0.0 0.0 2.304858753425734e-05 0.015677647384800417 0.9842993040276653, 
85, 0111111111, 0111111111, 0.7821321194175304, 0.997249530325498, 0.0 0.0 0.0 0.0 0.00017907107848564782 0.016144675890041767 0.9836762530314725, 
86, 0011111100, 0011111110, 0.7859512000935782, 0.9980648813522106, 0.0 0.0 0.0 0.0 4.9765451578412734e-05 0.011511180983579285 0.9884390535648423, 
87, 0111111111, 1111111110, 0.7880776640988363, 0.9980194663423249, 0.0 0.0 0.0 0.0 0.0 0.011883201946050448 0.9881167980539496, 
88, 0001111110, 1111111100, 0.7822703188646053, 0.9978487880094925, 0.0 0.0 0.0 0.0 0.0 0.012907271943044805 0.9870927280569552, 
89, 0011111000, 1111111100, 0.7791267769384437, 0.9978909889953071, 0.0 0.0 0.0 3.084552495593116e-05 0.00022844827061619074 0.012104632912056953 0.987636073292371, 
90, 1111111100, 1111111110, 0.7814295711422194, 0.9976214900226971, 0.0 0.0 0.0 0.0 0.00040748562563944424 0.013456088612538566 0.9861364257618219, 
91, 0011111111, 1111111000, 0.7845642668600122, 0.9977201173956111, 0.0 0.0 0.0 0.0 0.0001524555614138217 0.013374384503505587 0.9864731599350806, 
92, 1111111110, 0111111111, 0.7853508785812536, 0.9978260712241551, 0.0 0.0 0.0 0.0 0.0 0.01304357265506895 0.986956427344931, 
93, 1111111110, 0111111111, 0.7820385169231714, 0.9978692616508349, 0.0 0.0 0.0 0.0 0.0003880926789932591 0.012008244737004441 0.9876036625840022, 
94, 0011111111, 0111111100, 0.782749394182407, 0.9979573269062052, 0.0 0.0 0.0 0.0 0.0003717008212946426 0.01151263692017857 0.9881156622585269, 
95, 0111111110, 0011111100, 0.7812855112195589, 0.9971404498124243, 0.0 0.0 0.0 0.0 0.0005659364263103689 0.016025428272833958 0.9834086353008556, 
96, 1111110000, 0011111111, 0.7803002852106072, 0.9975477600824402, 0.0 0.0 0.0 0.0 9.626753048387424e-05 0.01452090444439172 0.9853828280251244, 
97, 0111111111, 0111111100, 0.782181667816537, 0.9976981814763776, 0.0 0.0 0.0 0.0 0.0 0.013810911141734175 0.9861890888582658, 
98, 0011111100, 0011111100, 0.7848737336648974, 0.997944957367056, 0.0 0.0 0.0 0.0 3.956705777281806e-05 0.012251121682117942 0.9877093112601093, 
99, 0011111110, 0111111100, 0.7856175327320166, 0.9981516875507164, 0.0 0.0 0.0 0.0 7.929877440330527e-05 0.010931277146894132 0.9889894240787026, 
100, 1111111110, 0011111100, 0.781422033469635, 0.9974877518363284, 0.0 0.0 0.0 0.0 0.0012260125616597986 0.012621463858710547 0.9861525235796296, 
