run, initial grid state, final grid state, mean grid cell occupancy, mean binding site occupancy, fraction of time with N TFs bound, warning
1, 111111, 111111, 0.9613151309008702, 0.9613151309008702, 0.0 0.0 0.0014013609400909143 0.0041610618760547745 0.02771732570175973 0.15858593380273214 0.8081343176793624, 
2, 111110, 111111, 0.9564559272405783, 0.9564559272405783, 0.0 0.0 0.0 0.005113053410680693 0.031490199422204324 0.18294487748008004 0.780451869687035, 
3, 111111, 111111, 0.9585724874240802, 0.9585724874240802, 0.0 0.0 0.0006948406025103159 0.004318112348737908 0.024626675611468737 0.18357802477632662 0.7867823466609565, 
4, 111110, 111111, 0.96004301646496, 0.96004301646496, 0.0008948032095785367 0.00029169938611450644 0.0012009684919858546 0.0037648139555238893 0.024255863040529273 0.16830454310662255 0.8012873088096454, 
5, 111111, 011111, 0.9582947667955551, 0.9582947667955551, 0.0 0.0 0.0 0.00409938758910441 0.026586224001749557 0.1847607884558557 0.7845535999532903, 
6, 111110, 111111, 0.9554060791462666, 0.9554060791462666, 0.0 0.0 0.000217261233751898 0.0020400147733441523 0.03380108458287007 0.1929722667016197 0.7709693727084141, 
7, 011111, 111111, 0.9551939423302347, 0.9551939423302347, 0.0 0.0 0.0006854897255343057 0.005258155365699955 0.032428990895994984 0.18546193922736445 0.7761654247854063, 
8, 111111, 111111, 0.9595450605869231, 0.9595450605869231, 0.0 0.0 0.0005319569912166964 0.004031951520705911 0.027313037847978817 0.17387987825551918 0.7942431753845794, 
9, 111111, 000111, 0.9608827988700924, 0.9608827988700924, 0.0 0.0 0.00011405306226158425 0.0035689573403521802 0.026232077763664638 0.17107596698201338 0.7990089448517083, 
10, 011111, 111111, 0.9539250867565386, 0.9539250867565386, 0.0 0.0 0.001736189996692311 0.006060480118765887 0.032489391748004554 0.18634449562169225 0.773369442514845, 
11, 111111, 111111, 0.9570376721937854, 0.9570376721937854, 0.0 0.0 2.7712752347843985e-05 0.003847713127035117 0.03619096431359915 0.17373804781959287 0.7861955619874249, 
12, 111110, 011111, 0.958214486059538, 0.958214486059538, 0.0 0.0 0.0016256446849630842 0.007396670963913552 0.02897241135899432 0.16407566929319073 0.7979296036989384, 
13, 111111, 111111, 0.9569632008183824, 0.9569632008183824, 0.0 3.158407028255008e-05 0.0005500163232466152 0.004974986579586143 0.029093826421547925 0.1827501968634524 0.7825993897418844, 
14, 111111, 111111, 0.9567207399800958, 0.9567207399800958, 0.0 0.0 0.00013829300639595302 0.0034977584416341174 0.03226490607366133 0.18409930062161606 0.7799997418566925, 
15, 111111, 111111, 0.9585118237378841, 0.9585118237378841, 0.0 0.0 0.0008301689693001337 0.002447025483044556 0.029446314192742826 0.17937467686087527 0.7879018144940372, 
16, 011111, 111111, 0.9595655317398379, 0.9595655317398379, 0.0 0.0 0.00028640661550419666 0.0029778265194137427 0.025455449245097746 0.181616805050519 0.7896635125694653, 
17, 111111, 111111, 0.9597538399990172, 0.9597538399990172, 0.0 0.0 0.00018397592115842158 0.002924978304586339 0.027063604817152365 0.17783891177319916 0.7919885291839038, 
18, 111111, 111111, 0.9604609743247724, 0.9604609743247724, 0.0 0.0 0.00048733557289386075 0.00320701251711729 0.028681208576163335 0.16830135705611143 0.799323086277714, 
19, 111111, 111111, 0.964535578330375, 0.964535578330375, 0.0 0.0 0.0 0.002858760608000322 0.02344049604615935 0.15732925610143125 0.8163714872444091, 
20, 011111, 111111, 0.9549208442416878, 0.9549208442416878, 0.0018770398312505652 0.0007928126731154464 0.001492653137796812 0.004860273694787741 0.0292707790802162 0.1761556404008095 0.7855508011820237, 
21, 111111, 111111, 0.9473754362403959, 0.9473754362403959, 0.0010237736147694786 0.0005571897514713804 0.002090874253449156 0.008010267699411433 0.04135340494263977 0.19171768211434012 0.7552468076239186, 
22, 111111, 111111, 0.9611011483673819, 0.9611011483673819, 0.0 0.0 0.00015532241885593957 0.0018609170233918938 0.025592300962954537 0.17600446712419995 0.7963869924705976, 
23, 111111, 111111, 0.9605178972328344, 0.9605178972328344, 3.034412086549259e-05 4.832745736371903e-05 0.001162548518798124 0.003937609869614024 0.02503512115569517 0.16993564859555765 0.7998504002821059, 
24, 111111, 111111, 0.9599253414522431, 0.9599253414522431, 0.0 0.0 0.0003168834822940826 0.002054665284359242 0.024685041208170857 0.18364633908794536 0.7892970709372303, 
25, 111111, 111111, 0.9603265133606846, 0.9603265133606846, 0.0 0.0 0.00039661853047501467 0.0034051179175857665 0.023271917756852858 0.17969525644752957 0.7932310893475568, 
26, 111111, 111111, 0.9588130427243552, 0.9588130427243552, 0.0012606985572237626 0.0003266186851537795 0.0010224359941823993 0.0029163289411689233 0.029364238839342135 0.16635725040583682 0.7987524285770922, 
27, 111111, 111111, 0.9565017278562726, 0.9565017278562726, 0.0 0.0 0.0003371581994785723 0.005267476330896509 0.03242689755540934 0.17898477596094226 0.7829836919532733, 
28, 111111, 111111, 0.9585234583424067, 0.9585234583424067, 6.623281316686243e-06 4.246658262099538e-06 0.0006893533940055398 0.004687141361595633 0.028487648841257922 0.17500414162302383 0.7911208448405384, 
29, 111111, 011111, 0.9605586337882909, 0.9605586337882909, 0.0005637154943277722 0.00030660055059625985 0.0006208584046534697 0.003705588725654965 0.025884701758151853 0.16636329823942456 0.8025552368271911, 
30, 111111, 111000, 0.9585704465091843, 0.9585704465091843, 0.0005607635396156557 8.502832541844763e-05 0.000400684239807426 0.003961742675973998 0.030727104506487104 0.169845424079982 0.7944192526327153, 
31, 111111, 111111, 0.9591618388623923, 0.9591618388623923, 0.0 0.0 0.0003679581231317917 0.0050017086447201094 0.031135876910178495 0.1662802545786018 0.7972142017433679, 
32, 111111, 111111, 0.9526397114357368, 0.9526397114357368, 0.0 0.0 0.00044585278859127133 0.008439919774384796 0.036016874563921844 0.1850248117802161 0.7700725410928859, 
33, 111111, 111111, 0.9564645576805032, 0.9564645576805032, 0.0 0.0 0.00035794883771057633 0.005406263225444601 0.030290846834801648 0.18298037522020127 0.7809645658818419, 
34, 111111, 111111, 0.9544059636028742, 0.9544059636028742, 0.00010585624342157726 5.5806257256326214e-05 0.0019673827032639724 0.006407133659731156 0.033028818487645564 0.17950148086840395 0.7789335217802774, 
35, 011111, 111111, 0.9600820696021434, 0.9600820696021434, 0.0 0.0 0.00021575305380531717 0.0027260200929404917 0.02580742127434198 0.17885166734441327 0.7923991382344989, 
36, 111111, 111111, 0.9546882049006679, 0.9546882049006679, 0.0 0.0 0.0006656545001071974 0.004529976877890268 0.037703767986621894 0.18021068598864887 0.7768899146467318, 
37, 111111, 111111, 0.9580588383904322, 0.9580588383904322, 0.0 0.0 0.0 0.003018706197894641 0.028297092263309512 0.1859966665371034 0.7826875350016924, 
38, 111111, 111111, 0.9620577634382725, 0.9620577634382725, 0.0 0.0 0.00012751576785541714 0.001976932082239311 0.021762739051438353 0.17768708194934835 0.7984457311491185, 
39, 111111, 111111, 0.9590113053596442, 0.9590113053596442, 0.0003839227596208027 7.695601068201518e-05 0.0003532880517981166 0.00358852454626844 0.030981984324107543 0.1691011567367869 0.7955141675707362, 
40, 111110, 011100, 0.9596879587316537, 0.9596879587316537, 0.0 0.0 0.00023823291924743423 0.0026063578864526176 0.02915052968234132 0.17479918290904767 0.793205696602911, 
41, 111111, 111111, 0.954962577763747, 0.954962577763747, 0.0007169382995436304 0.00011545299121822628 0.0010757943863439559 0.0051852382211944065 0.03138330454171562 0.18272013737177445 0.7788031341882098, 
42, 111111, 111111, 0.9544158932881395, 0.9544158932881395, 0.0007644317552406162 0.0002820483902356454 0.001853574624512763 0.006022380902179387 0.02849593626483292 0.18503449405428565 0.777547134008713, 
43, 011110, 111111, 0.9655808778698842, 0.9655808778698842, 0.0 0.0 0.0 0.0015659166315291537 0.02352445752145142 0.15476806784320452 0.8201415580038149, 
44, 111011, 111111, 0.9621288430321933, 0.9621288430321933, 0.0 0.0 0.0 0.002866059979254306 0.0250664374541549 0.1684958869607671 0.8035716156058237, 
45, 111111, 111111, 0.9587413881419206, 0.9587413881419206, 0.0 0.0 0.0003906676321515015 0.004752347934292045 0.027855675288669977 0.17602060623965435 0.7909807029052321, 
46, 111111, 111111, 0.9591734521913576, 0.9591734521913576, 0.0 0.0 0.00018408668506772743 0.004916148397613749 0.02574504167271151 0.1779844115733193 0.7911703116712877, 
47, 111111, 111111, 0.9601405362126038, 0.9601405362126038, 0.0004234124729477791 0.0002477776880111013 0.00020580460587229046 0.0024139991699830598 0.027069405234967092 0.17317339304326368 0.796466207784955, 
48, 111101, 111111, 0.9583115679871029, 0.9583115679871029, 0.0 0.0 0.0 0.003210162985380799 0.03157447628610003 0.1773511505490406 0.7878642101794785, 
49, 111111, 011111, 0.9567478136298201, 0.9567478136298201, 0.0006263118404878888 0.0002572568988276663 0.0022972767678970094 0.005144121032184594 0.026701548541970124 0.17644439543193174 0.788529089486701, 
50, 011111, 111111, 0.962369183957749, 0.962369183957749, 0.00013558813163394017 1.8816556364326247e-05 0.0001673965607975778 0.003229813692869856 0.025050233388339036 0.16441779058340303 0.8069803610865922, 
51, 111111, 111111, 0.9620736303380684, 0.9620736303380684, 0.0008283836072588534 0.0003343477578737338 0.0008400713375086443 0.0029187349717081155 0.023791133998898387 0.16121741927571284 0.8100699090510395, 
52, 111111, 111111, 0.963132312755185, 0.963132312755185, 0.0003384641203495434 0.00019156974047229402 0.00027357928498052413 0.0018159138225541935 0.02082101622886702 0.17003339897911238 0.806526057823664, 
53, 111111, 111111, 0.9622253259301506, 0.9622253259301506, 0.0 0.0 0.00014338957366023743 0.002419435347415691 0.022374973103761023 0.17406623387468523 0.8009959681004778, 
54, 111111, 111111, 0.9618985150194376, 0.9618985150194376, 0.0002278427422424583 5.8862386528679296e-05 0.00042583569035081634 0.0031494225045068346 0.02221641043198399 0.17136311035838425 0.802558515886003, 
55, 111111, 111111, 0.9589854757655145, 0.9589854757655145, 0.0 5.944720109871455e-06 0.0006588941168152434 0.004180374863052555 0.02965884156761988 0.17156303761470512 0.7939329071176973, 
56, 111111, 111111, 0.9593637694064789, 0.9593637694064789, 0.0 0.0 0.0009978248830179372 0.006148708231808571 0.024263976617884944 0.17285200609785875 0.7957374841694297, 
57, 111111, 111111, 0.9586238095075162, 0.9586238095075162, 0.001098819141863556 0.00040330058032711345 0.0011638247843273764 0.0034355652659056046 0.02738607555349681 0.16991357916006639 0.7965988355140131, 
58, 011111, 111111, 0.9546880907241203, 0.9546880907241203, 0.0 0.0 0.00042460901223027273 0.004613965575717586 0.030001549290741964 0.19632802429772156 0.7686318518235887, 
59, 111111, 111111, 0.9614880571801435, 0.9614880571801435, 0.0 0.0 0.0004976551379057055 0.00212870307106141 0.028594872359159102 0.1655051824360136 0.8032735869958602, 
60, 111111, 111111, 0.9582851419707743, 0.9582851419707743, 0.0 0.0 0.0006372274050292514 0.005570283458188378 0.026390889748782873 0.17824760868310607 0.7891539907048934, 
61, 111111, 111111, 0.9595127309032703, 0.9595127309032703, 0.0 0.0 0.0 0.0035660391959863825 0.024216432008894517 0.18379263297463092 0.7884248958204881, 
62, 111111, 111111, 0.9587861398194394, 0.9587861398194394, 0.0 0.0 1.6422280653573216e-05 0.003052272033178465 0.027673331692387632 0.18271399247643888 0.7865439815173414, 
63, 111111, 111111, 0.9555453133073573, 0.9555453133073573, 0.0 0.0 0.00032873784790984217 0.006381002205858425 0.03405754580308735 0.17815507054046706 0.7810776436026773, 
64, 111110, 111111, 0.9584518799866512, 0.9584518799866512, 0.0008726475076447213 0.00026101430580354867 0.0008944443793791674 0.003335436191787315 0.0288359552350276 0.17149176694227344 0.7943087354380843, 
65, 111111, 111111, 0.9592101732178965, 0.9592101732178965, 0.0 0.0 0.0006241214233397461 0.004400140813797043 0.026513651419842518 0.17601474971818587 0.7924473366248348, 
66, 111111, 111111, 0.9579779048211802, 0.9579779048211802, 0.0 3.477678543783369e-06 0.00028920267383229163 0.004310296184906207 0.027309802478188296 0.18340787847377593 0.7846793425107536, 
67, 111111, 011110, 0.9588239066948259, 0.9588239066948259, 0.0018848299022094406 0.0008988864237917604 0.000574013660102004 0.004533674602643914 0.023361889313858172 0.16863229122277368 0.800114414874621, 
68, 011111, 111111, 0.9598401910428752, 0.9598401910428752, 0.0 0.0 0.0 0.002288212114198048 0.029490356664348846 0.17511350407145684 0.7931079271499962, 
69, 111111, 111111, 0.9639212237623238, 0.9639212237623238, 0.0 0.0 0.0001522331416438307 0.002574970621932266 0.02509437033414952 0.15795007232538522 0.8142283535768892, 
70, 111111, 011111, 0.960868957614898, 0.960868957614898, 0.0 0.0 5.8922289239338456e-05 0.004127072033291345 0.02776912373406627 0.16663110158564823 0.8014137803577548, 
71, 111111, 111111, 0.9525763890113962, 0.9525763890113962, 0.0 0.0 0.0005862640491500355 0.004239078874962909 0.03570402710621782 0.19807131889769836 0.7613993110719708, 
72, 111111, 111111, 0.9573725025036103, 0.9573725025036103, 0.0 0.0 0.00040905081146064254 0.003598958729966999 0.03215659371654371 0.17901871810950812 0.7848166786325205, 
73, 111111, 111111, 0.9599391118153202, 0.9599391118153202, 0.0 3.0014821649619508e-05 0.0005007563571701278 0.0033088820770633375 0.022102853444203874 0.1840798764515523 0.7899776168483609, 
74, 111111, 011111, 0.9609543437549236, 0.9609543437549236, 0.0 0.0 0.00017807367448098956 0.0062497284940650835 0.0263603478716824 0.16209176154697488 0.8051200884127967, 
75, 111111, 111111, 0.9618570070285496, 0.9618570070285496, 0.0 0.0 0.0001483388683551266 0.003495766633366119 0.02903315417635974 0.15971099410246434 0.8076117462194546, 
76, 111111, 111111, 0.9597861436149717, 0.9597861436149717, 0.0003601902210010517 0.00017967308495768478 0.000609683459095075 0.004665268400374572 0.027308113661297467 0.16717286519927546 0.7997042059739986, 
77, 111111, 111111, 0.9623126423550113, 0.9623126423550113, 0.0 2.810318276198137e-05 0.0003322644620343191 0.0027243487750383357 0.02466527520586721 0.1671509753711351 0.805099033003163, 
78, 111111, 111111, 0.9523026963297293, 0.9523026963297293, 0.0 2.2134869739441642e-05 0.0006880155027269181 0.009147088664406647 0.039414307943726086 0.17705120378134684 0.7736772492380541, 
79, 111111, 111111, 0.962214360110906, 0.962214360110906, 0.0 0.0 0.0004937426295296919 0.0030395884917239343 0.025621950964891525 0.16437620141149076 0.8064685165023641, 
80, 111111, 111111, 0.9655659472353533, 0.9655659472353533, 0.0 0.0 0.000332779334849403 0.00207137315791113 0.0198701208941818 0.15931883798638585 0.8184068886266719, 
81, 111111, 011111, 0.9565537058894233, 0.9565537058894233, 0.0 0.0 0.0011783693612750653 0.004443301909365824 0.02834419724485666 0.18594598700054862 0.7800881444839538, 
82, 111111, 111100, 0.9545399901813353, 0.9545399901813353, 0.0 0.0 0.0004184742860811097 0.0044809018323495485 0.035952922784049365 0.18573761070251615 0.7734100903950039, 
83, 111111, 111111, 0.9591943098008022, 0.9591943098008022, 0.0 0.0 0.0002709231432834693 0.00444421625418168 0.028190209937552748 0.17403737998440202 0.7930572706805801, 
84, 111111, 011111, 0.9615112067455629, 0.9615112067455629, 0.0007674053938582964 0.0002242152522542363 0.0005824823533528759 0.003551673179079989 0.02149681298388419 0.16922867598378127 0.8041487348537891, 
85, 111111, 111111, 0.9656044356599253, 0.9656044356599253, 0.0 0.0 0.0 0.002933371663834119 0.021658633940285072 0.1542560031683756 0.8211519912275053, 
86, 111110, 111111, 0.960182010014664, 0.960182010014664, 0.0 0.0 7.943659211624236e-06 0.003789674224728182 0.03112083398211427 0.16526547463675625 0.7998160734971898, 
87, 111111, 111111, 0.9576684531625351, 0.9576684531625351, 0.0 0.0 0.0005345810653224516 0.004171041473654096 0.02957622952350579 0.1801853732955258 0.7855327746419918, 
88, 111111, 111111, 0.9628651515226357, 0.9628651515226357, 0.0 0.0 2.608982264002164e-07 0.0027742997627228103 0.02878746885765217 0.15691021026780705 0.8115277602135916, 
89, 111110, 111111, 0.9571827773338186, 0.9571827773338186, 0.0 0.0 0.0007428289518115633 0.0030387375324512945 0.02796836107299565 0.18887908544649712 0.7793709869962444, 
90, 111111, 011111, 0.9588287672461646, 0.9588287672461646, 0.0 0.0 0.0005410767639075858 0.0038827990412160112 0.03041323338364856 0.17238822557643685 0.792774665234791, 
91, 111110, 111111, 0.9603273139858519, 0.9603273139858519, 0.0 0.0 0.0003440351624595551 0.004915434104590375 0.030544954438324452 0.16082376424462996 0.8033718120499956, 
92, 111111, 111111, 0.9593459913003868, 0.9593459913003868, 0.0 0.0 6.624459160600389e-05 0.002977851262201723 0.02752381646182825 0.17967788712099375 0.7897542005633703, 
93, 011110, 111111, 0.9602703316572359, 0.9602703316572359, 0.0 0.0 0.0005331540919863751 0.005516447669522826 0.02559394577944944 0.168508159121172 0.7998482933378693, 
94, 111111, 111111, 0.9577292583320464, 0.9577292583320464, 0.0 0.0 0.0002756396378479117 0.00517417265927419 0.03213920394838458 0.17272096558173877 0.7896900181727546, 
95, 111111, 111111, 0.9632086703558677, 0.9632086703558677, 0.0 0.0 0.00024148615463444163 0.002629615527061295 0.022998502920719872 0.1658961808236327 0.8082342145739517, 
96, 111111, 111111, 0.9586237195504395, 0.9586237195504395, 0.0 0.0 0.0005442186240352902 0.00534686669838823 0.025268101105690575 0.17950400589467705 0.7893368076772088, 
97, 111111, 111110, 0.9614598322093175, 0.9614598322093175, 0.0 0.0 0.0008174878627557413 0.0031374611612551835 0.024928635111966167 0.16870140158537328 0.8024150142786496, 
98, 111111, 111111, 0.9596010631217483, 0.9596010631217483, 0.0 0.0 0.0006278020145827247 0.0035544969096681827 0.027442957898094044 0.17433300668598672 0.7940417364916682, 
99, 111111, 011111, 0.9588504527810532, 0.9588504527810532, 0.0 0.0 0.0006439595601789652 0.005259203864700112 0.026175787590420985 0.1761922582980235 0.7917287906866765, 
100, 111111, 111111, 0.9543255736675229, 0.9543255736675229, 0.0 0.0 0.000502422112532627 0.0058886720333419665 0.035129050891743625 0.18411275166121852 0.7743671033011633, 
run, initial grid state, final grid state, mean grid cell occupancy, mean binding site occupancy, fraction of time with N TFs bound, warning
1, 111111, 111111, 0.9599916102890509, 0.9599916102890509, 0.0 0.0 0.0001840399452957085 0.003740037676370016 0.02608050293226529 0.17593305959087147 0.7940623598551976, 
2, 111111, 111111, 0.955605267464134, 0.955605267464134, 0.0 0.0 0.00013757146395058857 0.006618492717317381 0.034161964709419505 0.17763870178860228 0.7814432693207102, 
3, 111111, 111111, 0.9574159880177135, 0.9574159880177135, 0.0008905943437277844 0.0004952774624800397 0.0013210086683439213 0.006578420499330695 0.028977221866292296 0.1647103786149991 0.7970270985448262, 
4, 011111, 111111, 0.9558645610898405, 0.9558645610898405, 0.0 5.916181648629051e-06 0.0002186935624269644 0.005098357233350464 0.03238353550361699 0.1838461355957204 0.7784473619232365, 
5, 111111, 111111, 0.9585239067743753, 0.9585239067743753, 0.0 0.0 4.3374854299340926e-05 0.004974257006300164 0.02936223431909151 0.17503582027946785 0.7905843135408412, 
6, 111111, 011111, 0.9554924150502607, 0.9554924150502607, 0.003725445649231161 0.0013402202532403807 0.0018690208063144342 0.005580590754664255 0.02704149336338182 0.15969089232083336 0.8007523368523346, 
7, 111111, 111111, 0.9563203166867035, 0.9563203166867035, 0.000410855397042774 0.00015154537847927638 0.0011779101870899257 0.00466917900323994 0.03073717828329393 0.17866170628045835 0.7841916254703958, 
8, 111111, 111111, 0.9590593082198517, 0.9590593082198517, 0.0 0.0 0.00016640311596734182 0.0035603513712835237 0.03253863878835371 0.16922020652646183 0.7945144001979336, 
9, 111111, 111111, 0.9574264344622897, 0.9574264344622897, 0.0006092062758626257 0.0003256673764871415 0.0009775585161985953 0.006512551988761862 0.026905400380469003 0.17289912789663253 0.7917704875655882, 
10, 111110, 011111, 0.957896991616809, 0.957896991616809, 0.0 0.0 0.0001926391075883025 0.004031351597928064 0.029717383946933427 0.1803186711811423 0.785739954166408, 
11, 111111, 111111, 0.9607585101127762, 0.9607585101127762, 0.0 0.0 0.000552309937598691 0.003989932878777469 0.024381658752718693 0.17250658343117814 0.798569514999727, 
12, 111111, 111111, 0.9607711905216223, 0.9607711905216223, 0.0 0.0 7.836610668704623e-05 0.002993251934679083 0.026216732778736443 0.17364617108200808 0.7970654780978893, 
13, 111111, 111111, 0.9611850079036904, 0.9611850079036904, 0.00017369128319655143 8.976902607562995e-05 0.0004819796377505149 0.0035248813810148617 0.025431911237851813 0.1680325745785492 0.8022651928555615, 
14, 111111, 111111, 0.9626511359688195, 0.9626511359688195, 0.0010191610347238607 0.0002689076149184363 0.0003324722487208389 0.0022549329865193366 0.02177821930927561 0.1649825533311549 0.809363753474687, 
15, 110111, 111111, 0.9582542781733162, 0.9582542781733162, 0.0 4.4695783339724646e-06 0.0005715098585901586 0.003936079182796258 0.03467251882062932 0.1670126684444239 0.7938027541152264, 
16, 111111, 111110, 0.9596167747175967, 0.9596167747175967, 0.0 0.0 0.0009619558564786044 0.003856768422042954 0.029607120213415 0.16766698257554744 0.797907172932516, 
17, 111111, 111111, 0.9510072648205734, 0.9510072648205734, 0.002049740025335607 0.0007450968560998779 0.001548005351860296 0.0064247392573322844 0.03441506070997772 0.18363612604465315 0.7711812317547412, 
18, 011111, 011111, 0.9624265729497506, 0.9624265729497506, 0.0 0.0 0.0001362949303739979 0.0031000365878324134 0.02606479972275574 0.16346567337099124 0.8072331953880466, 
19, 111111, 111111, 0.9613269703939094, 0.9613269703939094, 0.0 0.0 0.0002089085523084941 0.0017159183202359505 0.02941574446207154 0.16722329954245832 0.8014361291229257, 
20, 111111, 111111, 0.9618216862070105, 0.9618216862070105, 0.0003545567228965532 9.454668610885029e-05 0.0008247422979975881 0.003964668100414857 0.020914756791788225 0.16944732191320167 0.8043994074875923, 
21, 111111, 111111, 0.9613119258883696, 0.9613119258883696, 0.0 0.0 0.0007245046049007914 0.004455950404244008 0.023882607730357885 0.16809735957673128 0.802839577683766, 
22, 111111, 011111, 0.9559057796746392, 0.9559057796746392, 0.00021266578160950115 8.596373231445039e-05 0.0008401903634775322 0.002881544676959408 0.028604450597081586 0.19364521192198444 0.7737299729265731, 
23, 011111, 111111, 0.956652472561154, 0.956652472561154, 0.0 0.0 0.0009862819338165363 0.00667692339801398 0.03166937904283786 0.1727705086180924 0.7878969070072391, 
24, 011110, 111111, 0.9616510422776915, 0.9616510422776915, 0.0 0.0 0.00029666719074734617 0.0036608004119676133 0.021542619117340137 0.17483943810027847 0.7996604751796664, 
25, 111111, 111111, 0.9609835309359487, 0.9609835309359487, 0.0 0.0 0.00040007944214151016 0.003933469241112896 0.026774366941109056 0.16714935501018466 0.8017427293654518, 
26, 001111, 111111, 0.9607653647042392, 0.9607653647042392, 0.000507507970223597 0.00018374330650772365 0.0006501729521191049 0.003114864612140208 0.02742652584946317 0.16464571007686116 0.8034714752326851, 
27, 111111, 111111, 0.960095978208511, 0.960095978208511, 0.0 0.0 0.0001893551186626298 0.004087370543227734 0.02688001415903613 0.17264457032652838 0.796198689852545, 
28, 111111, 111111, 0.960507752138957, 0.960507752138957, 0.0 0.0 0.0006365856590386799 0.003808226311544321 0.023622704445098043 0.17573705670527476 0.7961954268790442, 
29, 111111, 111111, 0.9548252747563728, 0.9548252747563728, 0.0014323403542606033 0.00039258207110189254 0.0018097259692720002 0.0037832425264021606 0.0302761732347186 0.18135042105495874 0.780955514789286, 
30, 111111, 111111, 0.9564896764974729, 0.9564896764974729, 0.00092499774600371 0.00025635369085465155 0.0012022811515481414 0.005362869138768244 0.030524483639622232 0.1722834867831258 0.7894455278500772, 
31, 011111, 111110, 0.9587836552322045, 0.9587836552322045, 0.0 0.0 0.0011790647435282028 0.005403192669805455 0.02742953921464561 0.1715131531939521 0.7944750501780686, 
32, 111111, 011111, 0.9585798947340661, 0.9585798947340661, 0.0 1.806617416335713e-05 0.00023428059063812094 0.0036005883801473533 0.031907298744048296 0.1728768157336954 0.7913629503773074, 
33, 111111, 111111, 0.9597265421336617, 0.9597265421336617, 0.0 0.0 0.0002880013776796417 0.0050399211504591 0.030648958369906342 0.16407106149612102 0.7999520576058339, 
34, 111111, 111111, 0.9573475225891362, 0.9573475225891362, 0.0003804913819324402 0.00018385702130942116 0.001386011073244526 0.006115331168046807 0.027783263275270958 0.1732560667193801 0.7908949793608159, 
35, 111111, 111111, 0.9590224747995076, 0.9590224747995076, 0.0 2.4758521301121935e-05 0.0013344730328568397 0.0038551654610316003 0.027705147267686088 0.17342767554655375 0.7936527801705707, 
36, 111111, 011111, 0.9595416885462968, 0.9595416885462968, 0.0 0.0 0.0005707225134829963 0.0025276998603804336 0.03216912552263348 0.1685456280418779 0.7961868240616252, 
37, 111111, 111111, 0.9571076979869008, 0.9571076979869008, 0.0 0.0 0.0004743333818385714 0.003813446862932933 0.031658242892343334 0.18069965217775502 0.7833543246851301, 
38, 111111, 111111, 0.9554057916464098, 0.9554057916464098, 0.0 0.0 0.0005746787721469288 0.005257739626981537 0.03094367773763222 0.18760596067674412 0.7756179431864952, 
39, 111110, 111111, 0.9556856443662944, 0.9556856443662944, 0.0 0.0 0.00028198964401069136 0.004531290975468534 0.031839620842990114 0.1874850606138048 0.7758620379237258, 
40, 111111, 111111, 0.9574033708081572, 0.9574033708081572, 0.0 0.0 0.001737788812328027 0.005011715930765472 0.029956698764761307 0.1736800745799254 0.7896137219122198, 
41, 111111, 111111, 0.9582028338524, 0.9582028338524, 0.0 0.0 5.340236660185314e-05 0.00425354852019947 0.02942291036000081 0.17896292113859197 0.7873072176146059, 
42, 111111, 111111, 0.9605928019122294, 0.9605928019122294, 0.0 0.0 0.0002500893529255475 0.004215278476710631 0.025147226608739165 0.17250254246731117 0.7978848630943135, 
43, 111111, 111111, 0.9592723723985802, 0.9592723723985802, 0.0 0.0 0.0005036789942585002 0.004141264675687044 0.02560340984258587 0.17872043591925146 0.7910312105682172, 
44, 111111, 111111, 0.9584262701786306, 0.9584262701786306, 0.0 9.815350448176973e-06 0.0017103216304106298 0.005937732150623677 0.02728355465523907 0.1701717098919839 0.7948868663212946, 
45, 111111, 111111, 0.96021143006138, 0.96021143006138, 0.00028744263493560605 0.00010707824434802644 0.00037066337131233437 0.004754706700401394 0.027755845423544093 0.16521290816682496 0.8015113554586336, 
46, 111111, 111111, 0.9585887265891615, 0.9585887265891615, 0.0 0.0 0.0003479024603397505 0.005442366679817831 0.02905361725952692 0.17264169606516575 0.7925144175351497, 
47, 111111, 111111, 0.9585668733522139, 0.9585668733522139, 0.0 0.0 0.00012271382098050343 0.003309438094171193 0.029916937842128427 0.17834571463602375 0.7883051956066961, 
48, 111111, 111111, 0.9605068162420001, 0.9605068162420001, 0.0003745806110130037 4.713198146581649e-05 0.0004352579750244106 0.003455764104653412 0.025659102943991926 0.17104942887255106 0.7989787335113004, 
49, 111111, 011111, 0.9533371983503545, 0.9533371983503545, 0.0006762410791220551 0.0002827645146998337 0.001020085507112234 0.004416384583226733 0.034135336687746286 0.18890537169601937 0.7705638159320735, 
50, 011111, 111111, 0.9557542894879769, 0.9557542894879769, 0.0 0.0 0.0011825600665615569 0.008131895553773796 0.027642278091917275 0.18106377996073672 0.7819794863270108, 
51, 011111, 111111, 0.9607214651039024, 0.9607214651039024, 0.00037254395459141045 0.0001093563940490995 0.0005067734105248092 0.0030979871345158945 0.028321427444009728 0.16492525374512423 0.8026666579171847, 
52, 111111, 111111, 0.9612510684743389, 0.9612510684743389, 0.0 0.0 0.0003195365464548837 0.0017939940102380653 0.023729460264442954 0.17837454040854672 0.7957824687703173, 
53, 111111, 111100, 0.9655044993549681, 0.9655044993549681, 0.0 0.0 0.0 0.0005836291678718441 0.021168940676177996 0.16288423501421992 0.8153631951417302, 
54, 011111, 111111, 0.9608206626971959, 0.9608206626971959, 0.0 0.0 0.0002867208218426931 0.001753529648449591 0.025522767397902903 0.17762301678829936 0.7948139653435055, 
55, 111111, 111111, 0.9569314978459584, 0.9569314978459584, 0.0 0.0 5.277512116091591e-05 0.003680952143026604 0.03043613803024957 0.18628477995002626 0.7795453547555367, 
56, 111111, 111111, 0.958919131322975, 0.958919131322975, 8.676930796582073e-05 4.0176564067105446e-05 0.00028857842344028604 0.0031523966809389277 0.026566250867804037 0.18201970792183295 0.7878461202339508, 
57, 111111, 111110, 0.9588597885933343, 0.9588597885933343, 0.0 0.0 0.000588809977785065 0.0036854446815008587 0.027946999993679757 0.17753569449699116 0.7902430508500432, 
58, 111111, 111111, 0.9585698469430918, 0.9585698469430918, 0.0 0.0 8.770230871722811e-05 0.0025642148006012606 0.030991236666471123 0.17855499137183412 0.7878018548523763, 
59, 111111, 111111, 0.9592427123161714, 0.9592427123161714, 0.0 0.0 0.00015503930633751408 0.003591052549428258 0.029543852852482535 0.17406270552437106 0.7926473497673806, 
60, 111111, 111111, 0.9593543416088259, 0.9593543416088259, 0.0 0.0 0.0005992094035160257 0.005635782255120532 0.02705430693437285 0.1704611520988725 0.7962495493081181, 
61, 111110, 111111, 0.9571017853447208, 0.9571017853447208, 0.0 0.0 0.0004693493245814261 0.007427118939692118 0.03263549340186804 0.16795954701053686 0.7915084913233216, 
62, 111111, 111111, 0.9557814704856924, 0.9557814704856924, 0.00043682319559051875 5.186321155389149e-05 0.0011046237474811643 0.005604723103905385 0.029952712702591314 0.18129283214771055 0.7815564218911671, 
63, 111111, 111111, 0.961480930735234, 0.961480930735234, 0.0 0.0 0.0008409560849866803 0.004514080395635143 0.02684401129934197 0.1605203274630604 0.8072806247569758, 
64, 000000, 111111, 0.9566495350467087, 0.9566495350467087, 0.0010827456412076419 0.00031434344213754323 0.000912885003824072 0.006024811771235877 0.0285377965506513 0.1732330302315077 0.7898943873594358, 
65, 011110, 111111, 0.9588780471910426, 0.9588780471910426, 0.0 0.0 0.00029296464717410857 0.004794208680608332 0.029101911536032633 0.172973409151157 0.7928375059850279, 
66, 111111, 111111, 0.9579618344359483, 0.9579618344359483, 0.001932443666736171 0.0007829819725680351 0.0013732401279694124 0.0028829549847629405 0.023315892438053244 0.17594581117877992 0.7937666756311302, 
67, 011111, 111111, 0.960773276418157, 0.960773276418157, 0.0 4.460145757198333e-06 0.0009961933013492537 0.005387210586148372 0.027691580836140928 0.15980847412614824 0.806112081004456, 
68, 111111, 111111, 0.9621329310197023, 0.9621329310197023, 0.0 0.0 0.0 0.0021303870314807976 0.027596012366197516 0.165619228054949 0.8046543725473727, 
69, 111110, 011111, 0.955772692110201, 0.955772692110201, 0.0 0.0 0.0016224713219884816 0.005460370378264174 0.03123416164220034 0.1800245276316476 0.7816584690258994, 
70, 111111, 111111, 0.9595689668054207, 0.9595689668054207, 0.00026938345982006613 6.798319514172417e-05 0.00095308711279482 0.004585989619901797 0.02973215868428333 0.16359534775339493 0.8007960501746633, 
71, 111111, 111111, 0.9575004241977734, 0.9575004241977734, 0.0 0.0 0.00032095593889997116 0.004546517339410544 0.03260926693453771 0.17485554517045307 0.7876677146166987, 
72, 011111, 111111, 0.9538121802265177, 0.9538121802265177, 0.0 0.0 0.00039117736551411446 0.004512927950128609 0.0380928963608564 0.1858376326067385 0.7711653657167624, 
73, 111111, 111111, 0.9605446535820392, 0.9605446535820392, 0.0 0.0 0.0005166873084784902 0.004498555309731297 0.025128557484833326 0.17091254837499031 0.7989436515219666, 
74, 111111, 111111, 0.9599921097622982, 0.9599921097622982, 0.0 0.0 0.0003573079379697073 0.0045487970729563626 0.028007926900543496 0.16895586465437595 0.7981301034341546, 
75, 011111, 111111, 0.9575834799265516, 0.9575834799265516, 0.0 0.0 0.0005560330014731202 0.007072951759900127 0.029243605440174424 0.17256892227474893 0.7905584875237034, 
76, 111111, 011111, 0.9617484060612369, 0.9617484060612369, 0.0 0.0 0.0007002379283396402 0.0025950622531838528 0.01965758394232366 0.1796082572750213 0.7974388586011316, 
77, 111111, 111111, 0.9585207694873872, 0.9585207694873872, 0.0 0.0 0.00027471454797591477 0.0020789544622122386 0.02845241550959021 0.1846348304779561 0.7845590850022656, 
78, 111111, 111111, 0.95744022381975, 0.95744022381975, 0.0 0.0 0.0001577587105611605 0.0036717943904016536 0.03181144626051393 0.1800893465470218 0.7842696540915014, 
79, 111111, 111111, 0.9610895370180899, 0.9610895370180899, 0.00033118531041826516 0.0001430788531662169 0.0009443360232262951 0.004597291894493965 0.024157030349009352 0.1648769912887144 0.8049500862809715, 
80, 011110, 111110, 0.9529075710831816, 0.9529075710831816, 0.0 0.0 0.00035521948671732626 0.006197757746601594 0.03618800499696588 0.19016441232030495 0.7670946054494103, 
81, 111111, 111111, 0.9562685547937507, 0.9562685547937507, 0.00012528861192430768 0.00010992001474142074 0.0012728950438061638 0.004225990008889118 0.03396049395280702 0.17539680138473765 0.7849086109830944, 
82, 111111, 111111, 0.9620713638965481, 0.9620713638965481, 0.0 0.0 0.00026079389066168237 0.0023932145076156794 0.02927949762542024 0.16079000228437662 0.8072764916919257, 
83, 111111, 111111, 0.963040689573523, 0.963040689573523, 0.0 0.0 0.0001456284605386711 0.0022896924551262456 0.022360857918979862 0.16958255551336948 0.8056212656519857, 
84, 111111, 111111, 0.9638889111324622, 0.9638889111324622, 0.0 0.0 1.604434837151141e-05 0.0027662845671206993 0.021097321001125616 0.16610886010812728 0.8100114899752549, 
85, 111111, 111111, 0.9605462469342467, 0.9605462469342467, 0.0 0.0 0.00019431199988796595 0.002124312225888953 0.027017079274986443 0.17553817516732845 0.7951261213319083, 
86, 111111, 111111, 0.9616401107361634, 0.9616401107361634, 0.0 0.0 0.0001094155457784732 0.002503394733692283 0.026417039684298555 0.169377409830232 0.8015927402059988, 
87, 111111, 111111, 0.9581152188301504, 0.9581152188301504, 0.0 0.0 0.0010376490046838066 0.0054517603336703005 0.029082584097217305 0.17263764180491672 0.7917903647595118, 
88, 111111, 111111, 0.9599098556650841, 0.9599098556650841, 0.0009365663929172923 0.000281231251110917 0.0022878217978768403 0.004616400338351598 0.02503322390257039 0.16044837538473392 0.806396380932439, 
89, 111111, 111111, 0.9589143830124238, 0.9589143830124238, 0.0 0.0 4.1806182891187206e-05 0.0040259786118985634 0.026281799214229115 0.1817049429297383 0.7879454730612429, 
90, 111111, 111111, 0.9568131253690642, 0.9568131253690642, 0.0 0.0 0.00010518842853716441 0.0023384889604298057 0.0326512606001798 0.18638250598981712 0.7785225560210361, 
91, 111111, 011111, 0.9567040994032316, 0.9567040994032316, 0.0 0.0 0.0005600157555038588 0.0050627034988146805 0.028744417851734295 0.18485839435868226 0.7807744685352649, 
92, 111111, 111111, 0.9605333156468642, 0.9605333156468642, 0.0 0.0 0.0 0.0030461011176025864 0.023713931644695454 0.1802339394766165 0.7930060277610855, 
93, 111111, 111111, 0.9624140903164433, 0.9624140903164433, 0.0 0.0 0.0004884886029915582 0.004066319343442853 0.026384715764135723 0.15859311413077354 0.8104673621586563, 
94, 111111, 111111, 0.9651027502898629, 0.9651027502898629, 0.0 0.0 2.20878518082982e-05 0.0017766654755501517 0.021472850673471 0.16101944907999716 0.8157089469191734, 
95, 111111, 011111, 0.962079970663047, 0.962079970663047, 0.0 0.0 0.0001421776935692841 0.003197845509950302 0.019978227224867966 0.17740147426785405 0.7992802753037583, 
96, 111111, 111111, 0.9622754906701003, 0.9622754906701003, 0.0 0.0 0.0003245216819770421 0.003514006181493089 0.024800992383336027 0.1649049659403389 0.806455513812855, 
97, 111111, 111111, 0.9619914671888289, 0.9619914671888289, 0.0 0.0 0.00046958620652096605 0.001140679567999783 0.02704351519946011 0.16866378293802287 0.8026824360879963, 
98, 111111, 111111, 0.9590717916453674, 0.9590717916453674, 0.0 0.0 0.0004501903491907176 0.0046952024916380175 0.028549220262947213 0.17258444073022425 0.7937209461659999, 
99, 111111, 111111, 0.9595239253218188, 0.9595239253218188, 0.0 0.0 0.0013673131933054185 0.005725481710539587 0.02996292869398956 0.1602848927762672 0.8026593836258983, 
100, 111111, 111111, 0.9607186701427188, 0.9607186701427188, 0.0 0.0 2.053284396302132e-05 0.003761465423784809 0.025967999506658356 0.17238545248316411 0.7978645497424297, 
run, initial grid state, final grid state, mean grid cell occupancy, mean binding site occupancy, fraction of time with N TFs bound, warning
1, 111111, 111111, 0.9584741428963692, 0.9584741428963692, 0.0 0.0 0.0005829060401965322 0.005708433976017946 0.027963561580198085 0.1737710933725488 0.7919740050310387, 
2, 111111, 111111, 0.9570712756645109, 0.9570712756645109, 0.00011527993845320883 8.576379762740362e-05 0.0007726288429729711 0.004828975671992254 0.027681492338654565 0.18351142032890042 0.7830044390813992, 
3, 111111, 111111, 0.9603142495188034, 0.9603142495188034, 0.0 0.0 0.000210753433178351 0.002829648138485714 0.025868490311362125 0.1770455641162845 0.7940455440006893, 
4, 011111, 111111, 0.956836530085021, 0.956836530085021, 0.0010192195913863748 0.00041443061572614165 0.00029195032886936546 0.004038094694253532 0.03248085315223949 0.17254955716020787 0.7892058944573173, 
5, 111111, 111110, 0.9595944548668709, 0.9595944548668709, 0.0 0.0 0.0006345035920282488 0.003596070443775412 0.02980977472269093 0.16948749565395338 0.796472155587552, 
6, 111111, 111111, 0.957004039445301, 0.957004039445301, 0.0 0.0 0.00042313610595544175 0.0027039915866289036 0.03331319493980778 0.18154485426486977 0.7820148231027382, 
7, 011111, 111111, 0.9581347371358814, 0.9581347371358814, 0.0 1.0348966438543228e-05 0.0019139161792763072 0.004773318909377052 0.02654077357699073 0.17608266375330162 0.7906789786146158, 
8, 011111, 111111, 0.9582016347320556, 0.9582016347320556, 0.001124064893732525 0.0003175664844686644 0.000766645696408635 0.0034944163252317406 0.029369231478068254 0.17016967510546174 0.7947584000166283, 
9, 111110, 111111, 0.9551921374293192, 0.9551921374293192, 0.0018367094745648472 0.0005920167565931024 0.001889968644649074 0.006211914681963267 0.030173079271129274 0.1683250576269849 0.7909712535441155, 
10, 111111, 011111, 0.96150237307937, 0.96150237307937, 0.0 0.0 0.00042969601301937494 0.0037352941926300193 0.02460831250700392 0.1688444698798048 0.8023822274075418, 
11, 111110, 111111, 0.9623995417278716, 0.9623995417278716, 0.0 0.0 3.0162072158200398e-05 0.003480505032128988 0.022524776153406634 0.16999103394093806 0.8039735228013681, 
12, 111111, 111111, 0.9578610330817411, 0.9578610330817411, 0.0 0.0 0.0012721735895855084 0.00743189611951663 0.029729935253225575 0.16598954828621046 0.7955764467514619, 
13, 111111, 111111, 0.9602475850219234, 0.9602475850219234, 0.0 0.0 0.0 0.0022773441318327684 0.026325066897445064 0.17903232367807134 0.7923652652926507, 
14, 111111, 111110, 0.9609434395703629, 0.9609434395703629, 0.0 0.0 0.00026023376296432243 0.004046877804596409 0.02619193774156089 0.16877391862905486 0.8007270320618236, 
15, 111111, 111111, 0.9569965760405965, 0.9569965760405965, 0.0 0.0 0.00030763971179979186 0.0037115934754570782 0.03238248852202709 0.1808902274387964 0.7827080508519196, 
16, 011110, 011111, 0.9547126612276553, 0.9547126612276553, 0.0 0.0 0.0009847641720363638 0.006931453021639814 0.030315249199434444 0.1863601184821342 0.7754084151247552, 
17, 111111, 111111, 0.9567651029134551, 0.9567651029134551, 0.0 0.0 0.0014434167149075723 0.00399390506715066 0.03467277995257343 0.17230844055304004 0.7875814577123283, 
18, 111111, 111111, 0.9622429628230923, 0.9622429628230923, 0.0 0.0 0.0002994505953303121 0.0036240262542592055 0.0267563703469941 0.1609596012233592 0.8083605515800572, 
19, 111111, 111111, 0.9556288639785514, 0.9556288639785514, 0.0 0.0 0.00035303364049678754 0.007047364269606818 0.031549739564300384 0.1805731096292827 0.7804767528963134, 
20, 001111, 111111, 0.9548071286801176, 0.9548071286801176, 0.000429656079429537 6.965313789130675e-05 0.0006697521944989051 0.005016674086455623 0.033429171761022496 0.18364365119385304 0.7767414415468491, 
21, 111111, 111111, 0.9608366534947717, 0.9608366534947717, 0.0001219165792552967 0.00015847031149087383 0.00031006513357485863 0.002370485522176712 0.027146325228510168 0.17081186044053365 0.7990808767844585, 
22, 111111, 111111, 0.9621761594529152, 0.9621761594529152, 0.0 1.030304735240482e-05 0.0006253060031535795 0.002349726099048938 0.025678139896345844 0.16598484594329416 0.8053516790108051, 
23, 111111, 111111, 0.9573425316942591, 0.9573425316942591, 0.00011934995958226067 2.7787827799660816e-05 0.00036654969038696513 0.005207378801961682 0.02877694459406787 0.18044754658238496 0.7850544425438166, 
24, 111111, 111111, 0.9616679231973643, 0.9616679231973643, 0.0 0.0 1.7557148928301672e-05 0.0017414922822080621 0.027328977997346182 0.17003979937878516 0.8008721731927324, 
25, 111111, 011111, 0.9565151327566728, 0.9565151327566728, 0.0005477393791236763 7.832115443956283e-05 0.0010589943653580686 0.0066344031097298325 0.02930071991221709 0.17449053479796742 0.7878892872811644, 
26, 111111, 111111, 0.9627720070146176, 0.9627720070146176, 0.0007958207386909212 0.00025144857160201207 0.0005395348918181285 0.004822195382034358 0.025603369141995073 0.14950432662477245 0.818483304649087, 
27, 111111, 111111, 0.9571968964977046, 0.9571968964977046, 1.53577516837489e-05 5.551488158305485e-05 0.00017695064461917392 0.003224248731499999 0.028143072645228064 0.18978220603232224 0.7786026493130638, 
28, 111111, 111111, 0.9627690096482657, 0.9627690096482657, 0.0 0.0 0.0003006316329112507 0.0027962087148551 0.02374642702604555 0.16630193538210442 0.8068547972440837, 
29, 111111, 111111, 0.9623314438618876, 0.9623314438618876, 3.796658267952146e-05 4.1479482796305695e-05 0.000858463993218172 0.006187496614524592 0.025626324184455863 0.15232714573325826 0.8149211234090672, 
30, 111110, 111111, 0.957808482960776, 0.957808482960776, 0.0 0.0 0.0005200255688072669 0.005714054874478924 0.03237713640355973 0.16917256252955867 0.7922162206235954, 
31, 111111, 111111, 0.9559053552552226, 0.9559053552552226, 0.0001630834128826005 2.1757112800734382e-05 0.00029785417349026313 0.004330076448699434 0.03543634442798663 0.1784262475313327 0.7813246368928076, 
32, 111111, 111111, 0.953665655567185, 0.953665655567185, 0.0034051378373480975 0.00098326458974702 0.0006247764697740191 0.003913149581633551 0.03097371852042096 0.17647292495922767 0.7836270280418487, 
33, 111111, 111111, 0.9622830060689659, 0.9622830060689659, 0.0 0.0 0.00024426777312562575 0.0028884101504870574 0.025215882015252707 0.16622789801173513 0.8054235420493995, 
34, 111111, 111111, 0.956433648594388, 0.956433648594388, 0.0 0.0 9.04717226603769e-05 0.004810281616878395 0.030129062712776298 0.1863472512668425 0.7786229326808425, 
35, 011111, 111111, 0.9583676309552654, 0.9583676309552654, 0.0 0.0 0.00036129446793647035 0.006308340336238102 0.028989548835314186 0.17144491771731898 0.7928958986431922, 
36, 111111, 111111, 0.9570872275854911, 0.9570872275854911, 0.0 0.0 0.0009022267013097944 0.003709315619568427 0.03175934454528157 0.1792210917325456 0.7844080214012946, 
37, 111111, 111111, 0.9606607592788919, 0.9606607592788919, 0.0 0.0 0.00020125354740222292 0.004231980949671055 0.024955076661496392 0.17262433396503413 0.7979873548763963, 
38, 111111, 111111, 0.954236367356441, 0.954236367356441, 0.0008629835059815361 0.0002871585163234529 0.0013606960232913493 0.005808058513151676 0.02978192847882328 0.18553728565358032 0.7763618893088484, 
39, 111111, 111111, 0.9542430327032291, 0.9542430327032291, 0.0013473188843617836 0.0005574150147858971 0.00233972505841319 0.005611927945588188 0.030380431121129498 0.17671526908784854 0.7830479128878729, 
40, 111111, 111111, 0.9560550195835766, 0.9560550195835766, 8.503976594096137e-05 3.6231744507494425e-05 0.000495158060572715 0.005479747118973788 0.03071041723594631 0.18313777710925208 0.7800556289648066, 
41, 111111, 111111, 0.963351600472969, 0.963351600472969, 0.0 0.0 0.00012196789440200441 0.0034008283040967155 0.02138539661083275 0.1664292474506223 0.8086625597400462, 
42, 111111, 111111, 0.9569411101358754, 0.9569411101358754, 0.0 0.0 0.0 0.00279952806968205 0.030727548530555128 0.18849965791459208 0.7779732654851709, 
43, 111111, 111111, 0.9636458219871813, 0.9636458219871813, 0.0 0.0 0.00015869268425387995 0.002539254117122328 0.024431380441210227 0.16100977410610978 0.8118608986513038, 
44, 111111, 111111, 0.9609125512745416, 0.9609125512745416, 0.0005523352761363415 5.3406221449431915e-05 0.0013627792188876013 0.00400142988647282 0.025373230765493807 0.16274178152272886 0.8059150371088311, 
45, 111111, 111111, 0.9619189107293281, 0.9619189107293281, 0.0 0.0 0.000331072945340446 0.003958781341744931 0.024504611456890008 0.16627667690365472 0.8049288573523699, 
46, 111111, 111111, 0.9584232609341973, 0.9584232609341973, 0.0 0.0 0.0004485946530453931 0.004780190906634802 0.03070914664495987 0.17190718977281075 0.7921548780225491, 
47, 111111, 111111, 0.9589122802681985, 0.9589122802681985, 0.00013908922162984098 3.704814206435566e-05 0.0010458527839653832 0.005532775228742694 0.02714460722953977 0.17043559106953796 0.79566503632452, 
48, 111110, 111111, 0.9571147909508855, 0.9571147909508855, 0.00022677320874043872 5.1221083032744264e-05 0.0007290649744050488 0.004357009046721771 0.032049977065172555 0.1756072684589497 0.7869786861629778, 
49, 111111, 111111, 0.959156683370586, 0.959156683370586, 0.0 0.0 0.00041801300227153865 0.002814393400507172 0.033967469464596806 0.16700972863668265 0.7957903954959419, 
50, 011111, 111111, 0.9603674463966786, 0.9603674463966786, 0.0 0.0 0.00014534718095206788 0.003616020795070633 0.028709246848002152 0.1689473768149033 0.7985820083610718, 
51, 111111, 111111, 0.9632481660726366, 0.9632481660726366, 0.0012555885416643958 0.00043214380195152186 0.0003137740119038309 0.0019089933973410254 0.019367154577929833 0.16510036790893756 0.8116219777602718, 
52, 111111, 011111, 0.9593649671119481, 0.9593649671119481, 0.0 0.0 0.00037065827577681767 0.003246363116804063 0.028731036197674073 0.17512640247944422 0.7925255399303008, 
53, 111111, 111111, 0.9594077078717078, 0.9594077078717078, 1.6920944405283245e-05 2.091321910824094e-05 0.0008110227640609229 0.003291307320609545 0.025137352196472316 0.17995494359676356 0.7907675399585802, 
54, 111111, 011111, 0.9573980369520898, 0.9573980369520898, 0.0 0.0 0.0010266884040268332 0.004714058863472959 0.0336968883095907 0.16996907146175377 0.7905932929611557, 
55, 111111, 111111, 0.9593135648993586, 0.9593135648993586, 0.0 0.0 0.000152625027752916 0.0031467248771292794 0.03227439916877937 0.16951913752388958 0.7949071134024489, 
56, 011111, 111111, 0.9588450364736774, 0.9588450364736774, 0.0 0.0 0.00038211823217959627 0.0044283360359241115 0.025789852004921954 0.1805365961116017 0.7888630976153727, 
57, 111111, 011111, 0.9596421911537253, 0.9596421911537253, 0.0 8.314217088790167e-06 0.00011040809368996391 0.004771847074383468 0.0299893659774623 0.16736937643936914 0.7977506881980064, 
58, 111111, 111111, 0.9580467497705937, 0.9580467497705937, 0.0 0.0 0.001172741638939778 0.00664675235453938 0.02725382704972151 0.17258062365761784 0.7923460552991816, 
59, 111111, 111111, 0.9593216284981524, 0.9593216284981524, 0.00029827196331671304 0.00013209289270321527 0.0013664220782681872 0.004359437864787145 0.026584067681116978 0.16990799549800076 0.797351712021807, 
60, 111111, 111111, 0.9561803484176871, 0.9561803484176871, 0.0 0.0 0.0 0.004119258368831135 0.03555173089756261 0.1794566725922582 0.780872338141348, 
61, 111111, 111111, 0.9564617688549415, 0.9564617688549415, 9.788544392026605e-05 0.00016075120865120771 0.0017268403118884832 0.005624903071899622 0.02896577096401446 0.17812470577229103 0.7852991432273349, 
62, 111111, 011111, 0.9619985832806287, 0.9619985832806287, 0.0 0.0 8.003798918559436e-05 0.0021547751455612265 0.023753639075728687 0.17371674477134444 0.80029480301818, 
63, 111111, 111111, 0.9644767921122941, 0.9644767921122941, 0.00015493864863348858 0.00013018966697657392 0.001087026092744512 0.002876081004138897 0.021224860016969837 0.15613259968221765 0.8183943048883191, 
64, 111111, 111111, 0.9604138036461438, 0.9604138036461438, 0.0 0.0 0.00035430831373564896 0.0032652403135734615 0.029460065009195225 0.16738409390908307 0.7995362924544126, 
65, 111111, 111111, 0.96352931582903, 0.96352931582903, 0.0 0.0 0.0003166969451937221 0.003664932447257884 0.01988982006776721 0.16678287976773692 0.8093456707720442, 
66, 111110, 111111, 0.9621206203636793, 0.9621206203636793, 0.0 0.0 0.000243380975909006 0.002746875047082876 0.02881394927723103 0.16043423021857714 0.8077615644812, 
67, 111111, 111111, 0.9558715960373134, 0.9558715960373134, 0.0 0.0 0.0009503095630675269 0.00745983959149533 0.02932925447360775 0.17993115780214847 0.782329438569681, 
68, 111111, 111111, 0.9546204771697727, 0.9546204771697727, 0.0 0.0 0.0007084731320879573 0.00540776679776059 0.0332563780961391 0.18670718786745227 0.7739201941065601, 
69, 111111, 111110, 0.9609748405143161, 0.9609748405143161, 0.0 0.0 0.0 0.003145172816611058 0.027343573064647783 0.17002829233497477 0.7994829617837664, 
70, 111111, 111111, 0.9562538519882473, 0.9562538519882473, 0.0 0.0 0.0006055394348488534 0.005175154953451316 0.03337399303558054 0.17778127939960575 0.7830640331765135, 
71, 011111, 111110, 0.9586829897295442, 0.9586829897295442, 0.0 0.0 6.104229805299213e-05 0.0032640858731429107 0.030844011022326725 0.1761776127664403 0.7896532480400371, 
72, 001110, 111111, 0.9568346178055568, 0.9568346178055568, 0.0 0.0 0.0010339139268225686 0.004944047373790553 0.03096808219110299 0.17808833095579135 0.7849656255524925, 
73, 111110, 111111, 0.9583067226629715, 0.9583067226629715, 0.0 0.0 0.0009324492880769569 0.00720977120777953 0.027660434196867204 0.16947968485279066 0.7947176604544857, 
74, 111111, 111111, 0.9584386264411732, 0.9584386264411732, 0.0 0.0 6.861803346304665e-05 0.00541863667349187 0.02897055904902828 0.17489674110057585 0.7906454451434409, 
75, 111111, 111111, 0.9611367644845156, 0.9611367644845156, 0.0 0.0 0.00024867795073304854 0.0030329227546963093 0.028668488025720137 0.1657489569744463 0.8023009542944042, 
76, 111111, 111111, 0.9601801883970366, 0.9601801883970366, 0.0 0.0 0.0004234861451955068 0.0018051028795313783 0.029762228379628546 0.17228515963914773 0.7957240229564968, 
77, 111110, 111111, 0.9539891609286477, 0.9539891609286477, 0.000457714340517975 0.00037649324916567116 0.0006256595424601009 0.00523810239922686 0.037399717116733566 0.17841990253818885 0.7774824108137071, 
78, 111111, 111111, 0.955866388680782, 0.955866388680782, 0.0 0.0 0.0003272377437369028 0.0027030668426272645 0.029780969827414003 0.19582157675765097 0.7713671488285708, 
79, 111111, 111111, 0.9567825537314677, 0.9567825537314677, 0.0 0.0 0.00036097853195258547 0.0050299055764292675 0.03486452486326475 0.17304199702756567 0.7867025940007878, 
80, 111111, 111111, 0.9526811910053334, 0.9526811910053334, 0.0003959692452362037 0.00024299055264586492 0.0013793544056757857 0.004920139745851297 0.03335540325759135 0.19333344235791391 0.7663727004350855, 
81, 111111, 111111, 0.9566605024993984, 0.9566605024993984, 0.0 0.0 0.0005572662116430308 0.005466501877431424 0.030107372615948536 0.18119366929284586 0.7826751900021311, 
82, 111111, 111111, 0.9550970569386481, 0.9550970569386481, 0.00033505608051720117 0.0001571398796120144 0.001787839490139981 0.005888253968699696 0.032464379124513866 0.1768767443712623 0.7824905870852549, 
83, 111111, 111111, 0.962304627191805, 0.962304627191805, 0.0 0.0 0.00014581555063924618 0.00396904986588516 0.021104442993316107 0.17147293906232594 0.8033077525278336, 
84, 111111, 011111, 0.9586272377069797, 0.9586272377069797, 0.000445831327947889 9.628066513833545e-05 0.0008135659050785926 0.0035348549016234417 0.026644945737192373 0.1779314626651737 0.7905330587978456, 
85, 011111, 111111, 0.9578038905723694, 0.9578038905723694, 0.0 0.0 0.00045742627522147835 0.004906136527242433 0.028944339662112985 0.17873986255894464 0.7869522349764785, 
86, 111111, 111111, 0.9626825190357872, 0.9626825190357872, 0.0 0.0 5.309021888187953e-05 0.004829514682881547 0.02555127733317561 0.15810142619475365 0.8114646915703073, 
87, 111111, 111111, 0.9581915034433014, 0.9581915034433014, 0.0 2.4651599456809812e-05 0.00024417967307244025 0.003672929586955039 0.03267223555487114 0.1733877427800105 0.789998260805634, 
88, 111111, 111111, 0.9537516527314168, 0.9537516527314168, 0.0 0.0 0.0008980760922513404 0.006785011887128622 0.03761241182375269 0.17831791993360235 0.776386580263265, 
89, 111110, 111111, 0.9623662151598872, 0.9623662151598872, 0.0 0.0 2.4439650658596125e-05 0.0025092901637391246 0.024236614593617894 0.16970385075958966 0.8035258048323948, 
90, 111111, 011110, 0.9604234347406786, 0.9604234347406786, 0.0 0.0 0.0004921405449937638 0.0022110414941285228 0.02752054692157721 0.17381661105041274 0.7959596599888877, 
91, 111111, 111111, 0.9604456474182962, 0.9604456474182962, 7.489905866276649e-05 9.440412512543654e-05 0.001044314711919356 0.004997079538460306 0.02735632479846129 0.1625235534526384 0.8039094243147324, 
92, 111111, 111011, 0.9554632981744661, 0.9554632981744661, 0.0003535117107252847 0.000133647493752752 0.0005297372057389077 0.0035982747172932997 0.03497455667295297 0.1815680168993466 0.7788422553001902, 
93, 111111, 111111, 0.9600771721835937, 0.9600771721835937, 0.0 3.573817669046776e-06 0.0006558798414236023 0.003537700921261523 0.024549160043757037 0.17718415559309963 0.7940695297827892, 
94, 111111, 111111, 0.9627914181851479, 0.9627914181851479, 1.3140098215256418e-05 1.631721334939911e-06 0.0008714295914684873 0.0022795567292170473 0.022922430138453787 0.16699524286271397 0.8069165688585965, 
95, 111111, 111111, 0.9549814600709204, 0.9549814600709204, 0.0011820476409657795 0.0007403647446785653 0.0017304058431721156 0.009685690797697283 0.029211154934442124 0.16491612437062553 0.7925342116684186, 
96, 111111, 111111, 0.9634650862000387, 0.9634650862000387, 0.0 0.0 6.62855000233934e-05 0.0022012281964643226 0.021679927360700586 0.1689808014888799 0.8070717574539318, 
97, 111111, 111111, 0.9561249353137803, 0.9561249353137803, 0.0 9.469724650042397e-06 0.0009231232540762139 0.003432655990627947 0.034923017650582075 0.17936654320471532 0.7813451901753484, 
98, 111111, 111111, 0.9636058857707023, 0.9636058857707023, 0.0008383608449495406 0.00022652920904273077 0.0005019277073528653 0.002268740465482487 0.020253716382621564 0.1628805092697736 0.8130302161207773, 
99, 111111, 111111, 0.9580750141646596, 0.9580750141646596, 0.0 0.0 6.810691320534263e-05 0.004824628449866142 0.031111314753853505 0.17458097250191631 0.7894149773811587, 
100, 111111, 111111, 0.9565383336113059, 0.9565383336113059, 0.0 0.0 0.0011869884012728077 0.0022626074447044515 0.031512722438502866 0.18620877751595422 0.7788289041995656, 
run, initial grid state, final grid state, mean grid cell occupancy, mean binding site occupancy, fraction of time with N TFs bound, warning
1, 111111, 111111, 0.9594933679207472, 0.9594933679207472, 0.0 0.0 0.0006389703860000201 0.0022337310502221043 0.029090804560841607 0.1756011086591667 0.7924353853437696, 
2, 111111, 111110, 0.9604377304762625, 0.9604377304762625, 0.0 0.0 0.00015626495773037272 0.0016635253715691289 0.02799766615329378 0.17576264889020843 0.7944198946271983, 
3, 111111, 111111, 0.9526598027730547, 0.9526598027730547, 0.0029715921822281673 0.0010036037099564075 0.0018397544597459404 0.00574997426005196 0.03176698904351761 0.1730506930123456 0.7836173933321543, 
4, 111111, 011110, 0.95843701623306, 0.95843701623306, 0.0006931105108273312 0.00036613931267024503 0.0009231877365239318 0.0036161985594490025 0.027079173939283368 0.17468884847031532 0.7926333414709308, 
5, 001111, 111110, 0.956633091634753, 0.956633091634753, 0.0 0.0 0.0006737056301978655 0.004309494597011095 0.02914082258507021 0.18629649870951742 0.7795794784782034, 
6, 111111, 111111, 0.956044841287414, 0.956044841287414, 0.0001929042403570243 3.938712209473763e-05 0.0005454580769590181 0.005629277108549258 0.032428076527426394 0.1784507745345636 0.78271412239005, 
7, 111111, 111111, 0.9607759289968657, 0.9607759289968657, 0.0 0.0 0.0001090591653350705 0.004163896298443951 0.026700586787227823 0.16901532688767779 0.8000111308613154, 
8, 111111, 111111, 0.9539787969702562, 0.9539787969702562, 0.0 0.0 0.0006696667991398771 0.0055890301396993814 0.03459347022727843 0.18749452010824852 0.7716533127256338, 
9, 111111, 011111, 0.9573492928757603, 0.9573492928757603, 0.0002228967516230969 2.0339118841943285e-05 0.0015381942099171025 0.005907795617525414 0.024400111359366636 0.1817887802305116 0.7861218827122143, 
10, 111111, 111111, 0.9567984906872796, 0.9567984906872796, 0.0007853760367665616 0.0005070394574901178 0.0011262752335170975 0.004548170932051716 0.028202925923078662 0.17740613679189124 0.7874240756252046, 
11, 111111, 011111, 0.9579351482857219, 0.9579351482857219, 0.0007072707183123769 0.00010462435371909822 0.0010911509219365815 0.004668744355403561 0.026556419858614254 0.17613868773601318 0.7907331020560009, 
12, 111111, 111111, 0.9610774505460055, 0.9610774505460055, 0.0 0.0 0.0007903306951913245 0.0020514473970230512 0.02902992525022698 0.16615978125167954 0.8019685154058792, 
13, 111111, 111111, 0.9560688786946528, 0.9560688786946528, 0.0 0.0 0.000672341920548358 0.004705781439161563 0.029521861551834512 0.18773629272873604 0.7773637223597195, 
14, 111111, 111110, 0.9597434560794335, 0.9597434560794335, 0.0 0.0 0.000321639049738532 0.0027503506777925716 0.03251163806307635 0.16697837916491529 0.7974379930444773, 
15, 111111, 111111, 0.9616061204302587, 0.9616061204302587, 0.0 0.0 0.0 0.002722155075679918 0.02438155987375054 0.17343369244390666 0.799462592606663, 
16, 111111, 111111, 0.9593093782302574, 0.9593093782302574, 0.0 0.0 0.0001865241262000799 0.0037181633561780337 0.027009026345544737 0.17822509135403178 0.7908611948180454, 
17, 111111, 111111, 0.9574853964115705, 0.9574853964115705, 0.0015675070420727273 0.0005710845397321382 0.0019794078790569872 0.003195913912439488 0.02761636089346026 0.17008906153901304 0.7949806641942253, 
18, 111111, 111111, 0.9572794353844324, 0.9572794353844324, 0.0 0.0 0.001750345229730833 0.007230644495871151 0.027522471184523178 0.17258513091782227 0.7909114081720526, 
19, 111111, 111110, 0.9559206032929091, 0.9559206032929091, 0.0 0.0 0.00010970075871944426 0.004112424350830238 0.03539212367006401 0.1809160568150498 0.7794696944053365, 
20, 111111, 111111, 0.9577550150154919, 0.9577550150154919, 0.0 0.0 0.0012006051927667997 0.005625373000762526 0.02652525551421349 0.1787408591052672 0.7879079071869899, 
21, 111101, 111111, 0.9589327187219068, 0.9589327187219068, 0.0 0.0 0.001267061614930431 0.004697253918504821 0.02928353551530566 0.1686766084227112 0.7960755405285478, 
22, 011111, 111111, 0.957068965556369, 0.957068965556369, 0.0005394985634232418 0.00026043715570068783 0.0014636783014788442 0.004497123611326121 0.030654625399710006 0.1723916946634296 0.7901929423049315, 
23, 111111, 111111, 0.9567382803614815, 0.9567382803614815, 0.00048570406905114647 8.78247277877728e-05 0.00037175850424579207 0.004974471965254272 0.03084431726517678 0.17811788533476636 0.7851180381337178, 
24, 111111, 111111, 0.9549586376388424, 0.9549586376388424, 0.0007347004475847879 0.0003163026609932808 0.0020675430946167184 0.006514810057344078 0.03012864661283309 0.17618656240030545 0.7840514347263227, 
25, 111111, 111111, 0.9588483382817589, 0.9588483382817589, 0.0 0.0 2.9212099063226153e-05 0.002701639687095199 0.024957220689392007 0.18877376147312416 0.7835381660513253, 
26, 011111, 111111, 0.9518441556269968, 0.9518441556269968, 0.00043283397787156555 0.00010376263196366173 0.0010061882198523445 0.007181666546006812 0.041835276501626446 0.1765789436902897 0.7728613284323894, 
27, 111111, 011111, 0.9619599932676471, 0.9619599932676471, 0.0 0.0 0.0005509263286348467 0.00381123463853789 0.027650979419659598 0.15930067232464556 0.8086861872885222, 
28, 111111, 111111, 0.9594317212553181, 0.9594317212553181, 0.0 0.0 0.0007578172502672104 0.005301805317474533 0.02533280244706094 0.17380738262047718 0.7948001923647201, 
29, 111111, 011111, 0.957048249424614, 0.957048249424614, 0.0 0.0 0.0002376751943612666 0.005534940222706718 0.031139037801328668 0.17787690640409343 0.7852114403775099, 
30, 111111, 111111, 0.9599665185071744, 0.9599665185071744, 0.0 0.0 2.8244805995140752e-05 0.0028684452298748703 0.029364594705737098 0.17275338463187426 0.7949853306265187, 
31, 111111, 111111, 0.957458514861161, 0.957458514861161, 0.0 0.0 0.0005021045017721398 0.004395394907159758 0.028533905644416883 0.18298649681563295 0.7835820981310183, 
32, 111111, 111111, 0.9606910453066564, 0.9606910453066564, 0.0 0.0 0.0004192378567724852 0.0037330463219175485 0.025624918582185432 0.1717278006028489 0.7984949966362757, 
33, 111110, 111111, 0.9596362069022643, 0.9596362069022643, 0.0 0.0 0.00011828352316325617 0.004183445034319205 0.02908480728104305 0.1709896748287175 0.795623789332757, 
34, 111111, 111111, 0.95750856482522, 0.95750856482522, 0.0 2.2847082138742717e-05 0.0004338526028346447 0.004032675173407906 0.029862886711620518 0.18127516628318316 0.784372572146815, 
35, 111111, 111111, 0.9601290095912424, 0.9601290095912424, 0.0 0.0 0.00028893755918332504 0.003684881672030577 0.030813611868167716 0.1653883234633848 0.7998242454372336, 
36, 111111, 111110, 0.9595812231529519, 0.9595812231529519, 0.0 0.0 0.00010652004770403815 0.004301488318926933 0.024385992185983838 0.18041013156272404 0.7907958678846612, 
37, 111111, 111111, 0.9562770079060092, 0.9562770079060092, 0.00043188571622019715 0.00022019451598689668 0.0006280419284713835 0.0054937390368450245 0.030464463115880226 0.17872335463050779 0.7840383210560885, 
38, 111111, 111111, 0.9598321253170584, 0.9598321253170584, 0.0013245108258379639 0.00033622521172889635 0.0008040516623407743 0.0038345192256642306 0.024116671363016123 0.16842595003158892 0.8011580716798231, 
39, 111111, 111111, 0.9575750795843178, 0.9575750795843178, 0.0 0.0 0.00034102345087846117 0.006166500998797813 0.029143391824100938 0.17639914204598414 0.7879499416802386, 
40, 111111, 011111, 0.9625722061186399, 0.9625722061186399, 0.0 0.0 2.32198051679702e-06 0.0023537982149051872 0.02550203970088076 0.16649200131961628 0.805649838784081, 
41, 111110, 111110, 0.9588989536408149, 0.9588989536408149, 0.0 0.0 0.00030084432125027685 0.0038384900940040315 0.030965049404724977 0.17195733177864708 0.7929382844013737, 
42, 111111, 111111, 0.9610312229553033, 0.9610312229553033, 0.0 0.0 0.0008302179989171027 0.003305955603722816 0.02858997639285013 0.16339397067564357 0.8038798793288664, 
43, 011111, 111111, 0.9578081015634125, 0.9578081015634125, 0.0 0.0 0.00012759659593535676 0.005197602711366626 0.02942473469014054 0.17819872672140297 0.7870513392811544, 
44, 111111, 111111, 0.9601586701477134, 0.9601586701477134, 0.0 0.0 0.00018338143229087192 0.003611586275593198 0.02787661930809879 0.1717264559415794 0.7966019570424376, 
45, 111111, 111111, 0.9555185315166312, 0.9555185315166312, 0.001156508347577495 0.0006009970645634758 0.0008092125473019054 0.005304352995480057 0.036500670233367095 0.1647935258495484 0.7908347329621616, 
46, 111111, 011111, 0.9586110540770421, 0.9586110540770421, 0.0 0.0 0.0001677292617551237 0.0027079336213949993 0.02799764720818872 0.18354366321016422 0.7855830266984969, 
47, 111111, 111111, 0.9549319381486269, 0.9549319381486269, 0.0002532655670579558 8.779294366799649e-05 0.0007276823748051551 0.005361060158341094 0.03353719037205037 0.18238152226920665 0.7776514863148709, 
48, 111111, 111111, 0.9591557144432443, 0.9591557144432443, 0.0 0.0 0.0002057882877552651 0.0033583700072670262 0.028117753758111017 0.17793194265148907 0.7903861452953777, 
49, 111111, 111111, 0.9608976097751748, 0.9608976097751748, 0.0 0.0 0.0 0.003153655565071673 0.02100435636026912 0.18314466193319778 0.7926973261414615, 
50, 111111, 111111, 0.958465047585291, 0.958465047585291, 0.0 0.0 0.00044262299885139574 0.003484347315800102 0.02440614706421428 0.18817388641701843 0.7834929962041158, 
51, 111111, 111111, 0.9579560402361232, 0.9579560402361232, 0.0 0.0 0.00024247466201395237 0.0030647310137186107 0.029312949545735784 0.18347376780257732 0.7839060769759543, 
52, 011111, 111111, 0.9579336938338394, 0.9579336938338394, 0.0009108442260940869 0.0001940880951518104 0.001284775238765989 0.0032218998581437833 0.02753214066312173 0.17609324930890086 0.7907630026098218, 
53, 111111, 111111, 0.957596665337856, 0.957596665337856, 0.000242351184470171 0.00010330340309648285 0.00024620513765073954 0.0029377595594897153 0.025966554328663027 0.190718175964162 0.7797856504224678, 
54, 111111, 111111, 0.9606369156312158, 0.9606369156312158, 0.0 0.0 0.00035180918273590856 0.004816695291705209 0.023356005125854725 0.1736091733549358 0.7978663170447684, 
55, 111111, 111111, 0.9608096933692465, 0.9608096933692465, 5.843632389375141e-05 5.959079247622262e-05 0.0006197694040737265 0.004762238539214061 0.028716936226611568 0.1602936021916176 0.8054894265221132, 
56, 111111, 111111, 0.9637504285183038, 0.9637504285183038, 0.0 0.0 0.00038431571584094136 0.0028759292743735826 0.022927910926775097 0.16147655635014313 0.8123352877328672, 
57, 111111, 111111, 0.9564070272125303, 0.9564070272125303, 0.0 0.0 0.000871584533902066 0.0028809784718467337 0.034929547729660435 0.1795694677143488 0.781748421550242, 
58, 111111, 111111, 0.9593543785258557, 0.9593543785258557, 0.0 0.0 0.0002051792334338313 0.004951602005120253 0.02858835124757075 0.17102150340062905 0.7952333641132461, 
59, 111111, 111111, 0.956452831530849, 0.956452831530849, 0.0015144121073060375 0.00065674044577468 0.0005798922847878081 0.003298534187204636 0.026078927560882592 0.1845398091196658 0.7833316842943785, 
60, 111111, 111111, 0.9565811051707809, 0.9565811051707809, 0.0 0.0 0.0002524396918134888 0.004094109624668771 0.032456868276799535 0.18230754478045574 0.7808890376262625, 
61, 111111, 111111, 0.9572828292396781, 0.9572828292396781, 0.0 0.0 0.0006786035123746735 0.005976327805134511 0.03367953326102684 0.1683005605749753 0.7913649748464887, 
62, 111111, 111111, 0.9570324056266629, 0.9570324056266629, 0.00018687968323378334 7.815970954350062e-05 0.0005484856542638795 0.0035876562013383807 0.028844214116403998 0.18564815013902347 0.7811064544961931, 
63, 111111, 111111, 0.9598933232435259, 0.9598933232435259, 0.0007455652018754255 0.00023352948355708801 0.0009679387509732018 0.0034116140566023186 0.02454906304589709 0.17179429864431228 0.7982979908167825, 
64, 111111, 111111, 0.9601197764198659, 0.9601197764198659, 0.0 0.0 0.0006225873623153141 0.003391630530639074 0.026405957546108434 0.17380418534740924 0.795775639213528, 
65, 111110, 111111, 0.9574111931148003, 0.9574111931148003, 0.0 0.0 0.0002877268886816306 0.0028520787313557837 0.029427040544958392 0.186971616472488 0.7804615373625162, 
66, 111111, 111111, 0.9557833269807408, 0.9557833269807408, 0.0 0.0 0.0005320560958794185 0.004942621799856083 0.03179742138240373 0.1847491055676624 0.7779787951541983, 
67, 111111, 111111, 0.9593819162157973, 0.9593819162157973, 0.0 0.0 7.604364750217823e-05 0.0031083682457741135 0.02829655433264733 0.17748611471259076 0.7910329190614857, 
68, 111111, 111111, 0.9563621106712029, 0.9563621106712029, 0.0023553413072713992 0.0007405739452004857 0.0008110891583858571 0.0025583600379072693 0.026656285177153176 0.1797604113015801 0.7871179390725017, 
69, 111111, 111111, 0.9582607478630488, 0.9582607478630488, 0.0 0.0 0.00036230448325739014 0.003841684781724977 0.032098237264017476 0.17326476601546792 0.7904330074555322, 
70, 111111, 111110, 0.9581067462641634, 0.9581067462641634, 0.0 0.0 0.0005864645529515969 0.004333888435995962 0.0294593381144924 0.1770933226662411 0.788526986230319, 
71, 111111, 111111, 0.9592959185205919, 0.9592959185205919, 0.0 0.0 3.454114287328152e-05 0.004485674997926242 0.023436481405076082 0.18375633650102416 0.7882869659531002, 
72, 111110, 111111, 0.9526837429275437, 0.9526837429275437, 0.00039030431782171833 0.00011262184287292615 0.0013235221009736552 0.007490408491416372 0.034207292824436 0.1848127077864274 0.771663142636052, 
73, 111000, 111111, 0.9601875233655905, 0.9601875233655905, 0.0 0.0 0.0007466156077040234 0.004685617459115237 0.025325640183017844 0.17118026463225836 0.7980618621179045, 
74, 111111, 111111, 0.9608614168253623, 0.9608614168253623, 0.0003333448967102028 5.074114843940451e-05 0.00045048342953406625 0.004761792292624885 0.027264128712780677 0.16196215590379573 0.8051773536161151, 
75, 111111, 111111, 0.9638618642355393, 0.9638618642355393, 0.0013654392052816207 0.0005238296298163277 0.0003316595079329468 0.0027446544588662753 0.023809628580242798 0.14883717263717616 0.8223876159806839, 
76, 111111, 111111, 0.9589533581310569, 0.9589533581310569, 0.0 0.0 0.00024130049431426182 0.002835965660693127 0.027854532906857587 0.1810976864406077 0.7879705144975273, 
77, 111110, 111111, 0.9531941069997977, 0.9531941069997977, 0.0 0.0 0.0010837025541662886 0.007229949312912271 0.03352823606468863 0.18775422771643416 0.7704038843517986, 
78, 111111, 111111, 0.9593404214840406, 0.9593404214840406, 0.0 0.0 0.0003553102526817293 0.00424032066283732 0.024424090174562315 0.18096708774739292 0.7900131911625258, 
79, 111110, 111111, 0.9606908378990413, 0.9606908378990413, 0.0 0.0 2.6799279436610992e-05 0.0044595090023590266 0.02565893960702281 0.17105136926688363 0.7988033828442979, 
80, 111110, 111110, 0.9631453152616483, 0.9631453152616483, 0.0 0.0 0.0006475556501471428 0.003464812781027186 0.021554096366774973 0.16503525475289046 0.8092982804491603, 
81, 111111, 110000, 0.9565515307796976, 0.9565515307796976, 0.0013820674381502468 0.0004345480432428632 0.00032075910316092625 0.003460303229993198 0.02160219493516287 0.19535733450374976 0.7774427927465402, 
82, 111111, 111111, 0.9578097572707309, 0.9578097572707309, 4.254790400561832e-05 9.634816030320666e-06 0.0003263308258450599 0.00413441828590649 0.03114424562529106 0.1768409254597471 0.7875018970831743, 
83, 111111, 111111, 0.9588526671779212, 0.9588526671779212, 0.00013171539947680062 4.71284760636375e-05 0.0011186774498398104 0.003486741779718521 0.02638704247326188 0.17814904207025553 0.7906796523513838, 
84, 111111, 111110, 0.9601585833850163, 0.9601585833850163, 0.0 0.0 7.603044232447231e-05 0.004977338906438673 0.029247590499028895 0.16531718020323066 0.8003818599489771, 
85, 111111, 111111, 0.9578821236716363, 0.9578821236716363, 0.0 0.0 2.7190240967713647e-05 0.002398672338323051 0.03045170926506602 0.1844990614612106 0.7826233666944326, 
86, 011111, 111111, 0.9511823300735863, 0.9511823300735863, 0.0 0.0 0.0015423974529348765 0.00743213001851088 0.0340646730467141 0.1963106935977818 0.7606501058840583, 
87, 111111, 111111, 0.9603445884938232, 0.9603445884938232, 0.0 8.472095833349795e-06 0.0008049755327255952 0.0032609600500012824 0.028919972666823997 0.16704738094333918 0.7999582387112767, 
88, 111111, 111111, 0.9596237967474791, 0.9596237967474791, 0.00043077503129005426 0.00021138430647327783 0.0005395427887096858 0.003733340011540722 0.025783871151339108 0.17368971430287933 0.7956113724077678, 
89, 111111, 111111, 0.960122236291201, 0.960122236291201, 0.0 0.0 0.0002984469646498135 0.0034766914419519543 0.023437722860199562 0.18076727434793982 0.792019864385259, 
90, 111110, 111111, 0.9595286380600517, 0.9595286380600517, 0.0 0.0 0.00024707381692943116 0.003184937313399169 0.028245517477494715 0.17579402947678496 0.7925284419153916, 
91, 111111, 011110, 0.9596228901573755, 0.9596228901573755, 0.00035610051005865843 8.338964958122797e-05 0.0004571516547090666 0.003533176483377452 0.029039533973642888 0.16920190373123517 0.7973287439973955, 
92, 011111, 111111, 0.960341708527487, 0.960341708527487, 0.0 0.0 0.0004879902576867739 0.003349863926275335 0.031187180436641496 0.1635738351522215 0.8014011302271749, 
93, 111111, 111111, 0.9582382827523506, 0.9582382827523506, 0.0 0.0 0.0005362400172591493 0.004557334415853036 0.027831536653304463 0.17909026686269275 0.7879846220508906, 
94, 111111, 111111, 0.9566088995555018, 0.9566088995555018, 0.0011541106023011888 0.0004557811138687814 0.0009718025136065482 0.004052272625669581 0.02908183982903993 0.17693532589432387 0.78734886742119, 
95, 111111, 111111, 0.95921683614099, 0.95921683614099, 0.001039664560595992 0.0004692515067073986 5.185304564027559e-05 0.0030030954163802943 0.02416484266706411 0.17856835449111794 0.7927029383124939, 
96, 111111, 011111, 0.9527138955267389, 0.9527138955267389, 0.00126998541549342 0.00045086201462200706 0.0006887115516164756 0.005460897030718535 0.03499382903892181 0.18471720889703125 0.7724185060515966, 
97, 111111, 111111, 0.9598257734468795, 0.9598257734468795, 0.0 0.0 0.0006036163370238031 0.0025519956368806377 0.02911436515013033 0.17274617675972476 0.7949838461162405, 
98, 111111, 111111, 0.9590469204346976, 0.9590469204346976, 0.0 0.0 0.00029742478480849946 0.005313235439692714 0.029548641372462537 0.1694917891885777 0.7953489092144586, 
99, 111111, 111111, 0.9588535939482021, 0.9588535939482021, 0.0 0.0 8.142145000843773e-05 0.0016925413272385794 0.02833766084195137 0.1847998048451351 0.7850885715356665, 
100, 111111, 011111, 0.9592320003720459, 0.9592320003720459, 0.0 0.0 0.000537201825438227 0.004829055661677959 0.029203744114289536 0.16956453525235904 0.7958654631462353, 
run, initial grid state, final grid state, mean grid cell occupancy, mean binding site occupancy, fraction of time with N TFs bound, warning
1, 111111, 111111, 0.9643872095159867, 0.9643872095159867, 0.0 0.0 0.000107246035485665 0.0020270434236144734 0.02517962418327975 0.15680738012473497 0.815878706232885, 
2, 111111, 111111, 0.9560146432554595, 0.9560146432554595, 0.0010215395371925263 0.00026713010713395614 0.0017583843863211942 0.004463652257173328 0.03389555009438078 0.16823165820285232 0.7903620854149459, 
3, 111111, 111111, 0.9554647644822093, 0.9554647644822093, 0.0 0.0 0.0004882155503197089 0.003861590343781882 0.037576132315576466 0.17852151524296622 0.7795525465473558, 
4, 111111, 011111, 0.9592372687243436, 0.9592372687243436, 0.0 0.0 0.0005937420177828272 0.004549045667556123 0.029713032263228845 0.16912821805368172 0.7960159619977505, 
5, 011111, 111111, 0.961634927261076, 0.961634927261076, 0.0 0.0 0.0003426803213500976 0.004243412302832547 0.023041506053219512 0.17000646613320683 0.802365935189391, 
6, 111110, 111111, 0.9620457768936721, 0.9620457768936721, 0.0 0.0 0.00021498434329268477 0.0027628881563697256 0.02403091610334863 0.1705149045889897 0.8024763068079993, 
7, 011111, 111111, 0.9628139893692258, 0.9628139893692258, 0.0 0.0 0.00021132848467633836 0.0016541462411308854 0.02425202054864397 0.1688042700252593 0.8050782347002896, 
8, 111111, 011111, 0.9564524386712245, 0.9564524386712245, 0.0 0.0 0.00036651771952155086 0.005405420268330244 0.03319201503337179 0.1772190062228316 0.7838170407559448, 
9, 111111, 111111, 0.9631089641982208, 0.9631089641982208, 0.0 0.0 0.0013367421145611149 0.004109927349046525 0.026215624237559316 0.15123821583017208 0.8170994904686609, 
10, 111111, 111111, 0.9568298638180406, 0.9568298638180406, 0.0 0.0 0.0006299697363430828 0.005949722637229405 0.03040701534924956 0.17783773953619694 0.785175552740981, 
11, 111111, 111111, 0.9616176818232506, 0.9616176818232506, 0.0 0.0 0.00019975387439148765 0.0035604459408781993 0.02234955418647323 0.17411444736734905 0.799775798630908, 
12, 111111, 111111, 0.9574301004956239, 0.9574301004956239, 0.0 0.0 0.0003199180800156934 0.0038130154453298944 0.03127805265269413 0.18014457306481493 0.7844444407571454, 
13, 111111, 111111, 0.9619321068110743, 0.9619321068110743, 0.0 0.0 0.00030546183287163573 0.0024150382362796894 0.025955525643967615 0.16802934580529366 0.8032946284815874, 
14, 111111, 111111, 0.9599925063625809, 0.9599925063625809, 0.0009736418633231661 0.00026511787452879404 0.0005952769822336378 0.0035611054297734154 0.02559418219292856 0.1686247326678194 0.8003859429893931, 
15, 111111, 111111, 0.9557300478153457, 0.9557300478153457, 0.0 0.0 0.00019209316766614004 0.005279003730764403 0.03514594965539897 0.17872242993417004 0.7806605235120005, 
16, 111111, 111110, 0.960563507284621, 0.960563507284621, 0.0002809683570600691 8.110301217362993e-05 0.00040211777699676295 0.003359828406469637 0.024395068864375917 0.17404953703289738 0.7974313765500265, 
17, 111111, 111111, 0.9552050888644116, 0.9552050888644116, 0.0 0.0 0.0008819970268366449 0.00628777910626592 0.03747512684668685 0.17142788769401202 0.7839272093261985, 
18, 111110, 111111, 0.9556846664953794, 0.9556846664953794, 0.0005192023859780175 0.0003834463259606134 0.0009565150976832281 0.0043174868121387345 0.03204466835531122 0.17999169754428135 0.7817869834786468, 
19, 111111, 111111, 0.9556919604149265, 0.9556919604149265, 0.0018220933460047128 0.0008119387877107801 0.0025695446616644233 0.004189732784726109 0.029412821198699573 0.16918296409762357 0.7920109051235709, 
20, 111111, 011111, 0.9624804230945636, 0.9624804230945636, 0.00014592938312448206 0.000118787671676789 0.00036192855031683325 0.0024673901911306307 0.02758845410465601 0.15962115379151623 0.809696356307579, 
21, 111111, 011111, 0.9594034566773704, 0.9594034566773704, 0.00021287030920108158 5.8401624571936466e-05 0.0008904105953161772 0.004569067319277129 0.028874532106350603 0.1669921214059141 0.798402596639369, 
22, 111111, 111111, 0.9600123770489398, 0.9600123770489398, 0.0008976366926826748 0.00029698195279456317 0.00011618641643121128 0.0026906080584407914 0.0259627168422913 0.17259300426066207 0.7974428657766974, 
23, 111111, 111111, 0.9580500577912703, 0.9580500577912703, 0.0001600484706804298 2.0734151731105075e-05 0.0010881191015173707 0.006079638449595477 0.026090989292948934 0.1758623213288861 0.7906981492046407, 
24, 111111, 111111, 0.9628252082232615, 0.9628252082232615, 0.0 0.0 0.0002719672608076958 0.0024876095921472067 0.020202556933101953 0.17409293897455422 0.8029449272393889, 
25, 111111, 111111, 0.9596638558082851, 0.9596638558082851, 0.0 0.0 0.00048338823885838187 0.004460912373873889 0.027215376365372378 0.1722698223424893 0.795570500679406, 
26, 111111, 011111, 0.9590897491740249, 0.9590897491740249, 0.0 0.0 0.00014433797219225337 0.0036390291471109643 0.03198610325589837 0.169994859113952 0.7942356705108464, 
27, 111111, 111111, 0.9556850328341345, 0.9556850328341345, 0.0018375305710453076 0.0006611722220541182 0.0012476574762965808 0.00526763527588905 0.029809421644642065 0.17114637943651215 0.7900302033735607, 
28, 111111, 111111, 0.9597579736825184, 0.9597579736825184, 0.0 0.0 3.811680939242953e-05 0.0030077852495524427 0.028975661547734607 0.1743250118231944 0.7936534245701261, 
29, 111111, 111111, 0.9608915433262538, 0.9608915433262538, 0.0 0.0 0.0 0.0029486803424474666 0.02601104607533241 0.17378260686446984 0.7972576667177502, 
30, 111111, 111111, 0.9587833662886663, 0.9587833662886663, 1.154234869463103e-05 5.793726354445729e-05 0.001323196443558477 0.004408336061543673 0.026654273911567692 0.1751145200761112 0.7924301938949798, 
31, 111100, 111111, 0.9605061222580108, 0.9605061222580108, 0.0 0.0 0.00015052504703862325 0.005362715897734775 0.02533985435868603 0.16959330985320412 0.7995535948433364, 
32, 111110, 111111, 0.9622921669008215, 0.9622921669008215, 0.0 0.0 9.229705160969779e-05 0.002164946649513415 0.024134178777552275 0.17111461288498728 0.8024939646363374, 
33, 111111, 011100, 0.961674778071529, 0.961674778071529, 0.0 0.0 5.29396825709797e-05 0.004051985107299153 0.023147510819912495 0.17128859587882023 0.8014589685113972, 
34, 111111, 111110, 0.963239350027463, 0.963239350027463, 0.0006706721142018125 0.00041717738510175823 0.001096992579001103 0.0036526717082454546 0.020423169163009194 0.15826165645774395 0.8154776605926967, 
35, 111111, 111111, 0.9614130971048209, 0.9614130971048209, 0.0 0.0 0.00011675770950816925 0.003897783702373314 0.026026177032576505 0.1673086813607696 0.8026506001947724, 
36, 111111, 111110, 0.9531649585020495, 0.9531649585020495, 4.1278146235375175e-05 8.818361485225813e-05 0.0012815299654006956 0.007791850790069004 0.03910729091887047 0.1736054079664783 0.7780844585980939, 
37, 111111, 111111, 0.9601290009955399, 0.9601290009955399, 0.0 0.0 0.0004158937818364302 0.0037764152850218572 0.02526560317311585 0.17570196669811838 0.7948401210619074, 
38, 111110, 111111, 0.9598405623736601, 0.9598405623736601, 0.0 0.0 0.0006941566255349523 0.005860947345881778 0.02739138908028594 0.16581437905768262 0.8002391278906147, 
39, 111111, 111111, 0.9609565601899189, 0.9609565601899189, 0.0 0.0 0.0 0.003616263467484879 0.026785046185531906 0.16984175608696855 0.7997569342600147, 
40, 111111, 111111, 0.9646758810603253, 0.9646758810603253, 6.269748628173555e-05 3.291418846527735e-05 0.00010369681195009321 0.0012331874147578363 0.02262788652152611 0.16203383524290513 0.8139057823341138, 
41, 111111, 111110, 0.9585112072035696, 0.9585112072035696, 0.0 0.0 0.001417205366103734 0.004156323229887826 0.028716791969789268 0.1733613816849255 0.7923482977492938, 
42, 111111, 111110, 0.9601707169879115, 0.9601707169879115, 0.0 1.9767240599961506e-05 0.0005359791600786503 0.0038909596295623548 0.027203055609291104 0.17065395512194761 0.7976962832385203, 
43, 111111, 111110, 0.9614665200636218, 0.9614665200636218, 0.0 0.0 0.00024329218411730865 0.0019870906366429935 0.025927683680686344 0.17241107161049815 0.7994308618880552, 
44, 111111, 111111, 0.9573330858970187, 0.9573330858970187, 0.0 0.0 0.0004048188889878722 0.0054169167777575015 0.029860482831464398 0.17841049306573498 0.7859072884360553, 
45, 001111, 111111, 0.9606702915521269, 0.9606702915521269, 0.0 0.0 0.0003393323087718089 0.004420042358239837 0.02228992983991016 0.17678093469761155 0.7961697607954666, 
46, 111111, 111100, 0.9595645437180637, 0.9595645437180637, 2.347201630978357e-05 2.5450256863151275e-05 0.0005538334757744697 0.003471535670455623 0.030167215027483294 0.16938028334001287 0.7963782102131008, 
47, 011111, 111111, 0.9577157900576104, 0.9577157900576104, 0.0 0.0 0.0007727632853605633 0.007146200940864639 0.031742048129484925 0.1656915074313314 0.7946474802129585, 
48, 111111, 111111, 0.9590591241615128, 0.9590591241615128, 0.0010798167301835331 0.00032343916118667237 0.0009114293454758042 0.005174255474491878 0.028560629312144772 0.16125941641422004 0.8026910135622973, 
49, 111111, 111111, 0.9601755817774393, 0.9601755817774393, 0.0 0.0 0.00035023149151291164 0.0032533786736409433 0.028986830942235996 0.16981178546391706 0.7975977734286931, 
50, 111111, 111111, 0.9602128210533075, 0.9602128210533075, 0.0 0.0 0.00030287975431804144 0.0051350835115408465 0.026782830828201314 0.16854064247185763 0.7992385634340822, 
51, 111111, 111111, 0.9633138536023204, 0.9633138536023204, 0.0 0.0 0.00021276365132013954 0.0026692645165067013 0.01931829274445253 0.17262144474237212 0.8051782343453486, 
52, 111111, 111111, 0.9545234297951827, 0.9545234297951827, 0.0003446594957767923 8.345228189252671e-05 0.0018722085956910748 0.006135956356433303 0.03506827571913789 0.17434094795444022 0.7821544995966282, 
53, 111111, 111110, 0.9572122480418356, 0.9572122480418356, 0.0008065501011842772 0.00028348677768026074 0.0004928594860666989 0.006276847975878243 0.030421560084188157 0.16882467521320085 0.7928940203618015, 
54, 111111, 111111, 0.9562482095538415, 0.9562482095538415, 0.0 0.0 0.001231900277194494 0.0054370197638479575 0.03526843276460943 0.17073521674740957 0.7873274304469384, 
55, 111111, 111111, 0.9597704168796443, 0.9597704168796443, 0.0 0.0 0.0 0.004590547622139382 0.028561217032758383 0.17048342179019949 0.7963648135549026, 
56, 111111, 111111, 0.9563632138797936, 0.9563632138797936, 0.0 0.0 0.00046594170250825935 0.0042059277246209725 0.028658627421522788 0.19002191189429704 0.776647591257051, 
57, 111111, 111111, 0.9548707371763553, 0.9548707371763553, 0.001452262416782379 0.00059433431293181 0.0011031105968797774 0.006277605109633519 0.0320827584880392 0.1716795561840166 0.7868103728917167, 
58, 111111, 111100, 0.9592920015322691, 0.9592920015322691, 0.00042952959086304615 0.00016458816774047555 0.0007109463028073877 0.004329324002636159 0.026245205385378285 0.1725257044326103 0.7955947021179643, 
59, 111111, 011111, 0.9585002623939942, 0.9585002623939942, 0.0 0.0 0.00011104362873270396 0.003589124953993303 0.02773620576873557 0.1823144647216533 0.786249160926885, 
60, 111111, 111111, 0.9577571775775786, 0.9577571775775786, 0.0 0.0 0.0011527413123103266 0.003661459187538169 0.028391660798275938 0.18107827012612057 0.785715868575755, 
61, 111111, 111111, 0.9602604404041661, 0.9602604404041661, 0.0 0.0 4.942647308326902e-05 0.004681356376660767 0.02983063211293326 0.164534318326821 0.8009042667105017, 
62, 111111, 111110, 0.9567811113709426, 0.9567811113709426, 0.00010248908872729255 5.0898755949451805e-05 0.00017034021164031253 0.003922705753528202 0.03103401827744306 0.18392638880020185 0.7807931591125099, 
63, 111111, 111111, 0.9593440722035266, 0.9593440722035266, 7.79417011846531e-05 0.00010378911757619607 0.0006204514722975378 0.005305310405012191 0.02714427949145733 0.17026267489670951 0.7964855529157626, 
64, 111111, 111110, 0.9594259627311519, 0.9594259627311519, 0.0 0.0 0.0005551576556039992 0.004950135358031647 0.03063766787088301 0.1650978511748116 0.7987591879406698, 
65, 111111, 111111, 0.9533379513371072, 0.9533379513371072, 0.00017597661404314494 2.0944489954199108e-05 0.0002843338877093224 0.005925852630715539 0.03498393322285147 0.18992894995464038 0.768680009200086, 
66, 111111, 111111, 0.9618783835466513, 0.9618783835466513, 0.0 0.0 0.00010956928228619551 0.0037557109397825415 0.028023975717869177 0.16097633733586156 0.8071344067242004, 
67, 011110, 111110, 0.9614782793499117, 0.9614782793499117, 0.0 0.0 0.0002753167351642393 0.003957192168498408 0.02891187818060783 0.16033372409316202 0.8065218888225675, 
68, 111111, 111111, 0.9531019896715658, 0.9531019896715658, 0.0003807923243898437 0.00022056462720422516 0.0007667125098804632 0.006910605194729765 0.033759930425115464 0.18668195841430293 0.7712794365043774, 
69, 111111, 111111, 0.9568317655137338, 0.9568317655137338, 0.0012153981834461575 0.000341778931304046 0.0010889500246872787 0.005907251549414034 0.028471626660997687 0.170987315091414 0.7919876795587368, 
70, 111111, 111111, 0.9585611948763871, 0.9585611948763871, 0.0 0.0 0.0011717746487367436 0.0038343586207090392 0.028714406065148915 0.17501384415430546 0.7912656165110998, 
71, 111111, 111111, 0.9531758208533332, 0.9531758208533332, 0.0 0.0 0.0014830705656652505 0.0059893024011113995 0.033827945616307725 0.1893889941813899 0.7693106872355256, 
72, 111111, 111111, 0.9593917306831016, 0.9593917306831016, 0.0 0.0 0.0003013370861760775 0.005048151751395208 0.03086967125910278 0.1655604697842944 0.7982203701190316, 
73, 111111, 111111, 0.9619037853187579, 0.9619037853187579, 0.0 0.0 0.00023513238538117634 0.0029573652077713535 0.027428861539392276 0.16390693984382945 0.8054717010236258, 
74, 111110, 111110, 0.9556892685852015, 0.9556892685852015, 0.0013898789629247074 0.0006477182551523616 0.0009487192064264842 0.00577831649266912 0.026921056946402754 0.17931458323896174 0.7849997268974628, 
75, 111111, 111110, 0.9555484515707224, 0.9555484515707224, 0.0002221036252752017 8.214924768700485e-05 0.0017003136925640488 0.00405199504909504 0.02766653573078046 0.19067561120647722 0.775601291448121, 
76, 111111, 111111, 0.9570091634091115, 0.9570091634091115, 0.0 0.0 0.00011485064897863991 0.005623280304054798 0.029256683788457156 0.18210240846033804 0.7829027767981714, 
77, 111100, 111111, 0.9548694505748849, 0.9548694505748849, 0.0 1.9339045103699678e-05 0.0006462619384164576 0.005305690741308909 0.040045347505414136 0.1720937863367517 0.7818895744330051, 
78, 111111, 111111, 0.9550083860622296, 0.9550083860622296, 0.0 0.0 0.00019704131034561565 0.005894685953203059 0.03661270552322322 0.17825204947918422 0.7790435177340439, 
79, 001111, 111111, 0.957951779327802, 0.957951779327802, 0.0002531445868271128 0.00010830377319618703 0.0007990651290047168 0.004360103128691214 0.033004778967451694 0.167942809809249 0.79353179460558, 
80, 111111, 111111, 0.9618926722008225, 0.9618926722008225, 2.2762712225346337e-05 4.887588030803771e-05 0.0006612560770130157 0.004040232797995283 0.026265816392842437 0.1609656556324502 0.8079954005071657, 
81, 111111, 111111, 0.9556515490506488, 0.9556515490506488, 0.0 0.0 0.0002681179549474659 0.004373421064584397 0.032593384448368894 0.18671120178582634 0.7760538747462729, 
82, 111111, 111111, 0.9615246685091074, 0.9615246685091074, 0.0 0.0 2.6102267931472685e-05 0.0024055533638036976 0.026359303611452712 0.17081231255931284 0.8003967281974994, 
83, 111110, 111111, 0.9626931422091906, 0.9626931422091906, 0.0 0.0 0.00013307707234144208 0.0015858425860779625 0.023823349929424406 0.17090461083840744 0.8035531195737489, 
84, 111111, 111111, 0.9600716645047922, 0.9600716645047922, 6.6023662342344e-06 4.805177175771622e-06 0.0004078315549008122 0.003815480857860609 0.027320961948405716 0.1717866801979657 0.7966576378974571, 
85, 111111, 111111, 0.95940133993606, 0.95940133993606, 0.0 0.0 0.00012190850241822855 0.0033864410173208457 0.03404712224754119 0.1648507588269223 0.7975937694057974, 
86, 111111, 111100, 0.9558513333925328, 0.9558513333925328, 0.0001678198638849031 0.00012787272395292916 0.0006486772546998659 0.005705442081128046 0.032259176168928046 0.17901632924168995 0.7820746826657162, 
87, 111111, 111111, 0.9602898251598591, 0.9602898251598591, 0.0 0.0 3.029840398828188e-05 0.004499646804680987 0.03046322341221094 0.16371446818642776 0.8012923631926919, 
88, 111111, 111111, 0.9615910746339387, 0.9615910746339387, 0.0 0.0 3.6558713272526144e-05 0.003376135803569498 0.02442869855453556 0.17132151282349772 0.8008370941051247, 
89, 111111, 111111, 0.9606034425023571, 0.9606034425023571, 0.0 0.0 2.5554728088038305e-05 0.002659971494312286 0.02461784303152628 0.17906152552751678 0.7936351052185566, 
90, 111111, 111111, 0.9593678798765909, 0.9593678798765909, 0.0 0.0 0.0002493139951929308 0.0033318262531568496 0.030074452105947315 0.17265108178831776 0.7936933258573852, 
91, 111111, 111111, 0.9575814426653946, 0.9575814426653946, 0.0 0.0 0.0007179478916252226 0.004034574491172702 0.02807472273063802 0.1833863835063378 0.7837863713802263, 
92, 111111, 111110, 0.958111888337055, 0.958111888337055, 0.0 0.0 0.000607960215033298 0.004487208839632348 0.031021349127635385 0.17339250434336917 0.7904909774743298, 
93, 111111, 111011, 0.9527860591555993, 0.9527860591555993, 0.0015872351954290978 0.00035393783215426257 0.0019000279780571798 0.003158786078507403 0.03399919116592939 0.1869156922534484 0.7720851294964742, 
94, 111111, 011111, 0.9588590544485368, 0.9588590544485368, 0.0 0.0 0.00035111933555989036 0.0038542473248588077 0.027010539045022684 0.17985737590191805 0.7889267183926405, 
95, 111111, 111111, 0.9579663987299645, 0.9579663987299645, 0.0 0.0 0.0003681850096365667 0.005196726395697224 0.029819994315271037 0.17549869976403343 0.7891163945153616, 
96, 111111, 011111, 0.9596624423146154, 0.9596624423146154, 0.0 0.0 0.0015179513173737837 0.0034296147089738077 0.025846095075242454 0.1739725065654068 0.7952338323330032, 
97, 111111, 111110, 0.9608781993524518, 0.9608781993524518, 0.0 0.0 4.598656980196634e-05 0.004574954621547744 0.022603477323259093 0.17561503909492043 0.7971605423904708, 
98, 111111, 111111, 0.960786592070457, 0.960786592070457, 0.0 0.0 0.00034161387661292434 0.0051462888793702205 0.025455301870188622 0.16756452169231845 0.8014922736815098, 
99, 111111, 111111, 0.9625066772336065, 0.9625066772336065, 0.0 0.0 0.0011011352834804568 0.0032646428360288693 0.02368475909609574 0.16339194876416102 0.808557514020234, 
100, 111111, 111111, 0.9540816201668597, 0.9540816201668597, 0.0008569614217250687 0.0003746695219448634 0.001463593875326883 0.007651647122224767 0.03290886747784866 0.1738681110350879 0.782876149545842, 
