run, initial grid state, final grid state, mean grid cell occupancy, mean binding site occupancy, fraction of time with N TFs bound, warning
1, 0011111100, 0011111111, 0.6213461166009622, 0.9932195154041039, 0.0 0.0 0.0 0.0 0.0011433340334391238 0.038396239508497146 0.9604604264580637, 
2, 0011111100, 0011111100, 0.6188786344072785, 0.9901244840749495, 0.0 0.0 0.0 0.00011438975354069754 0.003119302586684681 0.05267132111631231 0.9440949865434622, 
3, 0111111100, 0011111100, 0.6200486128317784, 0.9915885676614808, 0.0 0.0 0.0 0.0 0.001894242453960918 0.04668010912319274 0.9514256484228464, 
4, 0011111100, 0001111100, 0.6196038924844732, 0.9910146164970991, 0.0 0.0 0.0 0.0 0.0024226929201506073 0.04906691517710407 0.9485103919027453, 
5, 0011111100, 0011111100, 0.6205469848063967, 0.9926909802886894, 0.0 0.0 0.0 0.0 0.0007025894706934122 0.04244893932647722 0.9568484712028295, 
6, 0111111100, 0011111100, 0.620572233587628, 0.9918191886758594, 0.0 0.0 0.0 0.00010151309484867822 0.0012401555845351587 0.04630001749122699 0.9523583138293892, 
7, 0111111100, 0011111100, 0.6203361239332266, 0.992459503255683, 0.0 0.0 0.0 0.0 0.0011691010926548923 0.04290477828059225 0.9559261206267529, 
8, 0011111100, 0011111100, 0.6200125929434147, 0.9903929309233078, 0.0 0.0 0.0 0.00019987983529424382 0.001382576404987382 0.05427762214429526 0.9441399216154231, 
9, 0011111100, 0011111100, 0.6205190949240837, 0.9922202514911836, 0.0 0.0 0.0 0.0 0.0007127779860960301 0.04525293508070591 0.954034286933198, 
10, 0011111100, 0011111100, 0.6201486957244922, 0.9911886236859769, 0.0 0.0 0.0 1.4970328343709308e-05 0.0037283610490355602 0.04536662480103572 0.950890043821585, 
11, 0011111100, 0111111100, 0.6209898341351495, 0.9926435287809642, 0.0 0.0 0.0 0.0 0.0021040004841985224 0.039930826345817294 0.9579651731699843, 
12, 0011111100, 0011111100, 0.620634476323948, 0.9915893677133385, 0.0 0.0 0.0 0.0005287436306502705 0.0016741728265879834 0.04552921717484159 0.9522678663679202, 
13, 0111111100, 0011111100, 0.6210703417546095, 0.9927444735109004, 0.0 0.0 0.0 0.0 0.0008553007140842363 0.04182255750642846 0.9573221417794873, 
14, 0011111100, 0111111100, 0.6193882639653019, 0.9904832247505071, 0.0 0.0 0.0 0.0002969269745349032 0.0025689402604667628 0.05107199005241971 0.9460621427125786, 
15, 0011111100, 0011111100, 0.6207752079905693, 0.992024321695887, 0.0 0.0 0.0 0.0 0.0016512572573546566 0.04455155530996906 0.9537971874326763, 
16, 0011111000, 0011111100, 0.62066939925256, 0.991679146778563, 0.0 0.0 0.0 0.00010783944533331052 0.0027059045466219524 0.04418979189937892 0.9529964641086658, 
17, 0011111100, 0111111100, 0.6203895880653848, 0.991760149252758, 0.0 0.0 0.0 0.0 0.0007840877159814465 0.04787092905148969 0.9513449832325289, 
18, 0011111100, 0011111100, 0.6211331179849292, 0.992688351036372, 0.0 0.0 0.0 0.0 0.0012619830834700804 0.04134592761482866 0.9573920893017013, 
19, 0011111100, 0011111100, 0.6207545430132649, 0.9920730511926869, 0.0 0.0 0.0 0.0 0.0016417175613603206 0.04427825772115788 0.9540800247174819, 
20, 0011111110, 0011111100, 0.6201077070170434, 0.9914006630607552, 0.0 0.0 0.0 0.0001730212786565508 0.0026069941333726897 0.04586296953275391 0.9513570150552169, 
21, 1111111100, 0011111100, 0.6215399132708326, 0.9929934101036711, 0.0 0.0 0.0 0.0 0.0017726868684137434 0.038494165641145696 0.9597331474904406, 
22, 0011111100, 0011111100, 0.6201238405669498, 0.9916472475276196, 0.0 0.0 0.0 0.0001382541787683396 0.0014494834469827725 0.04680278540401261 0.9516094769702363, 
23, 0011111110, 0011111100, 0.6203486689153237, 0.9922336879793084, 0.0 0.0 0.0 0.0 0.0020996826018762163 0.04239850692039699 0.9555018104777268, 
24, 0111111100, 0011111100, 0.6187869809134656, 0.9896503548776902, 0.0 0.0 0.0 0.0002425693413206225 0.003077301833581186 0.05521555904273527 0.9414645697823629, 
25, 0011111100, 0011111100, 0.6199401453860688, 0.9910588947671256, 0.0 0.0 0.0 0.0 0.0021631321501479187 0.04932036709695053 0.9485165007529016, 
26, 0011111100, 0111111100, 0.6214793526301257, 0.992415068894114, 0.0 0.0 0.0 0.0 0.0017711774399513855 0.041967231755412886 0.9562615908046357, 
27, 0011111110, 0011111100, 0.6208564875278945, 0.9923178299780687, 0.0 0.0 0.0 0.0 0.0012377812884914589 0.04361745755460482 0.9551447611569037, 
28, 0011111100, 0011111100, 0.6206571093595751, 0.9916998008334782, 0.0 0.0 0.0 0.0 0.001854333956275512 0.046092527086580126 0.9520531389571444, 
29, 0011111100, 0011111100, 0.6205396532048116, 0.9913614105792646, 0.0 0.0 0.0 0.0 0.0019858490553426172 0.0478598384137276 0.9501543125309297, 
30, 0011111100, 0001111100, 0.6209458728349508, 0.9923787296721353, 0.0 0.0 0.0 0.0 0.0015597799769092172 0.04260806201337002 0.9558321580097208, 
31, 0011111100, 0011111100, 0.6204542989438213, 0.9913501592438491, 0.0 0.0 0.0 0.0 0.0018473960496923857 0.04820425243752209 0.9499483515127856, 
32, 0011111100, 0011111100, 0.6209515946201289, 0.9926266989166722, 0.0 0.0 0.0 0.00015658464415334517 0.0009748118737723287 0.04182042881996257 0.9570481746621118, 
33, 0011111100, 0001111100, 0.6193803276421982, 0.9907738608963792, 0.0 0.0 0.0 3.2697008350803734e-05 0.002474449501758416 0.050309844593155684 0.9471830088967351, 
34, 0111111100, 0111111100, 0.6209391177050521, 0.991694513662113, 0.0 0.0 0.0 0.0 0.0036023312001925703 0.04262825562693736 0.95376941317287, 
35, 0111111100, 0011111100, 0.6212998651503142, 0.9931804291550316, 0.0 0.0 0.0 0.0 0.00031911108789483704 0.04027920289402027 0.959401686018085, 
36, 0001111100, 1111111100, 0.6211213236003611, 0.9930343329053786, 0.0 0.0 0.0 7.451408110573178e-05 0.0012358155618153299 0.039098829200781185 0.9595908411562978, 
37, 0011111100, 0011111110, 0.6213800206704282, 0.9932824560458091, 0.0 0.0 0.0 0.00017593786320323034 0.0018521703577681096 0.036073109419998 0.9618987823590307, 
38, 0011111100, 0011111100, 0.6198880072670793, 0.9910036255522641, 0.0 0.0 0.0 0.00010718917954978488 0.0030935687978560864 0.04746954155205436 0.9493297004705398, 
39, 0011111100, 0011111100, 0.6190257157283698, 0.9908643598518173, 0.0 0.0 0.0 0.0002886362307564701 0.002810889740827197 0.048326152715172474 0.9485743213132439, 
40, 0011111100, 0011111100, 0.6210659428610502, 0.9923914129549586, 0.0 0.0 0.0 0.0 0.0007601891742629095 0.0441311439217224 0.9551086669040147, 
41, 0011111100, 0011111100, 0.6209415636927262, 0.9928335258268551, 0.0 0.0 0.0 0.0 0.0014824989867871644 0.04003384706529505 0.9584836539479179, 
42, 0011111100, 0011111100, 0.6202031923239505, 0.9914160756012936, 0.0 0.0 0.0 0.0 0.0015152555993354106 0.04847303519356742 0.9500117092070972, 
43, 0011111100, 0011111100, 0.6215798301061078, 0.9928967000066758, 0.0 0.0 0.0 0.0 0.0008713855914605745 0.04087702877702358 0.9582515856315159, 
44, 0011111100, 0011111100, 0.6210506162691207, 0.9924430547714185, 0.0 0.0 0.0 0.0 0.00023039178634012028 0.04488088779880966 0.9548887204148502, 
45, 0111111100, 0011111110, 0.6205367332216202, 0.9917478709802465, 0.0 0.0 0.0 0.0 0.0013175697876484337 0.04687763454322453 0.9518047956691271, 
46, 0011111100, 0011111100, 0.6204186420886462, 0.9914821959145226, 0.0 0.0 0.0 0.0 0.0027764059847045545 0.045554012543455855 0.9516695814718397, 
47, 0011111000, 0011111100, 0.6210474528021651, 0.9928110740333168, 0.0 0.0 0.0 7.445300831096512e-05 0.0011922919495456772 0.04052561287607528 0.9582076421660681, 
48, 0111111110, 0111111100, 0.6208426390864715, 0.9917965745958706, 0.0 0.0 0.0 0.0 0.0010316269264277105 0.04715729857192079 0.9518110745016516, 
49, 0011111100, 0011111100, 0.6209907741050383, 0.9921020890740057, 0.0 0.0 0.0 6.120226888162748e-05 0.0010102745202780017 0.045183309708764184 0.9537452135020761, 
50, 0011111100, 0011111100, 0.6209293312336548, 0.9923676948993964, 0.0 0.0 0.0 1.2577030608767553e-06 0.0033101030531131437 0.039169851388213134 0.9575187878556127, 
51, 0011111100, 0011111100, 0.6208084028792438, 0.9918232014328974, 0.0 0.0 0.0 6.902035458383105e-05 0.0012680011203272665 0.0463177280982112 0.9523452504268777, 
52, 0011111100, 0011111100, 0.621229018620023, 0.9928903822488154, 0.0 0.0 0.0 0.0 0.0007485179043284058 0.04116067069844965 0.9580908113972219, 
53, 0011111100, 0011111100, 0.6209893488737706, 0.9921950719456358, 0.0 0.0 0.0 0.0 0.0007409127461386719 0.045347742833908126 0.9539113444199533, 
54, 0011111110, 0011111110, 0.6207436800352777, 0.9924117760811099, 0.0 0.0 0.0 0.0 0.0016750035543270053 0.04217933640468675 0.9561456600409862, 
55, 0011111100, 0111111100, 0.6209160153026959, 0.9918181394251928, 0.0 0.0 0.0 0.0 0.0012479322272532184 0.04659529899433681 0.95215676877841, 
56, 0011111100, 0011111100, 0.6207032564802392, 0.9921227415034581, 0.0 0.0 0.0 0.0 0.0017701344735869054 0.043723282032078356 0.9545065834943347, 
57, 0011111110, 0011111100, 0.6204005992802121, 0.9916743096844405, 0.0 0.0 0.0 1.1206060116745175e-05 0.0022606232248546677 0.045399277263296935 0.9523288934517317, 
58, 0111111100, 0011111100, 0.6213961435218063, 0.9922173366921565, 0.0 0.0 0.0 0.0 0.002337928456068464 0.04202012293492349 0.9556419486090081, 
59, 0011111100, 0011111110, 0.6206535706038947, 0.9911807852390706, 0.0 0.0 0.0 4.411741066773732e-05 0.002328938079662069 0.0481250601742492 0.9495018843354209, 
60, 0011111100, 0111111100, 0.6211497831297158, 0.9927281327475225, 0.0 0.0 0.0 0.0 0.0014034660651713537 0.040824271384522486 0.9577722625503062, 
61, 0000111110, 0011111100, 0.6205102757534324, 0.9927103020423174, 0.0 0.0 0.0 0.0 0.0008295926524795455 0.042079002441135605 0.9570914049063849, 
62, 0011111100, 0011111100, 0.6215802313668433, 0.9928540949806378, 0.0 0.0 0.0 0.00011478789872459268 0.0007947009461513684 0.040941664527696715 0.9581488466274273, 
63, 0111111110, 0011111100, 0.6198553327634526, 0.9913868314268366, 0.0 0.0 0.0 0.0 0.0018015461514654895 0.048075919136049534 0.9501225347124849, 
64, 0011111100, 0011111100, 0.6198684519411639, 0.9915366514749562, 0.0 0.0 0.0 0.0 0.002099550172204744 0.0465809908058539 0.9513194590219413, 
65, 0011111100, 0011111100, 0.6209172267872074, 0.9929943273737897, 0.0 0.0 0.0 0.0 0.0006052254381678785 0.04082358488092581 0.9585711896809064, 
66, 0011111100, 0011111100, 0.6215141842286274, 0.9925811390392902, 0.0 0.0 0.0 0.0 0.000617786022549754 0.04327759371915852 0.9561046202582917, 
67, 0011111100, 0011111110, 0.620514448913079, 0.9923240566648364, 0.0 0.0 0.0 0.0 0.0032088469819985753 0.039637966046984885 0.9571531869710166, 
68, 0011111100, 0011111100, 0.6207930519018507, 0.9925377740416342, 0.0 0.0 0.0 0.0 0.0014719629677098687 0.041829429814774305 0.9566986072175159, 
69, 0011111100, 0011111100, 0.6201696233965374, 0.9906504513797467, 0.0 0.0 0.0 2.6167060608579996e-05 0.003678290838136731 0.048662208863420195 0.9476333332378345, 
70, 0011111100, 0011111100, 0.6200557140744349, 0.9910860420515041, 0.0 0.0 0.0 0.0010848878881746672 0.00221228466526955 0.04580451469591343 0.9508983127506424, 
71, 0011111100, 0011111110, 0.6197803948601538, 0.9908083951753638, 0.0 0.0 0.0 0.0 0.000759585193445427 0.053630458560926554 0.945609956245628, 
72, 0011111110, 0011111100, 0.6206041539505031, 0.9928411624766919, 0.0 0.0 0.0 0.0 0.0013022628974870166 0.04034849934487442 0.9583492377576387, 
73, 0011111110, 0011111100, 0.620006515131956, 0.9922598854559611, 0.0 0.0 0.0 2.9310353727340695e-05 0.0018105179999039816 0.04273172020324306 0.9554284514431255, 
74, 0111111100, 0011111100, 0.621374907739274, 0.992786910867272, 0.0 0.0 0.0 0.0 0.0014293169719990359 0.04041990085237049 0.9581507821756304, 
75, 0011111000, 0011111100, 0.621484673264679, 0.9918233065483812, 0.0 0.0 0.0 0.0 0.001157022405259524 0.04674611589919415 0.9520968616955463, 
76, 0011111100, 0011111100, 0.6206471974914334, 0.991634286985434, 0.0 0.0 0.0 0.0 0.0016483473384586898 0.04689758341047839 0.9514540692510629, 
77, 0011111100, 0011111100, 0.6196976168198232, 0.9910262420664935, 0.0 0.0 0.0 0.0 0.002424722123117191 0.048993103354805535 0.9485821745220773, 
78, 0011111000, 0011111100, 0.6211815873755208, 0.9920228424175845, 0.0 0.0 0.0 0.0 0.0017906117101527251 0.0442817220741876 0.9539276662156597, 
79, 0011111111, 0001111100, 0.6216179244631808, 0.9924704424413032, 0.0 0.0 0.0 5.4483251279195144e-05 0.0014900231546276948 0.0420338492890871 0.9564216443050061, 
80, 0011111100, 0001111100, 0.6212066638664878, 0.991822535058266, 0.0 0.0 0.0 0.0 0.0017408249901034363 0.045583139670197 0.9526760353396996, 
81, 0011111100, 0011111100, 0.6216089194004211, 0.9937213546668338, 0.0 0.0 0.0 0.00044929518377264337 0.0008065541015389419 0.03471087824460177 0.9640332724700867, 
82, 0011111100, 0111111100, 0.6210606344097168, 0.9927429055844985, 0.0 0.0 0.0 0.0 0.0011276824358100834 0.041287201621388304 0.9575851159428015, 
83, 0111111100, 0011111100, 0.6210176947478984, 0.9920605901016385, 0.0 0.0 0.0 0.0003821623978090286 0.003014706567099655 0.04046055906254302 0.9561425719725483, 
84, 0011111100, 0011111100, 0.6202697593658631, 0.9914907444020352, 0.0 0.0 0.0 0.0 0.0009524322872698341 0.04915066901324924 0.9498968986994809, 
85, 0011111100, 0011111110, 0.6198633901818885, 0.9911704330208486, 0.0 0.0 0.0 0.0 0.0011229069802342851 0.05073158791443946 0.9481455051053262, 
86, 0011111100, 0011111100, 0.6199094817191225, 0.9913631240949239, 0.0 0.0 0.0 0.0 0.0032110625510376137 0.04539913032838138 0.951389807120581, 
87, 0011111100, 0011111100, 0.6196060354246138, 0.9908289938890494, 0.0 0.0 0.0 0.0001307806455200059 0.0022507571324721586 0.05013218046419855 0.9474862817578094, 
88, 0011111100, 0011111100, 0.6210602630368262, 0.9927255640258857, 0.0 0.0 0.0 0.0 0.0021644523330297655 0.03931771117862603 0.9585178364883442, 
89, 0011111100, 0011111100, 0.6203514804107694, 0.9912879006523911, 0.0 0.0 0.0 0.0 0.002578808918440863 0.04711497824877149 0.9503062128327876, 
90, 0011111100, 0011111100, 0.6215080203812281, 0.9926423435320508, 0.0 0.0 0.0 0.0 0.0017765972491908782 0.040592744309313145 0.9576306584414959, 
91, 0011111100, 0011111100, 0.6205825416734194, 0.9918575877669147, 0.0 0.0 0.0 2.473921694057328e-05 0.0016667270492456497 0.04544680164919984 0.952861732084614, 
92, 0011111100, 0011111100, 0.620526029561444, 0.9920941429377361, 0.0 0.0 0.0 0.0 0.0005466872441897505 0.04634176788520339 0.9531115448706068, 
93, 0011111100, 0011111100, 0.6214856716968167, 0.991861585181231, 0.0 0.0 0.0 0.00017043821951954135 0.002140637472976432 0.044037899308102854 0.9536510249994011, 
94, 0011111100, 0011111100, 0.6201455923289866, 0.9920547305708505, 0.0 0.0 0.0 2.9387893224557238e-05 0.0028395550705494284 0.04190434275412414 0.9552267142821018, 
95, 0011111100, 0011111100, 0.6213484458988466, 0.9924496646418818, 0.0 0.0 0.0 0.0 0.0018448947612813185 0.041612222626147166 0.9565428826125715, 
96, 0111111100, 0111111100, 0.6206936862238049, 0.9924777491868733, 0.0 0.0 0.0 0.000496356175664351 0.0016025200009480685 0.04043939634987109 0.9574617274735164, 
97, 0011111100, 0011111100, 0.6207128100690982, 0.9927391025697154, 0.0 0.0 0.0 0.0 0.0011994676062695327 0.041166449369168814 0.9576340830245617, 
98, 0011111100, 0011111100, 0.6210926777344934, 0.9922393165923712, 0.0 0.0 0.0 0.00017270265424325351 0.0005162056541125398 0.045013581174818094 0.9542975105168262, 
99, 0011111100, 0011111110, 0.6207196903353974, 0.9914730515373101, 0.0 0.0 0.0 9.869423202131475e-05 0.0019021832876992507 0.047061241504676145 0.9509378809756033, 
100, 0011111100, 0111111100, 0.6213998883881093, 0.9932002930707367, 0.0 0.0 0.0 0.0 0.0015293463528599021 0.03773954886986009 0.9607311047772801, 
run, initial grid state, final grid state, mean grid cell occupancy, mean binding site occupancy, fraction of time with N TFs bound, warning
1, 0011111100, 0111111100, 0.620960651623165, 0.9926830037496026, 0.0 0.0 0.0 0.00013051204449982868 0.001377800069629046 0.04075484122962663 0.9577368466562445, 
2, 0011111100, 0011111100, 0.6200638453102696, 0.9915229429430533, 0.0 0.0 0.0 0.00017992430895327101 0.0014739597861142383 0.04737464984259192 0.9509714660623406, 
3, 0011111100, 0011111100, 0.6208355559020821, 0.991935761441082, 0.0 0.0 0.0 0.0 0.0020929246251917663 0.04419958210312522 0.953707493271683, 
4, 0011111100, 0111111100, 0.6196172917830152, 0.9903582546894283, 0.0 0.0 0.0 0.0 0.003240228179869169 0.05137001550369179 0.9453897563164391, 
5, 0011111100, 0011111100, 0.6198106254403872, 0.9909923133065244, 0.0 0.0 0.0 0.00030799567325861675 0.0020565288407760856 0.049009075459525236 0.94862640002644, 
6, 0011111100, 0011111100, 0.6193883775140103, 0.9901075093958442, 0.0 0.0 0.0 0.00019757043057095435 0.0025101051953163316 0.05374202194258852 0.9435503024315242, 
7, 0011111100, 0011111110, 0.6214045804373806, 0.9925940376841625, 0.0 0.0 4.299539162596066e-05 0.00018831481064768063 0.002058909203184293 0.03958102949020935 0.9581287511043326, 
8, 0111111100, 0011111100, 0.6202207827392658, 0.9909949750652052, 0.0 0.0 0.0 0.0 0.003823556060424951 0.04638303748791937 0.9497934064516557, 
9, 0011111100, 0011111100, 0.6214642668137663, 0.9925460102381904, 0.0 0.0 0.0 0.00019974099034190176 0.0009090773468590066 0.042306560906114156 0.9565846207566849, 
10, 0011111100, 0011111110, 0.620748414455373, 0.9917288365341139, 0.0 0.0 0.0 0.0 0.0012618072856575959 0.04710336622400181 0.9516348264903406, 
11, 0011111100, 0011111100, 0.6200598394964937, 0.9914703528953758, 0.0 0.0 0.0 0.0 0.0021683764089334184 0.04684112980987833 0.9509904937811883, 
12, 0011111110, 0011111100, 0.6210970985375412, 0.992639401128469, 0.0 0.0 0.0 3.768426641696975e-05 0.0015444014333086495 0.04096173756331663 0.9574561767369578, 
13, 0011111100, 0011111100, 0.6203373187235891, 0.9916674549672687, 0.0 0.0 0.0 0.0 0.0010757360427853463 0.04784379811081706 0.9510804658463976, 
14, 0011111100, 0011111000, 0.6198350472945197, 0.9918600248768802, 0.0 0.0 0.0 0.0 0.0011528348924771837 0.046534180953764735 0.9523129841537581, 
15, 0011111100, 0011111100, 0.6205884925261923, 0.9927367413054013, 0.0 0.0 0.0 0.0002620269944212834 0.0017824602749865394 0.0392285506343553 0.9587269620962369, 
16, 0111111100, 0011111100, 0.6201138194733193, 0.9911008934373073, 0.0 0.0 0.0 8.796364899714786e-05 0.0023295661143411623 0.04847161620048198 0.9491108540361798, 
17, 0011111100, 0011111110, 0.6209668806208962, 0.9922063711474272, 0.0 0.0 0.0 0.0 0.0021068622183600632 0.04254804867871699 0.9553450891029229, 
18, 0011111100, 0011111100, 0.6206248655879955, 0.9921982035566408, 0.0 0.0 0.0 0.0 0.0018056773948924845 0.0431994238703711 0.9549948987347363, 
19, 0011111100, 0011111100, 0.6208987155511171, 0.9920208149812504, 0.0 0.0 0.0 9.740868087923242e-05 0.0017467099915907352 0.044089464086679 0.9540664172408511, 
20, 0011111100, 0011111100, 0.6200779959605155, 0.991197870948413, 0.0 0.0 0.0 0.00013480284671401694 0.0015648547571211076 0.049278656255137096 0.9490216861410279, 
21, 0011111100, 0011111100, 0.6203821668273151, 0.9921734532706945, 0.0 0.0 0.0 0.0 0.0017758283920221952 0.04340762359178815 0.9548165480161898, 
22, 0011111100, 0011111110, 0.621520792380775, 0.9928858808592741, 0.0 0.0 0.0 0.0 0.0008367245410352093 0.041011265762284844 0.9581520096966799, 
23, 0011111110, 0011111100, 0.620331420171161, 0.9916119299414997, 0.0 0.0 0.0 0.0 0.001592489699918961 0.047143440951162977 0.9512640693489182, 
24, 0011111110, 0011111100, 0.6213579425439262, 0.9931168867878597, 0.0 0.0 0.0 0.0 0.001380549989035768 0.038537579294770016 0.9600818707161943, 
25, 0011111100, 0011111100, 0.6208675377809036, 0.9916459077043994, 0.0 0.0 0.0 0.0 0.0010472253593434321 0.048030103054917145 0.9509226715857395, 
26, 0011111110, 0001111100, 0.6208627201809997, 0.9916801599559893, 0.0 0.0 0.0 0.0 0.0028327907906953915 0.044253458682673635 0.952913750526631, 
27, 0011111100, 0011111100, 0.6198169963174214, 0.9913411715214131, 0.0 0.0 0.0 0.0 0.0032137489246837577 0.04552547302215425 0.951260778053162, 
28, 0011111100, 0011111100, 0.621621833865634, 0.9924696403582236, 0.0 0.0 0.0 0.00017745602512972693 0.0018532442837586856 0.04094330120775186 0.9570259984833597, 
29, 0011111111, 0111111100, 0.6215521525574265, 0.9929786619841667, 0.0 0.0 0.0 0.0 0.001171912790706498 0.039784202513585824 0.9590438846957078, 
30, 0011111100, 0011111100, 0.6206248269779138, 0.9920506679738375, 0.0 0.0 0.0 0.0 0.001561425394484727 0.044573141368006226 0.953865433237509, 
31, 0011111100, 0011111100, 0.6205523819136138, 0.9922390701942632, 0.0 0.0 0.0 0.0 0.0006428999781938676 0.04527977887803418 0.954077321143772, 
32, 0001111100, 0011111100, 0.6200417777056301, 0.9914225661177513, 0.0 0.0 0.0 1.902367043259598e-05 0.0036337992258559312 0.04413993383048286 0.9522072432732286, 
33, 0011111100, 0011111110, 0.6206052652537779, 0.9917686583640329, 0.0 0.0 0.0 0.0 0.0015316295982328908 0.046324790619336566 0.9521435797824306, 
34, 0111111100, 0111111100, 0.6207456451536343, 0.9919025607195415, 0.0 0.0 0.0 6.232179237626847e-05 0.002944960695122764 0.042507748915376335 0.9544849685971245, 
35, 0001111100, 0011111100, 0.6200147242929723, 0.9910261278518874, 0.0 0.0 0.0 0.0 0.0020958537853498064 0.049651525317976015 0.9482526208966743, 
36, 0011111100, 0011111100, 0.6192717882850531, 0.9898761995253829, 0.0 0.0 0.0 6.649438653276789e-05 0.0024934825606951045 0.05555635456671436 0.9418836684860578, 
37, 0011111100, 0011111100, 0.619429941025352, 0.9902287903173169, 0.0 0.0 0.0 0.0 0.002446189414590308 0.053734879266916974 0.9438189313184928, 
38, 0011111100, 0011111100, 0.6206104658458733, 0.9917073117259478, 0.0 0.0 0.0 0.0 0.0016537691914331628 0.04644859126144677 0.95189763954712, 
39, 0011111100, 0011111100, 0.6217832718378006, 0.9921428844432012, 0.0 0.0 0.0 0.0 0.0015882077077051214 0.04396627792538252 0.9544455143669124, 
40, 0011111100, 0011111100, 0.6210191497030483, 0.9913966592890351, 0.0 0.0 0.0 0.0 0.001310552502003468 0.048998939261782386 0.9496905082362141, 
41, 0011111100, 0011111110, 0.6217261902103828, 0.9926094078351443, 0.0 0.0 0.0 0.0 0.0010982573842559541 0.04214703822062303 0.956754704395121, 
42, 0011111100, 0011111100, 0.6201987323618654, 0.9911967100607441, 0.0 0.0 0.0 0.00011322324116627374 0.0014440041727559764 0.04959206156652397 0.9488507110195538, 
43, 0011111000, 0011111100, 0.6201767751377095, 0.9924342158463787, 0.0 0.0 0.0 0.0 0.000960835967180814 0.04347303298736626 0.9555661310454528, 
44, 0011111100, 0011111110, 0.6212550123414678, 0.9922029643877507, 0.0 0.0 0.0 0.0 0.001116751045710132 0.044548711582075885 0.954334537372214, 
45, 0011111100, 0011111100, 0.6210783192595413, 0.9924543811466192, 0.0 0.0 0.0 0.0 0.0024337324546737896 0.040406248210937204 0.9571600193343889, 
46, 0011111100, 1111111100, 0.6214080847641141, 0.9923036104367153, 0.0 0.0 0.0 9.789183931871537e-05 0.0016740493208880437 0.042536563219976564 0.9556914956198167, 
47, 0011111100, 0011111100, 0.6215911982481435, 0.9933770526102228, 0.0 0.0 0.0 8.112172136953898e-05 0.0013295541917717846 0.03683521079101115 0.9617541132958475, 
48, 0011111100, 0111111100, 0.620851997486268, 0.9920555004371989, 0.0 0.0 0.0 1.7817628651005878e-05 0.0022942352363571664 0.04302507401813869 0.9546628731168533, 
49, 0011111100, 0011111100, 0.6204899695818159, 0.9923985970215178, 0.0 0.0 0.0 0.0 0.001149425842946782 0.0433095661850002 0.9555410079720531, 
50, 0011111100, 0011111100, 0.62086124255554, 0.9913677312900148, 0.0 0.0 0.0 0.0 0.0009016481362377177 0.04999031598743526 0.949108035876327, 
51, 0011111100, 0111111100, 0.6208452717307452, 0.99230861484667, 0.0 0.0 0.0 9.561280883062453e-05 0.0017529651239089736 0.04235554224567077 0.9557958798215895, 
52, 0111111100, 0011111100, 0.6206524774990475, 0.991442795836711, 0.0 0.0 0.0 0.00033523053415724204 0.0017715318641478388 0.0467944696489667 0.9510987679527282, 
53, 0011111110, 0011111110, 0.6217651921982159, 0.9934090361984061, 0.0 0.0 0.0 0.0 0.0011777019727869543 0.037190378863989994 0.961631919163223, 
54, 0011111100, 0011111100, 0.61968769984876, 0.9908862654504267, 0.0 0.0 0.0 0.0 0.004177274450990771 0.04632785839545879 0.9494948671535505, 
55, 0011111111, 0111111100, 0.6201990351918026, 0.9911282728679616, 0.0 0.0 0.0 0.00029380675240459894 0.004166073091375593 0.04401679635226481 0.951523323803955, 
56, 0011111100, 0011111110, 0.6214330672233727, 0.9927086641163139, 0.0 0.0 0.0 0.0 0.0018456966766168387 0.04005662194888274 0.9580976813745004, 
57, 0011111100, 1111111000, 0.6206166707017504, 0.9918715897158241, 0.0 0.0 0.0 0.00025082779698830984 0.0017585775544236807 0.044500823205243095 0.953489771443345, 
58, 0111111110, 0011111110, 0.6202253403849458, 0.9926785975727066, 0.0 0.0 0.0 0.0 0.0008779584914060379 0.04217249758094841 0.9569495439276455, 
59, 0011111100, 0011111100, 0.6213809624544416, 0.9923308840464722, 0.0 0.0 0.0 0.0 0.0015560898807184859 0.04290251595972999 0.9555413941595514, 
60, 0011111100, 0011111100, 0.6204317112428124, 0.991851048395075, 0.0 0.0 0.0 0.00030168255475066956 0.0018430986658345054 0.04430246463362857 0.9535527541457863, 
61, 0011111100, 0011111100, 0.6208220299593875, 0.9919601052492868, 0.0 0.0 0.0 0.0 0.001889054904272815 0.044461258695734265 0.9536496863999929, 
62, 0011111100, 0111111110, 0.6212142580173077, 0.9927955573548263, 0.0 0.0 0.0 0.000327847139494192 0.0011550352091471354 0.03993304403426625 0.9585840736170924, 
63, 0011111100, 0011111100, 0.6215726518570455, 0.9935779450200269, 0.0 0.0 0.0 0.0 0.001120810477126652 0.03629070892558494 0.9625884805972884, 
64, 0011111100, 0011111100, 0.619590587308777, 0.9916889105806935, 0.0 0.0 0.0 0.0 0.0014692255382873897 0.04692808543926306 0.9516026890224496, 
65, 0111111100, 0011111110, 0.6208446161413242, 0.9917673983133155, 0.0 0.0 0.0 1.1369092311405e-05 0.002170518461296496 0.04502046592058044 0.9527976465258117, 
66, 0011111100, 0011111100, 0.6205692867987542, 0.99266157328912, 0.0 0.0 0.0 3.933951576425915e-05 0.001777263154743711 0.040358015408499565 0.9578253819209924, 
67, 0011111100, 0011111100, 0.6202984451877479, 0.9921918376354891, 0.0 0.0 0.0 0.0 0.0006642155928775242 0.04552054300131038 0.9538152414058121, 
68, 0011111100, 0011111100, 0.6203082170420249, 0.9917696037242844, 0.0 0.0 0.0 0.0004006439690774395 0.0013211092477555244 0.04553822725154987 0.9527400195316171, 
69, 0011111100, 0011111100, 0.6200081419929521, 0.9917184577195813, 0.0 0.0 0.0 2.437622215029739e-05 0.0023347639401392955 0.044946597135782265 0.9526942627019281, 
70, 0011111110, 0011111100, 0.6203334096547649, 0.9913500257278495, 0.0 0.0 0.0 0.00020191891797156558 0.002218942084278982 0.046856204710430824 0.9507229342873186, 
71, 0011111110, 0011111111, 0.6216589358901121, 0.994067984536649, 0.0 0.0 0.0 0.0 0.00018819960302080425 0.03521569357406402 0.9645961068229151, 
72, 0111111100, 0011111100, 0.6206452121417096, 0.9917942667079674, 0.0 0.0 0.0 0.0002245554694222836 0.0010834313499981988 0.04639387064393225 0.9522981425366472, 
73, 0011111110, 0011111100, 0.6207077112038004, 0.9918915166119291, 0.0 0.0 0.0 0.0 0.0017847654638313464 0.04508136940076317 0.9531338651354054, 
74, 0011111110, 0011111100, 0.6216758508449108, 0.9935090686020859, 0.0 0.0 0.0 0.0 0.0009941056043337071 0.03695737717881695 0.9620485172168494, 
75, 0000111100, 0011111100, 0.6198414360761038, 0.9911297014702969, 0.0 0.0 0.0 0.0 0.0031427094932181595 0.04693637219178286 0.9499209183149989, 
76, 0111111100, 0111111100, 0.6210156146738016, 0.9921712919420936, 0.0 0.0 0.0 0.0 0.002118711229112485 0.042734825889213506 0.9551464628816739, 
77, 0011111100, 0011111100, 0.621426585101893, 0.9928624806879169, 0.0 0.0 0.0 0.00023847963275228226 0.0011700399555869328 0.039769597063068256 0.9588218833485925, 
78, 0011111100, 0011111100, 0.6213997591680834, 0.9922223753050311, 0.0 0.0 0.0 0.0 0.0016046630539348294 0.04345642206194396 0.9549389148841212, 
79, 0011111100, 0011111100, 0.6215714391262229, 0.993945129751207, 0.0 0.0 0.0 0.0 0.0013299838104015688 0.033669253871955546 0.9650007623176429, 
80, 1111111000, 0001111100, 0.6216292454529008, 0.9928817608451701, 0.0 0.0 0.0 0.0 0.0013396617475215451 0.040030111433937275 0.9586302268185413, 
81, 0111111100, 0111111100, 0.6202562809125594, 0.991114825381243, 0.0 0.0 0.0 0.0 0.0014836027289672833 0.05034384225460647 0.9481725550164263, 
82, 0011111100, 0011111100, 0.6206084019354092, 0.9921978447434954, 0.0 0.0 0.0 0.0 0.0006916860200738622 0.045429559498880175 0.9538787544810459, 
83, 0011111100, 0011111100, 0.6204010021754707, 0.9919305618609896, 0.0 0.0 0.0 0.00014361568590697788 0.0015337634114931593 0.04491825495335481 0.9534043659492449, 
84, 0011111100, 0001111100, 0.6203962797688025, 0.9917388595981553, 0.0 0.0 0.0 1.709552195503598e-05 0.0026566158841798415 0.044202324076844005 0.9531239645170212, 
85, 0011111100, 0011111100, 0.6212418040960807, 0.9918128523019739, 0.0 0.0 0.0 0.0 0.0009876548971883598 0.047147576393779936 0.9518647687090317, 
86, 0011111100, 0011111100, 0.6210059891788364, 0.9930289178096297, 0.0 0.0 0.0 0.0 0.0020606065685953977 0.03770528000503161 0.960234113426373, 
87, 0011111100, 0011111100, 0.6198794191343483, 0.9911889460483735, 0.0 0.0 0.0 0.00021396649270761579 0.0024696968358469576 0.047285030559942945 0.9500313061115025, 
88, 0011111100, 0111111100, 0.6207971357794584, 0.992697250009782, 0.0 0.0 0.0 2.0130282074383323e-05 0.0018344493791036661 0.04008721033687707 0.9580582100019449, 
89, 0111111100, 0011111100, 0.621352404274928, 0.9927289996133398, 0.0 0.0 0.0 4.776044911214283e-05 0.0016643238558493073 0.04015407326092562 0.9581338424341129, 
90, 0011111100, 0111111100, 0.6199179556598823, 0.9912940294309835, 0.0 0.0 0.0 0.0001658203071355252 0.0019895851756767625 0.04775919214133867 0.950085402375849, 
91, 0011111100, 0011111100, 0.6213902382078761, 0.9928362091139008, 0.0 0.0 0.0 0.0 0.0007810588726192287 0.041420627571356984 0.9577983135560237, 
92, 0011111110, 0011111100, 0.6205157528758878, 0.9912579428043485, 0.0 0.0 0.0 0.0 0.0029850992016647823 0.046482144770578354 0.9505327560277569, 
93, 0011111100, 0011111100, 0.6204111787434843, 0.9911134080349103, 0.0 0.0 0.0 0.0 0.0012375747801350128 0.05084440223026804 0.9479180229895969, 
94, 0011111100, 0011111100, 0.6207795064060226, 0.9927396568092507, 0.0 0.0 0.0 0.0 0.0010149474015745377 0.04153216434134597 0.9574528882570794, 
95, 0011111100, 0111111100, 0.6204613529350572, 0.9919501629958902, 0.0 0.0 0.0 2.610257386377879e-05 0.002283719740996719 0.04365327482107398 0.9540369028640655, 
96, 0011111100, 0011111100, 0.620697841192276, 0.9918147597968742, 0.0 0.0 0.0 9.634088415439639e-05 0.0014755386007498479 0.04587134136479159 0.9525567791503041, 
97, 0011111100, 0011111100, 0.6217153289561003, 0.992894374756462, 0.0 0.0 0.0 0.0 0.0019107686690505343 0.03881221412312651 0.9592770172078229, 
98, 0011111110, 0011111100, 0.6212520432976993, 0.99235900998929, 0.0 0.0 0.0 0.0 0.0023880261751424697 0.04106988771397478 0.9565420861108827, 
99, 0011111100, 0011111100, 0.6205679520307039, 0.9919633050325816, 0.0 0.0 0.0 0.0 0.00110208629516642 0.04601599721417698 0.9528819164906566, 
100, 0011111100, 0011111110, 0.6213047750236481, 0.992628523347914, 0.0 0.0 0.0 0.0 0.00029867357176360625 0.043631512768989314 0.956069813659247, 
run, initial grid state, final grid state, mean grid cell occupancy, mean binding site occupancy, fraction of time with N TFs bound, warning
1, 0011111100, 0011111111, 0.6210862974961335, 0.9921064269418135, 0.0 0.0 0.0 8.633431587860697e-05 0.0011802571507829283 0.044741921099917696 0.9539914874334208, 
2, 0111111100, 0011111100, 0.62217611278695, 0.9937103518352939, 0.0 0.0 0.0 0.0 0.0016354556087356165 0.03446697777076572 0.9638975666204986, 
3, 0011111100, 0011111100, 0.620404539412189, 0.9912969866095819, 0.0 0.0 0.0 0.0 0.0010307911262774608 0.05015649808995436 0.9488127107837682, 
4, 0001111100, 0011111100, 0.6203920499290754, 0.9914542024684336, 0.0 0.0 0.0 5.1423955058143246e-05 0.0014187228141757987 0.04828306769587276 0.9502467855348934, 
5, 0011111100, 0111111100, 0.6205566057518361, 0.9913228411311575, 0.0 0.0 0.0 0.0 0.0018078249607330558 0.04844730329158967 0.9497448717476772, 
6, 0011111100, 0011111100, 0.6209294864902373, 0.9915791577556481, 0.0 0.0 0.0 0.0004377933187214817 0.0011959213453321797 0.04681983081928234 0.951546454516664, 
7, 0011111100, 0011111100, 0.6212379860244217, 0.9929109797519002, 0.0 0.0 0.0 0.0 0.0007963165641782112 0.04094148836024244 0.9582621950755794, 
8, 0011111100, 0011111100, 0.6196479874658543, 0.9899982028468115, 0.0 0.0 0.0 0.0 0.0035052372833994736 0.05300030835233245 0.9434944543642682, 
9, 0011111100, 0011111100, 0.6205920672053197, 0.9928006031905579, 0.0 0.0 0.0 1.336653588987532e-05 0.001293345277531615 0.0405695906939207 0.9581236974926577, 
10, 0011111100, 1111111100, 0.62078860136676, 0.9912378902300943, 0.0 0.0 0.0 0.0 0.0013193583535370797 0.04993394191235994 0.948746699734103, 
11, 0111111100, 0011111100, 0.6197291527551648, 0.9912311068410155, 0.0 0.0 0.0 0.0 0.001167897109205666 0.05027756473549556 0.9485545381552988, 
12, 0001111100, 0011111100, 0.6212708995123501, 0.9930586099545101, 0.0 0.0 0.0 1.0949502100830985e-05 0.0007298156027710863 0.04015586056109594 0.9591033743340323, 
13, 0011111100, 0011111100, 0.621414120172096, 0.9930086849910862, 0.0 0.0 0.0 0.0 0.000504505409090973 0.04093887923530012 0.9585566153556089, 
14, 0011111110, 0011111110, 0.6190784079967332, 0.9916818912146499, 0.0 0.0 0.0 0.0 0.0030992883029262223 0.043710076106248046 0.9531906355908257, 
15, 0011111100, 0011111100, 0.6211035841439857, 0.9931918926070697, 0.0 0.0 0.0 7.819457663365772e-05 0.0010992479054546356 0.0384155648167709 0.9604069927011408, 
16, 0001111100, 0011111100, 0.6207780187510707, 0.9924852040155155, 0.0 0.0 0.0 0.0002178071236833464 0.0023635286903279868 0.03970829715520074 0.9577103670307879, 
17, 0011111100, 0011111000, 0.6205245819870397, 0.9915951876881823, 0.0 0.0 0.0 0.0 0.0014426238931798934 0.047543626084546285 0.9510137500222738, 
18, 0011111100, 0111111100, 0.6210964246426622, 0.9923461757645945, 0.0 0.0 0.0 0.0 0.0008314244712005342 0.04426009647003103 0.9549084790587684, 
19, 0011111100, 0011111100, 0.6214198373501305, 0.9923807915378245, 0.0 0.0 0.0 0.0 0.0010726007661799517 0.043570049240693215 0.9553573499931268, 
20, 0011111100, 0011111100, 0.6210187650140455, 0.9918388047775935, 0.0 0.0 0.0 1.680293021900313e-05 0.0021113847620123907 0.04469399301975719 0.9531778192880114, 
21, 0011111110, 0011111110, 0.6199889612541362, 0.9910065754638658, 0.0 0.0 0.0 0.0 0.001335641032877699 0.05128926515104975 0.9473750938160725, 
22, 0011111100, 0001111100, 0.6206193798712393, 0.9928588277100697, 0.0 0.0 0.0 0.00023380954313669883 0.0010111274295279099 0.040123350251116 0.9586317127762194, 
23, 0011111100, 0011111100, 0.6215018341640594, 0.9928429136321524, 0.0 0.0 0.0 0.0 0.0009316648883964475 0.04107918843029265 0.9579891466813109, 
24, 0111111100, 0011111100, 0.6183768851619469, 0.9899985589360059, 0.0 0.0 0.0 0.0 0.00200434568131097 0.055999955021343015 0.9419956992973461, 
25, 0011111100, 0011111100, 0.6206933739475229, 0.9924855800484821, 0.0 0.0 0.0 0.0 0.0019824045369048345 0.04112171063529808 0.9568958848277971, 
26, 0011111100, 0011111100, 0.6203497363700914, 0.991594357707083, 0.0 0.0 0.0 0.0 0.001169973714399405 0.04809390632870363 0.950736119956897, 
27, 0011111100, 0111111100, 0.6205421543689219, 0.9923900302304504, 0.0 0.0 0.0 1.6468021202669254e-05 0.0007892955683159969 0.04403182341705846 0.9551624129934229, 
28, 0011111100, 0001111100, 0.6214095214945765, 0.9935232330115504, 0.0 0.0 0.0 0.0 0.000836711215981103 0.037187179498735366 0.9619761092852835, 
29, 0011111100, 0011111100, 0.6222145851710866, 0.993859203330446, 0.0 0.0 0.0 0.0 0.0005988490489899544 0.03564708191934465 0.9637540690316655, 
30, 0011111100, 0001111100, 0.6210871711932013, 0.9929946570910647, 0.0 0.0 0.0 0.0 0.0006259657640242859 0.040780125925562946 0.9585939083104128, 
31, 0011111100, 0011111100, 0.6210010738869438, 0.9915207503307698, 0.0 0.0 0.0 0.0 0.0017025253931952373 0.04747044722899069 0.9508270273778141, 
32, 0011111100, 0011111100, 0.6200752103707109, 0.9910142862935847, 0.0 0.0 0.0 0.0 0.001770279386169016 0.05037372346615402 0.947855997147677, 
33, 0011111100, 0011111100, 0.6199263676025318, 0.991345898760361, 0.0 0.0 0.0 3.3129732887574604e-05 0.0030586626332897797 0.04570789297259112 0.9512003146612314, 
34, 0011111100, 0011111100, 0.6211660112190969, 0.9918927165072166, 0.0 0.0 0.0 8.007995501399039e-05 0.0026858253967381586 0.04303181029818219 0.9542022843500656, 
35, 0011111100, 0011111100, 0.6205629195558614, 0.9924201954574926, 0.0 0.0 0.0 0.0 0.0011870577750911118 0.04310471170486244 0.9557082305200465, 
36, 0111111110, 0011111100, 0.6208973667686819, 0.9924592514421495, 0.0 0.0 0.0 0.0 0.0011233409581847984 0.04299780943073359 0.9558788496110816, 
37, 0111111100, 0011111100, 0.6207968263122849, 0.9922613353424069, 0.0 0.0 0.0 0.00012189802960191452 0.0020497254886100405 0.04196684287953264 0.9558615336022555, 
38, 0011111100, 0011111100, 0.6203136811156181, 0.9919031573956609, 0.0 0.0 0.0 0.0 0.001295222244224747 0.045990611137585354 0.95271416661819, 
39, 0011111111, 0111111100, 0.6213983189144828, 0.9926181261209671, 0.0 0.0 0.0 5.219021997815086e-05 0.0015662869370171 0.04100209874022927 0.9573794241027754, 
40, 0011111100, 0011111100, 0.621930906712881, 0.9926223948549474, 0.0 0.0 0.0 1.5970584653672715e-07 0.0011727231019563653 0.04191970554886313 0.956907411643334, 
41, 0011111100, 0011111110, 0.621396864361642, 0.992546042254788, 0.0 0.0 0.0 0.00010834279152665818 0.0005818812013959316 0.04323495569389885 0.9560748203131786, 
42, 0011111100, 0011111100, 0.6206511247568985, 0.9921088084546272, 0.0 0.0 0.0 0.0001288487125339962 0.001815586691896351 0.04332942975084221 0.9547261348447275, 
43, 0011111100, 0011111100, 0.6214679200224948, 0.9921654261928275, 0.0 0.0 0.0 0.0 0.000767236623537096 0.04547296959596074 0.9537597937805021, 
44, 0011111100, 0011111100, 0.6207718949169403, 0.9924695699543015, 0.0 0.0 0.0 0.0 0.000597928391193414 0.04398672349180503 0.9554153481170017, 
45, 0011111100, 0011111100, 0.6202229938486743, 0.9911280653015104, 0.0 0.0 0.0 0.0 0.002641017017649678 0.047949574155638094 0.9494094088267122, 
46, 0011111100, 0011111100, 0.6204848677525104, 0.9905954898625624, 0.0 0.0 0.0 0.0 0.00296532544680148 0.05049640993102223 0.9465382646221764, 
47, 0011111100, 0011111100, 0.6209951990488121, 0.9929248537444254, 0.0 0.0 0.0 0.0 0.00037865606160245475 0.04169356541024272 0.9579277785281549, 
48, 0011111100, 1111111110, 0.6216074949393586, 0.9924699179932941, 0.0 0.0 0.0 0.0 0.0019671522356700896 0.04124618756889588 0.9567866601954341, 
49, 0011111100, 0011111100, 0.6207380687347622, 0.9923073820303299, 0.0 0.0 0.0 0.0 0.0009608267493703108 0.044234054319279285 0.9548051189313503, 
50, 0011111100, 0011111110, 0.6207772290796999, 0.9921826300577948, 0.0 0.0 0.0 0.0 0.003716290879725338 0.03947163789378109 0.9568120712264935, 
51, 0011111100, 0011111100, 0.6212093627336461, 0.9928870944984814, 0.0 0.0 0.0 0.0 0.0014788774674092445 0.039719678074293045 0.9588014444582976, 
52, 0011111100, 0011111100, 0.6203625400109631, 0.9916697605788679, 0.0 0.0 0.0 0.0 0.001219285659548555 0.047542865207695066 0.9512378491327564, 
53, 0111111000, 0111111100, 0.6207177977530012, 0.9911282173970285, 0.0 0.0 0.0 0.000355559992379092 0.003292130030743807 0.045579755579203435 0.9507725543976737, 
54, 0011111100, 0011111100, 0.6213961639752127, 0.9922317001628191, 0.0 0.0 0.0 7.179674467597688e-05 0.0016231924251981149 0.04314802393866198 0.9551569868914639, 
55, 0001111100, 0011111100, 0.620153683316301, 0.9921207449041662, 0.0 0.0 0.0 0.0 0.001669083497362009 0.04393736358027801 0.95439355292236, 
56, 0011111100, 0011111100, 0.621041351554767, 0.9920860448354177, 0.0 0.0 0.0 0.0 0.0008741283484963291 0.045735474290500844 0.9533903973610028, 
57, 0011111100, 0111111100, 0.6210928792803592, 0.9928464372294961, 0.0 0.0 0.0 0.0 0.0011180804742154903 0.040685215674593114 0.9581967038511915, 
58, 0011111100, 0011111110, 0.6206941138818372, 0.9909734654198282, 0.0 0.0 0.0004366602732681376 0.00040249820587388103 0.0030896673260000346 0.04502573711833665 0.9510454370765213, 
59, 0011111100, 0011111100, 0.6214729071148535, 0.9927430264636005, 0.0 0.0 0.0 2.0365163105215344e-05 0.0007561810746701274 0.04196838357974203 0.9572550701824826, 
60, 0011111100, 0011111100, 0.620119185721626, 0.9911255215600859, 0.0 0.0 0.0 0.0 0.002924258454713346 0.047398353730057255 0.9496773878152294, 
61, 0111111100, 0011111100, 0.6208982315400854, 0.9922820683153801, 0.0 0.0 0.0 0.0 0.002091157613667058 0.04212527488038621 0.9557835675059467, 
62, 0011111100, 0011111100, 0.6219539068133034, 0.9934137883244545, 0.0 0.0 0.0 0.0 0.0007825887587023349 0.03795209253586813 0.9612653187054295, 
63, 0011111100, 0011111100, 0.6200001496262738, 0.9918105175353831, 0.0 0.0 0.0 0.0 0.0013121055926551687 0.04651268360239142 0.9521752108049535, 
64, 0111111000, 0011111100, 0.6215495952602333, 0.9924963179185375, 0.0 0.0 0.0 0.0 0.0006006145734119982 0.04382086334195095 0.955578522084637, 
65, 0011111100, 0011111100, 0.62049688643981, 0.9919537023916405, 0.0 0.0 0.0 0.0 0.002499192878635568 0.04327939989288653 0.9542214072284779, 
66, 0011111100, 0111111100, 0.621658625411824, 0.9932638939460654, 0.0 0.0 0.0 0.0 0.00037463021428088344 0.03966737589504574 0.9599579938906734, 
67, 0001111100, 0011111100, 0.6206515015896874, 0.9915024014466988, 0.0 0.0 0.0 0.0 0.0007509276121369713 0.04948373609553383 0.9497653362923292, 
68, 0011111100, 0011111100, 0.6202774905163593, 0.9906096599134789, 0.0 0.0 0.0 0.0 0.0020921595013504244 0.05215772151642546 0.9457501189822242, 
69, 0111111100, 0011111110, 0.6192007077262436, 0.9908308572022516, 0.0 0.0 0.0 5.582263614041464e-05 0.00375818233298848 0.04733102421209258 0.9488549708187786, 
70, 0011111100, 1111111100, 0.6207658764612622, 0.9923501297799582, 0.0 0.0 0.0 0.0 0.001009755549311432 0.04387971022162877 0.9551105342290598, 
71, 0011111100, 0011111100, 0.6214988739017332, 0.9919313486686588, 0.0 0.0 0.0 3.3859105772290905e-05 0.001755193024367208 0.044799944621995595 0.953411003247865, 
72, 0111111100, 0011111110, 0.6212880321094251, 0.9925312515444215, 0.0 0.0 0.0 4.070288909367152e-05 0.002654631218551908 0.039381119629087684 0.9579235462632667, 
73, 0011111100, 0011111100, 0.6214250052334842, 0.9934606177582183, 0.0 0.0 0.0 0.0 0.0009337246761546673 0.03736884409838202 0.9616974312254634, 
74, 0111111100, 0011111100, 0.6210999213261515, 0.9924820853519506, 0.0 0.0 0.0 0.0 0.0012712309393339213 0.04256502600962854 0.9561637430510376, 
75, 0011111100, 0011111100, 0.6201858837812889, 0.9923842777942902, 0.0 0.0 0.0 2.932661794560296e-05 0.0018146286444071062 0.04197709609160864 0.9561789486460386, 
76, 0011111100, 0011111110, 0.6209316037473266, 0.9930845310988414, 0.0 0.0 0.0 0.0 0.00015204094877492813 0.041188731509401666 0.9586592275418234, 
77, 0011111110, 0011111100, 0.6212474211779395, 0.9924114104911277, 0.0 0.0 0.0 0.0004639070941330705 0.0015945663078780036 0.040950683155078105 0.9569908434429109, 
78, 0011111100, 0011111100, 0.6203412574590719, 0.9913029044415682, 0.0 0.0 0.0 0.0 0.001713383239384486 0.04875580687182213 0.9495308098887935, 
79, 0011111100, 0011111100, 0.6205343556179159, 0.9918864754209986, 0.0 0.0 0.0 0.0 0.0016282120896462598 0.04542472329471617 0.9529470646156376, 
80, 0011111100, 0011111100, 0.6205036729151489, 0.9920664490230637, 0.0 0.0 0.0 0.0 0.0008940105830422753 0.04581328469553323 0.9532927047214245, 
81, 0011111100, 0111111100, 0.6198856323816597, 0.9906226180664491, 0.0 0.0 0.0 0.00011482288385703448 0.004091059267056811 0.047737704415621224 0.9480564134334649, 
82, 0011111100, 0011111100, 0.6200825980133645, 0.990878111860061, 0.0 0.0 0.0 0.0 0.002513781905242233 0.049703765029149506 0.9477824530656083, 
83, 0011111100, 0011111100, 0.621247044123171, 0.9930480541963752, 0.0 0.0 0.0 0.0 0.001197882055864844 0.03931591071001873 0.9594862072341164, 
84, 0011111100, 0111111110, 0.620245782935081, 0.9915383586386219, 0.0 0.0 0.0 0.0 0.0013373915298997786 0.04809506510846839 0.9505675433616319, 
85, 0011111100, 0011111100, 0.6210194553374303, 0.991565204272376, 0.0 0.0 0.0 0.0 0.0015168837712189979 0.047575006823306065 0.950908109405475, 
86, 0011111100, 0011111100, 0.620644071123579, 0.9921271123927629, 0.0 0.0 0.0 0.0 0.0019140455693290345 0.04340923450476474 0.9546767199259062, 
87, 0011111100, 0011111100, 0.6216724179157116, 0.9930055748564256, 0.0 0.0 0.0 0.0 0.0025146372821814034 0.03693727629708415 0.9605480864207345, 
88, 0011111100, 0011111100, 0.6215403359590982, 0.9932556170550705, 0.0 0.0 0.0 1.862030154358773e-05 0.0009762985347447224 0.03845783969545682 0.960547241468255, 
89, 0011111100, 0011111000, 0.6208222682793303, 0.9925226509747339, 0.0 0.0 0.0 0.0 0.0015557625246904719 0.04175256910221536 0.9566916683730942, 
90, 0011111000, 0011111100, 0.620408691447512, 0.9923694345319144, 0.0 0.0 0.0 0.0 0.0021128813350253586 0.041557630138461955 0.9563294885265128, 
91, 0011111110, 0001111100, 0.6205865477282435, 0.9923258201251183, 0.0 0.0 0.0 8.500098763749711e-05 0.0014004029102154003 0.042989270465947145 0.9555253256362, 
92, 0011111100, 0011111100, 0.6203170921396305, 0.9911291691244503, 0.0 0.0 0.0 0.0 0.0016663280364942975 0.049892329180309954 0.9484413427831958, 
93, 0011111100, 0011111100, 0.6213434797815492, 0.9918855036410986, 0.0 0.0 0.0 0.0 0.002220967123168334 0.04424504390707272 0.9535339889697589, 
94, 0011111100, 0011111100, 0.6207515221435309, 0.9926522655497059, 0.0 0.0 0.0 0.0006226355298614501 0.0006711007245388342 0.04087629866310343 0.9578299650824964, 
95, 0011111100, 0011111100, 0.6210228132033035, 0.9929624510097347, 0.0 0.0 0.0 0.0 0.0010222710381266118 0.04018075186533909 0.9587969770965342, 
96, 0111111100, 0011111110, 0.620820287137367, 0.992381686481002, 0.0 0.0 0.0 5.593738708234968e-05 0.002371324741086108 0.04079941947056778 0.9567733184012638, 
97, 0011111100, 0011111100, 0.6200912574852009, 0.9910335173981296, 0.0 0.0 0.0 2.291704523478235e-05 0.001746223177394214 0.050237698120729465 0.9479931616566415, 
98, 0011111100, 0011111100, 0.6211153707171152, 0.9919048761133228, 0.0 0.0 0.0 0.0 0.0017972397789788883 0.044976263762106075 0.9532264964589151, 
99, 0011111100, 0011111110, 0.6202858514390963, 0.991788952610073, 0.0 0.0 0.0 0.0 0.0013357493320223866 0.04659478567551728 0.9520694649924603, 
100, 0111111100, 0011111100, 0.6213307685927805, 0.9928106282255058, 0.0 0.0 0.0 0.0 0.0015294694761622022 0.04007729169464064 0.9583932388291971, 
run, initial grid state, final grid state, mean grid cell occupancy, mean binding site occupancy, fraction of time with N TFs bound, warning
1, 0011111100, 0011111100, 0.620025462153075, 0.9916430027842928, 0.0 0.0 0.0 0.0 0.0029847027662504 0.04417257776174264 0.9528427194720069, 
2, 0011111100, 0011111100, 0.6211232438046221, 0.9918238637352502, 0.0 0.0 0.0 0.0 0.00251310366945867 0.0440306102495825 0.9534562860809589, 
3, 0001111100, 0011111100, 0.6210392128812112, 0.9929529249445382, 0.0 0.0 0.0 0.0 0.001552543408686845 0.03917736351539661 0.9592700930759166, 
4, 0111111100, 0011111100, 0.6200175538446296, 0.9911681903851963, 0.0 0.0 0.0 0.0 0.0034696211008803757 0.04605161548706147 0.9504787634120583, 
5, 0011111100, 0011111100, 0.621585396229541, 0.9929574485895194, 0.0 0.0 0.0 0.0 0.0008013304317925089 0.040652647599298805 0.9585460219689087, 
6, 0011111100, 0011111100, 0.6206612811637037, 0.9920944328146742, 0.0 0.0 0.0 0.0 0.0022794805741276555 0.042874441963698634 0.9548460774621738, 
7, 0001111110, 0001111100, 0.6199335062075008, 0.9919378500890119, 0.0 0.0 0.0 0.0 0.0014167499759761774 0.04553939951397612 0.9530438505100476, 
8, 0011111100, 0011111100, 0.6206178088762209, 0.9916012621821201, 0.0 0.0 0.0 0.0 0.0010262880651584975 0.048339850776962956 0.9506338611578786, 
9, 0001111100, 0011111100, 0.6189162328436774, 0.9911249829569752, 0.0 0.0 0.0 0.0003869301437643596 0.001653604540845638 0.048782102745164146 0.9491773625702259, 
10, 0011111110, 0011111100, 0.6220088199660219, 0.9934864034414845, 0.0 0.0 0.0 2.2378020748609585e-05 0.0018544436111212767 0.03530555806660371 0.9628176203015264, 
11, 0011111100, 0011111100, 0.6207103083178566, 0.9919188825864582, 0.0 0.0 0.0 0.0 0.002366604516706197 0.04375349544783936 0.9538799000354544, 
12, 0011111100, 0011111100, 0.6205627231833611, 0.991475769593209, 0.0 0.0 0.0 0.0 0.000803657325063518 0.04953806779061772 0.9496582748843189, 
13, 0011111100, 0011111100, 0.6212665112720469, 0.9922071511850892, 0.0 0.0 0.0 0.0 0.0015661626892365939 0.04362476751099166 0.9548090697997718, 
14, 0011111100, 0011111100, 0.6205079187767917, 0.9918419851817933, 0.0 0.0 0.0 6.589653288605312e-05 0.0024756371532493925 0.04379912500408288 0.9536593413097818, 
15, 0011111110, 0011111100, 0.6209918287730044, 0.992005428259968, 0.0 0.0 0.0 0.0 0.0027713224565067743 0.04242478552717765 0.9548038920163155, 
16, 0001111100, 0111111110, 0.6215485654158907, 0.9922667212897529, 0.0 0.0 0.0 0.0 0.0018001497606823557 0.04279937274011828 0.9554004774991993, 
17, 0011111100, 0011111100, 0.6208440279656071, 0.9922235898070082, 0.0 0.0 0.0 0.00019241161683951103 0.0014796912633478498 0.04312184378073685 0.9552060533390758, 
18, 0011111100, 0011111110, 0.621016669259834, 0.9916056978068387, 0.0 0.0 0.0 1.1030560273011879e-06 0.002208029765468502 0.04594644445994933 0.951844422718555, 
19, 0011111100, 0011111110, 0.6209295804960081, 0.9921735178540411, 0.0 0.0 0.0 0.0 0.0010825215196756414 0.044793849836402375 0.954123628643922, 
20, 0011111100, 0111111110, 0.6212018200266503, 0.9919414357205678, 0.0 0.0 0.0 0.0 0.001570815639799081 0.045209754396995705 0.9532194299632052, 
21, 0011111100, 0011111100, 0.6210354153773391, 0.9928643709594634, 0.0 0.0 0.0 0.0 0.001926521261456637 0.03896073172030537 0.9591127470182379, 
22, 0011111100, 0011111100, 0.6206822558007802, 0.9917000064702629, 0.0 0.0 0.0 2.301693631404922e-05 0.002709762605748063 0.04431138515798396 0.9529558352999539, 
23, 0011111100, 0011111100, 0.6207335234176936, 0.9927225944402984, 0.0 0.0 0.0 2.966082099755605e-05 0.0017535721736794425 0.04006830654785842 0.9581484604574645, 
24, 0011111100, 0011111110, 0.6209148957538785, 0.9920543885256222, 0.0 0.0 0.0 0.0 0.001888580172292959 0.04389650850168022 0.9542149113260268, 
25, 0011111100, 0011111100, 0.6213571901890553, 0.9922920808686505, 0.0 0.0 0.0 0.0 0.0013243289475103857 0.043598856893076916 0.9550768141594126, 
26, 0011111100, 0011111100, 0.6200687441475321, 0.990083071570122, 0.0 0.0 0.0 6.626661711851755e-05 0.0019163466982627623 0.05547007733138657 0.9425473093532322, 
27, 0011111100, 0011111100, 0.6206719311001797, 0.9916506343422065, 0.0 0.0 0.0 1.1622169748942057e-05 0.0018686853828526677 0.04632395667180894 0.9517957357755894, 
28, 0011111110, 0001111100, 0.6212914248476943, 0.9928088819503433, 0.0 0.0 0.0 9.428326727980658e-05 0.0018343372119280095 0.039195184072245426 0.9588761954485467, 
29, 0011111100, 0011111100, 0.6209761491894003, 0.9920187674582354, 0.0 0.0 0.0 5.013728311061859e-06 0.001158800107372183 0.04555475385091139 0.9532814323134053, 
30, 0011111110, 0011111100, 0.6206079774050929, 0.9917272221923604, 0.0 0.0 0.0 0.0 0.002307824688236873 0.04502101746936392 0.9526711578423992, 
31, 0011111100, 0011111100, 0.6208490616285505, 0.9922710649230568, 0.0 0.0 0.0 0.0 0.0010759459329654595 0.04422171859572788 0.9547023354713067, 
32, 0011111100, 0011111100, 0.6200628710137499, 0.9916608724307865, 0.0 0.0 0.0 6.983039530810855e-05 0.0023418449928115375 0.04514158424373256 0.9524467403681478, 
33, 0011111100, 0011111100, 0.6216142534454419, 0.9930558126294906, 0.0 0.0 0.0 0.0 0.0006502376201960586 0.04036464898266437 0.9589851133971394, 
34, 0111111100, 0011111100, 0.6208974385960219, 0.9922494558847662, 0.0 0.0 0.0 5.442923748278103e-05 0.0010743920569850779 0.04419119286498477 0.9546799858405474, 
35, 0001111100, 0011111100, 0.6202217488470134, 0.9913952035354232, 0.0 0.0 0.0 0.0 0.0017307263449332117 0.04816732609759483 0.9501019475574719, 
36, 0011111100, 0011111110, 0.6208275518721927, 0.9915371984256116, 0.0 0.0 0.0 0.0 0.001595558790700109 0.04758569186493005 0.9508187493443698, 
37, 0011111100, 1111111100, 0.6206651926041988, 0.991808875042568, 0.0 0.0 0.0 0.0 0.001256193094847117 0.046634363554898424 0.9521094433502544, 
38, 0011111100, 0011111100, 0.6203538064419094, 0.9921242744489441, 0.0 0.0 0.0 6.0714788105828416e-05 0.001591722937321464 0.043888763067375075 0.9544587992071976, 
39, 0011111100, 0111111100, 0.6215959497843474, 0.9929974484600398, 0.0 0.0 0.0 0.0 0.0005947086467184622 0.04082589194632477 0.9585793994069568, 
40, 0011111100, 0011111100, 0.620403427733688, 0.9911773066458179, 0.0 0.0 0.0 0.0 0.0026833714798938373 0.047569417165304724 0.9497472113548014, 
41, 0011111100, 0011111100, 0.6198354357267023, 0.9907600753537463, 0.0 0.0 0.0 6.373332853743007e-05 0.0017027950917475562 0.05184275770841556 0.9463907138712995, 
42, 0111111100, 0011111100, 0.6203971187420847, 0.9903733725174353, 0.0 0.0 0.0 0.0 0.001789801050617127 0.054180162794153525 0.9440300361552293, 
43, 0011111100, 0011111100, 0.6211413657588634, 0.9923714637069879, 0.0 0.0 0.0 0.0 0.0007420914808142752 0.04428703479644386 0.9549708737227418, 
44, 0011111100, 0011111100, 0.621568692687301, 0.9924136640703206, 0.0 0.0 0.0 0.0 0.0018320311014925722 0.04185395337509127 0.9563140155234162, 
45, 0011111100, 0011111100, 0.6207801770987135, 0.9928160592721408, 0.0 0.0 0.0 0.0 0.0009030303033163717 0.041297583760523414 0.9577993859361602, 
46, 0011111100, 0011111100, 0.6204641734099864, 0.9915222731959769, 0.0 0.0 0.0 0.0 0.0020137563940365753 0.046838848036065715 0.9511473955698977, 
47, 0011111100, 0011111100, 0.6209891338478086, 0.9918081283476257, 0.0 0.0 0.0 5.558719716248058e-05 0.002131693920354034 0.04472108048205111 0.9530916384004324, 
48, 0011111100, 0011111100, 0.6202370235894795, 0.9913112273505885, 0.0 0.0 0.0 1.3930011076359521e-05 0.0029370738939779994 0.04621669807528359 0.9508322980196621, 
49, 0011111100, 0011111100, 0.6217723000906696, 0.9935273344099853, 0.0 0.0 0.0 0.0 0.001237590235046134 0.036360813069995945 0.962401596694958, 
50, 0011111100, 0011111100, 0.6216398750007276, 0.9924711915629842, 0.0 0.0 0.0 0.0 0.0012929634475435316 0.04258692372700776 0.9561201128254487, 
51, 0111111100, 0011111110, 0.6203661361521495, 0.9918157845016169, 0.0 0.0 0.0 0.00037948932438653136 0.0017258004885284672 0.04451522404008243 0.9533794861470026, 
52, 0011111100, 0011111100, 0.6214514483779523, 0.9923072769100658, 0.0 0.0 0.0 0.0 0.0005325954749945232 0.04509114758961618 0.9543762569353894, 
53, 0011111100, 0011111100, 0.6200604510520401, 0.9912890241518455, 0.0 0.0 0.0 0.0002595171236410595 0.0012154947256968773 0.04905631426661006 0.949468673884052, 
54, 0011111100, 0011111110, 0.6211374969438287, 0.9925938422182569, 0.0 0.0 0.0 0.0003607605142473039 0.0013234435159358204 0.040707778115845375 0.9576080178539714, 
55, 0011111100, 0111111100, 0.6209563454447581, 0.9912076334426382, 0.0 0.0 0.0 6.062727448486146e-07 0.0014883845210529366 0.049775611483830556 0.9487353977223717, 
56, 0011111100, 0111111100, 0.6203782409092468, 0.9917152321340488, 0.0 0.0 0.0 0.00023202214355389275 0.001816579496433082 0.04537938177217935 0.9525720165878336, 
57, 0011111100, 0011111100, 0.6214451213783301, 0.9931555963202701, 0.0 0.0 0.0 0.0 0.0013928328285631607 0.03828075642125326 0.9603264107501837, 
58, 0011111100, 0011111100, 0.620853163600299, 0.9915292002608004, 0.0 0.0 0.0 0.0 0.0020700328576628508 0.04668473271987128 0.9512452344224659, 
59, 0011111110, 0011111100, 0.619799130120043, 0.9912699149638008, 0.0 0.0 0.0 0.0 0.0019918687869772173 0.048396772643240916 0.9496113585697817, 
60, 0011111100, 0011111100, 0.620764578294748, 0.992286901577962, 0.0 0.0 0.0 0.0 0.0010285743064886899 0.04422144191925087 0.9547499837742603, 
61, 0011111100, 0011111100, 0.6211043450562127, 0.9929357175863482, 0.0 0.0 0.0 5.155653045801889e-06 0.0008044259859883767 0.040761375550795925 0.9584290428101698, 
62, 0011111100, 0011111100, 0.6198555660933519, 0.9909320658568216, 0.0 0.0 0.0 0.0002957775213937532 0.0018407913711295239 0.04983868955263126 0.9480247415548454, 
63, 0011111100, 0011111100, 0.6208876421583153, 0.9914336630913203, 0.0 0.0 0.0 0.0 0.002152105246312005 0.04709381095945374 0.9507540837942342, 
64, 0011111110, 0011111100, 0.6215329720415971, 0.9928080311532599, 0.0 0.0 0.0 0.0 0.0014664130462567933 0.04021898698792683 0.9583145999658164, 
65, 0011111100, 0011111100, 0.6210907600469848, 0.9925786306069236, 0.0 0.0 0.0 0.0002679275557831355 0.0018693952205198362 0.03998564325006884 0.9578770339736282, 
66, 0111111110, 0011111100, 0.620249697791805, 0.9918869078137079, 0.0 0.0 0.0 0.0 0.0022507555620924257 0.04417704199356779 0.9535722024443398, 
67, 0011111100, 0011111100, 0.6212197173801925, 0.9917593867556624, 0.0 0.0 0.0 0.0 0.001972494016716785 0.04549869143259209 0.9525288145506912, 
68, 0011111100, 0011111100, 0.620741629730213, 0.9916732171821602, 0.0 0.0 0.0 7.020140743738128e-05 0.001588270586450153 0.04657355151182614 0.9517679764942865, 
69, 0011111100, 0011111100, 0.6218247389677152, 0.9929800531611858, 0.0 0.0 7.775313614305995e-05 0.00010330029879297528 0.001031470660397921 0.03943582627113757 0.9593516496335284, 
70, 0011111100, 0011111100, 0.6207379615988018, 0.9921999689254914, 0.0 0.0 0.0 0.0 0.0006496110564577153 0.045500964334136536 0.9538494246094058, 
71, 0011111100, 0011111100, 0.6204647779827049, 0.9918564647757528, 0.0 0.0 0.0 0.0 0.002180639908673593 0.04449993152813532 0.9533194285631911, 
72, 0011111100, 0011111100, 0.6221070976495217, 0.9926128359397258, 0.0 0.0 0.0 0.0 0.0017504405112368435 0.04082210333917105 0.9574274561495921, 
73, 0011111100, 0011111100, 0.6202339711397963, 0.9915573925544048, 0.0 0.0 0.0 0.0006855244374604451 0.0012200915427560465 0.04615888827567832 0.9519354957441052, 
74, 0011111100, 0011111100, 0.62099207090772, 0.9919263540978277, 0.0 0.0 0.0 0.0 0.001108073390147065 0.046225728632739695 0.9526661979771133, 
75, 0011111100, 0011111100, 0.6215955556911107, 0.9930592364612726, 0.0 0.0 0.0 0.0 0.0011877395612300541 0.03926910210990463 0.9595431583288653, 
76, 0011111100, 0011111100, 0.6205290945060903, 0.991734284707036, 0.0 0.0 0.0 0.0003393627270869414 0.003421407929483955 0.04173338771755595 0.9545058416258732, 
77, 0011111100, 0011111100, 0.6198564108141899, 0.9918867091988023, 0.0 0.0 0.0 0.0 0.0010566100958975652 0.04656652461539077 0.9523768652887116, 
78, 0011111100, 0011111100, 0.6196276686359298, 0.9919131579908708, 0.0 0.0 0.0 0.0 0.0014110267290510165 0.04569899859667273 0.9528899746742763, 
79, 0011111110, 0111111100, 0.6195521904163266, 0.9906297806523299, 0.0 0.0 0.0 6.61380915904045e-05 0.002931702408171537 0.05015949699490646 0.9468426625053317, 
80, 0011111100, 0011111110, 0.6198776684937852, 0.9912487862883137, 0.0 0.0 0.0 0.0 0.0015140410725287027 0.049479200125059956 0.9490067588024114, 
81, 0011111100, 0111111100, 0.6201037512989157, 0.9914718047409071, 0.0 0.0 0.0 0.00010481841362044924 0.001805149043129872 0.04724441822743588 0.9508456143158138, 
82, 0011111100, 0011111110, 0.6209015148113602, 0.9917519517255011, 0.0 0.0 0.0 0.00022260163625546862 0.00254633696276598 0.04372781081269472 0.9535032505882838, 
83, 0011111100, 0011111110, 0.6212136861574995, 0.9930244999714875, 0.0 0.0 0.0 0.0 0.0010346104425341795 0.0397837792860074 0.9591816102714584, 
84, 0111111100, 0011111100, 0.6205189293971017, 0.9922341444584301, 0.0 0.0 0.0 0.0 0.0008882680139816091 0.044818597221456154 0.9542931347645622, 
85, 0011111100, 0011111100, 0.6204976299603336, 0.9918764845816136, 0.0 0.0 0.0 2.534252748557499e-05 0.0013133526298628817 0.046038359668135666 0.9526229451745158, 
86, 0011111100, 0011111110, 0.6204517689853686, 0.9913832207884805, 0.0 0.0 0.0 0.0 0.0015904721604161531 0.04851973094828487 0.9498897968912989, 
87, 0011111100, 0011111100, 0.6209401130724662, 0.9921156453619077, 0.0 0.0 0.0 0.0 0.0020605373265543576 0.04318505317544473 0.9547544094980009, 
88, 0111111100, 0011111100, 0.621837536281268, 0.993617867658585, 0.0 0.0 0.0 5.890221152464548e-05 0.0014386056389733438 0.035238876135969356 0.9632636160135326, 
89, 0011111100, 0011111100, 0.6219000576268497, 0.9931397274270984, 0.0 0.0 0.0 0.0 0.000737075345109843 0.039687484747190284 0.9595754399076999, 
90, 0011111100, 0111111110, 0.6209002391904127, 0.9920251641903781, 0.0 0.0 0.0 0.0 0.0018064915496874014 0.04423603175835719 0.9539574766919554, 
91, 0011111100, 0011111100, 0.6199009062029335, 0.9910493040702153, 0.0 0.0 0.0 0.0 0.0018709025101585684 0.04996237055839106 0.9481667269314503, 
92, 0011111100, 0011111100, 0.6203189430976643, 0.9913658231907596, 0.0 0.0 0.0 0.0 0.001991541850103977 0.04782197715523522 0.9501864809946607, 
93, 0011111100, 0011111100, 0.6210683982653756, 0.9916088057644146, 0.0 0.0 0.0 0.0 0.001773191177513727 0.046800783058486284 0.9514260257639999, 
94, 0011111100, 0011111000, 0.6203453886120994, 0.9916642130579645, 0.0 0.0 0.0 0.00018167550306263423 0.001865372675610809 0.045738949791803436 0.9522140020295231, 
95, 0011111100, 0011111100, 0.6198718252071049, 0.9916197695608673, 0.0 0.0 0.0 0.0 0.002171905709034978 0.045937571216725995 0.951890523074239, 
96, 0011111100, 0011111110, 0.6195755709202627, 0.9904844366347864, 0.0 0.0 0.0 0.00011426926682829855 0.002060483553585302 0.05262960528362537 0.9451956418959611, 
97, 0011111100, 0011111110, 0.6202400198731383, 0.9915540466128399, 0.0 0.0 0.0 0.0 0.0021340114825322653 0.046407697357897015 0.9514582911595708, 
98, 0011111100, 0011111100, 0.6201784326263389, 0.9913634503937093, 0.0 0.0 0.0 0.0005400348378429526 0.0022982289401056793 0.0456027352440038 0.9515590009780475, 
99, 0011111100, 0011111100, 0.6197689656550459, 0.9909295057572941, 0.0 0.0 0.0 0.0 0.0017491922348448065 0.05092458098654551 0.9473262267786097, 
100, 0011111100, 0011111100, 0.6207763992865445, 0.9923835620409814, 0.0 0.0 0.0 0.0 0.0018803584606523738 0.04193791083280562 0.956181730706542, 
run, initial grid state, final grid state, mean grid cell occupancy, mean binding site occupancy, fraction of time with N TFs bound, warning
1, 0011111110, 0011111110, 0.6200797679450757, 0.9912959730017936, 0.0 0.0 0.0 0.0 0.0016826721144124934 0.04885881776041363 0.949458510125174, 
2, 1111111100, 0011111100, 0.6219186417405892, 0.9932870451419972, 0.0 0.0 0.0 4.1852716245310645e-05 0.0005791655959685927 0.03899383980734375 0.9603851418804423, 
3, 0111111100, 0011111100, 0.6207664612412447, 0.9920160782287303, 0.0 0.0 0.0 0.00018966893232742944 0.0019770323523445924 0.04338045912594714 0.9544528395893809, 
4, 0011111100, 0011111100, 0.6201528730596737, 0.9914107597603204, 0.0 0.0 0.0 0.0002780232653691513 0.00153373868932162 0.047633894263327294 0.9505543437819819, 
5, 0011111100, 0111111100, 0.621054746151221, 0.9925189437344532, 0.0 0.0 0.0 3.132877262649082e-05 0.0023257373851742346 0.04014087650505239 0.9575020573371469, 
6, 0011111100, 0011111100, 0.6203455303486768, 0.992043665819044, 0.0 0.0 0.0 0.0 0.0016441451957671129 0.04444971469420162 0.9539061401100312, 
7, 0011111100, 0011111100, 0.6211802477254158, 0.9920253766319496, 0.0 0.0 0.0 0.0 0.0011718598708761164 0.04550402046655091 0.953324119662573, 
8, 0011111100, 0011111100, 0.6198641157478527, 0.9906708180440345, 0.0 0.0 0.0 0.00040497663804831956 0.002666430678467315 0.04942730046471379 0.9475012922187707, 
9, 0111111100, 0011111100, 0.6209591994555846, 0.991983284265412, 0.0 0.0 0.0 0.0 0.0014894091644815247 0.045121476078564086 0.9533891147569544, 
10, 0111111100, 0011111110, 0.6207112802949574, 0.9931718418615951, 0.0 0.0 0.0 0.0 0.0014572545284976418 0.03805443977343423 0.9604883056980682, 
11, 0011111100, 0011111100, 0.6193818625678198, 0.9904525399144898, 0.0 0.0 0.0 0.0005772185634834992 0.004058604195828423 0.04743589643095397 0.9479282808097341, 
12, 0011111100, 0011111100, 0.6208226531048753, 0.9913152240492688, 0.0 0.0 0.0 0.00031699510070871734 0.0028453076039030717 0.045467055194455264 0.9513706421009329, 
13, 0011111100, 0001111100, 0.6203703733659027, 0.9915163963890178, 0.0 0.0 0.0 0.0 0.001855599923596155 0.047190421818700756 0.9509539782577031, 
14, 0011111100, 0011111100, 0.6204347962661566, 0.9916550581953288, 0.0 0.0 0.0 0.0 0.0026098949782424876 0.044849860871541705 0.9525402441502158, 
15, 0011111100, 0011111100, 0.6208510443194296, 0.9922263644970001, 0.0 0.0 0.0 0.0 0.001188802149703474 0.044264208718592414 0.9545469891317041, 
16, 0011111100, 1111111100, 0.6205501915458377, 0.9919076956622463, 0.0 0.0 0.0 0.0 0.002542237630902839 0.04346935076471709 0.9539884116043801, 
17, 0011111100, 0111111100, 0.620500235381997, 0.9924282924092938, 0.0 0.0 0.0 0.0 0.0017999406448194098 0.04183036425459903 0.9563696951005816, 
18, 0011111100, 0011111100, 0.6195317496659883, 0.9911765778355279, 0.0 0.0 0.0 0.00014812208793583368 0.0026930101346969034 0.0471101464536315 0.9500487213237357, 
19, 0011111100, 0011111100, 0.6208467619009742, 0.9917579253632866, 0.0 0.0 0.0 0.0 0.0015610159698162332 0.04633041588064855 0.9521085681495353, 
20, 0011111100, 0011111100, 0.6202665539412431, 0.9909937802347124, 0.0 0.0 0.0 0.0 0.0009201809710689101 0.05219695664958858 0.9468828623793425, 
21, 0001111100, 0001111110, 0.6204220820762156, 0.9909455645101253, 0.0 0.0 0.0 0.0 0.0022434916400504252 0.04983962965914744 0.9479168787008021, 
22, 0011111100, 1111111100, 0.6211223355195714, 0.9927178960704204, 0.0 0.0 0.0 0.0 0.0013609703400707244 0.04097068289733588 0.9576683467625935, 
23, 0011111100, 0001111000, 0.6208416506947374, 0.9926221139399694, 0.0 0.0 0.0 0.0 0.0010492668465856819 0.04216878266701356 0.9567819504864007, 
24, 0011111100, 0011111100, 0.6204489566143001, 0.9921264040391341, 0.0 0.0 0.0 0.0 0.0021258605345170906 0.04298985469616094 0.954884284769322, 
25, 0011111100, 0011111100, 0.6210632749069355, 0.991942921425632, 0.0 0.0 0.0 0.0 0.002572271947273647 0.04319792755166119 0.9542298005010651, 
26, 0011111100, 0011111100, 0.6204327525328196, 0.9925558815349155, 0.0 0.0 0.0 0.0 0.0006543896183881872 0.043355931553732074 0.9559896788278798, 
27, 0011111100, 0011111100, 0.6196033167714563, 0.9905124980900502, 0.0 0.0 0.00014431509368362878 4.656909875290734e-05 0.0016225739563682957 0.05296289587596936 0.9452236459752259, 
28, 0011111110, 0011111100, 0.6218284956568191, 0.9933982020271198, 0.0 0.0 0.0 0.0 0.00103138966286874 0.03754800851154378 0.9614206018255874, 
29, 0011111100, 0111111111, 0.6211877067038126, 0.9915985267247659, 0.0 0.0 0.0 0.00016191845082698565 0.0023999198603046543 0.04512324457831535 0.952314917110553, 
30, 0011111100, 0011111100, 0.6194916414633403, 0.9897884581439912, 0.0 0.0 0.0 5.966109759254114e-06 0.00610911560304047 0.049033121600694535 0.9448517966865058, 
31, 0011111100, 0011111100, 0.6206176191268397, 0.9918535327745921, 0.0 0.0 0.0 0.0 0.0016498546562874316 0.0455790940398729 0.9527710513038397, 
32, 0011111100, 0011111100, 0.6213473178330725, 0.9926973329269696, 0.0 0.0 0.0 0.0 0.0013422167545180093 0.04113156892914607 0.9575262143163359, 
33, 0011111100, 0011111100, 0.6206865738123676, 0.9929392837154379, 0.0 0.0 0.0 0.00023771159179971328 0.0005768954150638694 0.040497372101845015 0.9586880208912913, 
34, 0011111000, 0111111100, 0.621863209479289, 0.9936045959287186, 0.0 0.0 0.0 0.0 0.00022186964674312441 0.037928685134202604 0.9618494452190542, 
35, 0011111100, 0011111110, 0.6198150409933871, 0.991541952821843, 0.0 0.0 0.0 0.0005499904516745376 0.0017910758671587828 0.04551615997960124 0.9521427737015654, 
36, 0011111100, 0011111100, 0.6211728109097364, 0.9925940370320959, 0.0 0.0 0.0 0.0 0.0012146496378039602 0.042006478531815855 0.9567788718303802, 
37, 0011111100, 0011111100, 0.6209715908479848, 0.9916883885006444, 0.0 0.0 0.0 0.0 0.0014565069313737323 0.046956655133386094 0.9515868379352401, 
38, 0011111100, 0011111100, 0.6210272132578651, 0.9925884041495742, 0.0 0.0 0.0 0.0 0.0020260463040337106 0.0404174824944871 0.9575564712014791, 
39, 0011111100, 0011111100, 0.6205340918115522, 0.9915624160534217, 0.0 0.0 0.0 0.00017059182215310275 0.002233218317007337 0.04564729157899631 0.9519488982818434, 
40, 0111111100, 0011111100, 0.6200527561546373, 0.9911651347844456, 0.0 0.0 0.0 0.0 0.0010168009571443425 0.05097558937903749 0.9480076096638181, 
41, 0011111100, 0011111100, 0.6200381013884474, 0.991450346701984, 0.0 0.0 0.0 0.0 0.0024083011033142745 0.04648131758146752 0.9511103813152183, 
42, 0011111100, 0011111100, 0.6206779242679311, 0.9916587345064204, 0.0 0.0 0.0 9.508894500647272e-06 0.0031955305587619753 0.043628005160451414 0.953166955386286, 
43, 0011111100, 0011111100, 0.6206754919208867, 0.9920094182012268, 0.0 0.0 0.0 0.0 0.0013395325274177675 0.04526442573780406 0.9533960417347782, 
44, 0011111100, 0011111100, 0.6210478676592719, 0.992902550592951, 0.0 0.0 0.0 0.0 0.0014668282113483547 0.03965104001959739 0.9588821317690542, 
45, 0011111100, 0011111100, 0.6209679912985071, 0.9930452741015718, 0.0 0.0 0.0 0.0 0.0008687113387268639 0.03999093271311573 0.9591403559481574, 
46, 0001111100, 0011111110, 0.6215467894171726, 0.9925302117527282, 0.0 0.0 0.0 2.6664034266017728e-05 0.0013986970506844392 0.04194134327946367 0.9566332956355859, 
47, 0111111100, 0011111110, 0.6205369024040385, 0.9913102218729787, 0.0 0.0 0.0 0.0 0.001006692638756631 0.05012528348461481 0.9488680238766285, 
48, 0111111100, 0011111100, 0.6212160218101801, 0.992611724759119, 0.0 0.0 0.0 1.98404809147971e-05 0.0009414022988793395 0.04238732540478299 0.9566514318154228, 
49, 0011111100, 0011111100, 0.6193371100097529, 0.9905278752095589, 0.0 0.0 0.0 0.0005908782458636873 0.0024441479606329254 0.05017181808378911 0.9467931557097143, 
50, 0111111110, 0011111111, 0.6200697339450765, 0.9914336450516962, 0.0 0.0 0.0 0.00020212437986873443 0.002912937392025973 0.044965881766165255 0.9519190564619401, 
51, 0011111110, 0011111100, 0.6209330683464529, 0.992820417130958, 0.0 0.0 0.0 0.0 0.00022083228597499072 0.04263583264230197 0.957143335071723, 
52, 0011111100, 0011111100, 0.6213534819469194, 0.9922903706675612, 0.0 0.0 0.0 0.0 0.0015847765385773478 0.043088222917479074 0.9553270005439436, 
53, 0011111100, 0011111100, 0.6218267493852296, 0.9940246082847667, 0.0 0.0 0.0 0.0 0.000453940473796413 0.03494446934380728 0.9646015901823963, 
54, 0011111100, 0011111100, 0.6213192391818982, 0.9929310514593694, 0.0 0.0 0.0 0.00016393422923542203 0.0014473740520183243 0.039027140452040573 0.9593615512667056, 
55, 0011111100, 0111111100, 0.621227221646585, 0.9924595604552072, 0.0 0.0 0.0 0.0001941035429921604 0.0020397231364964693 0.04058088036678748 0.957185292953724, 
56, 0001111100, 0001111100, 0.6199304858285236, 0.9913924927278523, 0.0 0.0 0.0 0.0 0.0013475385653166827 0.048949966502253126 0.9497024949324302, 
57, 0011111100, 0011111100, 0.6199552993679573, 0.991458226037103, 0.0 0.0 0.0 0.00026169565287658146 0.001368633309039076 0.047728290200673984 0.9506413808374103, 
58, 0011111100, 0011111100, 0.6210311526910094, 0.9926353151698794, 0.0 0.0 0.0 0.00017905686833313532 0.0020166704907209248 0.039617597394282555 0.9581866752466635, 
59, 0011111100, 0011111100, 0.6206445179488758, 0.9921839466112121, 0.0 0.0 0.0 0.0003519685068627766 0.0010663596583557128 0.04370769549542811 0.9548739763393533, 
60, 0011111100, 0011111100, 0.6209195822266972, 0.992944794810177, 0.0 0.0 0.0 0.0 0.0011190547868478013 0.040093121565242154 0.9587878236479099, 
61, 0011111100, 0011111100, 0.6207687664388865, 0.9924063287874111, 0.0 0.0 0.0 0.0 0.001511264686318753 0.042539497902896066 0.9559492374107853, 
62, 0011111110, 0011111100, 0.6201842586391182, 0.9918733064796481, 0.0 0.0 0.0 2.810732469501949e-05 0.0019497547976700463 0.04477632955268627 0.9532458083249487, 
63, 0011111110, 0011111100, 0.6211739500286904, 0.992694162612238, 0.0 0.0 0.0 0.0 0.0011812212470278462 0.041472581832516515 0.9573461969204556, 
64, 0011111100, 0011111100, 0.620721037437523, 0.992777481524414, 0.0 0.0 0.0 0.0 0.001095581816778944 0.04114394721995911 0.9577604709632619, 
65, 0011111100, 0011111100, 0.621311399298568, 0.9927618010947252, 0.0 0.0 0.0 0.0 0.0013373728997893976 0.04075444763207057 0.95790817946814, 
66, 0011111100, 0011111100, 0.6199249828299177, 0.990457912377261, 0.0 0.0 0.0 0.0004530510126694043 0.002394209925772945 0.05110495284688025 0.9460477862146773, 
67, 0011111100, 0011111100, 0.6214278184660297, 0.9927294681168697, 0.0 0.0 0.0 7.374861774912902e-07 0.0016140360169311647 0.04039290680638653 0.9579923196905049, 
68, 0011111100, 0011111100, 0.6201593973574194, 0.9911775727477744, 0.0 0.0 0.0 0.0 0.0023459989834413854 0.04824256554647189 0.9494114354700868, 
69, 0011111100, 0011111100, 0.6199444282486629, 0.9907280035792428, 0.0 0.0 0.0 0.0 0.0054046379513401285 0.04482270262186353 0.9497726594267963, 
70, 0011111100, 0011111110, 0.6204496920246386, 0.991556286089861, 0.0 0.0 0.0 3.26185209377039e-05 0.0015184272445877675 0.047527573408845045 0.9509213808256295, 
71, 0011111100, 0011111100, 0.6204171551097424, 0.9917440231127057, 0.0 0.0 0.0 0.0 0.0012053113964004742 0.04712523853096552 0.951669450072634, 
72, 0011111100, 0111111100, 0.6211303185441481, 0.9916607287450523, 0.0 0.0 0.0 1.0231811958324341e-05 0.0026022024147769095 0.044800527264257546 0.9525870385090073, 
73, 0011111100, 0011111100, 0.6204936694041409, 0.9911064877653752, 0.0 0.0 0.0 0.0 0.002967186076512173 0.04742670125472472 0.949606112668763, 
74, 0011111100, 0011111100, 0.6211874568434234, 0.9921928305739938, 0.0 0.0 0.0 0.0 0.0020417723236528748 0.04275947190873114 0.955198755767616, 
75, 0011111100, 0011111110, 0.620435931123414, 0.9916626263700136, 0.0 0.0 0.0 0.0 0.0015630565763377503 0.04689812862724372 0.9515388147964186, 
76, 0011111100, 0011111100, 0.6203205915909149, 0.9914394954794344, 0.0 0.0 0.0 0.0 0.0007536244845832954 0.049855778154226454 0.9493905973611902, 
77, 0011111100, 0011111100, 0.6207667492305963, 0.9923060997106696, 0.0 0.0 0.0 0.0 0.0018601364365723302 0.04244312886283741 0.9556967347005904, 
78, 0111111100, 0011111100, 0.6206388693115286, 0.9925077089194299, 0.0 0.0 0.0 0.0 0.001557626962834937 0.04183849255775051 0.9566038804794145, 
79, 0011111000, 0011111100, 0.6205780490787889, 0.9916209971063218, 0.0 0.0 0.0 0.0 0.002568222921885571 0.04513757151829915 0.9522942055598153, 
80, 0111111100, 0011111110, 0.6207565177080908, 0.991799822396162, 0.0 0.0 0.0 4.435515529768807e-07 0.0010811871893992592 0.0470373605895699 0.9518810086694779, 
81, 0111111100, 0011111100, 0.6200977934530666, 0.9910850505615829, 0.0 0.0 0.0 0.0 0.002056159003980085 0.04937737862254253 0.9485664623734774, 
82, 0011111100, 0011111110, 0.6208472246861715, 0.9919166969748059, 0.0 0.0 0.0 0.0 0.001821454008678744 0.0448569101338073 0.953321635857514, 
83, 0011111100, 0011111100, 0.619219229951061, 0.9899375278637644, 0.0 0.0 0.0 0.0003842750715254034 0.0026465349870282194 0.0539289376287803 0.9430402523126661, 
84, 0011111100, 0011111100, 0.620820681707874, 0.9926780312236765, 0.0 0.0 0.0 8.732506416797637e-05 0.0015530752752456918 0.040563686914946676 0.9577959127456397, 
85, 0011111100, 0011111100, 0.6211407863519667, 0.9923030716293857, 0.0 0.0 0.0 1.6069595144192376e-05 0.0011896406648659705 0.04375408010852053 0.9550402096314693, 
86, 0011111100, 0011111100, 0.6207668674366978, 0.9925591300251085, 0.0 0.0 0.0 0.0 0.00126287775947795 0.04211946433039314 0.9566176579101289, 
87, 0011111100, 0011111110, 0.6212794098043576, 0.9925981888613479, 0.0 0.0 0.0 0.0 0.0006868671023189028 0.043037132627275314 0.9562760002704058, 
88, 0011111100, 0011111100, 0.6205894424544182, 0.9919049454094139, 0.0 0.0 0.0 0.0 0.0020235174267905238 0.0445232926899354 0.9534531898832741, 
89, 0011111100, 0001111100, 0.6198475262044028, 0.9909271783130565, 0.0 0.0 0.0 0.0 0.0019263558452982772 0.05058421843106449 0.9474894257236373, 
90, 0001111100, 0111111100, 0.6205005642026673, 0.9914476795157088, 0.0 0.0 0.0 0.00030491527604648044 0.002513961707352073 0.045371253662904294 0.951809869353697, 
91, 0011111100, 0011111100, 0.6204351482449046, 0.9915608578983403, 0.0 0.0 0.0 0.0 0.0022043783954042015 0.04622609581915043 0.9515695257854454, 
92, 0011111100, 0011111100, 0.620480704267586, 0.9918263406174281, 0.0 0.0 0.0 0.0 0.0017522864949842576 0.045537383305462406 0.9527103301995534, 
93, 0011111100, 0011111100, 0.620963767564268, 0.9926920722338778, 0.0 0.0 0.0 0.0 0.0008215887189621708 0.042204389158809065 0.9569740221222287, 
94, 0111111100, 0011111100, 0.6206520955510416, 0.9923086480986884, 0.0 0.0 0.0 2.4393011951219465e-05 0.0012378159916716814 0.04359930038867378 0.9551384906077033, 
95, 0011111100, 0011111100, 0.6209253737978957, 0.9932744415660074, 0.0 0.0 0.0 0.0 0.000651266864585025 0.03905081687478634 0.9602979162606285, 
96, 0011111100, 1111111100, 0.6199971428585653, 0.9917072945580463, 0.0 0.0 0.0 0.0 0.001394422484734917 0.04696738768225224 0.9516381898330128, 
97, 0011111100, 0111111100, 0.6205666132815272, 0.992061169986568, 0.0 0.0 0.0 0.0 0.0016562480399145928 0.044320484000762356 0.954023267959323, 
98, 0011111100, 0011111100, 0.6205868667940586, 0.9926033362556467, 0.0 0.0 0.0 0.0 0.0008251276472170384 0.042729727171685376 0.9564451451810976, 
99, 0011111100, 0011111100, 0.620260547366658, 0.9913930891564601, 0.0 0.0 0.0 6.031215119588942e-06 0.0022654916619207176 0.04709238809203956 0.9506360890309202, 
100, 0011111100, 0011111110, 0.6208264779470895, 0.9922820249973988, 0.0 0.0 0.0 0.0 0.0009644825270473956 0.04437888496151284 0.9546566325114397, 
