run, initial grid state, final grid state, mean grid cell occupancy, mean binding site occupancy, fraction of time with N TFs bound, warning
1, 111111, 111111, 0.9925007768654092, 0.9925007768654092, 0.0 0.0 0.0 0.0 0.0018457144132559354 0.04130390998103222 0.9568503756057118, 
2, 111111, 111111, 0.992690780093055, 0.992690780093055, 0.0 0.0 0.0 0.0 0.0008309578666404456 0.0421934037083892 0.9569756384249705, 
3, 111111, 111111, 0.9925498517868385, 0.9925498517868385, 0.0 0.0 0.0 0.0 0.0017915190198434532 0.04111785123928204 0.9570906297408746, 
4, 111111, 111111, 0.9918028232716246, 0.9918028232716246, 0.0 0.0 0.0 0.0 0.0011492744227221748 0.04688451152480769 0.9519662140524702, 
5, 111111, 111111, 0.9921159563630503, 0.9921159563630503, 0.0 0.0 0.0 0.0 0.0020084352436764183 0.04328739133434568 0.9547041734219779, 
6, 111111, 111111, 0.9915743645756432, 0.9915743645756432, 0.0 0.0 0.0 0.00015483606886801263 0.0022130543468142547 0.0456631956459079 0.9519689139384099, 
7, 111111, 111111, 0.9932718650660983, 0.9932718650660983, 0.0 0.0 0.0 4.4839512022903984e-05 0.0020196118061346453 0.03619506745507183 0.9617404812267707, 
8, 111111, 011111, 0.9924575943408969, 0.9924575943408969, 0.0 0.0 0.0 0.0 0.0008973615206920815 0.043459710913235215 0.9556429275660727, 
9, 011111, 111111, 0.991793672916879, 0.991793672916879, 0.0 0.0 0.0 0.0 0.0020346501282636252 0.04516866224219788 0.9527966876295386, 
10, 111111, 111111, 0.9929739389472297, 0.9929739389472297, 0.0 0.0 0.0 0.0 0.002406824254618883 0.03734271780738394 0.9602504579379971, 
11, 111111, 111111, 0.9925295711597587, 0.9925295711597587, 0.0 0.0 0.0 0.0 0.001295513723622461 0.042231545594202814 0.9564729406821747, 
12, 111111, 111111, 0.9928433652386606, 0.9928433652386606, 0.0 0.0 0.0 0.0 0.0010631333222430393 0.04081354192355077 0.9581233247542061, 
13, 111111, 111111, 0.9916732787343197, 0.9916732787343197, 0.0 0.0 0.0 0.0 0.0015527866568061939 0.046854754280469486 0.9515924590627243, 
14, 111111, 111111, 0.9912307579215539, 0.9912307579215539, 0.0 0.0 0.0 0.0 0.0014872070244155823 0.049641038421845585 0.9488717545537388, 
15, 111111, 111111, 0.9927755920396777, 0.9927755920396777, 0.0 0.0 0.0 0.0 0.0013576548706973166 0.04063113802053958 0.9580112071087631, 
16, 111111, 111111, 0.9919166851965546, 0.9919166851965546, 0.0 0.0 0.0 0.0 0.0013901840851047776 0.045719520650462704 0.9528902952644326, 
17, 111111, 111111, 0.9943047436406268, 0.9943047436406268, 0.0 0.0 0.0 0.0 0.00031659243983539796 0.03353835327656914 0.9661450542835954, 
18, 111111, 111111, 0.9925616274736557, 0.9925616274736557, 0.0 0.0 0.0 0.0 0.0007011946770502661 0.043227845803965693 0.956070959518984, 
19, 111111, 111111, 0.9935524376256886, 0.9935524376256886, 0.0 0.0 0.0 0.0 0.0008316220991047222 0.037022130047659044 0.9621462478532362, 
20, 111111, 111111, 0.9919689717942639, 0.9919689717942639, 0.0 0.0 0.0 0.0 0.0014738725285655826 0.045238424177284776 0.9532877032941497, 
21, 111111, 111111, 0.9927611699475335, 0.9927611699475335, 0.0 0.0 0.0 0.0 0.0016485318209968505 0.04013591667280598 0.9582155515061972, 
22, 111111, 111111, 0.9930747767840808, 0.9930747767840808, 0.0 0.0 0.0 0.0 0.0017385702209296678 0.038074198853655615 0.9601872309254148, 
23, 111111, 111111, 0.9929024807282757, 0.9929024807282757, 0.0 0.0 0.0 0.0 0.001025513265287351 0.040534089099771214 0.9584403976349414, 
24, 111111, 111111, 0.9927495441638244, 0.9927495441638244, 0.0 0.0 0.0 0.0 0.001775480424335542 0.03995177416838186 0.9582727454072826, 
25, 111111, 111111, 0.9928638227392627, 0.9928638227392627, 0.0 0.0 0.0 0.0 0.0008553481063753365 0.04110636735167329 0.9580382845419514, 
26, 111111, 111111, 0.9924417079718886, 0.9924417079718886, 0.0 0.0 0.0 0.0 0.0019393605141974628 0.04147103114027411 0.9565896083455283, 
27, 111111, 111111, 0.9914823304873706, 0.9914823304873706, 0.0 0.0 0.0 0.0 0.0014423191154483172 0.048221378844879405 0.9503363020396723, 
28, 111111, 111111, 0.9926340069067655, 0.9926340069067655, 0.0 0.0 0.0 0.0 0.0008938675036178457 0.04240822355217126 0.9566979089442109, 
29, 111111, 111111, 0.9913215666212266, 0.9913215666212266, 0.0 0.0 0.0 0.00020926627336377186 0.001289490196673423 0.04886382105920176 0.949637422470761, 
30, 011111, 111111, 0.992559997293555, 0.992559997293555, 0.0 0.0 0.0 0.0 0.0006422600637606495 0.043355496111148334 0.956002243825091, 
31, 111111, 111111, 0.9913795070686335, 0.9913795070686335, 0.0 0.0 0.0 0.0 0.0011550673052765001 0.04941282297764529 0.9494321097170783, 
32, 111111, 111111, 0.9929454639434111, 0.9929454639434111, 0.0 0.0 0.0 0.0 0.0006361130689634027 0.041054990201606564 0.95830889672943, 
33, 111111, 111111, 0.991977093655386, 0.991977093655386, 0.0 0.0 0.0 0.00016824089501278738 0.0015822155910215987 0.04446828420060266 0.953781259313363, 
34, 111111, 111111, 0.9926331620915864, 0.9926331620915864, 0.0 0.0 0.0 0.0 0.001186525966869337 0.04182797551674392 0.9569854985163868, 
35, 111111, 111111, 0.9926049309769984, 0.9926049309769984, 0.0 0.0 0.0 0.0 0.0014063276274417693 0.041557758883126086 0.9570359134894321, 
36, 111111, 111111, 0.9921278275265464, 0.9921278275265464, 0.0 0.0 0.0 0.0 0.0010244753764548755 0.04518408408781155 0.9537914405357336, 
37, 111111, 111111, 0.9926134879682309, 0.9926134879682309, 0.0 0.0 0.0 0.0 0.002082235442997444 0.04015460130462014 0.9577631632523824, 
38, 111111, 111111, 0.9918639354209231, 0.9918639354209231, 0.0 0.0 0.0 0.0 0.0011494242914428029 0.046517538891574964 0.9523330368169822, 
39, 111111, 111111, 0.9917382040960971, 0.9917382040960971, 0.0 0.0 0.0 0.0 0.0014639950696472893 0.046642785284122745 0.95189321964623, 
40, 111111, 111111, 0.9928646411553191, 0.9928646411553191, 0.0 0.0 0.0 0.0 0.0021572382515677667 0.03849767656494999 0.9593450851834822, 
41, 111111, 111111, 0.9922603093221709, 0.9922603093221709, 0.0 0.0 0.0 0.0 0.0011402344392926352 0.04415767518838909 0.9547020903723182, 
42, 111111, 111111, 0.9932560283140673, 0.9932560283140673, 0.0 0.0 0.0 0.0 0.0005669494584500222 0.039329931198695725 0.9601031193428543, 
43, 111111, 011111, 0.9915834279381521, 0.9915834279381521, 0.0 0.0 0.0 0.00016113758393117357 0.0016275471947207975 0.046760925229851896 0.9514503899914961, 
44, 011111, 111111, 0.9925294455187075, 0.9925294455187075, 0.0 0.0 0.0 0.0 0.000620434787572381 0.04358245731261034 0.9557971078998173, 
45, 111111, 111111, 0.9914945559126781, 0.9914945559126781, 0.0 0.0 0.0 2.004867264872505e-05 0.0010343905897158383 0.048903737326553384 0.9500418234110821, 
46, 111111, 111111, 0.9923843546743365, 0.9923843546743365, 0.0 0.0 0.0 4.068875817015057e-05 0.0019456760980770698 0.04168045348331691 0.956333181660436, 
47, 111111, 111111, 0.9911510278710003, 0.9911510278710003, 0.0 0.0 0.0 3.724124730927603e-05 0.0018326435586114545 0.049316821914848284 0.948813293279231, 
48, 111111, 111111, 0.9931120140327777, 0.9931120140327777, 0.0 0.0 0.0 0.0 0.0005899059253737756 0.04014810395258578 0.9592619901220405, 
49, 111111, 111111, 0.9925730065258527, 0.9925730065258527, 0.0 0.0 0.0 0.0 0.0006242774681322205 0.04331340590861902 0.9560623166232487, 
50, 111111, 111111, 0.992595741600305, 0.992595741600305, 0.0 0.0 0.0 0.0 0.0015058894598937742 0.041413771478383335 0.9570803390617229, 
51, 111111, 111111, 0.9924781675694401, 0.9924781675694401, 0.0 0.0 0.0 0.0 0.0012905520855706928 0.04254989041221818 0.956159557502211, 
52, 111111, 111111, 0.9916403286732641, 0.9916403286732641, 0.0 0.0 0.0 0.0 0.00214559680847304 0.04586683434346953 0.9519875688480574, 
53, 111111, 111111, 0.9916605895381239, 0.9916605895381239, 0.0 0.0 0.0 0.0 0.0008472923462256504 0.04834187807880568 0.9508108295749687, 
54, 111111, 111111, 0.9917567462704985, 0.9917567462704985, 0.0 0.0 0.0 0.00036195296578918183 0.0020723410267484824 0.04422898142614486 0.9533367245813175, 
55, 111111, 111111, 0.9924537748659173, 0.9924537748659173, 0.0 0.0 0.0 0.0 0.002163893737409214 0.04094956332967667 0.9568865429329141, 
56, 111111, 111111, 0.9909128791180587, 0.9909128791180587, 0.0 0.0 0.0 0.0 0.002079057384950664 0.05036461052174651 0.9475563320933027, 
57, 111111, 111111, 0.9936489401803236, 0.9936489401803236, 0.0 0.0 0.0 0.0 0.0005226604607050192 0.03706103799664883 0.9624163015426462, 
58, 111111, 111111, 0.9932020605232891, 0.9932020605232891, 0.0 0.0 0.0 0.0 0.0011025790100118872 0.03858247884024212 0.960314942149746, 
59, 111111, 111111, 0.9929643506006816, 0.9929643506006816, 0.0 0.0 0.0 0.0 0.0009958514276145326 0.040222193540681704 0.9587819550317036, 
60, 111111, 111111, 0.9917500237937873, 0.9917500237937873, 0.0 0.0 0.0 0.00019355623210203077 0.0014093422743014635 0.04610050399236749 0.952296597501229, 
61, 111111, 111111, 0.9918430962250603, 0.9918430962250603, 0.0 0.0 0.0 0.00033371866894784427 0.0015222943708702956 0.04489567790105436 0.9532483090591275, 
62, 111111, 011111, 0.9929652763410775, 0.9929652763410775, 0.0 0.0 0.0 0.0 0.0009358723362161573 0.040336597281102976 0.9587275303826809, 
63, 111111, 111111, 0.991949221107094, 0.991949221107094, 0.0 0.0 0.0 0.0 0.0004166414753053869 0.04747139040682413 0.9521119681178705, 
64, 111111, 111111, 0.9927617463126678, 0.9927617463126678, 0.0 0.0 0.0 0.0 0.000915890417359528 0.04159774128927443 0.957486368293366, 
65, 111111, 111111, 0.9918853552947461, 0.9918853552947461, 0.0 0.0 0.0 8.342481461337633e-06 0.0029333047336686366 0.042796231319802015 0.954262121465068, 
66, 111111, 111111, 0.9929021228565478, 0.9929021228565478, 0.0 0.0 0.0 0.0 0.0008286765763034458 0.0409299097081067 0.9582414137155898, 
67, 111111, 111111, 0.9917283581129817, 0.9917283581129817, 0.0 0.0 0.0 0.00020442545277774333 0.002877014868151737 0.0432625452274737 0.9536560144515969, 
68, 111111, 111111, 0.9921737786437015, 0.9921737786437015, 0.0 0.0 0.0 0.0 0.0006261828446992237 0.04570496244839264 0.9536688547069082, 
69, 111111, 111111, 0.9933209634266632, 0.9933209634266632, 0.0 0.0 0.0 0.0 0.00026341917274858977 0.03954738109452342 0.960189199732728, 
70, 111111, 111111, 0.9930065478486692, 0.9930065478486692, 0.0 0.0 0.0 0.0 0.0015050110874283455 0.038950690733129234 0.9595442981794424, 
71, 111111, 111111, 0.9918707954603425, 0.9918707954603425, 0.0 0.0 0.0 0.0 0.001295477189639097 0.046184272858665616 0.9525202499516954, 
72, 111111, 111111, 0.9917899823418517, 0.9917899823418517, 0.0 0.0 0.0 0.0 0.0019824594652733223 0.04529518701834377 0.9527223535163828, 
73, 111111, 111111, 0.9911713292749601, 0.9911713292749601, 0.0 0.0 0.0 0.00035220023602258586 0.002021439958466178 0.047872543725238394 0.9497538160802729, 
74, 111111, 111111, 0.9904711806821196, 0.9904711806821196, 0.0 0.0 0.0 0.00015333940341268266 0.0013531231522905824 0.05400665139246245 0.9444868860518342, 
75, 111111, 111111, 0.9923275457144954, 0.9923275457144954, 0.0 0.0 0.0 0.0 0.0011379828258071094 0.04375876006141331 0.9551032571127797, 
76, 111111, 111111, 0.9915441945512562, 0.9915441945512562, 0.0 0.0 0.0 0.0 0.0007333910558248133 0.04926805058081333 0.9499985583633618, 
77, 111111, 111111, 0.9921337703423824, 0.9921337703423824, 0.0 0.0 0.0 0.0 0.0011725729649228992 0.044852232015860374 0.9539751950192168, 
78, 111111, 111111, 0.992178442338872, 0.992178442338872, 0.0 0.0 0.0 0.0 0.001906596112596137 0.043116153741575944 0.9549772501458279, 
79, 111111, 111111, 0.9918728984580015, 0.9918728984580015, 0.0 0.0 0.0 8.056664313844272e-05 0.0020144572108854422 0.044491994900804945 0.9534129812451712, 
80, 111111, 111111, 0.991133908244213, 0.991133908244213, 0.0 0.0 0.0 0.00017207157083417687 0.002109607465693699 0.04846112089083174 0.9492572000726404, 
81, 111111, 111111, 0.9920401058869964, 0.9920401058869964, 0.0 0.0 0.0 7.859918799479802e-05 0.0014933751201065522 0.04453681687382388 0.9538912088180748, 
82, 111111, 111111, 0.9926008963205777, 0.9926008963205777, 0.0 0.0 0.0 0.0 0.0018579390310110363 0.040678744014511485 0.9574633169544775, 
83, 111111, 111111, 0.9916712612875738, 0.9916712612875738, 0.0 0.0 0.0 0.0 0.0024440867964810272 0.045084258681595726 0.9524716545219232, 
84, 111111, 111111, 0.9927276270555871, 0.9927276270555871, 0.0 0.0 0.0 0.0 0.001349526858746168 0.04093518394898454 0.9577152891922693, 
85, 111111, 111111, 0.9923429827481071, 0.9923429827481071, 0.0 0.0 0.0 0.0 0.001496733222426545 0.04294863706650417 0.9555546297110693, 
86, 111111, 111111, 0.9933545379012511, 0.9933545379012511, 0.0 0.0 0.0 0.0 0.0006788641090223192 0.03851504437444896 0.9608060915165287, 
87, 111111, 111111, 0.9920810301383562, 0.9920810301383562, 0.0 0.0 0.0 0.0 0.002424520824497498 0.042664777520867427 0.9549107016546351, 
88, 111111, 111111, 0.9923331651129403, 0.9923331651129403, 0.0 0.0 0.0 2.3881938616406347e-05 0.0009001857358421491 0.044128992034824 0.9549469402907174, 
89, 111111, 111110, 0.9925278664718264, 0.9925278664718264, 0.0 0.0 0.0 0.0 0.000721413993984545 0.04338997318107183 0.9558886128249436, 
90, 111111, 111111, 0.9923163566679304, 0.9923163566679304, 0.0 0.0 0.0 0.0 0.001317441656382708 0.04346697667965259 0.9552155816639647, 
91, 111111, 111111, 0.9917555214503855, 0.9917555214503855, 0.0 0.0 0.0 0.00013690074212789534 0.001571702121145058 0.04591276482901327 0.9523786323077137, 
92, 111111, 111111, 0.9918423713942659, 0.9918423713942659, 0.0 0.0 0.0 0.0 0.0009567452178651236 0.04703228119867411 0.9520109735834609, 
93, 111111, 111111, 0.9932447733635045, 0.9932447733635045, 0.0 0.0 0.0 0.0 0.0011104127530614817 0.03831053431284982 0.9605790529340886, 
94, 111111, 111111, 0.9927631258721786, 0.9927631258721786, 0.0 0.0 0.0 0.0 0.0009482250620533028 0.04152479464282128 0.9575269802951254, 
95, 111111, 111111, 0.9926423274487675, 0.9926423274487675, 0.0 0.0 0.0 0.0 0.0013454136343347598 0.041455208038726106 0.9571993783269391, 
96, 111111, 111111, 0.991731310201955, 0.991731310201955, 0.0 0.0 0.0 0.0001913203571806635 0.003091490703506136 0.042855196309715175 0.953861992629598, 
97, 111111, 111111, 0.9936500540779761, 0.9936500540779761, 0.0 0.0 0.0 0.0 0.0007500634748425512 0.03659954858245913 0.9626503879426983, 
98, 111111, 111111, 0.992612165273542, 0.992612165273542, 0.0 0.0 0.0 1.436146298272269e-05 0.0017507310415928632 0.04078246188661311 0.9574524456088113, 
99, 111111, 111111, 0.9923864360405503, 0.9923864360405503, 0.0 0.0 0.0 0.0 0.0007410025649704482 0.04419937862675708 0.9550596188082725, 
100, 111111, 111111, 0.9935517400592108, 0.9935517400592108, 0.0 0.0 0.0 0.0 0.0008684559996045912 0.036952647645526075 0.9621788963548693, 
run, initial grid state, final grid state, mean grid cell occupancy, mean binding site occupancy, fraction of time with N TFs bound, warning
1, 111111, 111111, 0.991221981959508, 0.991221981959508, 0.0 0.0 0.0 0.00031109963812498814 0.0023364560649761414 0.04706189719862557 0.9502905470982732, 
2, 111111, 111111, 0.9931965221155734, 0.9931965221155734, 0.0 0.0 0.0 0.0 0.00032729486455897487 0.04016627757744102 0.9595064275580001, 
3, 111111, 111111, 0.9910140177449929, 0.9910140177449929, 0.0 0.0 0.0 0.0 0.0012023448472698918 0.051511203835502235 0.9472864513172278, 
4, 111111, 111110, 0.9931497132135899, 0.9931497132135899, 0.0 0.0 0.0 2.5036073791803345e-05 0.0015968367905842263 0.03783293891591731 0.9605451882197067, 
5, 111111, 111111, 0.9907785156990345, 0.9907785156990345, 0.0 0.0 0.0 2.728199647642317e-05 0.0027170776944304333 0.04981290442750265 0.9474427358815906, 
6, 111111, 111111, 0.9917916966387726, 0.9917916966387726, 0.0 0.0 0.0 4.8485428763429316e-05 0.004452013944083395 0.0402003359929066 0.9552991646342465, 
7, 111111, 111111, 0.9937816919601121, 0.9937816919601121, 0.0 0.0 0.0 0.0 0.001062426469957417 0.035184995299411784 0.9637525782306308, 
8, 111111, 111111, 0.9922044936001637, 0.9922044936001637, 0.0 0.0 0.0 0.00014356600512708935 0.00183300360962597 0.04267633316438489 0.9553470972208621, 
9, 111111, 111111, 0.9923032850940339, 0.9923032850940339, 0.0 0.0 0.0 0.0 0.002094867359527297 0.041990554716742 0.9559145779237307, 
10, 111111, 111111, 0.9926610761798639, 0.9926610761798639, 0.0 0.0 0.0 0.0 0.0008448715637562406 0.04234379979330469 0.956811328642939, 
11, 111111, 111111, 0.9922983307427289, 0.9922983307427289, 0.0 0.0 0.0 1.9787204671814326e-05 0.0012192664850557275 0.04371212095950028 0.9550488253507722, 
12, 111111, 111111, 0.9935632233911759, 0.9935632233911759, 0.0 0.0 0.0 0.0 0.0001427609724914105 0.03833513770796259 0.9615221013195461, 
13, 111111, 111111, 0.9916588548001393, 0.9916588548001393, 0.0 0.0 0.0 0.0 0.001067264875271292 0.04791234144862227 0.9510203936761065, 
14, 111111, 111111, 0.9936163390786066, 0.9936163390786066, 0.0 0.0 0.0 0.0 0.0007214422847401811 0.03685908095888007 0.9624194767563798, 
15, 111111, 111111, 0.9936715364254208, 0.9936715364254208, 0.0 0.0 0.0 0.0 0.0009348763493433665 0.03610102874878833 0.9629640949018683, 
16, 111111, 011111, 0.9913292903395179, 0.9913292903395179, 0.0 0.0 0.0 0.0 0.000927080905050096 0.05017009615279214 0.9489028229421578, 
17, 111111, 111111, 0.9928209701163222, 0.9928209701163222, 0.0 0.0 0.0 0.0 0.0015442815841509967 0.03998561613376502 0.9584701022820841, 
18, 111111, 111111, 0.9932918986305197, 0.9932918986305197, 0.0 0.0 0.0 0.0 0.0011885487282501373 0.037871510760381574 0.9609399405113682, 
19, 111111, 111111, 0.9921784710033281, 0.9921784710033281, 0.0 0.0 0.0 0.0 0.0017669400720973436 0.043395293835835916 0.9548377660920666, 
20, 111111, 111111, 0.9909329741653725, 0.9909329741653725, 0.0 0.0 0.0 1.933819847050167e-05 0.0024845101162275316 0.04937512017989852 0.9481210315054034, 
21, 111111, 111111, 0.9918940874061394, 0.9918940874061394, 0.0 0.0 0.0 0.0 0.0011507883289981172 0.04633389890516767 0.9525153127658342, 
22, 111110, 111111, 0.9929195763529238, 0.9929195763529238, 0.0 0.0 0.0 0.0 0.00017745244487663863 0.042127636992703874 0.9576949105624195, 
23, 111111, 111111, 0.9915957212017406, 0.9915957212017406, 0.0 0.0 0.0 0.0 0.0015318079525631664 0.04736205688442939 0.9511061351630073, 
24, 111111, 111111, 0.9927649545118494, 0.9927649545118494, 0.0 0.0 0.0 0.0 0.0013430700357764888 0.04072413285735025 0.9579327971068733, 
25, 111111, 111111, 0.9921286435637457, 0.9921286435637457, 0.0 0.0 0.0 0.0 0.0009669755948105276 0.045294187427904774 0.9537388369772847, 
26, 111111, 111111, 0.9923084655613597, 0.9923084655613597, 0.0 0.0 0.0 0.0 0.0017370175518897173 0.042675171528062994 0.9555878109200473, 
27, 111111, 111111, 0.9919600844599457, 0.9919600844599457, 0.0 0.0 0.0 0.0 0.0006041686416092373 0.04703115595710754 0.9523646754012832, 
28, 111111, 111111, 0.9911027795319598, 0.9911027795319598, 0.0 0.0 0.0 0.0002638632679092316 0.0016177158593700185 0.049356301285773015 0.9487621195869477, 
29, 111111, 111111, 0.9917586831983334, 0.9917586831983334, 0.0 0.0 0.0 0.0 0.001829500084561613 0.04578890064087647 0.9523815992745619, 
30, 111111, 111111, 0.9932940986356666, 0.9932940986356666, 0.0 0.0 0.0 0.0 0.00034044082378847256 0.039554526538423805 0.9601050326377877, 
31, 111111, 111111, 0.9910239878277939, 0.9910239878277939, 0.0 0.0 0.0 1.630593180395308e-05 0.002313509600732383 0.049180136036360594 0.948490048431103, 
32, 111111, 111111, 0.9919965027446666, 0.9919965027446666, 0.0 0.0 0.0 0.000297636157843726 0.002758002189819078 0.04161207067883163 0.9553322909735057, 
33, 111111, 111111, 0.9918859254182989, 0.9918859254182989, 0.0 0.0 0.0 0.0 0.001473097529511111 0.045738252431183866 0.952788650039305, 
34, 111111, 111111, 0.9920666819709045, 0.9920666819709045, 0.0 0.0 0.0 7.325581318503334e-05 0.0008970658095206745 0.04558600911597635 0.953443669261318, 
35, 111111, 111111, 0.9932991248960298, 0.9932991248960298, 0.0 0.0 0.0 0.0004671237033356371 0.0014959667844177782 0.035811945944978336 0.9622249635672683, 
36, 111111, 111111, 0.9927062376545303, 0.9927062376545303, 0.0 0.0 0.0 0.00036074295558884026 0.0019964223622368628 0.03868750048157825 0.958955334200596, 
37, 111111, 111111, 0.9927261244624396, 0.9927261244624396, 0.0 0.0 0.0 0.0 0.0010406596054525318 0.04156193401445788 0.9573974063800896, 
38, 111111, 111111, 0.9926921242924426, 0.9926921242924426, 0.0 0.0 0.0 0.0 0.0005302288466911514 0.04278679655196233 0.9566829746013465, 
39, 111111, 111111, 0.9934730460243133, 0.9934730460243133, 0.0 0.0 0.0 0.0 0.0011506806136735138 0.03686036262677284 0.9619889567595536, 
40, 111111, 111111, 0.9918320739801477, 0.9918320739801477, 0.0 0.0 0.0 0.00020186649066050846 0.0024361900741768873 0.043529576498778415 0.9538323669363842, 
41, 111111, 111111, 0.9922934713694528, 0.9922934713694528, 0.0 0.0 0.0 1.2955944642850329e-05 0.00281474043487299 0.04057082307960916 0.956601480540875, 
42, 111111, 111111, 0.9917676289500215, 0.9917676289500215, 0.0 0.0 0.0 0.0 0.0010974061874738192 0.04719941392492351 0.9517031798876027, 
43, 111111, 111111, 0.9922526327266618, 0.9922526327266618, 0.0 0.0 0.0 3.437869499706086e-05 0.0022856759870572966 0.04180971558092401 0.9558702297370217, 
44, 111111, 111111, 0.9915060258751264, 0.9915060258751264, 0.0 0.0 0.0 8.560311224874995e-05 0.001581607163750671 0.047543821084993394 0.9507889686390072, 
45, 111111, 011111, 0.993459117050807, 0.993459117050807, 0.0 0.0 0.0 0.0 0.0004705928253566083 0.03830411204444466 0.9612252951301987, 
46, 111110, 111111, 0.9920620715315431, 0.9920620715315431, 0.0 0.0 0.0 0.0 0.0018249502535339194 0.04397767030367393 0.9541973794427921, 
47, 011111, 111111, 0.9922066647216637, 0.9922066647216637, 0.0 0.0 0.0 2.7145534055800663e-05 0.0018418164307998012 0.042994942206250886 0.9551360958288935, 
48, 111111, 111111, 0.9923297245677214, 0.9923297245677214, 0.0 0.0 0.0 0.0 0.0003413066497246619 0.04533903929422203 0.9543196540560532, 
49, 111111, 111111, 0.9918655550128436, 0.9918655550128436, 0.0 0.0 0.0 0.0002475831025723048 0.0014215892030453254 0.045220742209130575 0.9531100854852519, 
50, 111111, 111111, 0.9923259599737884, 0.9923259599737884, 0.0 0.0 0.0 0.0 0.002252486324832879 0.04153926750760359 0.9562082461675635, 
51, 111111, 111111, 0.9921812129645994, 0.9921812129645994, 0.0 0.0 0.0 0.0 0.002179773982842826 0.042553174246718214 0.955267051770439, 
52, 111110, 111111, 0.9922364984666674, 0.9922364984666674, 0.0 0.0 0.0 0.0 0.0007458164884010346 0.04508937622319316 0.9541648072884059, 
53, 111111, 111111, 0.9904533624999515, 0.9904533624999515, 0.0 0.0 0.0 5.910289898656663e-05 0.0030435579532507484 0.05101540039682999 0.9458819387509326, 
54, 111111, 111111, 0.9909231635119606, 0.9909231635119606, 0.0 0.0 0.0 0.0 0.0009582930082956381 0.05254443291164514 0.9464972740800592, 
55, 111111, 111111, 0.9930096619431211, 0.9930096619431211, 0.0 0.0 0.0 9.279369453112283e-05 0.002311753831697702 0.037040139594284885 0.9605553128794864, 
56, 111111, 111111, 0.9924344646764717, 0.9924344646764717, 0.0 0.0 0.0 0.0 0.0014840588055687165 0.04242509433003293 0.9560908468643984, 
57, 111111, 111111, 0.9929431009738877, 0.9929431009738877, 0.0 0.0 0.0 0.0 0.0004319606658762977 0.04147747282492109 0.9580905665092027, 
58, 111111, 111111, 0.9924787550578101, 0.9924787550578101, 0.0 0.0 0.0 0.0 0.0010764436071717455 0.042974582438795574 0.9559489739540327, 
59, 111111, 111111, 0.9925652228709853, 0.9925652228709853, 0.0 0.0 0.0 0.0 0.001988724757945012 0.04063121325819903 0.9573800619838561, 
60, 111111, 111111, 0.9908672900995725, 0.9908672900995725, 0.0 0.0 0.0 0.0 0.0012703766389354921 0.052255506124694075 0.9464741172363704, 
61, 111111, 111111, 0.9932201332787386, 0.9932201332787386, 0.0 0.0 0.0 0.0 0.002097710416117023 0.03648377949533467 0.9614185100885483, 
62, 111111, 111111, 0.9919454553486858, 0.9919454553486858, 0.0 0.0 0.0 0.0 0.0011637367262528125 0.04599979445537966 0.9528364688183677, 
63, 111111, 111111, 0.9931471607198848, 0.9931471607198848, 0.0 0.0 0.0 0.0 0.0008078478894495679 0.039501339901791624 0.9596908122087588, 
64, 111110, 111111, 0.9922073997688561, 0.9922073997688561, 0.0 0.0 0.0 5.477648454620724e-05 0.00253616330376255 0.04151894532569942 0.9558901148859917, 
65, 111111, 111111, 0.9903839311736823, 0.9903839311736823, 0.0 0.0 0.0 0.0 0.002548439017915626 0.05259953492207471 0.9448520260600096, 
66, 111111, 111111, 0.9914488028937335, 0.9914488028937335, 0.0 0.0 0.0 0.0 0.001526840846908433 0.04825350094378209 0.9502196582093094, 
67, 111111, 111111, 0.9928939492151343, 0.9928939492151343, 0.0 0.0 0.0 0.0 0.0016017205080213147 0.039432863693151916 0.9589654157988268, 
68, 111111, 111111, 0.9931787476441722, 0.9931787476441722, 0.0 0.0 0.0 0.0 0.0012879762470539551 0.038351561640858726 0.9603604621120873, 
69, 111111, 111111, 0.9929087509237116, 0.9929087509237116, 0.0 0.0 0.0 0.0 0.0021288733330024068 0.03828974779172573 0.9595813788752718, 
70, 111111, 111111, 0.9913569582440455, 0.9913569582440455, 0.0 0.0 0.0 0.00016176256390617005 0.0022491497652753086 0.046874663313457854 0.9507144243573606, 
71, 111111, 111111, 0.9926264163097074, 0.9926264163097074, 0.0 0.0 0.0 0.0002689489784859475 0.0023348497253645314 0.03876495575556767 0.9586312455405819, 
72, 111111, 111111, 0.9920647658241711, 0.9920647658241711, 0.0 0.0 0.0 0.00023176559107303618 0.0015321349547880142 0.043851838372178355 0.9543842610819606, 
73, 111111, 111111, 0.9930655456870292, 0.9930655456870292, 0.0 0.0 0.0 9.435159468513159e-05 0.0015066567492307012 0.038310357595307695 0.9600886340607765, 
74, 011111, 111111, 0.9930059462347415, 0.9930059462347415, 0.0 0.0 0.0 0.0 0.001750171890054203 0.03846397881144268 0.9597858492985032, 
75, 111111, 111111, 0.992255192968155, 0.992255192968155, 0.0 0.0 0.0 0.0 0.0019356472785338047 0.042597547634002336 0.9554668050874638, 
76, 111111, 111111, 0.9927022026461406, 0.9927022026461406, 0.0 0.0 0.0 0.0 0.0023092159077444103 0.0391683523076674 0.9585224317845882, 
77, 011110, 111111, 0.9936329753101321, 0.9936329753101321, 0.0 0.0 0.0 0.0 0.002224066658398825 0.0337540148224097 0.9640219185191915, 
78, 111111, 111111, 0.9917214078995271, 0.9917214078995271, 0.0 0.0 0.0 0.0 0.0010191319453855354 0.04763328871206614 0.9513475793425483, 
79, 111111, 111111, 0.993006208878874, 0.993006208878874, 0.0 0.0 0.0 0.0 0.0008349961871876318 0.04029275435238057 0.9588722494604318, 
80, 111111, 111111, 0.9922527909909956, 0.9922527909909956, 0.0 0.0 0.0 0.0 0.001113992221089261 0.04425526961184811 0.9546307381670626, 
81, 111111, 111111, 0.9925281378352782, 0.9925281378352782, 0.0 0.0 0.0 0.0 0.001494742334696693 0.04184168831893737 0.956663569346366, 
82, 111111, 111111, 0.9924550749474417, 0.9924550749474417, 0.0 0.0 0.0 0.0 0.0009400636063997979 0.043389423102550846 0.9556705132910494, 
83, 111111, 111111, 0.990580607021826, 0.990580607021826, 0.0 0.0 0.0 0.0 0.0024703853627307355 0.051575587143582305 0.9459540274936871, 
84, 111111, 111111, 0.9931668088568294, 0.9931668088568294, 0.0 0.0 0.0 0.0 0.0015613014884307997 0.03787654388216276 0.9605621546294065, 
85, 111111, 111111, 0.992272451409846, 0.992272451409846, 0.0 0.0 0.0 3.027469698571023e-05 0.0016556017049066153 0.04296326404015347 0.9553508595579543, 
86, 111111, 111111, 0.9926543649768131, 0.9926543649768131, 0.0 0.0 0.0 0.0 0.0018698212458909602 0.04033416764733925 0.9577960111067698, 
87, 111111, 111111, 0.9924480944982468, 0.9924480944982468, 0.0 0.0 0.0 0.0 0.001735557098987755 0.04184031881254379 0.9564241240884684, 
88, 111111, 111111, 0.9917273120819077, 0.9917273120819077, 0.0 0.0 0.0 0.0001782671676045656 0.0015543579474427017 0.04599261011085511 0.9522747647740977, 
89, 111111, 111111, 0.9932375664265484, 0.9932375664265484, 0.0 0.0 0.0 0.0 0.0010060941122501804 0.038562413216208395 0.9604314926715414, 
90, 111111, 111111, 0.9923391851238037, 0.9923391851238037, 0.0 0.0 0.0 0.0 0.001246319986839039 0.04347224928349871 0.9552814307296622, 
91, 111111, 111111, 0.991593091227409, 0.991593091227409, 0.0 0.0 0.0 0.0 0.00203932555840932 0.04636280151872698 0.9515978729228636, 
92, 111111, 111111, 0.9916169060675079, 0.9916169060675079, 0.0 0.0 0.0 0.0 0.0018835073063508312 0.04653154898225138 0.9515849437113978, 
93, 111111, 111111, 0.9925670628550539, 0.9925670628550539, 0.0 0.0 0.0 0.0 0.0012442343541365292 0.042109154161402915 0.9566466114844605, 
94, 111111, 111111, 0.9934693122859514, 0.9934693122859514, 0.0 0.0 0.0 0.0 0.0008371802246974904 0.03750976583489752 0.961653053940405, 
95, 111111, 111111, 0.9914759847212163, 0.9914759847212163, 0.0 0.0 0.0 0.0 0.001667054308953292 0.047809983054795745 0.950522962636251, 
96, 111111, 111111, 0.9928236792998956, 0.9928236792998956, 0.0 0.0 0.0 0.0 0.001076582018922468 0.040904760162782036 0.9580186578182955, 
97, 111111, 111111, 0.9921982739247244, 0.9921982739247244, 0.0 0.0 0.0 0.0 0.0012448309900098754 0.04432069447163384 0.9544344745383564, 
98, 111111, 111111, 0.991624453636936, 0.991624453636936, 0.0 0.0 0.0 0.0 0.0014013993010599697 0.047450479576263645 0.9511481211226763, 
99, 111111, 111111, 0.9924411392958477, 0.9924411392958477, 0.0 0.0 0.0 0.00010066208747767265 0.0013822752078508193 0.04228662754677997 0.9562304351578915, 
100, 111111, 111111, 0.9918368959123903, 0.9918368959123903, 0.0 0.0 0.0 9.487019554036004e-06 0.002530255510951266 0.04388965244509304 0.9535706050244017, 
run, initial grid state, final grid state, mean grid cell occupancy, mean binding site occupancy, fraction of time with N TFs bound, warning
1, 111111, 111111, 0.9919568600594806, 0.9919568600594806, 0.0 0.0 0.0 9.460171929285639e-06 0.0014386659040461194 0.04535312731923656 0.9531987466047881, 
2, 111111, 111111, 0.9928953981662808, 0.9928953981662808, 0.0 0.0 0.0 0.0 0.0011451508318121376 0.040337309338690945 0.9585175398294971, 
3, 111111, 111111, 0.9919114816368477, 0.9919114816368477, 0.0 0.0 0.0 7.14721584527833e-05 0.0021670358446293793 0.043982622014295925 0.953778869982622, 
4, 111111, 111111, 0.9923561605956897, 0.9923561605956897, 0.0 0.0 0.0 0.0 0.0014389758452483443 0.042985084735365206 0.9555759394193863, 
5, 111111, 111111, 0.9913013840782176, 0.9913013840782176, 0.0 0.0 0.0 0.0002595888988904158 0.0031800645552201067 0.045052799723583455 0.951507546822306, 
6, 111110, 111111, 0.9909299337659996, 0.9909299337659996, 0.0 0.0 0.0 0.0 0.0019286033951775585 0.05056319061364782 0.9475082059911746, 
7, 111111, 111111, 0.9919346142196455, 0.9919346142196455, 0.0 0.0 0.0 8.104865974210557e-05 0.0029044831188932627 0.04234020246511517 0.9546742657562495, 
8, 111111, 111111, 0.9926820226917197, 0.9926820226917197, 0.0 0.0 0.0 0.0 0.0012212604251086426 0.04146534299946457 0.9573133965754267, 
9, 111111, 111111, 0.9929230936136942, 0.9929230936136942, 0.0 0.0 0.0 0.0 0.00022598150674696832 0.042009475304340384 0.9577645431889127, 
10, 111111, 111111, 0.9923518033339254, 0.9923518033339254, 0.0 0.0 0.0 0.0 0.001969244145528775 0.04195069170539022 0.956080064149081, 
11, 111111, 111111, 0.9928413108221968, 0.9928413108221968, 0.0 0.0 0.0 0.0002591087439783982 0.0009688738335984945 0.04023706116768671 0.9585349562547365, 
12, 111111, 111111, 0.9912659458469246, 0.9912659458469246, 0.0 0.0 0.0 0.0 0.0014959744250384254 0.049412376068375216 0.9490916495065864, 
13, 111111, 111111, 0.9915036998821021, 0.9915036998821021, 0.0 0.0 0.0 0.0 0.0015709233092168627 0.0478359540889538 0.9505931226018294, 
14, 111111, 111111, 0.9928512814855918, 0.9928512814855918, 0.0 0.0 0.0 0.0 0.0006991793388431909 0.04149395240876314 0.9578068682523936, 
15, 111111, 111111, 0.9916796170796277, 0.9916796170796277, 0.0 0.0 0.0 0.0 0.0019656859089840022 0.04599092570426628 0.9520433883867497, 
16, 111111, 111111, 0.9919663682800328, 0.9919663682800328, 0.0 0.0 0.0 2.7477495501069793e-05 0.0016861423010521132 0.04474707323119577 0.9535393069722511, 
17, 111111, 111111, 0.9924485261845619, 0.9924485261845619, 0.0 0.0 0.0 3.146630028394006e-06 0.002857401203614551 0.039584600595313754 0.9575548515710433, 
18, 111111, 011111, 0.9927847894907225, 0.9927847894907225, 0.0 0.0 0.0 0.0 0.0009737307950789303 0.04134380146550686 0.9576824677394142, 
19, 111111, 111111, 0.9924825629175937, 0.9924825629175937, 0.0 0.0 0.0 0.0 0.0006021345509656801 0.043900353392506024 0.9554975120565283, 
20, 111111, 111111, 0.992181506964978, 0.992181506964978, 0.0 0.0 0.0 0.0 0.00039517506364501655 0.04612060808284163 0.9534842168535133, 
21, 111111, 111111, 0.9917729829805368, 0.9917729829805368, 0.0 0.0 0.0 0.0 0.003112526752681398 0.04313704861141616 0.9537504246359024, 
22, 111111, 111111, 0.9924100611810652, 0.9924100611810652, 0.0 0.0 0.0 4.806981204350788e-06 0.0017712476220502454 0.04198271672589534 0.9562412286708502, 
23, 011111, 111111, 0.9925118519876567, 0.9925118519876567, 0.0 0.0 0.0 0.0001509817662347498 0.0016171504413394699 0.041241641892676775 0.956990225899749, 
24, 111111, 111111, 0.9933037457919712, 0.9933037457919712, 0.0 0.0 0.0 1.8452558267116545e-05 0.0015198125472507163 0.037082542478869905 0.9613791924156122, 
25, 111111, 111111, 0.9914790036722826, 0.9914790036722826, 0.0 0.0 0.0 0.0 0.002115214234994593 0.04689554949631526 0.9509892362686901, 
26, 111111, 111111, 0.9926223269811979, 0.9926223269811979, 0.0 0.0 0.0 0.0 0.0012803635370710633 0.04170531103867114 0.9570143254242578, 
27, 111111, 111111, 0.9920593043122602, 0.9920593043122602, 0.0 0.0 0.0 0.0 0.0019701887970310105 0.0437037965323773 0.9543260146705917, 
28, 111111, 111111, 0.9915366461244484, 0.9915366461244484, 0.0 0.0 0.0 0.0 0.0021480185367568046 0.04648408617979598 0.9513678952834472, 
29, 111111, 111111, 0.9926906818347515, 0.9926906818347515, 0.0 0.0 0.0 0.0 0.0006113731827997167 0.04263316262589122 0.9567554641913091, 
30, 111111, 111111, 0.9919951025056222, 0.9919951025056222, 0.0 0.0 0.0 4.2718337099438614e-05 0.0011304742108983652 0.04564028153317253 0.9531865259188297, 
31, 111111, 111111, 0.992897250538829, 0.992897250538829, 0.0 0.0 0.0 0.0 0.0011355650989879312 0.040345366569050856 0.9585190683319613, 
32, 111111, 111111, 0.9920978092101513, 0.9920978092101513, 0.0 0.0 0.0 4.048490159528596e-05 0.002080028339053072 0.04313163335619938 0.9547478534031522, 
33, 111111, 111111, 0.9933848989525289, 0.9933848989525289, 0.0 0.0 0.0 0.00014692597889043034 0.0017720703926627974 0.03570568756283006 0.9623753160656168, 
34, 111111, 111111, 0.9917600450523568, 0.9917600450523568, 0.0 0.0 0.0 0.0 0.0006748447978208745 0.04809004009021684 0.9512351151119622, 
35, 111111, 111111, 0.9924785263662832, 0.9924785263662832, 0.0 0.0 0.0 0.0001164567293537479 0.0015709433680700616 0.0416375848780993 0.9566750150244768, 
36, 111111, 111111, 0.9927646669021378, 0.9927646669021378, 0.0 0.0 0.0 0.0002397897011523871 0.0011458166236178221 0.0404009962364799 0.9582133974387499, 
37, 111111, 111111, 0.9938872212076388, 0.9938872212076388, 0.0 0.0 0.0 0.0 0.0006842573840083252 0.03530815798614999 0.9640075846298416, 
38, 111111, 111111, 0.9914072667041369, 0.9914072667041369, 0.0 0.0 0.0 0.0 0.0013718647626442212 0.048812670249890666 0.949815464987465, 
39, 111111, 111111, 0.9923229344397916, 0.9923229344397916, 0.0 0.0 0.0 0.0 0.0017068838306205044 0.04264862570000984 0.9556444904693696, 
40, 111111, 111111, 0.9932808929284774, 0.9932808929284774, 0.0 0.0 0.0 0.0 0.0008252063070947215 0.03866422981494602 0.9605105638779593, 
41, 111111, 111111, 0.9934244779952346, 0.9934244779952346, 0.0 0.0 0.0 9.402594504435856e-05 0.0016061409088778684 0.03595877237570338 0.9623410607703744, 
42, 111111, 111111, 0.9934051260141595, 0.9934051260141595, 0.0 0.0 0.0 0.0 0.00039823687826795234 0.038772770158506706 0.9608289929632254, 
43, 111111, 111111, 0.9921980948385191, 0.9921980948385191, 0.0 0.0 0.0 1.3782132304452714e-05 0.0016786206445178228 0.043412843282936514 0.9548947539402413, 
44, 111111, 111111, 0.9919075219173649, 0.9919075219173649, 0.0 0.0 0.0 0.0 0.002893709642858519 0.04276744921009427 0.9543388411470471, 
45, 111111, 111111, 0.9933577153457748, 0.9933577153457748, 0.0 0.0 0.0 0.0 0.001202304393284633 0.037449099138781694 0.9613485964679337, 
46, 111111, 111111, 0.9917673205875562, 0.9917673205875562, 0.0 0.0 0.0 0.0 0.0009115974100982006 0.04757288165446642 0.9515155209354355, 
47, 111111, 111111, 0.9918538682450447, 0.9918538682450447, 0.0 0.0 0.0 0.0 0.0009937703034991008 0.0468892499227333 0.9521169797737675, 
48, 111111, 111111, 0.9934082325355442, 0.9934082325355442, 0.0 0.0 0.0 0.0 0.0007849052802787508 0.03798079422617695 0.9612343004935443, 
49, 111111, 111111, 0.9925146683723144, 0.9925146683723144, 0.0 0.0 0.0 0.0 0.0015803114906102842 0.041751366784893336 0.9566683217244963, 
50, 111111, 111111, 0.9924925962587912, 0.9924925962587912, 0.0 0.0 0.0 0.0 0.0014480546190332514 0.04214831320918658 0.9564036321717801, 
51, 111111, 111111, 0.9928084429431269, 0.9928084429431269, 0.0 0.0 0.0 0.00012930554319245474 0.002054145317563471 0.03865313507653458 0.9591634140627094, 
52, 111111, 111111, 0.9930358458493059, 0.9930358458493059, 0.0 0.0 0.0 3.3856864284447256e-05 0.0016813484421574322 0.03832065742699606 0.9599641372665619, 
53, 111111, 111111, 0.9927355721877106, 0.9927355721877106, 0.0 0.0 0.0 0.0 0.00107293298571825 0.0414407009022991 0.9574863661119827, 
54, 111111, 111111, 0.9926138477963858, 0.9926138477963858, 0.0 0.0 0.0 0.0 0.001368034007404418 0.04158084520687583 0.9570511207857197, 
55, 111111, 111111, 0.9918552132789253, 0.9918552132789253, 0.0 0.0 0.0 8.544757764475685e-05 0.001415425979343759 0.04578152563482582 0.9527176008081857, 
56, 111111, 111111, 0.9918877676135346, 0.9918877676135346, 0.0 0.0 0.0 0.00013865442464670963 0.0019178360308465545 0.04442175898315892 0.9535217505613478, 
57, 111111, 111111, 0.9927031211474263, 0.9927031211474263, 0.0 0.0 0.0 3.928587531788008e-05 0.0016117950959908109 0.0404398252975067 0.9579090937311846, 
58, 011111, 111111, 0.9917890172170967, 0.9917890172170967, 0.0 0.0 0.0 0.0 0.0009428577190283755 0.04738018125936266 0.9516769610216088, 
59, 111111, 111111, 0.992972505551112, 0.992972505551112, 0.0 0.0 0.0 0.0 0.0012167596717139368 0.03973144734990027 0.9590517929783858, 
60, 111111, 111111, 0.9926752546428168, 0.9926752546428168, 0.0 0.0 0.0 0.0001218322668408212 0.000587107366617854 0.042408760609340436 0.9568822997572008, 
61, 111111, 111110, 0.9928235946084171, 0.9928235946084171, 0.0 0.0 0.0 0.0 0.0023741975649315683 0.03831003721963407 0.9593157652154344, 
62, 111111, 111111, 0.9926745110129336, 0.9926745110129336, 0.0 0.0 0.0 0.0 0.002078171189684385 0.039796591543030266 0.9581252372672853, 
63, 111111, 111111, 0.9935698595098942, 0.9935698595098942, 0.0 0.0 0.0 0.0 0.0008568077449132005 0.036867227450808296 0.9622759648042785, 
64, 111111, 111111, 0.9924479689767841, 0.9924479689767841, 0.0 0.0 0.0 0.0 0.0021500079172204504 0.041012170304854996 0.9568378217779244, 
65, 111111, 111111, 0.9929440761495639, 0.9929440761495639, 0.0 0.0 0.0 4.6648062824294674e-05 0.0017355088609220866 0.03872458119229899 0.9594932618839547, 
66, 111111, 111111, 0.9921789690790705, 0.9921789690790705, 0.0 0.0 0.0 2.284697918188004e-05 0.001961767042600867 0.04293411050282961 0.9550812754753876, 
67, 111111, 111111, 0.9912637200018711, 0.9912637200018711, 0.0 0.0 0.0 0.0 0.0010152620952970071 0.0503871557981793 0.9485975821065237, 
68, 111111, 111111, 0.9933270130310425, 0.9933270130310425, 0.0 0.0 0.0 0.0 0.0007877039128185169 0.03846251398810778 0.9607497820990737, 
69, 111111, 111111, 0.9923946184377966, 0.9923946184377966, 0.0 0.0 0.0 0.00023950653739406946 0.0008979462064593462 0.043117877348119255 0.9557446699080273, 
70, 111111, 111111, 0.9930976776674452, 0.9930976776674452, 0.0 0.0 0.0 3.501256048372813e-05 0.0013631574789883124 0.0385825813559013 0.9600192486046266, 
71, 111111, 111111, 0.9909934005584334, 0.9909934005584334, 0.0 0.0 0.0 0.0 0.001862367569821789 0.050314861509755344 0.9478227709204228, 
72, 111111, 111111, 0.9932611611717389, 0.9932611611717389, 0.0 0.0 0.0 0.0 0.0009254799902661569 0.03858207298903424 0.9604924470206996, 
73, 111111, 111111, 0.9913037610352031, 0.9913037610352031, 0.0 0.0 0.0 0.0 0.0021059076421958206 0.04796561850438938 0.9499284738534147, 
74, 111111, 111111, 0.9916292475238462, 0.9916292475238462, 0.0 0.0 0.0 0.0 0.002133941468655488 0.04595663191961185 0.9519094266117326, 
75, 111111, 011111, 0.9920334979830695, 0.9920334979830695, 0.0 0.0 0.0 0.0 0.002081662325027301 0.04363568745152865 0.9542826502234439, 
76, 111111, 111111, 0.9916085507624968, 0.9916085507624968, 0.0 0.0 0.0 0.0 0.0013306738579026572 0.04768734770921363 0.9509819784328837, 
77, 111111, 111111, 0.9937075084075053, 0.9937075084075053, 0.0 0.0 0.0 0.0 0.0010844527315606387 0.03558604409184634 0.9633295031765929, 
78, 111111, 111111, 0.9916364077737713, 0.9916364077737713, 0.0 0.0 0.0 8.418287254390261e-05 0.0019461644747487987 0.04603667579024277 0.9519329768624645, 
79, 111111, 011111, 0.9921227201236161, 0.9921227201236161, 0.0 0.0 0.0 0.0 0.002404450779203971 0.042454777699895425 0.9551407715209006, 
80, 111111, 111111, 0.9914679558514521, 0.9914679558514521, 0.0 0.0 0.0 0.0001944833743543426 0.0024062107205688986 0.04579639332708637 0.9516029125779903, 
81, 111111, 111111, 0.9934088212040596, 0.9934088212040596, 0.0 0.0 0.0 0.0 0.00010528518233208428 0.039336502410978635 0.9605582124066894, 
82, 111111, 111111, 0.992118291062963, 0.992118291062963, 0.0 0.0 0.0 4.958864151931944e-05 0.002230331354630376 0.04268082498840279 0.9550392550154476, 
83, 011111, 111111, 0.9922171920410172, 0.9922171920410172, 0.0 0.0 0.0 0.0 0.0011257803862975643 0.044445286981301714 0.9544289326324007, 
84, 111111, 111111, 0.9917122932912579, 0.9917122932912579, 0.0 0.0 0.0 0.0 0.0020325651388587267 0.045661109974735034 0.9523063248864062, 
85, 111111, 111111, 0.9935453557195079, 0.9935453557195079, 0.0 0.0 0.0 0.0 0.0006555287437049494 0.03741680819554287 0.9619276630607522, 
86, 111111, 111111, 0.9923802301128053, 0.9923802301128053, 0.0 0.0 0.0 0.0005591317840039162 0.0026881893403397283 0.03866484529047664 0.9580878335851798, 
87, 111111, 111111, 0.99217560765688, 0.99217560765688, 0.0 0.0 0.0 0.0 0.001480452948587934 0.0439854481615441 0.9545340988898681, 
88, 111111, 111111, 0.9923367771189188, 0.9923367771189188, 0.0 0.0 0.0 0.0 0.0016033636009489991 0.04277261008458927 0.9556240263144616, 
89, 111111, 111111, 0.9927162488472719, 0.9927162488472719, 0.0 0.0 0.0 0.00037543111070644284 0.0010947404716805333 0.04038673264088831 0.9581430957767247, 
90, 111111, 111111, 0.9935606545829846, 0.9935606545829846, 0.0 0.0 0.0 0.0 0.001046639362830335 0.03654279377643156 0.9624105668607381, 
91, 111111, 111111, 0.9927456254921587, 0.9927456254921587, 0.0 0.0 0.0 0.00012607872681016013 0.0018364375094466548 0.039475135847723615 0.9585623479160196, 
92, 111111, 111111, 0.9923705922009578, 0.9923705922009578, 0.0 0.0 0.0 4.035043018227531e-05 0.001364852732971197 0.04292569003776414 0.9556691067990825, 
93, 111111, 111111, 0.9928127585533052, 0.9928127585533052, 0.0 0.0 0.0 0.0 0.0025324696852357044 0.03805850930969747 0.9594090210050668, 
94, 111111, 111111, 0.9922945970583333, 0.9922945970583333, 0.0 0.0 0.0 0.00010536257069874377 0.0015582161163192703 0.04279989770526497 0.955536523607717, 
95, 111111, 111111, 0.9927094651362653, 0.9927094651362653, 0.0 0.0 0.0 6.757794533416629e-05 0.0019885772866314578 0.039563320773143035 0.9583805239948913, 
96, 111111, 111111, 0.9908345447024441, 0.9908345447024441, 0.0 0.0 0.0 0.0 0.001473601757059608 0.05204552827121602 0.9464808699717243, 
97, 111111, 111110, 0.9923416621008638, 0.9923416621008638, 0.0 0.0 0.0 0.0 0.00034951640022334597 0.04525099459437066 0.954399489005406, 
98, 111110, 111111, 0.9919042011473485, 0.9919042011473485, 0.0 0.0 0.0 0.0 0.001554920975919827 0.04546495116406964 0.9529801278600106, 
99, 111111, 111111, 0.9932185728326717, 0.9932185728326717, 0.0 0.0 0.0 0.0 0.0005434285466485221 0.03960170591067275 0.9598548655426787, 
100, 111111, 111111, 0.9918758650895062, 0.9918758650895062, 0.0 0.0 0.0 0.00019849223838760738 0.0020710961143278507 0.044007140519144235 0.9537232711281403, 
run, initial grid state, final grid state, mean grid cell occupancy, mean binding site occupancy, fraction of time with N TFs bound, warning
1, 111111, 111111, 0.9930459836885518, 0.9930459836885518, 0.0 0.0 0.0 0.0 0.0012326698871673429 0.03925875809435425 0.9595085720184784, 
2, 111111, 111111, 0.993003517462898, 0.993003517462898, 0.0 0.0 0.0 0.0 0.0005930805347350665 0.04079273415314135 0.9586141853121236, 
3, 111111, 111111, 0.9920228055529795, 0.9920228055529795, 0.0 0.0 0.0 0.0 0.0012271236851281494 0.0454089193118673 0.9533639570030046, 
4, 111111, 011111, 0.9923255496211323, 0.9923255496211323, 0.0 0.0 0.0 0.0 0.0005392657683334286 0.04496817073653954 0.954492563495127, 
5, 111111, 111111, 0.9903436593143337, 0.9903436593143337, 0.0 0.0 0.0 0.0 0.001893940758707367 0.05415016259658215 0.9439558966447105, 
6, 111111, 111111, 0.9931054708706702, 0.9931054708706702, 0.0 0.0 0.0 3.260953702620097e-05 0.001300919292826922 0.03866750757924588 0.959998963590901, 
7, 111111, 111111, 0.992310764505265, 0.992310764505265, 0.0 0.0 0.0 8.484816893327802e-05 0.0009542308273226022 0.04397240680696509 0.9549885141967791, 
8, 111111, 111111, 0.9920629955607372, 0.9920629955607372, 0.0 0.0 0.0 0.0 0.001202018925768456 0.04521798878403925 0.9535799922901922, 
9, 111111, 111111, 0.9917582260220472, 0.9917582260220472, 0.0 0.0 0.0 0.0 0.0012933486267111413 0.04686394661429405 0.9518427047589948, 
10, 111111, 111111, 0.9925201023393547, 0.9925201023393547, 0.0 0.0 0.0 0.0 0.0013393205059781953 0.04220074495191545 0.9564599345421063, 
11, 011111, 111111, 0.9931105975843296, 0.9931105975843296, 0.0 0.0 0.0 0.0 0.0007646716691033152 0.03980707115581583 0.9594282571750807, 
12, 111111, 111111, 0.9928487836448258, 0.9928487836448258, 0.0 0.0 0.0 0.0 0.0009962791949137194 0.04091473974121779 0.9580889810638685, 
13, 011111, 111111, 0.992485643391152, 0.992485643391152, 0.0 0.0 0.0 0.0 0.0006375334568213848 0.04381107273944489 0.9555513938037338, 
14, 111111, 111111, 0.9913732147667245, 0.9913732147667245, 0.0 0.0 0.0 0.0 0.002582096241510214 0.04659651891663264 0.9508213848418571, 
15, 111111, 111111, 0.9919824262978764, 0.9919824262978764, 0.0 0.0 0.0 0.0 0.001225196897673394 0.045655048417395254 0.9531197546849314, 
16, 111111, 111111, 0.9934666702853985, 0.9934666702853985, 0.0 0.0 0.0 0.0 0.0006650677851729165 0.03786984271726364 0.9614650894975634, 
17, 111111, 111111, 0.9918076084203797, 0.9918076084203797, 0.0 0.0 0.0 0.0 0.0014645019699567555 0.04622534553780726 0.9523101524922359, 
18, 111111, 111111, 0.9924042271834761, 0.9924042271834761, 0.0 0.0 0.0 0.0 0.0009097174084661404 0.043755202082211155 0.9553350805093227, 
19, 111111, 111111, 0.9930681431841233, 0.9930681431841233, 0.0 0.0 0.0 0.0 0.0007742401420852683 0.04004266061109009 0.9591830992468247, 
20, 111111, 111111, 0.991240527765834, 0.991240527765834, 0.0 0.0 0.0 1.2695745609147206e-05 0.00219693876226445 0.04812486864363972 0.9496654968484866, 
21, 111111, 111110, 0.9917575716987624, 0.9917575716987624, 0.0 0.0 0.0 0.00041869095680662557 0.001548725466391728 0.04510104600422165 0.95293153757258, 
22, 111111, 111111, 0.9921935040918209, 0.9921935040918209, 0.0 0.0 0.0 0.0002592293635443633 0.002130473364963233 0.0418003406285152 0.9558099566429772, 
23, 111111, 111111, 0.992756518591349, 0.992756518591349, 0.0 0.0 0.0 7.914108995840662e-05 0.0013859943416041063 0.04045147649882296 0.9580833880696146, 
24, 111111, 111111, 0.9918558044431658, 0.9918558044431658, 0.0 0.0 0.0 0.00020738999409596122 0.0027790421158400886 0.04268491912703661 0.9543286487630274, 
25, 111111, 111111, 0.9928327629446903, 0.9928327629446903, 0.0 0.0 0.0 0.00011020755746137528 0.001273401012488018 0.040125997634498915 0.9584903937955517, 
26, 111111, 111111, 0.9934698453271507, 0.9934698453271507, 0.0 0.0 0.0 0.0 0.0007210218221260411 0.037738884392843626 0.9615400937850302, 
27, 111110, 111111, 0.9918745033396936, 0.9918745033396936, 0.0 0.0 0.0 0.0002776129842207545 0.001615316197506104 0.04468950861416388 0.9534175622041092, 
28, 111111, 111111, 0.9922757216463864, 0.9922757216463864, 0.0 0.0 0.0 5.921227215142476e-05 0.0017177550980518037 0.04273252310912353 0.9554905095206732, 
29, 111111, 111111, 0.9933098756512271, 0.9933098756512271, 0.0 0.0 0.0 0.00034080266519728156 0.0005687390286187898 0.03798086003980824 0.9611095982663757, 
30, 111111, 111111, 0.99252948878452, 0.99252948878452, 0.0 0.0 0.0 0.0 0.0010762133593549897 0.04267064057417021 0.9562531460664748, 
31, 111111, 111111, 0.9917058248251283, 0.9917058248251283, 0.0 0.0 0.0 0.0 0.0010336104067427629 0.047697830235745094 0.9512685593575121, 
32, 111111, 111111, 0.9931315599706148, 0.9931315599706148, 0.0 0.0 0.0 0.0 0.0015629253145472066 0.03808478954721644 0.9603522851382363, 
33, 111111, 111111, 0.9935061655551216, 0.9935061655551216, 0.0 0.0 0.0 8.560192318649518e-05 0.0012202790277778533 0.03626564284415487 0.9624284762048808, 
34, 111111, 111111, 0.9922921563824966, 0.9922921563824966, 0.0 0.0 0.0 0.0 0.0019489514796911817 0.04234915874563864 0.9557018897746702, 
35, 111111, 111111, 0.9927156197352918, 0.9927156197352918, 0.0 0.0 0.0 0.00010191696244637171 0.0010257167566084435 0.04134909718769291 0.9575232690932522, 
36, 111111, 111111, 0.9924624957126117, 0.9924624957126117, 0.0 0.0 0.0 0.0 0.002109243756637559 0.041006538211053746 0.9568842180323086, 
37, 111111, 111111, 0.9921650075845345, 0.9921650075845345, 0.0 0.0 0.0 0.0 0.0012702801556259934 0.04446939418154148 0.9542603256628325, 
38, 111110, 111111, 0.9920472688944241, 0.9920472688944241, 0.0 0.0 0.0 0.0 0.0015597213509493107 0.04459694393155668 0.953843334717494, 
39, 111111, 111111, 0.9915883596373298, 0.9915883596373298, 0.0 0.0 0.0 0.0 0.001400719466817716 0.04766840324238588 0.9509308772907963, 
40, 111111, 111111, 0.9928806397379725, 0.9928806397379725, 0.0 0.0 0.0 0.0 0.001266928678131585 0.040182304215902055 0.9585507671059664, 
41, 111111, 111111, 0.9924049927032796, 0.9924049927032796, 0.0 0.0 0.0 0.0 0.0015290553862216285 0.04251193300787841 0.9559590116059, 
42, 111111, 111111, 0.9929680398757423, 0.9929680398757423, 0.0 0.0 0.0 0.0 0.001009351432404816 0.0401730578807359 0.9588175906868593, 
43, 111111, 111111, 0.9923079441286861, 0.9923079441286861, 0.0 0.0 0.0 0.0 0.0012204793545967942 0.04371137651869067 0.9550681441267126, 
44, 111111, 111111, 0.9923055640587892, 0.9923055640587892, 0.0 0.0 0.0 0.0 0.0008372120922248562 0.044492191462815404 0.9546705964449598, 
45, 111111, 111111, 0.9924834859190399, 0.9924834859190399, 0.0 0.0 0.0 0.0 0.0008492636302031789 0.04340055722535421 0.9557501791444426, 
46, 111111, 111111, 0.990530044487568, 0.990530044487568, 0.0 0.0 0.0 8.42152934488796e-05 0.0009059308288369363 0.054755225536572104 0.9442546283411422, 
47, 111111, 111111, 0.9916693754074415, 0.9916693754074415, 0.0 0.0 0.0 0.0003971466565786089 0.0033638964136794526 0.042064514758256344 0.9541744421714856, 
48, 111111, 111111, 0.993429725612039, 0.993429725612039, 0.0 0.0 0.0 0.0 0.000547553481689578 0.038326539364387055 0.9611259071539233, 
49, 111111, 111111, 0.9915755883201209, 0.9915755883201209, 0.0 0.0 0.0 0.0 0.0017538574778681567 0.0470387551235379 0.9512073873985939, 
50, 111111, 111111, 0.9920676799335901, 0.9920676799335901, 0.0 0.0 0.0 0.0 0.0013402625280603056 0.044913395342338666 0.953746342129601, 
51, 111111, 111111, 0.9920378360307474, 0.9920378360307474, 0.0 0.0 0.0 0.0 0.0013008434250837244 0.04517129696534854 0.9535278596095677, 
52, 111111, 111111, 0.9927650933586055, 0.9927650933586055, 0.0 0.0 0.0 0.00012993631218387964 0.0013290971253341719 0.040361436661146693 0.9581795299013353, 
53, 111111, 111111, 0.9934844841728238, 0.9934844841728238, 0.0 0.0 0.0 0.0 0.0008485170852580808 0.03739606079254097 0.9617554221222009, 
54, 111111, 111111, 0.9920002780249622, 0.9920002780249622, 0.0 0.0 0.0 0.00011557291138149441 0.0012050511014262124 0.045241510913229956 0.9534378650739623, 
55, 111111, 111111, 0.9910244084101935, 0.9910244084101935, 0.0 0.0 0.0 0.0 0.0023853352061954875 0.049082879126447786 0.9485317856673566, 
56, 111111, 111111, 0.9919479825263889, 0.9919479825263889, 0.0 0.0 0.0 0.0 0.001379655003307043 0.04555279483505216 0.9530675501616408, 
57, 111111, 111111, 0.9928083612351231, 0.9928083612351231, 0.0 0.0 0.0 0.0 0.0006007808394926502 0.041948270910276905 0.9574509482502305, 
58, 111111, 111111, 0.9924912514839526, 0.9924912514839526, 0.0 0.0 0.0 0.0 0.0009419681117680241 0.04316855487274901 0.9558894770154829, 
59, 111111, 111111, 0.992734651395921, 0.992734651395921, 0.0 0.0 0.0 0.0 0.00041887838852961855 0.042754334847414754 0.9568267867640555, 
60, 111111, 111111, 0.9934001335156852, 0.9934001335156852, 0.0 0.0 0.0 0.0 0.0006892473728294031 0.0382207041602297 0.9610900484669408, 
61, 111111, 111111, 0.9927399999899713, 0.9927399999899713, 0.0 0.0 0.0 9.586758343639827e-05 0.0017658600676372486 0.03974067717458914 0.9583975951743372, 
62, 111111, 111111, 0.991319465234224, 0.991319465234224, 0.0 0.0 0.0 2.5382103072007494e-05 0.0015076982161402416 0.048991665853158894 0.9494752538276289, 
63, 111111, 111111, 0.9918953030023829, 0.9918953030023829, 0.0 0.0 0.0 0.0 0.00245212558358649 0.04372393081852989 0.9538239435978836, 
64, 111111, 111111, 0.9914929485975392, 0.9914929485975392, 0.0 0.0 0.0 0.0 0.0007419906975936889 0.04955832701957723 0.9496996822828291, 
65, 111111, 111111, 0.9931921689607603, 0.9931921689607603, 0.0 0.0 0.0 2.814836083139692e-07 0.0009512308023599215 0.03894368017989304 0.9601048075341387, 
66, 111111, 111111, 0.9925545618009357, 0.9925545618009357, 0.0 0.0 0.0 4.0211936189901255e-05 0.0009543216654362848 0.042643350054942984 0.9563621163434309, 
67, 111111, 111111, 0.992462218044561, 0.992462218044561, 0.0 0.0 0.0 0.0 0.0006527701311063198 0.043921151470421305 0.9554260783984724, 
68, 111111, 111111, 0.9916694808681067, 0.9916694808681067, 0.0 0.0 0.0 0.0 0.001487242280092729 0.04700863023117454 0.9515041274887327, 
69, 111111, 111111, 0.9924219604143395, 0.9924219604143395, 0.0 0.0 0.0 9.493940611078624e-05 0.0007149662521940434 0.04375348679124238 0.9554366075504528, 
70, 111111, 111111, 0.9915852419939323, 0.9915852419939323, 0.0 0.0 0.0 0.0 0.0006847641762192476 0.04911901968396808 0.9501962161398126, 
71, 111111, 111111, 0.9918789823016833, 0.9918789823016833, 0.0 0.0 0.0 0.0 0.0018384473975390407 0.04504921139482227 0.9531123412076387, 
72, 111111, 111111, 0.9917287082209332, 0.9917287082209332, 0.0 0.0 0.0 0.00013712802035286312 0.0023483990237009524 0.04451956856594052 0.9529949043900058, 
73, 111111, 111111, 0.9926925517569898, 0.9926925517569898, 0.0 0.0 0.0 0.0 0.0 0.04384468945806181 0.9561553105419383, 
74, 111111, 111111, 0.9924098152644663, 0.9924098152644663, 0.0 0.0 0.0 0.00012711517968779518 0.0009625745022755612 0.043234613869587706 0.955675696448449, 
75, 111111, 111111, 0.9916165476435036, 0.9916165476435036, 0.0 0.0 0.0 0.0 0.002055218108823324 0.0461902779213319 0.9517545039698447, 
76, 111111, 111111, 0.9929492119801216, 0.9929492119801216, 0.0 0.0 0.0 4.875983057022094e-06 0.0006174490132848208 0.04105520214352877 0.9583224728601295, 
77, 111111, 111111, 0.9925914258283313, 0.9925914258283313, 0.0 0.0 0.0 0.0 0.0018570177422818966 0.04073740954544833 0.9574055727122699, 
78, 111111, 111111, 0.9911986245963713, 0.9911986245963713, 0.0 0.0 0.0 0.00018482262427920384 0.0034016208206056695 0.045450542907722866 0.9509630136473922, 
79, 111110, 111111, 0.9941572454316965, 0.9941572454316965, 0.0 0.0 0.0 0.0 0.0004781890255138703 0.03410014935879362 0.9654216616156924, 
80, 111111, 111111, 0.9918385373322512, 0.9918385373322512, 0.0 0.0 0.0 0.0 0.001100128841072264 0.046768518324347405 0.9521313528345804, 
81, 111111, 111111, 0.9927227145262043, 0.9927227145262043, 0.0 0.0 0.0 0.00017869162375881557 0.001056453902860539 0.04101473016577699 0.9577501243076038, 
82, 111111, 111111, 0.992272998160125, 0.992272998160125, 0.0 0.0 0.0 0.0 0.0012615088047135726 0.043838993429822365 0.9548994977654641, 
83, 111111, 111111, 0.9934927029887867, 0.9934927029887867, 0.0 0.0 0.0 0.0 0.0008655594573844374 0.03731266315251097 0.9618217773901045, 
84, 111111, 111111, 0.9933991721344199, 0.9933991721344199, 0.0 0.0 0.0 0.0 0.0011710147129885638 0.03726293776750334 0.9615660475195081, 
85, 111111, 111111, 0.9929478876038379, 0.9929478876038379, 0.0 0.0 0.0 0.0 0.0011915667266674409 0.039929540923638145 0.9588788923496944, 
86, 111111, 111111, 0.9927169316809337, 0.9927169316809337, 0.0 0.0 0.0 0.0 0.0009080634235065323 0.041882283067385125 0.9572096535091084, 
87, 111111, 111111, 0.9932928217982713, 0.9932928217982713, 0.0 0.0 0.0 0.0 0.0006743669576469843 0.038894335295079116 0.9604312977472739, 
88, 111111, 111111, 0.9926796425678663, 0.9926796425678663, 0.0 0.0 0.0 0.0 0.0019232361718543795 0.04007567224909294 0.9580010915790527, 
89, 111111, 111110, 0.9925847959481124, 0.9925847959481124, 0.0 0.0 0.0 0.0 0.0018045040750894659 0.040882216161146866 0.9573132797637637, 
90, 111111, 111111, 0.9934332086021967, 0.9934332086021967, 0.0 0.0 0.0 0.0 0.000641149767842392 0.038118448851134745 0.961240401381023, 
91, 111111, 111111, 0.9918333222493825, 0.9918333222493825, 0.0 0.0 0.0 0.0 0.0011057440296703008 0.04678857844436507 0.9521056775259645, 
92, 111111, 111111, 0.9923337790901731, 0.9923337790901731, 0.0 0.0 0.0 0.00020200055046141146 0.0016933792558653934 0.042004565295846646 0.9561000548978266, 
93, 111111, 011111, 0.9922728098059788, 0.9922728098059788, 0.0 0.0 0.0 0.0 0.0015124786431821328 0.04333818387776326 0.9551493374790546, 
94, 111111, 111111, 0.9913600251673323, 0.9913600251673323, 0.0 0.0 0.0 0.0002189763038835071 0.0010664086263586722 0.04905010283163753 0.9496645122381203, 
95, 111111, 111111, 0.9924621539906927, 0.9924621539906927, 0.0 0.0 0.0 0.0 0.0010522486621502324 0.04312257873154313 0.9558251726063066, 
96, 111111, 111111, 0.9923495017084506, 0.9923495017084506, 0.0 0.0 0.0 0.0 0.001797937869512609 0.04230711401027152 0.9558949481202158, 
97, 111111, 111111, 0.9921475769037624, 0.9921475769037624, 0.0 0.0 0.0 0.0 0.001565103109959676 0.04398433235750565 0.9544505645325346, 
98, 011111, 111111, 0.9921884025075424, 0.9921884025075424, 0.0 0.0 0.0 0.0 0.0007647868874093144 0.045340011179927496 0.9538952019326631, 
99, 111111, 111111, 0.9917101956894855, 0.9917101956894855, 0.0 0.0 0.0 0.00035155546806573865 0.0004243774405444803 0.04783540457780053 0.9513886625135893, 
100, 111111, 111111, 0.9925719321870012, 0.9925719321870012, 0.0 0.0 0.0 0.0 0.0016033323489797822 0.04136174218003331 0.9570349254709869, 
run, initial grid state, final grid state, mean grid cell occupancy, mean binding site occupancy, fraction of time with N TFs bound, warning
1, 111111, 111111, 0.9920104886796688, 0.9920104886796688, 0.0 0.0 0.0 0.0 0.0017544925852286957 0.044428082751529055 0.9538174246632423, 
2, 111111, 111111, 0.9926687305081069, 0.9926687305081069, 0.0 0.0 0.0 0.0 0.00146598519224831 0.04105564656686258 0.957478368240889, 
3, 111111, 111111, 0.9922885956995178, 0.9922885956995178, 0.0 0.0 0.0 0.0 0.0013845756465925346 0.04349927450970866 0.9551161498436987, 
4, 111111, 111111, 0.9905652655291622, 0.9905652655291622, 0.0 0.0 0.0 0.00022512227622320253 0.0037746822319765314 0.04838367553240396 0.9476165199593963, 
5, 111111, 111111, 0.9928765107558379, 0.9928765107558379, 0.0 0.0 0.0 0.0 0.0009383158754779043 0.04086430371401682 0.9581973804105053, 
6, 111111, 111111, 0.9935290438534178, 0.9935290438534178, 0.0 0.0 0.0 0.0 0.0008281417340209653 0.037169453411451475 0.9620024048545276, 
7, 111111, 111111, 0.991540353698647, 0.991540353698647, 0.0 0.0 0.0 0.0 0.002159039113983627 0.0464397995801501 0.9514011613058664, 
8, 111111, 111111, 0.9937542890677238, 0.9937542890677238, 0.0 0.0 0.0 0.0 0.00010247534404188393 0.037269314905572934 0.9626282097503852, 
9, 111111, 111111, 0.9934654875432942, 0.9934654875432942, 0.0 0.0 0.0 5.4727525784515196e-05 0.001501200035024718 0.03604049209283243 0.9624035803463583, 
10, 111111, 111111, 0.99135450688116, 0.99135450688116, 0.0 0.0 0.0 0.00011693634351866584 0.001523822845953731 0.04847450399057645 0.9498847368199512, 
11, 111111, 111111, 0.9920321922297363, 0.9920321922297363, 0.0 0.0 0.0 0.0 0.0018591558444327682 0.044088534932716444 0.9540523092228508, 
12, 111111, 111110, 0.9930866105006436, 0.9930866105006436, 0.0 0.0 0.0 0.0 0.002376862895532463 0.0367266112050731 0.9608965258993944, 
13, 111111, 111111, 0.9934761656688977, 0.9934761656688977, 0.0 0.0 0.0 0.0 0.002062485241670296 0.035018035503272926 0.9629194792550567, 
14, 111111, 111111, 0.9921818618643006, 0.9921818618643006, 0.0 0.0 0.0 0.0 0.00047930811892016295 0.045950212576355946 0.9535704793047238, 
15, 111111, 111111, 0.9916212211277154, 0.9916212211277154, 0.0 0.0 0.0 0.0 0.0015714774614378098 0.04712971831083165 0.9512988042277305, 
16, 111111, 111111, 0.9922295915743415, 0.9922295915743415, 0.0 0.0 0.0 0.0 0.0016046109761214378 0.04341322860170735 0.9549821604221713, 
17, 111111, 111111, 0.9927883696103795, 0.9927883696103795, 0.0 0.0 0.0 0.0 0.00046199411189932994 0.042345794113924314 0.9571922117741763, 
18, 111111, 111111, 0.9921042069649348, 0.9921042069649348, 0.0 0.0 0.0 0.0 0.0018106998447693528 0.043753358520852305 0.9544359416343783, 
19, 111110, 111111, 0.9927639180982708, 0.9927639180982708, 0.0 0.0 0.0 2.0957938746440977e-05 0.0018128029733212362 0.03972801164749325 0.958438227440439, 
20, 111111, 111111, 0.9911753869622608, 0.9911753869622608, 0.0 0.0 0.0 1.9613898660512196e-05 0.0006756996740505453 0.05153743718235241 0.9477672492449365, 
21, 111111, 111111, 0.9929006263663527, 0.9929006263663527, 0.0 0.0 0.0 0.0 0.000433599970493345 0.04172904186089722 0.9578373581686095, 
22, 111111, 111111, 0.9920462702798674, 0.9920462702798674, 0.0 0.0 0.0 0.0 0.0013360587295482625 0.04505026086169945 0.9536136804087523, 
23, 111111, 111111, 0.9920246909524791, 0.9920246909524791, 0.0 0.0 0.0 0.0 0.001336904063124479 0.045178046158876196 0.9534850497779994, 
24, 011111, 111111, 0.9922297186832425, 0.9922297186832425, 0.0 0.0 0.0 4.7585213790280475e-05 0.0011960442650983162 0.04408684372897816 0.9546695267921332, 
25, 111111, 111111, 0.9935988202149301, 0.9935988202149301, 0.0 0.0 0.0 0.0 0.00043490611022739176 0.03753726648996504 0.9620278273998075, 
26, 111111, 111111, 0.9927732116969388, 0.9927732116969388, 0.0 0.0 0.0 0.0 0.001413829574679122 0.040533070669008714 0.9580530997563121, 
27, 111111, 111111, 0.9921217880094987, 0.9921217880094987, 0.0 0.0 0.0 0.00016792260507531107 0.0014924297955200146 0.043780644536741596 0.9545590030626631, 
28, 111111, 111111, 0.9922785696571567, 0.9922785696571567, 0.0 0.0 0.0 0.0 0.0016977399713452655 0.042933102114369404 0.9553691579142853, 
29, 111111, 111111, 0.9926667461047491, 0.9926667461047491, 0.0 0.0 8.251937144881202e-05 0.000680553997374262 0.002182288895816718 0.037263206101953196 0.959791431633407, 
30, 111110, 111111, 0.9922578714745101, 0.9922578714745101, 0.0 0.0 0.0 7.955856872271923e-06 0.0013874336712941917 0.04365403623973423 0.9549505742320993, 
31, 111111, 111111, 0.99292923523727, 0.99292923523727, 0.0 0.0 0.0 7.015157428185144e-05 0.0015126729384926528 0.03918878797654919 0.9592283875106763, 
32, 111111, 111111, 0.9931085844568153, 0.9931085844568153, 0.0 0.0 0.0 0.0 0.0007812611434160527 0.03978597097227664 0.9594327678843072, 
33, 111111, 111111, 0.9928829097702356, 0.9928829097702356, 0.0 0.0 0.0 5.724650821515492e-05 0.0018711145519910005 0.03878857274995863 0.9592830661898352, 
34, 111111, 011111, 0.991027763018286, 0.991027763018286, 0.0 0.0 4.4096351813844265e-05 0.00041739309931735193 0.0013576824593217812 0.04968949226643384 0.9484913358231133, 
35, 111111, 111111, 0.9934292860495796, 0.9934292860495796, 0.0 0.0 0.0 0.0 0.0017066053549366403 0.0360110729926496 0.9622823216524138, 
36, 111111, 111111, 0.9927777318035917, 0.9927777318035917, 0.0 0.0 0.0 0.0 0.0006036801274238314 0.04212624892360227 0.957270070948974, 
37, 111111, 111111, 0.9912848847459019, 0.9912848847459019, 0.0 0.0 0.0 0.0 0.0009479126502891451 0.0503948662240108 0.9486572211257001, 
38, 111111, 111111, 0.9936600091412019, 0.9936600091412019, 0.0 0.0 0.0 0.0 0.0008980498827357589 0.03624384538731645 0.9628581047299478, 
39, 111111, 111111, 0.9923496077064781, 0.9923496077064781, 0.0 0.0 0.0 0.0 0.0007625066527465127 0.04437734045563883 0.9548601528916146, 
40, 111111, 111111, 0.9919447321053193, 0.9919447321053193, 0.0 0.0 0.0 4.297270669755481e-05 0.0025065302644750047 0.043189628719041306 0.9542608683097861, 
41, 111111, 111111, 0.9932520758414624, 0.9932520758414624, 0.0 0.0 0.0 0.0 0.001720699918223449 0.037046145114778294 0.9612331549669982, 
42, 111111, 111111, 0.9916822047732037, 0.9916822047732037, 0.0 0.0 0.0 0.0 0.0027515597127331717 0.04440365193531152 0.9528447883519553, 
43, 111111, 111111, 0.99221392142632, 0.99221392142632, 0.0 0.0 0.0 0.0 0.001509813883458234 0.04369684367516375 0.954793342441378, 
44, 111111, 111111, 0.9915187693072804, 0.9915187693072804, 0.0 0.0 0.0 0.0 0.0024737716844143607 0.04593984078748856 0.9515863875280971, 
45, 111111, 111111, 0.9921530839019261, 0.9921530839019261, 0.0 0.0 0.0 0.0 0.0013989120296079203 0.0442836725292278 0.9543174154411643, 
46, 111111, 111111, 0.9921167358592593, 0.9921167358592593, 0.0 0.0 0.0 0.0 0.001740397196193919 0.04381879045205674 0.9544408123517494, 
47, 111111, 111111, 0.9919848367203202, 0.9919848367203202, 0.0 0.0 0.0 0.0001021638480496974 0.0016480894471414171 0.04448830923964615 0.9537614374651628, 
48, 111111, 111111, 0.9924519702695859, 0.9924519702695859, 0.0 0.0 0.0 0.0 0.001072081872127269 0.04314401463822966 0.955783903489643, 
49, 111111, 011111, 0.9922842524942779, 0.9922842524942779, 0.0 0.0 0.0 7.819673795189176e-06 0.0013384709588609705 0.04359408409522565 0.9550596252721182, 
50, 111111, 111111, 0.9918914799876644, 0.9918914799876644, 0.0 0.0 0.0 0.0 0.0025365461663177714 0.04357802774137897 0.9538854260923033, 
51, 111111, 111111, 0.9926551535777123, 0.9926551535777123, 0.0 0.0 0.0 0.0 0.001600328922003676 0.0408684206897193 0.957531250388277, 
52, 111111, 111111, 0.9920155729079012, 0.9920155729079012, 0.0 0.0 0.0 0.0 0.0010958515571749068 0.04571485943824283 0.9531892890045822, 
53, 111111, 111111, 0.991747551408782, 0.991747551408782, 0.0 0.0 0.0 0.0 0.001748442651191091 0.04601780624492534 0.9522337511038836, 
54, 111111, 111111, 0.9920381961678607, 0.9920381961678607, 0.0 0.0 0.0 7.998193126462754e-05 0.0009487230338067951 0.04563343113142838 0.9533378639035003, 
55, 111111, 111111, 0.9917786070100522, 0.9917786070100522, 0.0 0.0 0.0 0.00015625872482213235 0.0007998655195007792 0.04725985072621904 0.951784025029458, 
56, 111111, 111111, 0.991666369666582, 0.991666369666582, 0.0 0.0 0.0 4.720387720244271e-05 0.0011659458169768874 0.04752827873494689 0.9512585715708738, 
57, 111111, 111111, 0.9928665326305515, 0.9928665326305515, 0.0 0.0 0.0 0.0 0.0005677375949946471 0.04166532902670202 0.9577669333783033, 
58, 111111, 111111, 0.9920764266840219, 0.9920764266840219, 0.0 0.0 0.0 0.0 0.0012021583800814264 0.045137123135706295 0.9536607184842122, 
59, 111111, 111111, 0.9922189909123867, 0.9922189909123867, 0.0 0.0 0.0 0.0 0.0005840273949670223 0.04551799973574563 0.9538979728692873, 
60, 111111, 111111, 0.9928386348256923, 0.9928386348256923, 0.0 0.0 0.0 0.0 0.000612607671377233 0.04174297570309159 0.9576444166255311, 
61, 111111, 111111, 0.9910550357282737, 0.9910550357282737, 0.0 0.0 0.0 0.0 0.0007052609867790199 0.052259263656799095 0.9470354753564219, 
62, 111111, 111111, 0.9918729369723841, 0.9918729369723841, 0.0 0.0 0.0 5.638352566208158e-05 0.0015623674099187338 0.045468492768871216 0.952912756295548, 
63, 111111, 111111, 0.9924213537827772, 0.9924213537827772, 0.0 0.0 0.0 0.0 0.000750529007583374 0.04397081928816967 0.955278651704247, 
64, 111110, 111111, 0.9924307473648171, 0.9924307473648171, 0.0 0.0 0.0 0.0002291438830924034 0.0015597166797258987 0.04160865080236826 0.9566024886348135, 
65, 111111, 111111, 0.9916730847513411, 0.9916730847513411, 0.0 0.0 0.0 0.0 0.0013079697575314555 0.047345551976890304 0.9513464782655783, 
66, 111111, 111111, 0.9918151452854939, 0.9918151452854939, 0.0 0.0 0.0 0.0 0.0010293986600431195 0.04705033096694952 0.9519202703730073, 
67, 111111, 111111, 0.9925026318502232, 0.9925026318502232, 0.0 0.0 0.0 0.0 0.0012513473225069186 0.042481514253647254 0.9562671384238458, 
68, 111111, 111111, 0.9937844972153427, 0.9937844972153427, 0.0 0.0 0.0 0.0 0.0009912156202545618 0.035310585467435124 0.9636981989123102, 
69, 111110, 111111, 0.991268721748384, 0.991268721748384, 0.0 0.0 0.0 0.0 0.0015852639369657385 0.04921714163576453 0.9491975944272698, 
70, 111111, 111111, 0.9936591027389173, 0.9936591027389173, 0.0 0.0 0.0 0.0 0.0011632272957099476 0.03571892897507653 0.9631178437292135, 
71, 111111, 011111, 0.9927945188144995, 0.9927945188144995, 0.0 0.0 0.0 0.0 0.00143981662152103 0.04035325386996133 0.9582069295085177, 
72, 111111, 111111, 0.9927936416350913, 0.9927936416350913, 0.0 0.0 0.0 4.5858876799004414e-05 0.0011229357795831986 0.040854701999889324 0.9579765033437285, 
73, 111111, 111111, 0.9929184052309572, 0.9929184052309572, 0.0 0.0 0.0 0.0 0.0011574476691610684 0.04017467327593495 0.958667879054904, 
74, 111111, 111111, 0.9910016728424514, 0.9910016728424514, 0.0 0.0 0.0 0.0 0.0011418174556982231 0.051706328033895216 0.9471518545104065, 
75, 111111, 111111, 0.9924674671185006, 0.9924674671185006, 0.0 0.0 0.0 0.0 0.001785217641101583 0.041624762006792514 0.9565900203521058, 
76, 111111, 111111, 0.9917551653192668, 0.9917551653192668, 0.0 0.0 0.0 0.0 0.0017970970681009972 0.04587481394819723 0.9523280889837018, 
77, 111111, 111111, 0.9916912321622545, 0.9916912321622545, 0.0 0.0 0.0 0.00037965679165147595 0.0011613144189193418 0.04639100781367948 0.9520680209757497, 
78, 111111, 111111, 0.9930281887843032, 0.9930281887843032, 0.0 0.0 0.0 6.239183724040076e-06 0.000858376946484929 0.04009539585003833 0.9590399880197527, 
79, 111111, 111111, 0.9927806450267623, 0.9927806450267623, 0.0 0.0 0.0 0.0004401753892151798 0.0007094059283924953 0.04057679181499526 0.958273626867397, 
80, 111111, 111111, 0.9935919979704788, 0.9935919979704788, 0.0 0.0 0.0 0.0 0.0015192951180674206 0.03540942194099281 0.9630712829409397, 
81, 111111, 111111, 0.9924587660897788, 0.9924587660897788, 0.0 0.0 0.0 0.0 0.0012725233600805574 0.04270235674116679 0.9560251198987526, 
82, 111111, 111111, 0.9922487851335214, 0.9922487851335214, 0.0 0.0 0.0 0.00017665019730034326 0.0017954227272957207 0.042386493152378454 0.9556414339230255, 
83, 111111, 111111, 0.991758576738678, 0.991758576738678, 0.0 0.0 0.0 0.0 0.001421929828559302 0.04660467991081281 0.951973390260628, 
84, 011111, 111111, 0.9927642489316258, 0.9927642489316258, 0.0 0.0 0.0 0.0 0.0009485903933436209 0.04151732562355798 0.9575340839830984, 
85, 111111, 111111, 0.9930757327615637, 0.9930757327615637, 0.0 0.0 0.0 0.0 0.0009926990048145254 0.03956020542098813 0.9594470955741974, 
86, 111111, 111111, 0.9922853099545211, 0.9922853099545211, 0.0 0.0 0.0 0.0 0.002477234304694888 0.04133367166348378 0.9561890940318213, 
87, 111111, 111111, 0.9910447385561308, 0.9910447385561308, 0.0 0.0 0.0 0.0 0.0012833856387665672 0.051164797385682685 0.9475518169755508, 
88, 111111, 111111, 0.9920829533240554, 0.9920829533240554, 0.0 0.0 0.0 7.793428161286171e-05 0.0013798983341317198 0.044508680542565564 0.9540334868416899, 
89, 111111, 111110, 0.9922520002984571, 0.9922520002984571, 0.0 0.0 0.0 0.0 0.001424383519784368 0.04363923116968868 0.9549363853105269, 
90, 111111, 111111, 0.9908159256751938, 0.9908159256751938, 0.0 0.0 0.0 0.0004252031286416167 0.002122457288750655 0.04958392198541142 0.9478684175971963, 
91, 111111, 111111, 0.9914294551835999, 0.9914294551835999, 0.0 0.0 0.0 0.0 0.0007641616485783882 0.04989494560124412 0.9493408927501775, 
92, 111111, 111111, 0.9917534978445036, 0.9917534978445036, 0.0 0.0 0.0 0.0 0.0015440813639227761 0.046390850205132804 0.9520650684309444, 
93, 111111, 111111, 0.9923536579995492, 0.9923536579995492, 0.0 0.0 0.0 0.0 0.0009673127108069827 0.043943426581090475 0.9550892607081025, 
94, 111111, 111111, 0.9920735964744848, 0.9920735964744848, 0.0 0.0 0.0 0.0 0.0021870040814263034 0.043184412990238286 0.9546285829283354, 
95, 111111, 111111, 0.9926453858782436, 0.9926453858782436, 0.0 0.0 0.0 0.0 0.0015821918735505688 0.040963300983437284 0.9574545071430122, 
96, 111110, 111111, 0.9918033978879927, 0.9918033978879927, 0.0 0.0 0.0 0.0 0.001469693588164775 0.04624022549571534 0.9522900809161199, 
97, 111111, 111111, 0.9915703829680866, 0.9915703829680866, 0.0 0.0 0.0 0.0 0.0013363535745757392 0.04790499504232861 0.9507586513830957, 
98, 111111, 111111, 0.9922255279540048, 0.9922255279540048, 0.0 0.0 0.0 0.0 0.001153190418121616 0.04434045143972821 0.9545063581421501, 
99, 111111, 111111, 0.9929244390811812, 0.9929244390811812, 0.0 0.0 0.0 0.0 0.0006825551045965012 0.04108825530371959 0.9582291895916839, 
100, 111111, 111111, 0.9930431149072069, 0.9930431149072069, 0.0 0.0 0.0 0.0 0.001101770334762897 0.0395377698872329 0.9593604597780041, 
