run, initial grid state, final grid state, mean grid cell occupancy, mean binding site occupancy, fraction of time with N TFs bound, warning
1, 0011111100, 0011111100, 0.5917034281578598, 0.986164998188475, 0.0 0.0 0.0 0.0002794790663107236 0.0047025932642708185 0.07276638714167619 0.9222515405277423, 
2, 0011111100, 0011111100, 0.5911911796713409, 0.9853112974991219, 0.0 0.0 0.0 9.162524049259366e-05 0.005052112225442213 0.07775311483290544 0.9171031477011597, 
3, 0011111100, 0011111100, 0.591667488468098, 0.9861052499886097, 0.0 0.0 0.0 0.00023486361180765996 0.0040413664992801504 0.07458117623435817 0.921142593654554, 
4, 0011111100, 0011111100, 0.5917772635633075, 0.9862882101446891, 0.0 0.0 0.0 5.068184153749829e-05 0.0018428550258993035 0.07843298355545389 0.9196734795771092, 
5, 0011111100, 0011111100, 0.5917616857460153, 0.9862621369832618, 0.0 0.0 1.9183526486321573e-05 6.238035438181389e-05 0.0035894856184356177 0.07498433169446803 0.9213446188062282, 
6, 0011111100, 0011111100, 0.5919324470635706, 0.9865468030049533, 0.0 0.0 0.0 0.0001568250400709538 0.003676298321893956 0.07289611020627892 0.9232707664317562, 
7, 0011111100, 0011111000, 0.5925036008305651, 0.987498626657357, 0.0 0.0 0.0 3.582148126153718e-05 0.002744663552955928 0.06941144850616197 0.9278080664596206, 
8, 0011111100, 0011111100, 0.5915009807273045, 0.9858275887253956, 0.0 0.0 0.0 0.00014140985822972795 0.0035001141305023944 0.0776100098119334 0.9187484661993345, 
9, 0011111100, 0011111100, 0.5922273288745825, 0.9870381058447423, 0.0 0.0 0.0 0.0 0.0026392748251347488 0.07249281528127673 0.9248679098935885, 
10, 0011111100, 0011111100, 0.5917800938984297, 0.9862929086618004, 0.0 0.0 0.0 1.5351646814573377e-05 0.0027471783650370686 0.07670213635867987 0.9205353336294685, 
11, 0011111100, 0011111100, 0.591994507167352, 0.9866501403183147, 0.0 0.0 0.0 2.6613827175469624e-05 0.0037611243131480043 0.0724970679822893 0.9237151938773873, 
12, 0011111100, 0011111100, 0.592100864738535, 0.9868273377903524, 0.0 0.0 0.0 0.00021937714829507325 0.0038276109900084983 0.07072261983298325 0.9252303920287132, 
13, 0011111100, 0011111100, 0.5909707932935137, 0.984943962437828, 0.0 0.0 0.0 0.00022445572498980021 0.0038850327504079104 0.08189279269724654 0.9139977188273558, 
14, 0011111100, 0010111100, 0.5927002925626325, 0.9878264796672023, 0.0 0.0 0.0 8.08889673663037e-06 0.0025212941687022786 0.0679742669691717 0.9294963499653893, 
15, 0011111100, 0011110100, 0.5914769802978169, 0.9857874737306553, 0.0 0.0 0.0 3.109120642230624e-05 0.004228756811758857 0.07672437037328282 0.919015781608536, 
16, 0011111100, 0011111100, 0.5930819047076695, 0.9884624480765489, 0.0 0.0 0.0 0.0 0.0023437316497299 0.06453784824124684 0.9331184201090232, 
17, 0011111100, 0001111100, 0.5911072048341282, 0.985171305653453, 0.0 0.0 0.0 0.0003338112113558678 0.0041987395096542484 0.07957325342590596 0.915894195853084, 
18, 0011111100, 0011011100, 0.5928526646440547, 0.9880804608775141, 0.0 0.0 0.0 9.74759775453522e-05 0.0024412768489666917 0.0663422531043461 0.9311189940691419, 
19, 0011111100, 0011111100, 0.5922899770299188, 0.9871425787947083, 0.0 0.0 0.0 3.143818624155862e-05 0.004155431323224263 0.06873935002657629 0.9270737804639579, 
20, 0011111100, 0011111100, 0.5919842054923817, 0.9866329913320794, 0.0 0.0 6.273504380359536e-05 0.00012775819427213498 0.0030322600341322163 0.07350331718122934 0.9232739295465627, 
21, 0011111100, 0011111100, 0.5916032632480938, 0.9859981003382727, 0.0 0.0 0.0 0.000135181164767288 0.0038049411795981047 0.07599597211686474 0.9200639055387698, 
22, 0011111100, 0011111100, 0.5915651002502298, 0.9859344918714357, 0.0 0.0 0.0 0.00021526697411202247 0.0037522431057817273 0.07624276163748575 0.9197897282826205, 
23, 0011111100, 0001111100, 0.5925444165066632, 0.9875666703099603, 0.0 0.0 0.0 2.191488829056422e-06 0.0026145122573021174 0.06936437915914746 0.9280189170947214, 
24, 0011111100, 0011111100, 0.5918100177811847, 0.9863426061629048, 0.0 0.0 0.0 7.598800923143114e-05 0.003141243496055663 0.07543391200276618 0.9213488564919468, 
25, 0011111100, 0011111100, 0.5918078310953542, 0.9863389557351552, 0.0 0.0 0.0 0.00012749740820816583 0.0036592212416235105 0.07426533088119691 0.9219479504689714, 
26, 0011111100, 0011111100, 0.5923485284145464, 0.9872403441362803, 0.0 0.0 0.0 0.0001415143880417801 0.0026994718225380526 0.07073444837311718 0.926424565416303, 
27, 0011111100, 0011111100, 0.5914107150571415, 0.9856772136589524, 0.0 0.0 0.0 3.607943091088817e-05 0.0031353739801630192 0.07955773179322571 0.9172708147957004, 
28, 0011111100, 0011111100, 0.5924554100819731, 0.9874183205163284, 0.0 0.0 0.0 0.00021799674198664368 0.0033830457094280487 0.06806999525721331 0.9283289622913721, 
29, 0011111100, 0011111100, 0.5924790724717105, 0.9874576922230449, 0.0 0.0 0.0 0.00012743356343287087 0.0026356298616250283 0.06960028624818115 0.927636650326761, 
30, 0011111100, 0011111100, 0.5915614564761744, 0.9859284459217383, 0.0 0.0 0.0 6.180374577000027e-05 0.0032665768914415887 0.07771075944937667 0.9189608599134117, 
31, 0011111100, 0011111100, 0.5921368398619821, 0.9868873873305812, 0.0 0.0 0.0 0.00014456450885701744 0.0035347973499368765 0.07117238779006828 0.9251482503511378, 
32, 0011111100, 0011111100, 0.5915442684850258, 0.9858997490589123, 0.0 0.0 0.0 0.0002579007131920258 0.004107163655389377 0.07561347619617184 0.9200214594352468, 
33, 0011101100, 0011111000, 0.5918424423719619, 0.9863966235394243, 0.0 0.0 0.0 0.00021833703244004927 0.0031591835939931466 0.07464688047814777 0.921975598895419, 
34, 0011111100, 0011111100, 0.5922989540701369, 0.9871576509083109, 0.0 0.0 0.0 0.0 0.003631289604909278 0.06979151534031525 0.9265771950547755, 
35, 0011111100, 0011111100, 0.591455479464338, 0.9857518138423406, 0.0 0.0 0.0 0.00010719947015069778 0.004514447722148341 0.07613862309120835 0.9192397297164926, 
36, 0011111100, 0011111100, 0.5925606335985926, 0.9875936458863395, 0.0 0.0 0.0 0.00014626537780568712 0.003072956212790104 0.0678534161229653 0.9289273622864388, 
37, 0011111100, 0011111100, 0.591868408160105, 0.986439948983904, 0.0 0.0 0.0 0.00013046335493249552 0.003262271103129035 0.0744443738255209 0.9221628917164176, 
38, 0001111100, 0011111100, 0.5912286472630299, 0.9853736016702859, 0.0 0.0 9.14352223553402e-05 0.00044337764813617576 0.005404265434101354 0.07525398527625247 0.9188069364191546, 
39, 0011111100, 0011111100, 0.5906808223057555, 0.9844608088323966, 0.0 0.0 3.404184301773707e-05 0.00020083453015546003 0.005718050187801731 0.08106037566747971 0.9129866977715454, 
40, 0011111100, 0011111100, 0.5922949142164864, 0.9871508247673257, 0.0 0.0 0.0 0.0 0.003603296975133008 0.06988845744577975 0.9265082455790873, 
41, 0011111100, 0011111100, 0.5915122437407001, 0.9858463280239261, 0.0 0.0 0.0 0.00019567280008696373 0.0031115862501186237 0.07811184095594562 0.9185808999938488, 
42, 0011111100, 0011111100, 0.59313709399906, 0.9885544289772437, 0.0 0.0 0.0 6.75511595965567e-05 0.002960393977689487 0.06254998470237 0.934422070160344, 
43, 0011111100, 0011111100, 0.5924005901284269, 0.9873271467202616, 0.0 0.0 0.0 0.0002050209526785782 0.003192047051559154 0.06903796271727587 0.9275649692784864, 
44, 0011111100, 0011111100, 0.5922973394303973, 0.9871548412778158, 0.0 0.0 0.0 0.00030272796535639533 0.003484341421863628 0.06919408559330854 0.9270188450194714, 
45, 0011111100, 0011111100, 0.5911591183795488, 0.9852579803069674, 0.0 0.0 0.0001227341816737538 5.280685771243912e-05 0.004084347986055078 0.0796340648862531 0.9161060460883057, 
46, 0011111100, 0011111100, 0.5918114626407415, 0.9863449940220255, 0.0 0.0 0.0 0.00011346905591676631 0.0032588587668757846 0.0750719111663455 0.9215557610108619, 
47, 0011111100, 0011111100, 0.5917952434254609, 0.9863180800535286, 0.0 0.0 0.0 0.00017247454052187145 0.003884738869702123 0.07380461831785837 0.9221381682719176, 
48, 0011111100, 0011111100, 0.5910965664183965, 0.9851535837882116, 0.0 0.0 1.946701233639426e-05 0.00025106319306149723 0.0031200261558974743 0.08200738733040588 0.9146020563082987, 
49, 0011111100, 0011111100, 0.590994969682781, 0.9849843560722864, 0.0 0.0 0.0 6.450235116073772e-05 0.003647464701074195 0.08260542711065068 0.9136826058371145, 
50, 0011111100, 0011111100, 0.591402151982255, 0.9856629386477805, 0.0 0.0 0.0 0.0002403752131982644 0.003452214184908838 0.07839681410390384 0.917910596497989, 
51, 0011111100, 0011111100, 0.5921501922712404, 0.9869097074925757, 0.0 0.0 0.0 0.00016095334079197472 0.004231092594277727 0.06959670983361514 0.9260112442313152, 
52, 0011111100, 0011111100, 0.5931414136178138, 0.9885615875301789, 0.0 0.0 0.0 0.0 0.001970861298115484 0.06468875222269543 0.9333403864791892, 
53, 0011111100, 0011111100, 0.591237578720333, 0.9853886241837471, 0.0 0.0 0.0 0.00013658932822454542 0.005064218220947691 0.07713005047094809 0.9176691419798797, 
54, 0011111100, 0011111100, 0.5918953082102932, 0.9864850085251844, 0.0 0.0 0.0 3.832486045076024e-05 0.0042812755306990795 0.07241242320614408 0.9232679764027061, 
55, 0011111100, 0011111100, 0.5911814995258012, 0.985295180643992, 0.0 0.0 0.0 0.00012286398278565632 0.004235866505784601 0.07938859117612272 0.916252678335307, 
56, 0011111100, 0011111100, 0.5921346417724264, 0.9868837811873648, 0.0 0.0 0.0 0.00028024265498530296 0.003503964017285328 0.07084865687628537 0.9253671364514441, 
57, 0011111100, 0011111100, 0.5923737391003331, 0.9872821407856873, 0.0 0.0 0.0 0.0002243367087045418 0.003365305910491439 0.06890353333877969 0.9275068240420242, 
58, 0011111000, 0011111100, 0.5913247747223044, 0.9855338807696443, 0.0 0.0 0.0 0.00014023063471226463 0.0036657023567062443 0.07904461876458432 0.9171494482439971, 
59, 0011111100, 0011111100, 0.5924049619128842, 0.9873342721890119, 0.0 0.0 0.0 0.0 0.0025349987218541968 0.07092436942222047 0.9265406318559254, 
60, 0011101100, 0011111100, 0.5921208250691545, 0.9868606456297752, 0.0 0.0 0.0 0.00012397349545412118 0.004134205019464677 0.07019579569605768 0.9255460257890235, 
61, 0011111100, 0011111100, 0.5919667714941412, 0.9866039927540128, 0.0 0.0 0.0 2.7660810872656956e-05 0.0024251908606803007 0.07544267932194511 0.922104469006502, 
62, 0011111100, 0011111100, 0.5921364278372627, 0.9868867119905476, 0.0 0.0 0.0 0.00011458398704341479 0.0036078811123690466 0.07112021387084592 0.9251573210297416, 
63, 0011111100, 0011111100, 0.5912786243248793, 0.9854570541402674, 0.0 0.0 0.0 0.00010283444714935052 0.004209978113562844 0.07852921558982191 0.9171579718494658, 
64, 0001111100, 0011011100, 0.5922069583430919, 0.9870042319597542, 0.0 0.0 0.0 4.804632817323009e-05 0.0035292804312675816 0.07077190839441992 0.9256507648461392, 
65, 0011111100, 0011111100, 0.5917757490868671, 0.9862854879877523, 0.0 0.0 0.0 0.00022686622135190734 0.004004277004349565 0.0735979194007314 0.9221709373735671, 
66, 0011111100, 0011111100, 0.592382783927778, 0.9872972532480339, 0.0 0.0 0.0 0.0 0.002802134946478393 0.07061221061884028 0.9265856544346813, 
67, 0011111100, 0011111100, 0.5917228195273695, 0.9861972740079341, 0.0 0.0 0.0 0.00010476696967493919 0.0038163371212833123 0.07486938080080331 0.9212095151082385, 
68, 0011111100, 0011111100, 0.5912571000500987, 0.9854211478932887, 0.0 0.0 0.0 6.66484370621613e-05 0.0041582945294335975 0.07895657827021317 0.9168184787632911, 
69, 0011111100, 0011111100, 0.5922245637859574, 0.9870335186783883, 0.0 0.0 0.0 0.0 0.0024340904569754465 0.07293070701571915 0.9246352025273054, 
70, 0011111100, 0011111100, 0.5915206876926202, 0.9858605840116991, 0.0 0.0 0.0 5.6354369925771435e-05 0.00335433470646239 0.0779587634071029 0.918630547516509, 
71, 0011111100, 0011111100, 0.5915199323373264, 0.9858593501345252, 0.0 0.0 0.0 5.6078265173264905e-05 0.004411202650649348 0.075853259096031 0.9196794599881464, 
72, 0011111100, 0010111100, 0.5924990423046211, 0.9874910889431734, 0.0 0.0 0.0 7.096752123690786e-05 0.0021572524810648318 0.07052605881511839 0.9272457211825799, 
73, 0011111100, 0001111100, 0.5917231126214648, 0.986197867961133, 0.0 0.0 0.0 0.00017202706310610685 0.003258364767539428 0.07577998150880474 0.9207896266605498, 
74, 0011111100, 0011111100, 0.5916937582979442, 0.9861489654779326, 0.0 0.0 0.0 7.469429289840516e-05 0.0038188795032547767 0.07524436524719973 0.9208620609566471, 
75, 0011111100, 0011111100, 0.5921859904698697, 0.9869693285577791, 0.0 0.0 0.0 6.370882559197289e-05 0.003919602471134833 0.0701536972342797 0.9258629914689935, 
76, 0011111100, 0011111100, 0.5928829946840478, 0.9881308934457353, 0.0 0.0 0.0 0.0 0.0023451875077150687 0.0665242643101588 0.9311305481821261, 
77, 0011111100, 0011111100, 0.5918102509989528, 0.9863429572864982, 0.0 0.0 0.0 0.0 0.002264030483312912 0.07741419531438516 0.920321774202302, 
78, 0011111100, 0011111100, 0.5927852098400703, 0.9879679157905499, 0.0 0.0 0.0 2.142615235271908e-05 0.0026254296376580282 0.06687736752432642 0.9304757766856628, 
79, 0011111100, 0011111100, 0.5918831336416682, 0.9864645819554929, 0.0 0.0 0.0 0.0002009208550400393 0.0031180081002459867 0.07437372950143026 0.9223073415432836, 
80, 0011111100, 0011111100, 0.5916486091855248, 0.9860736106243413, 0.0 0.0 0.0 5.9627204201448526e-05 0.004349777096109257 0.07467990044912996 0.9209106952505594, 
81, 0011111100, 0011111100, 0.5928334854242142, 0.9880483703607648, 0.0 0.0 0.0 2.043254545319648e-05 0.002719468219052212 0.06620954376094729 0.9310505554745473, 
82, 0011111100, 0011111100, 0.592202779315735, 0.9869973178715709, 0.0 0.0 0.0 3.098657128901708e-05 0.0029908415055691375 0.07194145004556937 0.9250367218775725, 
83, 0011111100, 0011111100, 0.5917536812286084, 0.9862486671148608, 0.0 0.0 0.0 8.81058560959498e-05 0.003609115530761496 0.07502544868102441 0.9212773299321182, 
84, 0011111100, 0011111100, 0.5914413792941942, 0.9857282157675563, 0.0 0.0 0.0 1.7108492213430858e-05 0.002777970376643336 0.08002343916473591 0.9171814819664074, 
85, 0011111100, 0011111100, 0.5927320467915274, 0.9878794353823083, 0.0 0.0 0.0 0.0 0.0019972035558605264 0.06872898059443004 0.9292738158497094, 
86, 0011111100, 0011111100, 0.5918942110605957, 0.9864829603742634, 0.0 0.0 0.0 9.907246790690081e-05 0.003314495442050071 0.07417602946659828 0.9224104026234448, 
87, 0011111100, 0011111100, 0.5921164954330561, 0.9868535580669772, 0.0 0.0 0.0 0.0 0.003058118826779737 0.07276241394457729 0.924179467228643, 
88, 0010111100, 0011111100, 0.5926529526618899, 0.9877475039797646, 0.0 0.0 0.0 0.00016937018572052317 0.0034660416345849063 0.06607478229508085 0.9302898058846136, 
89, 0011111100, 0011111100, 0.5921797515916608, 0.9869589543364127, 0.0 0.0 0.0 0.00020355836323227198 0.0022211132502143686 0.07319337239139902 0.9243819559951543, 
90, 0011111100, 0011011100, 0.5913337586326083, 0.9855489466861778, 0.0 0.0 0.0 0.00040328562770991093 0.0035730757134123958 0.07835031157297877 0.917673327085899, 
91, 0011111100, 0011111100, 0.5919760424153231, 0.9866194142087116, 0.0 0.0 0.0 0.0 0.0033974836563491835 0.07348854743503269 0.9231139689086182, 
92, 0011111000, 0011111100, 0.59224370046299, 0.9870655329282659, 0.0 0.0 0.0 0.00013107139487141654 0.0029348277879526308 0.07134393266988477 0.9255901681472912, 
93, 0011111100, 0011111100, 0.5908937891548114, 0.9848156742613088, 0.0 0.0 0.0 6.602440472628389e-05 0.002679302533517721 0.08554927615093293 0.9117053969108231, 
94, 0011111100, 0011111100, 0.5920943253922397, 0.9868165702228946, 0.0 0.0 0.0 0.00010373746239815438 0.0022730899479353993 0.0742431863795678 0.9233799862100988, 
95, 0011111100, 0011111100, 0.5908318621456919, 0.9847124056396519, 0.0 0.0 0.0 0.00048671830152432116 0.004108277662855443 0.08204885593180415 0.913356148103816, 
96, 0011111100, 0011111100, 0.5916401746881051, 0.9860596551711293, 0.0 0.0 0.0 5.424110261020206e-05 0.003515639611391293 0.07644806644261243 0.9199820528433861, 
97, 0011111100, 0011111100, 0.5928646735599609, 0.9881004655480548, 0.0 0.0 0.0 2.3282561567056743e-05 0.0033628376035388465 0.06460168381989305 0.9320121960150011, 
98, 0011111100, 0011111000, 0.5929068353273231, 0.9881707784832623, 0.0 0.0 0.0 0.0 0.0031961040968931905 0.0645831209066406 0.9322207749964662, 
99, 0011111100, 0011111100, 0.5920226519163029, 0.9866970582359609, 0.0 0.0 0.0 2.614737828373199e-05 0.0031995229040068093 0.07334016264136921 0.9234341670763403, 
100, 0011111100, 0011111100, 0.5923206895588642, 0.9871938094319838, 0.0 0.0 0.0 5.734068761811369e-05 0.002237700449403928 0.07218972044643548 0.9255152384165425, 
run, initial grid state, final grid state, mean grid cell occupancy, mean binding site occupancy, fraction of time with N TFs bound, warning
1, 0011111100, 0011111100, 0.5923485484157036, 0.9872401720624853, 0.0 0.0 0.0 0.0 0.002791254682865788 0.07097645825935726 0.926232287057777, 
2, 0011111000, 0011111100, 0.5914229892343061, 0.9856977712083138, 0.0 0.0 0.0 0.000316219570039681 0.0030931668848272835 0.07867838027034413 0.917912233274789, 
3, 0011111100, 0011111100, 0.5929814747544283, 0.9882950924497623, 0.0 0.0 0.0 0.0 0.0021519322955651696 0.06592558071029565 0.9319224869941392, 
4, 0011111000, 0011111100, 0.5920498577722283, 0.9867424274800389, 0.0 0.0 0.0 0.0 0.0023079500249118816 0.07492953506994246 0.9227625149051456, 
5, 0011111100, 0011111100, 0.5917323077538591, 0.9862131509531405, 0.0 0.0 0.0 7.972741432627041e-05 0.003625815854558515 0.0752302803290612 0.9210641764020541, 
6, 0011111100, 0011111100, 0.5917376373200305, 0.986222094395981, 0.0 0.0 0.0 2.3080099385664574e-05 0.002849897936943803 0.07689839745207039 0.9202286245116003, 
7, 0011111100, 0011111100, 0.5913174528633518, 0.9855218559038178, 0.0 0.0 0.0 0.0 0.003284559027547765 0.08029974652199721 0.9164156944504549, 
8, 0011111100, 0011111100, 0.5916896033285399, 0.9861420092752304, 0.0 0.0 0.0 0.0 0.0031200666216896896 0.07690781110523806 0.9199721222730723, 
9, 0011111100, 0011111100, 0.5920245497100615, 0.9867002506144481, 0.0 0.0 0.0 0.0003469816435845976 0.004160377798910503 0.07043679578473691 0.925055844772768, 
10, 0011111100, 0011111100, 0.591741303206288, 0.9862282062860956, 0.0 0.0 0.0 0.0 0.0025712376854937625 0.07748828691243863 0.9199404754020676, 
11, 0011111100, 0000111100, 0.5912871489785861, 0.9854712287856251, 0.0 0.0 0.0 1.3982157615040029e-05 0.003274099025398865 0.0805824827626067 0.9161294360543794, 
12, 0011111100, 0011111100, 0.5923502240344674, 0.9872429677854355, 0.0 0.0 0.0 8.074955661887214e-05 0.002701303965299775 0.0708973366869311 0.9263206097911502, 
13, 0011111100, 0011111100, 0.5928317082981555, 0.9880454082116091, 0.0 0.0 0.0 0.00011631684259494144 0.002910029234997942 0.06555854173256341 0.9314151121898436, 
14, 0011111100, 0011111100, 0.5923143092629779, 0.9871830955745684, 0.0 0.0 0.0 7.020459301111243e-05 0.0032022703757043675 0.07028627202214734 0.9264412530091372, 
15, 0011111100, 0011111100, 0.5917730779882803, 0.9862810952450519, 0.0 0.0 0.0 0.0001307951476454025 0.0028729401637661704 0.07617516275921943 0.920821101929369, 
16, 0011111100, 0011111100, 0.5917537255670909, 0.9862487725665527, 0.0 0.0 0.0 0.0 0.002118880119598756 0.07826960436148613 0.9196115155189151, 
17, 0011111100, 0011111100, 0.592527316479292, 0.9875380953671493, 0.0 0.0 0.0 0.0 0.0019076627063070288 0.07095610238449011 0.9271362349092028, 
18, 0011111100, 0011111100, 0.5915205918500801, 0.985860333065954, 0.0 0.0 0.0 4.722296829319425e-05 0.0031616478651323486 0.0783730369691308 0.9184180921974436, 
19, 0011111100, 0011111100, 0.5922706679817745, 0.987110395974887, 0.0 0.0 0.0 0.000146832510610535 0.0034557749043584844 0.06998557681012933 0.9264118157749016, 
20, 0011111100, 0011111100, 0.5921971521503693, 0.9869878393510472, 0.0 0.0 0.0 1.5797502229951676e-05 0.003991524808107486 0.07004252177081113 0.9259501559188514, 
21, 0011111100, 0011111100, 0.5918668636374261, 0.9864374835052881, 0.0 0.0 0.0 0.00031629959338364146 0.0027806310803831116 0.0748649380273532 0.92203813129888, 
22, 0011111100, 0011111100, 0.591598337992454, 0.9859899030451501, 0.0 0.0 0.0 0.00016573704926451044 0.00422375153677424 0.07511586750775703 0.9204946439062042, 
23, 0011111100, 0011111100, 0.5907440190008666, 0.9845661272468382, 0.0 0.0 7.404153013689176e-05 0.0005633805540386268 0.0051190538314750894 0.08037882107335774 0.9138647030109917, 
24, 0011111100, 0011111100, 0.5921479908765744, 0.9869059471332694, 0.0 0.0 0.0 0.0001325220470943337 0.002765610560437352 0.07263552993822632 0.924466337454242, 
25, 0011111100, 0011111100, 0.5913830639408731, 0.9856311006071663, 0.0 0.0 0.0 0.00015877030629385082 0.0034825334999754915 0.07877201843816893 0.9175866777555617, 
26, 0011111100, 0011111100, 0.5918611864386049, 0.9864279792613072, 0.0 0.0 0.0 6.136976185594285e-05 0.005006584297697645 0.07123484655119385 0.9236971993892525, 
27, 0011111100, 0011111100, 0.5910152883300658, 0.9850181166017568, 0.0 0.0 0.0 9.519095969720964e-05 0.004049667354220943 0.08150639280192591 0.914348748884156, 
28, 0011111100, 0011111100, 0.5911479183698877, 0.9852392273741726, 0.0 0.0 0.0 0.00013592459834087462 0.003502106389293796 0.08115264918135381 0.9152093198310115, 
29, 0011111100, 0011111100, 0.591872823580051, 0.9864473537616675, 0.0 0.0 0.0 2.8501930863686968e-05 0.0037840607971544277 0.07366225004309494 0.9225251872288869, 
30, 0011111100, 0011111100, 0.5922351707021386, 0.9870512296737108, 0.0 0.0 0.0 0.0 0.00261103906739143 0.07247054382295148 0.9249184171096572, 
31, 0011111100, 0011111100, 0.5916522035686451, 0.9860795701296091, 0.0 0.0 0.0 1.0413253757499512e-06 0.00377193454599844 0.07597558615422212 0.9202514379744037, 
32, 0011111100, 0011111100, 0.5920066585559345, 0.9866703024580528, 0.0 0.0 0.0 0.00015152753402721312 0.0030940738749998522 0.07333545489960278 0.9234189436913701, 
33, 0011111100, 0011111100, 0.5919888495267742, 0.9866406502501983, 0.0 0.0 0.0 0.00025776880226478685 0.002979186539805305 0.07342441901240461 0.9233386256455253, 
34, 0011111100, 0011111100, 0.5917926434303206, 0.9863137928757806, 0.0 0.0 0.0 1.722299713554836e-05 0.0025515726547794344 0.0769624284443508 0.9204687759037342, 
35, 0011111100, 0011111100, 0.5923295740738339, 0.9872088322901783, 0.0 0.0 0.0 0.0002926570702657245 0.0023635730713549787 0.0711418889054239 0.9262018809529554, 
36, 0011111100, 0011111100, 0.5921339209339226, 0.9868825139810956, 0.0 0.0 0.0 2.5613015642166135e-05 0.0035681640608620463 0.07149174894477521 0.9249144739787206, 
37, 0011111100, 0011111100, 0.5909906654429451, 0.9849770417884753, 0.0 0.0 0.0 0.0002320422065790494 0.0033131793168324156 0.08281526401574656 0.9136395144608419, 
38, 0011111100, 0011111100, 0.5908150158230911, 0.9846844662089655, 0.0 0.0 0.0 5.462416877008619e-06 0.0043293639508450625 0.08321808759388556 0.9124470860383924, 
39, 0011111100, 0011111100, 0.5921349470365341, 0.9868842042048084, 0.0 0.0 4.345154806290353e-05 0.00019456086962401864 0.0030883449874880694 0.07176059599504978 0.9249130465997752, 
40, 0011111100, 0011111100, 0.5925706183594796, 0.9876103896403507, 0.0 0.0 0.0 0.0 0.0014321343732513734 0.07147339341139235 0.9270944722153562, 
41, 0011111100, 0011111100, 0.5908766444607676, 0.9847869499328074, 0.0 0.0 0.0 2.2644422442572455e-05 0.004420731537117645 0.08236890406159218 0.9131877199788476, 
42, 0011111100, 0011111100, 0.5921813327013137, 0.9869616582752821, 0.0 0.0 0.0 2.5998102751118792e-05 0.0031290523907586865 0.07189395125853612 0.924950998247954, 
43, 0011111100, 0011111100, 0.5903769193096334, 0.983954327891087, 0.0 0.0 0.0 0.00027455283410472524 0.0030822153041449043 0.08928594354287361 0.9073572883188767, 
44, 0011111100, 0011111100, 0.59178782774769, 0.9863056181924283, 0.0 0.0 0.0 0.0001424617144733809 0.0030509185210174567 0.07563706865997447 0.9211695511045347, 
45, 0011111100, 0011111100, 0.591889501334721, 0.9864751255137703, 0.0 0.0 0.0 5.795997299750645e-05 0.0028912503330624207 0.07519286633226187 0.9218579233616782, 
46, 0011111100, 0011111100, 0.5919677542212017, 0.9866055950620647, 0.0 0.0 0.0 0.0 0.002850197398376067 0.07466603483085879 0.922483767770765, 
47, 0011111100, 0011111100, 0.5915463411020008, 0.9859032108465002, 0.0 0.0 0.0 4.300780680713199e-05 0.0031650614606740356 0.07812158857922827 0.9186703421532906, 
48, 0011111100, 0011111100, 0.592524199137739, 0.9875330823568144, 0.0 0.0 0.0 0.0 0.003053754547856939 0.06869399676340063 0.9282522486887425, 
49, 0011111100, 0011111100, 0.5907625136877241, 0.9845968057626412, 0.0 0.0 0.0 0.00016541195499806174 0.004063411895912944 0.08379610576733229 0.9119750703817566, 
50, 0011111100, 0011111100, 0.5918726615485234, 0.9864471582997865, 0.0 0.0 0.0 7.103903792245047e-05 0.003563489228844316 0.07397695462982463 0.9223885171034085, 
51, 0011011100, 0011111100, 0.5923781232762063, 0.9872896037283325, 0.0 0.0 0.0 5.8042511152582505e-05 0.0031649596754063725 0.06975833074573466 0.9270186670677064, 
52, 0011111100, 0011111100, 0.5918000621499035, 0.9863260617171886, 0.0 0.0 0.0 0.00022326494975666202 0.0027796807602596296 0.0758144733270783 0.9211825809629053, 
53, 0011111100, 0011110100, 0.5915033099803838, 0.9858314422059934, 0.0 0.0 0.0 0.00023746113452150706 0.003316385798147164 0.07766619176418095 0.9187799613031503, 
54, 0011111100, 0011111100, 0.5918377250470648, 0.98638889322313, 0.0 0.0 0.0 0.00010671168244117782 0.002836017175802716 0.07567447126229206 0.9213827998794641, 
55, 0011111100, 0011111100, 0.5922517464863273, 0.9870788682642908, 0.0 0.0 0.0 1.622036463964553e-05 0.002953769145643526 0.07157059102904804 0.9254594194606687, 
56, 0011111100, 0011111100, 0.591828707045743, 0.9863738342329095, 0.0 0.0 0.0 0.0004049338780325367 0.00342775246867115 0.07368668803110424 0.922480625622192, 
57, 0001111100, 0011111100, 0.5922444638248735, 0.9870667120111651, 0.0 0.0 0.0 0.00013795967195823078 0.00307902703922927 0.07102779483867641 0.9257552184501361, 
58, 0011111100, 0011111100, 0.592564498476289, 0.9876000248923431, 0.0 0.0 0.0 8.30851655256819e-05 0.0019713016970401786 0.07020799175528353 0.9277376213821505, 
59, 0011111100, 0011111100, 0.5911139230428564, 0.9851825293269275, 0.0 0.0 0.0 4.377086796470341e-05 0.004122388560424923 0.08052873431369068 0.9153051062579197, 
60, 0011111100, 0011111100, 0.5913894771367283, 0.9856416022867857, 0.0 0.0 0.0 0.0 0.0032543400579883013 0.07964170616330983 0.917103953778702, 
61, 0011111100, 0011111100, 0.5921333053898965, 0.9868816189731994, 0.0 0.0 0.0 4.93909888048399e-05 0.003495547766382013 0.07157101766162442 0.9248840435831888, 
62, 0011111100, 0011111100, 0.5909738822605689, 0.9849491330526001, 0.0 0.0 0.0 0.0 0.0031474729162452187 0.08401025585190941 0.9128422712318454, 
63, 0011111100, 0011111100, 0.5931801126696759, 0.9886262468875631, 0.0 0.0 0.0 8.179919305267787e-05 0.0019278567857587549 0.0641414075239463 0.9338489364972423, 
64, 0011111100, 0011111100, 0.589766056755513, 0.9829362018733069, 0.0 0.0 0.0 0.0005185220312172458 0.0039892035909658875 0.09284881548457526 0.9026434588932417, 
65, 0001111100, 0011111100, 0.5919434552184331, 0.9865651450962948, 0.0 0.0 0.0 0.0002300786697535447 0.003971373231920461 0.07197614694913052 0.9238224011491954, 
66, 0011111100, 0011101100, 0.5917697568721539, 0.9862755604375792, 0.0 0.0 0.0 0.0 0.004072266685688222 0.07420210400314704 0.9217256293111646, 
67, 0011111100, 0011111100, 0.5919847850434908, 0.9866340436539773, 0.0 0.0 0.0 0.00017948822202949294 0.0035752238183343584 0.07250682577337933 0.9237384621862569, 
68, 0011111100, 0011111100, 0.5913399715893877, 0.9855593258956408, 0.0 0.0 9.89360448414371e-05 9.352165271969068e-05 0.004667873957079024 0.07663198757447284 0.918507680770887, 
69, 0011111100, 0011011100, 0.5929436173330986, 0.9882319262822061, 0.0 0.0 0.0 0.0 0.0030561692620413427 0.06449610378268031 0.9324477269552783, 
70, 0011111100, 0011111100, 0.5917079138713438, 0.9861725410003195, 0.0 0.0 0.0 3.729910055275474e-05 0.00283800002132679 0.07717685665377129 0.919947844224349, 
71, 0011111100, 0011111100, 0.5920621471689117, 0.9867627226178907, 0.0 0.0 0.0 0.0 0.0033737500295302376 0.07267616423359566 0.9239500857368741, 
72, 0011111100, 0011111100, 0.591104505863939, 0.9851667562944986, 0.0 0.0 0.0 7.801592872052674e-05 0.0045752985982279405 0.07961481725039007 0.9157318682226615, 
73, 0011111100, 0011111000, 0.5918247847729401, 0.9863673434802263, 0.0 0.0 0.0 0.0 0.00252254770097903 0.07675084371668454 0.9207266085823365, 
74, 0011111100, 0011111100, 0.5911854474029781, 0.9853016882393109, 0.0 0.0 0.0 7.002303659808068e-05 0.004967375358488688 0.07804505073736379 0.9169175508675494, 
75, 0011111100, 0011111100, 0.5922789950380735, 0.9871241809828221, 0.0 0.0 0.0 2.178349692449683e-05 0.0025928981530060013 0.0720037673062821 0.9253815510437875, 
76, 0011111100, 0011111100, 0.5921754748236271, 0.9869517024901082, 0.0 0.0 0.0 9.845285373670713e-05 0.002817578267379743 0.07235926996338053 0.924724698915503, 
77, 0011110100, 0011111100, 0.5921471940530155, 0.9869047099876009, 0.0 0.0 0.0 9.094173085925123e-05 0.0029957051829118367 0.07230750451599179 0.9246058485702372, 
78, 0011111100, 0011111100, 0.5918399120069496, 0.9863924679388365, 0.0 0.0 0.0 0.0 0.004199118353066315 0.07324695566084832 0.9225539259860853, 
79, 0011111100, 0011111100, 0.5910947476212723, 0.9851506091271091, 0.0 0.0 8.632231981186639e-06 0.00012631485531597973 0.004980931837853931 0.07872100806776557 0.9161631130070834, 
80, 0011111100, 0011111100, 0.5926404766139758, 0.9877267465780516, 0.0 0.0 0.0 0.000251465074992861 0.0034132084110492216 0.06605870848461363 0.9302766180293444, 
81, 0011111100, 0011111100, 0.5913182212376455, 0.9855230797776839, 0.0 0.0 0.0 0.0001634004577236179 0.0036274742415539117 0.07911637147761749 0.9170927538231051, 
82, 0011111100, 0011111100, 0.5920235733803458, 0.9866985852002222, 0.0 0.0 0.0 2.333862950090851e-05 0.003961328539836608 0.07181581583049132 0.9241995170001711, 
83, 0011111100, 0011111100, 0.5925195801462206, 0.9875253919984377, 0.0 0.0 0.0 0.00016549172792786643 0.0022990101134591654 0.06975315259867193 0.927782345559941, 
84, 0011111100, 0011111100, 0.5912433251950041, 0.9853982791469407, 0.0 0.0 0.0 0.00010677533094496953 0.0026179865585715997 0.0820540260083768 0.9152212121021066, 
85, 0011111100, 0011111100, 0.5921211915500703, 0.9868613704628331, 0.0 0.0 0.0 6.962711550008682e-05 0.00216525025294069 0.07429239537061987 0.9234727272609393, 
86, 0011111100, 0011111100, 0.5924073751595686, 0.9873382777163586, 0.0 0.0 0.0 0.0 0.003348585830481767 0.06927316204088527 0.927378252128633, 
87, 0011111100, 0011111100, 0.5914742575169434, 0.9857829906192852, 0.0 0.0 0.0 0.0002086543547764846 0.003536099430097827 0.07760389435976388 0.9186513518553617, 
88, 0011111100, 0011111100, 0.5917453153009689, 0.9862347047792447, 0.0 0.0 0.0 0.000115617637837664 0.004333663826560387 0.07357759075789928 0.9219731277777026, 
89, 0011111100, 0011111100, 0.5914243639220681, 0.9856999172923312, 0.0 0.0 0.0 5.787243043263753e-05 0.00295800291548328 0.07971087312374855 0.9172732515303356, 
90, 0011111100, 0011111100, 0.5918030139564187, 0.9863309960156651, 0.0 0.0 0.0 0.0002634459263576496 0.0033397510650805713 0.07454418399677563 0.9218526190117861, 
91, 0011111100, 0011111100, 0.5910670612758295, 0.9851044883031336, 0.0 0.0 0.0 8.451943436599912e-05 0.004447858404673457 0.08022379506875384 0.9152438270922068, 
92, 0011111000, 0011111100, 0.5917183914833538, 0.9861900531550388, 0.0 0.0 0.0 0.00024004203535663227 0.002769731120210845 0.07660009272327556 0.920390134121157, 
93, 0011111100, 0011111100, 0.5914965331059997, 0.9858202764535317, 0.0 0.0 0.0 0.0001841890188716139 0.003961118297928507 0.0766035376263378 0.9192511550568621, 
94, 0001111100, 0011111100, 0.5910065477854632, 0.9850036076620526, 0.0 0.0 0.0 0.0 0.003937574477191269 0.08210320507330128 0.9139592204495075, 
95, 0011111100, 0011111100, 0.5923101881866268, 0.9871763296140368, 0.0 0.0 0.0 0.00016759796088593876 0.0029442195249640476 0.07055078938319392 0.9263373931309562, 
96, 0011111100, 0011111100, 0.591764226861239, 0.9862662169536238, 0.0 0.0 0.0 5.261132852849506e-05 0.004338421983776262 0.07356802032511818 0.922040946362577, 
97, 0011111100, 0011111100, 0.5919950386828143, 0.9866508964297127, 0.0 0.0 0.0 3.1211589257830664e-05 0.0037883360447342617 0.07242431456448187 0.9237561378015261, 
98, 0011111100, 0011111100, 0.5915635926821541, 0.985931985676979, 0.0 0.0 0.0 0.0002566556321058954 0.003036202547301859 0.07756571394720434 0.9191414278733879, 
99, 0011111100, 0011111000, 0.5923499228387005, 0.9872425027919867, 0.0 0.0 0.0 1.3160987043607802e-05 0.004067883221009267 0.06836973384493036 0.9275492219470167, 
100, 0011111100, 0011101100, 0.5913741692470951, 0.9856162967418081, 0.0 0.0 0.0 0.00015173739572008448 0.0037917798468656834 0.0782634476682605 0.9177930350891537, 
run, initial grid state, final grid state, mean grid cell occupancy, mean binding site occupancy, fraction of time with N TFs bound, warning
1, 0011111000, 0011111100, 0.5912344724944723, 0.9853834477203592, 0.0 0.0 0.0 5.9309099015252924e-05 0.004530111125163205 0.0784611641304717 0.9169494156453498, 
2, 0011111100, 0011111100, 0.591489944480936, 0.9858091667570326, 0.0 0.0 0.0 0.0001025010154921384 0.0030806793789703857 0.07867613765338766 0.9181406819521499, 
3, 0011111100, 0011111100, 0.5925293951567894, 0.9875415241606007, 0.0 0.0 0.0 8.942514713063125e-05 0.003059374253743138 0.06836383108751734 0.9284873695116088, 
4, 0011111100, 0011111100, 0.591251041339657, 0.9854110361687669, 0.0 0.0 0.0 7.26746663059507e-05 0.004175566964777005 0.07896462505892667 0.9167871333099904, 
5, 0011111100, 0011111100, 0.5916037444421917, 0.9859988868125462, 0.0 0.0 0.0 0.0 0.0038007774402746687 0.07640512424417331 0.919794098315552, 
6, 0011111100, 0011111100, 0.5913142863353188, 0.9855165945593272, 0.0 0.0 1.0174612748793192e-05 7.10568188693126e-05 0.0035981489347031033 0.07945026586702761 0.9168703537666512, 
7, 0011111100, 0011111100, 0.5917644840935952, 0.9862669007401218, 0.0 0.0 0.0 0.00012181721834063529 0.004153255325565797 0.07372663325311563 0.921998294202978, 
8, 0011111100, 0011111100, 0.5924843535493853, 0.9874666030819454, 0.0 0.0 0.0 0.00031310677469270566 0.00390738973239166 0.06644628171946602 0.9293332217734497, 
9, 0011111100, 0011111100, 0.5918181088659893, 0.9863563695078505, 0.0 0.0 0.0 3.274352913947332e-05 0.00389249798890369 0.07397855638767042 0.9220962020942864, 
10, 0011111100, 0011111000, 0.5920717706933424, 0.9867790155078288, 0.0 0.0 0.0 3.549055742959181e-05 0.003833092964470755 0.0715532493517972 0.9245781671263025, 
11, 0011111100, 0011111100, 0.59172003065779, 0.9861927324456632, 0.0 0.0 0.0 0.0 0.0044124838806928616 0.0740186375646351 0.9215688785546721, 
12, 0011111100, 0011111100, 0.5926495098775657, 0.9877418120328761, 0.0 0.0 0.0 0.0 0.0027354777501187506 0.06807817230250539 0.9291863499473758, 
13, 0011111100, 0011111100, 0.5913330807245959, 0.9855477777955057, 0.0 0.0 0.0 8.196917475541432e-05 0.0039008151841129694 0.07866579533447353 0.9173514203066581, 
14, 0011111100, 0011111100, 0.5918472528194502, 0.9864049243317706, 0.0 0.0 0.0 4.502880070890699e-06 0.0041411757536717955 0.07327459386181975 0.9225797275044375, 
15, 0011111100, 0011111100, 0.5924146835731103, 0.9873504823265868, 0.0 0.0 4.978225015572138e-06 0.00024470837965874444 0.002763879670103511 0.06961530866123358 0.9273711250639886, 
16, 0011111100, 0001111100, 0.5909966448368513, 0.9849869889236164, 0.0 0.0 0.0 0.0001841771267797833 0.0036982002158235366 0.0821291346463152 0.9139884880110815, 
17, 0011111100, 0011111100, 0.5917805273727567, 0.9862935522190329, 0.0 0.0 0.0 0.00027146937102262103 0.004158100159238633 0.07310807825425761 0.9224623522154811, 
18, 0011111100, 0011111100, 0.5924044661219487, 0.9873333441235002, 0.0 0.0 0.0 7.330818715209052e-05 0.0032981468850951353 0.06918371692735309 0.9274448280003996, 
19, 0011111100, 0011111100, 0.5921001535285119, 0.9868262965868684, 0.0 0.0 0.0 0.00017181804328078313 0.0033497028195998 0.07182736070974703 0.9246511184273725, 
20, 0011111100, 0011111100, 0.5908345748818552, 0.9847169622193946, 0.0 0.0 0.0 0.0 0.0030186954455206326 0.08566083579259165 0.9113204687618877, 
21, 0011111100, 0011111100, 0.592292524922247, 0.9871469407253766, 0.0 0.0 0.0 8.094298412777127e-05 0.0024556693684948073 0.07196418795836705 0.9254991996890104, 
22, 0011111100, 0011111100, 0.5919855992557771, 0.986635355373142, 0.0 0.0 0.0 0.0 0.0030623780332299 0.07406311169468881 0.9228745102720812, 
23, 0011111100, 0011111100, 0.5918904013385122, 0.9864768120743229, 0.0 0.0 0.0 3.0781550413868606e-05 0.0034784468789728976 0.07408988914487458 0.9224008824257386, 
24, 0011111100, 0011111100, 0.592233286434884, 0.9870482058325285, 0.0 0.0 0.0 0.0001957709915810965 0.0024640023646081946 0.07219544730086859 0.9251447793429421, 
25, 0011111100, 0011111100, 0.5919402158475662, 0.9865596149420285, 0.0 0.0 0.0 0.00026318943627759987 0.0037444259228976385 0.07236389019320044 0.9236284944476244, 
26, 0011111100, 0011111100, 0.5901187409410366, 0.9835238891438214, 0.0 0.0 0.0 0.00019171537566236085 0.003855808507785128 0.09056990199451465 0.9053825741220378, 
27, 0011111100, 0011111100, 0.5923485649366802, 0.9872403462378674, 0.0 0.0 0.0 0.00010743196457386015 0.0021898356910176305 0.07185595529703862 0.9258467770473698, 
28, 0011111100, 0011111100, 0.5915113776597941, 0.9858450340280194, 0.0 0.0 0.0 3.793343487139259e-05 0.004029317192743534 0.07675736114178333 0.9191753882306017, 
29, 0011111100, 0011111100, 0.5914278667755535, 0.9857057875620981, 0.0 0.0 0.0 0.0001018339756072135 0.0022694257494596673 0.0809209212016703 0.9167078190732629, 
30, 0011111100, 0011111100, 0.5917005206504079, 0.9861602254178263, 0.0 0.0 1.5092979360875628e-05 0.00015343510739769252 0.003565807917417082 0.0753863544185711 0.9208793095772532, 
31, 0011111100, 0011111100, 0.5907100948091512, 0.9845095545158379, 0.0 0.0 0.0 0.00018764183790110405 0.0037410881526965326 0.08489757108587621 0.9111736989235262, 
32, 0011111100, 0011111100, 0.5914257283515851, 0.985702170651026, 0.0 0.0 0.0 0.0 0.004456436871081902 0.07687410235168048 0.9186694607772377, 
33, 0011111100, 0011111100, 0.5920559053663625, 0.9867523961284208, 0.0 0.0 0.0 6.156101730988493e-05 0.0034392491953674897 0.07242244178681033 0.9240767480005122, 
34, 0011111100, 0011111100, 0.5916541276474746, 0.9860828293437736, 0.0 0.0 0.0 0.00015697546025707606 0.0035372240001920927 0.0759576495562039 0.920348150983347, 
35, 0011111000, 0011111100, 0.591461692718939, 0.985762167864887, 0.0 0.0 0.0 0.0 0.0039839326404714085 0.07745912752973466 0.918556939829794, 
36, 0011111100, 0011111100, 0.591860009737658, 0.9864261106349081, 0.0 0.0 0.0 5.922620948973156e-05 0.003640739712212962 0.07398417813765619 0.9223158559406411, 
37, 0001111100, 0011111100, 0.5912367737781231, 0.9853873319957923, 0.0 0.0 0.0 0.00028346121234672407 0.003718355454252658 0.07938891347970069 0.9166092698537, 
38, 0011111100, 0011111100, 0.5920800280689159, 0.9867927767368967, 0.0 0.0 0.0 7.357617529996271e-05 0.002863623543446355 0.07329536396582662 0.923767436315427, 
39, 0011111100, 0011111100, 0.5923689782647622, 0.9872742902828384, 0.0 0.0 0.0 0.00012218526938773336 0.0034082539099253534 0.06917119467495562 0.9272983661457312, 
40, 0011111100, 0011111100, 0.5923106790687167, 0.9871772380531765, 0.0 0.0 0.0 6.713979037375677e-05 0.003535754192481564 0.06966364392485624 0.9267334620922885, 
41, 0011111100, 0011111100, 0.5930202750824661, 0.9883597733832611, 0.0 0.0 0.0 0.0 0.0036757480613088213 0.062489863577815254 0.933834388360876, 
42, 0011111100, 0011111100, 0.5919475323086321, 0.9865718063564488, 0.0 0.0 0.0 6.179556877442768e-05 0.0023517101891679065 0.07568035477664888 0.9219061394654088, 
43, 0011111100, 0011111100, 0.5918674723104058, 0.9864385552636665, 0.0 0.0 0.0 2.9501690361953914e-05 0.0034621311481598015 0.07435590105059507 0.9221524661108831, 
44, 0011111100, 0011111100, 0.5917355451103239, 0.9862184929817556, 0.0 0.0 0.0 3.0657064706200645e-05 0.0028438877165443696 0.07690929548226014 0.9202161597364893, 
45, 0011101100, 0011111100, 0.59156105761914, 0.985927633993721, 0.0 0.0 0.0 1.3283009012625329e-05 0.0038603696735738462 0.07667360766348852 0.919452739653925, 
46, 0011111100, 0011111100, 0.5916794733477164, 0.9861251183332701, 0.0 0.0 0.0 1.7016289741425284e-05 0.004201455388370006 0.0747953303544146 0.920986197967474, 
47, 0011111100, 0011111100, 0.5926402497992179, 0.9877263378644233, 0.0 0.0 0.0 1.3597912093230655e-05 0.00318847575172552 0.06722422757372909 0.9295736987624521, 
48, 0011111100, 0011111100, 0.5923625074008038, 0.9872635858320902, 0.0 0.0 0.0 0.0 0.0034626398097937373 0.06949320538787164 0.9270441548023346, 
49, 0011111100, 0011111100, 0.5913537197031297, 0.9855819974189433, 0.0 0.0 0.0 1.601996057073275e-05 0.0049254046631347385 0.07660914627835858 0.918449429097936, 
50, 0011111100, 0011111100, 0.5913946641046475, 0.9856504153005858, 0.0 0.0 0.0 0.00011713785956632522 0.0036755139216669394 0.07839506677445099 0.9178122814443158, 
51, 0011111100, 0011111100, 0.5913748790531761, 0.9856175031558875, 0.0 0.0 0.0 6.764362028408617e-05 0.0022746696893309755 0.08154271082516101 0.916114975865224, 
52, 0011111100, 0011111100, 0.5911617364046527, 0.9852622093178437, 0.0 0.0 0.0 3.402451182876314e-05 0.0021694787534258476 0.08398571305060026 0.9138107836841451, 
53, 0011111100, 0011111100, 0.591833722226863, 0.9863822340020777, 0.0 0.0 0.0 0.0 0.002768020549520786 0.07617055488849207 0.9210614245619871, 
54, 0011111100, 0011111100, 0.5924382127250805, 0.9873895967350814, 0.0 0.0 0.0 3.944592233527274e-05 0.003347577289548161 0.06884892724341042 0.9277640495447061, 
55, 0011111100, 0011111100, 0.5909310548187647, 0.9848778480210901, 0.0 0.0 0.0 0.0002830691505672818 0.00377284022819326 0.08233802396537099 0.9136060666558685, 
56, 0011111100, 0011111100, 0.5915254175181839, 0.9858683313624139, 0.0 0.0 0.0 0.00010510015280026764 0.004253523290588873 0.07596766478593875 0.9196737117706721, 
57, 0011111100, 0011011100, 0.59149280144317, 0.98581392825816, 0.0 0.0 0.0 8.299184004408971e-05 0.004152875570616672 0.07656170378967393 0.9192024287996652, 
58, 0011111100, 0011111100, 0.5922834332307478, 0.9871317137126381, 0.0 0.0 0.0 6.018399385428144e-05 0.004144967532761803 0.06873923067708489 0.927055617796299, 
59, 0011111000, 0011111100, 0.5917822566266697, 0.9862963333665112, 0.0 0.0 0.0 1.2326381761573609e-05 0.002726424810058233 0.07673217103553233 0.9205290777726479, 
60, 0011111100, 0011111100, 0.5912852969540212, 0.9854681032633137, 0.0 0.0 0.0 0.00015630369906573067 0.003994957535618387 0.07873255425168432 0.9171161845136315, 
61, 0011111100, 0011111100, 0.5926559914505081, 0.9877526302452043, 0.0 0.0 0.0 9.311476687902495e-05 0.0027453368354401417 0.06771420055725667 0.9294473478404242, 
62, 0011111100, 0011111100, 0.5917896764726521, 0.9863087441912042, 0.0 0.0 0.0 0.00011773065341606026 0.0023938382974097254 0.0770066662977077 0.9204817647514666, 
63, 0011111100, 0011111100, 0.5916179066273392, 0.9860224619338944, 0.0 0.0 0.0 3.330712583766097e-05 0.003485853471820301 0.07679360007547976 0.9196872393268622, 
64, 0011111100, 0011111100, 0.591503325311495, 0.9858315797329159, 0.0 0.0 0.0 8.365032316474687e-06 0.0031052678981599384 0.0787748907092354 0.9181114763602882, 
65, 0011111100, 0011111100, 0.5918089430263307, 0.986340874962686, 0.0 0.0 0.0 0.0002311269421844113 0.004362766301153823 0.07253583679502351 0.9228702699616382, 
66, 0011111100, 0011111100, 0.5918025757420562, 0.986330344561196, 0.0 0.0 0.0 2.551175690448e-05 0.0030536796724267407 0.07583403801725795 0.9210867705534108, 
67, 0011110100, 0011111100, 0.5925084878223487, 0.9875069684447274, 0.0 0.0 0.0 0.0002963471857013021 0.0036603326287848958 0.06674848251696103 0.9292948376685528, 
68, 0011111100, 0001111100, 0.5916579446248783, 0.9860892017570527, 0.0 0.0 0.0 2.9296429037480123e-05 0.0028990944404200924 0.07757871128973012 0.9194928978408123, 
69, 0011111100, 0011111100, 0.5914266163612201, 0.9857036537234007, 0.0 0.0 0.0 1.1622993196419307e-05 0.0038770461539087333 0.07798911637218815 0.9181222144807066, 
70, 0001111100, 0011110100, 0.5922005174105441, 0.9869934975420346, 0.0 0.0 0.0 6.21345930209614e-05 0.0032922981706903108 0.07126801462734791 0.9253775526089408, 
71, 0011111100, 0011111100, 0.592962996014053, 0.988264365324866, 0.0 0.0 0.0 7.940934400586853e-06 0.0024944016792996368 0.06540118188900289 0.9320964754972969, 
72, 0011111100, 0011111000, 0.5912656831633691, 0.9854353830406986, 0.0 0.0 0.0 0.0002219779234252373 0.004023210619283196 0.07867534674696593 0.9170794647103256, 
73, 0011111100, 0011111100, 0.5915313760465729, 0.9858782945287762, 0.0 0.0 0.0 4.541881221907479e-05 0.0051037464422499694 0.07438648350618654 0.9204643512393444, 
74, 0011111100, 0011111100, 0.5911909573563149, 0.9853110065140738, 0.0 0.0 0.0 0.0001239972767279829 0.00466728685790218 0.07842739536956903 0.9167813204958007, 
75, 0011111100, 0011111100, 0.5928540277449612, 0.988082673350547, 0.0 0.0 0.0 7.5548443617139534e-06 0.002562073493137471 0.066357148377358 0.9310732232851429, 
76, 0011111100, 0011111100, 0.5918874855982535, 0.9864717256470159, 0.0 0.0 0.0 0.0 0.0028306249400145956 0.07550839623787589 0.9216609788221095, 
77, 0011111100, 0001111100, 0.5925309030364315, 0.987543951644458, 0.0 0.0 0.0 0.00013501139962316977 0.003263831208884032 0.06780359351661483 0.928797563874878, 
78, 0011111100, 0011111100, 0.5921212773653791, 0.9868614393095568, 0.0 0.0 0.0 0.00010033403975547778 0.002560253167371966 0.07340985568864883 0.9239295571042238, 
79, 0011111100, 0011111100, 0.5908840197479986, 0.9847993578421409, 0.0 0.0 0.0 0.0003289893255133004 0.005421834608322495 0.07937321575396887 0.9148759603121953, 
80, 0011111100, 0011111100, 0.5920624193351733, 0.9867632921771873, 0.0 0.0 0.0 0.00017315681468276748 0.0027735917955571234 0.07335359290171407 0.923699658488046, 
81, 0011111100, 0011111100, 0.5924004561359799, 0.9873266863386811, 0.0 0.0 0.0 1.2537045093150365e-05 0.002327961073307267 0.07134634868601913 0.9263131531955804, 
82, 0011110100, 0011110100, 0.5920055935667322, 0.9866686435226577, 0.0 0.0 0.0 0.0 0.0024674598954052803 0.07505321907324336 0.9224793210313513, 
83, 0011111100, 0011111100, 0.5913156166764078, 0.9855186918798231, 0.0 0.0 9.506939750245017e-06 0.00023964923899196395 0.003913950432138574 0.07830297238080738 0.9175339210083118, 
84, 0011111100, 0011111100, 0.5923432474998119, 0.9872312832366096, 0.0 0.0 0.0 0.00012704437816761787 0.0028487092079111697 0.07053374903001765 0.9264904973839035, 
85, 0011111100, 0001111100, 0.5921499489655204, 0.9869091632555792, 0.0 0.0 0.0 2.6628538427636735e-05 0.0028326977817205584 0.07279973928780112 0.9243409343920507, 
86, 0011111100, 0011111100, 0.5921083686010705, 0.9868398680618341, 0.0 0.0 0.0 6.013791148197082e-05 0.0035659164809184836 0.07164854493271357 0.9247254006748861, 
87, 0011111100, 0011011100, 0.590992147913, 0.9849797443443432, 0.0 0.0 0.0 0.0 0.003985554361505471 0.08215042521092925 0.9138640204275653, 
88, 0011111100, 0011111000, 0.592541298837292, 0.9875614982307556, 0.0 0.0 0.0 0.0001272817018015044 0.003735141385969757 0.06677888273812287 0.9293586941741059, 
89, 0011111100, 0011111100, 0.5914289317423694, 0.9857076129914496, 0.0 0.0 0.0 2.19898018064953e-06 0.0034119937340064167 0.07892373764274718 0.9176620696430657, 
90, 0011111100, 0011111100, 0.5919166487483909, 0.9865203631737646, 0.0 0.0 0.0 0.0 0.004443226757767591 0.07199136744187734 0.9235654058003551, 
91, 0011111100, 0011111100, 0.591167239183916, 0.9852713232025, 0.0 0.0 0.0 0.0 0.003542197348615956 0.0812876660877683 0.9151701365636157, 
92, 0001111100, 0011111100, 0.5913889068314129, 0.9856407225783682, 0.0 0.0 0.0 0.0 0.0030785784732417724 0.07999850758330747 0.9169229139434507, 
93, 0011111100, 0011111100, 0.5927854042708598, 0.9879682646871524, 0.0 0.0 0.0 0.00010267869560905864 0.003902125896491007 0.06407812399727628 0.9319170714106236, 
94, 0011111100, 0011111100, 0.5921514540823268, 0.986911761982613, 0.0 0.0 0.0 0.00017449443983038265 0.0020906808720908988 0.07382458304064968 0.9239102416474291, 
95, 0011111100, 0011111100, 0.5908133397726814, 0.9846815782212406, 0.0 0.0 0.0 8.593258145567915e-05 0.004576497098935174 0.08249973873031878 0.9128378315892904, 
96, 0011111100, 0011111100, 0.5926179334903173, 0.9876891780485932, 0.0 0.0 0.0 0.0 0.002764395816126799 0.06833614007618753 0.9288994641076856, 
97, 0011111100, 0011111100, 0.5930178366159826, 0.9883555384222515, 0.0 0.0 0.0 7.513126486142476e-06 0.002620271755840828 0.0646036865753509 0.9327685285423222, 
98, 0011111100, 0011111100, 0.5913020767314124, 0.9854960725319998, 0.0 0.0 0.0 0.00010284329837171803 0.0036795523440324544 0.0793559302248209 0.9168616741327749, 
99, 0011111100, 0011111100, 0.5925143159585812, 0.987516549176844, 0.0 0.0 0.0 4.21310004407735e-05 0.0022225811518548073 0.07032914963390446 0.9274061382138, 
100, 0011111100, 0011111100, 0.5924360475178648, 0.9873860674821696, 0.0 0.0 0.0 7.904242778541785e-05 0.0031676827519027174 0.06911110231982105 0.9276421725004909, 
run, initial grid state, final grid state, mean grid cell occupancy, mean binding site occupancy, fraction of time with N TFs bound, warning
1, 0011111100, 0011111100, 0.5921101266811262, 0.9868429362385136, 0.0 0.0 0.0 0.00021071265149065423 0.002281299197107452 0.07374764622023165 0.9237603419311703, 
2, 0011111100, 0011111100, 0.5919157978275442, 0.9865189818983094, 0.0 0.0 0.0 9.916668358945242e-05 0.003365841387204108 0.07385692578496744 0.922678066144239, 
3, 0011111100, 0011111100, 0.592357367912748, 0.9872549902281959, 0.0 0.0 0.0 0.0001166617819643872 0.0027488369045818063 0.0706223994757678 0.9265121018376861, 
4, 0011111100, 0011111100, 0.592486195338949, 0.9874695755698736, 0.0 0.0 0.0 5.272395045824703e-06 0.0024773534992966906 0.07021202239702738 0.9273053517086302, 
5, 0011111100, 0011111000, 0.5928164534361589, 0.9880201133385244, 0.0 0.0 0.0 4.662173982552119e-05 0.002866233351874188 0.0660069880456288 0.9310801568626715, 
6, 0011111100, 0011111100, 0.5916184964330088, 0.9860235895098157, 0.0 0.0 0.0 0.0 0.0027670965651045614 0.07832426981089693 0.9189086336239985, 
7, 0011111100, 0011111100, 0.5925764209404705, 0.9876200015459421, 0.0 0.0 0.0 0.00015304812777848468 0.0036033250828679682 0.0666141961752757 0.9296294306140779, 
8, 0011111100, 0011111100, 0.5919907408896113, 0.9866438515858997, 0.0 0.0 2.612627893907683e-05 0.00034076916192101576 0.002714671708469292 0.07358073446614331 0.9233376983845274, 
9, 0011111100, 0011111100, 0.5923134343235538, 0.9871816552476979, 0.0 0.0 0.0 0.0002424160043491352 0.0033827934237889053 0.06941723365318747 0.9269575569186744, 
10, 0011111100, 0011111100, 0.5915747533295894, 0.9859505770304945, 0.0 0.0 0.0 0.00015252303582395825 0.004198806975812445 0.07544135475793674 0.9202073152304269, 
11, 0011111100, 0011111100, 0.5908843912462688, 0.9847998409900159, 0.0 0.0 0.0 0.0002570086021085296 0.0042007527350312185 0.08202842278351649 0.9135138158793438, 
12, 0011111100, 0011111100, 0.5918845678793349, 0.9864669087486904, 0.0 0.0 7.46933830319345e-05 0.00019948335895048717 0.002786190886142786 0.07472894212659266 0.9222106902452822, 
13, 0011111000, 0011111100, 0.5922223984955476, 0.9870300111773407, 0.0 0.0 0.0 1.3967125804310752e-05 0.0027895256268691657 0.07219898030480489 0.9249975269425216, 
14, 0011111100, 0011111100, 0.5926234959054767, 0.9876985401422073, 0.0 0.0 0.0 1.3539376839966999e-05 0.002828898189845291 0.06811034463654471 0.92904721779677, 
15, 0011111100, 0011111100, 0.5919682026856351, 0.9866064702607744, 0.0 0.0 0.0 6.088040442012604e-05 0.002680664057680512 0.07481720910673162 0.9224412464311676, 
16, 0011111100, 0011110100, 0.5921943907157811, 0.9869832209388278, 0.0 0.0 0.0 0.0 0.0037629109152668783 0.0705748525364987 0.9256622365482344, 
17, 0011111100, 0011111100, 0.5921254872538186, 0.9868685615583369, 0.0 0.0 0.0 4.5129350548642015e-05 0.0030962607349064304 0.07246072112851949 0.9243978887860255, 
18, 0001111100, 0011111100, 0.5919867111646092, 0.9866371321904863, 0.0 0.0 0.0 4.6513898010381625e-05 0.003689629743194348 0.07265840567666157 0.9236054506821337, 
19, 0011111100, 0011111100, 0.5925334134984099, 0.987548345830943, 0.0 0.0 0.0 0.00013252601499807266 0.003429924385668259 0.0674524981980114 0.9289850514013223, 
20, 0011111100, 0011111100, 0.5915369729024152, 0.9858876564845805, 0.0 0.0 0.0 9.923839308738708e-05 0.003506136920593566 0.07736407207206744 0.9190305526142517, 
21, 0011111100, 0011111100, 0.5914916679060193, 0.9858120957051598, 0.0 0.0 0.0 6.318907273201715e-05 0.0018812696520594684 0.08117531924672683 0.9168802220284817, 
22, 0011111100, 0011111100, 0.5918708446781977, 0.986443927620692, 0.0 0.0 0.0 5.5955196070557545e-05 0.003144966009465051 0.07487863666870641 0.9219204421257579, 
23, 0011111100, 0011111100, 0.5911671348510628, 0.985271397643393, 0.0 0.0 0.0 0.0 0.003697440975812549 0.08097673218801567 0.9153258268361717, 
24, 0011111100, 0011111100, 0.5919598179159191, 0.9865923177410232, 0.0 0.0 0.0 0.0 0.0030310296085790424 0.07438403433670347 0.9225849360547175, 
25, 0011111100, 0011111100, 0.5918129015880962, 0.9863475919643081, 0.0 0.0 0.0 0.00013071335308653965 0.0036616842073012284 0.07419893974028907 0.9220086626993231, 
26, 0011111100, 0011111100, 0.5917063060149756, 0.9861698034121972, 0.0 0.0 0.0 0.0001147880481582596 0.0037896608870752685 0.07505749360819167 0.9210380574565747, 
27, 0010111100, 0011111100, 0.5917730863259114, 0.9862810841071918, 0.0 0.0 0.0 3.463558209873381e-05 0.004060139221091593 0.07408931016836978 0.92181591502844, 
28, 0011111100, 0011111100, 0.5923647188757598, 0.9872672291372987, 0.0 0.0 0.0 8.312124774387903e-05 0.0020188971900498864 0.07210946705287646 0.9257885145093296, 
29, 0011111100, 0011111100, 0.5923095690537273, 0.9871753657334325, 0.0 0.0 0.0 0.0 0.0030357189878196674 0.07087636762376581 0.9260879133884145, 
30, 0011111100, 0011111100, 0.5919486002798724, 0.9865735285710974, 0.0 0.0 0.0 0.00015378952665516307 0.0027369800836903563 0.07462349982606974 0.9224857305635847, 
31, 0011111100, 0011111100, 0.5926431332103347, 0.9877311991461877, 0.0 0.0 0.0 4.831344144660092e-06 0.002752238871801767 0.06809383334683687 0.9291490964372168, 
32, 0011111100, 0011111100, 0.5928452321182149, 0.9880679953269019, 0.0 0.0 0.0 0.0 0.0024880404987117255 0.06661594704116373 0.9308960124601245, 
33, 0011111100, 0011111100, 0.5913595855298545, 0.9855920897855318, 0.0 0.0 0.0 0.00022910298362334566 0.003738122705130933 0.07828390692567681 0.9177488673855689, 
34, 0011111100, 0011111100, 0.5924516778697795, 0.9874121790971491, 0.0 0.0 0.0 0.0002235057489512222 0.002642070900002227 0.0695722663702478 0.9275621569807988, 
35, 0011111100, 0011011100, 0.590699733174257, 0.9844921108432602, 0.0 0.0 1.0733263233445938e-05 0.00012662023115969837 0.004051850740537512 0.08452083971295106 0.9112899560521183, 
36, 0011111100, 0011111100, 0.5922219197026969, 0.9870292678726468, 0.0 0.0 0.0 5.517878188541957e-05 0.0032322154068920085 0.0711944256046784 0.9255181802065442, 
37, 0011111100, 0011111100, 0.5917393277750379, 0.9862248563420852, 0.0 0.0 0.0 9.506350640081223e-05 0.004010483721209537 0.07434470398586666 0.921549748786523, 
38, 0011111100, 0011111100, 0.5931509556499841, 0.9885775727405178, 0.0 0.0 0.0 0.0 0.0026914152112006923 0.06315173313449175 0.9341568516543076, 
39, 0011111100, 0011111100, 0.5924788454611972, 0.9874572884194294, 0.0 0.0 0.0 2.170012698741186e-06 0.0032985755625000025 0.06865260832032748 0.9280466461044737, 
40, 0011111100, 0011111100, 0.5924465273946168, 0.9874034491546855, 0.0 0.0 0.0 3.493219361555008e-05 0.0026267104772756283 0.07022108753648935 0.9271172697926194, 
41, 0011111100, 0011111100, 0.5919873869294637, 0.9866382559165261, 0.0 0.0 0.0 0.0002348645914117495 0.0040873891472839735 0.07129109243204032 0.924386653829264, 
42, 0011111100, 0011111100, 0.5920588210820806, 0.9867573026562475, 0.0 0.0 0.0 1.0941120106038592e-05 0.0021600853220343622 0.07510319005812698 0.9227257834997326, 
43, 0011111100, 0011111100, 0.5910169987140148, 0.9850209200741101, 0.0 0.0 0.0 5.4237182693254374e-05 0.004168335483957025 0.08137509703934556 0.9144023302940042, 
44, 0011111100, 0011111100, 0.5926962094918848, 0.9878196288690695, 0.0 0.0 0.0 2.3663737030824023e-05 0.002834386162214093 0.06734246325006198 0.9297994868506931, 
45, 0011111100, 0011111100, 0.5921372959763571, 0.9868882338903939, 0.0 0.0 0.0 0.00010385832446484337 0.0025661035136898035 0.07322681465686337 0.924103223504982, 
46, 0011111100, 0011111100, 0.5919131759383757, 0.9865145683691471, 0.0 0.0 0.0 0.0 0.0029725608647479893 0.07496746805562197 0.9220599710796301, 
47, 0011111100, 0011111100, 0.592366774527417, 0.9872706292413329, 0.0 0.0 0.0 1.9511394621077037e-06 0.002204753177813592 0.07196086477798885 0.9258324309047355, 
48, 0011111100, 0011111100, 0.5915105452898933, 0.9858435940416048, 0.0 0.0 0.0 0.0002662508705302931 0.004120312333155025 0.07589905847247051 0.9197143783238442, 
49, 0011111100, 0011111100, 0.5914230411428169, 0.9856978010427051, 0.0 0.0 0.0 0.0 0.0028685452761332757 0.08007610319150271 0.9170553515323641, 
50, 0011111100, 0011111100, 0.5918472860665435, 0.9864047554719337, 0.0 0.0 0.0 2.9080089029357545e-05 0.00282619835147075 0.0758318301983688 0.9213128913611311, 
51, 0011111100, 0010111100, 0.5915881108992684, 0.9859729199213056, 0.0 0.0 0.0 0.0 0.002284527237803879 0.07959342599655875 0.9181220467656374, 
52, 0011111100, 0011111100, 0.5917431471169684, 0.9862311638488621, 0.0 0.0 0.0 2.799368065879458e-07 0.002993421830594099 0.07662533343521875 0.9203809647973805, 
53, 0011011100, 0011111100, 0.5918455952831884, 0.9864019004179407, 0.0 0.0 0.0 6.4462671711189396e-06 0.0028501825104435565 0.07586889366995589 0.9212744775524294, 
54, 0011111100, 0011111100, 0.5916812920281164, 0.9861281141641028, 0.0 0.0 0.0 0.00010459169142297335 0.0036679614597022593 0.07558161702170857 0.9206458298271661, 
55, 0011110100, 0011111100, 0.5920845573685073, 0.9868002052885453, 0.0 0.0 0.0 9.505434832226661e-05 0.0035299726335711015 0.07185365995661809 0.9245213130614885, 
56, 0011111100, 0011111100, 0.5912869834175997, 0.9854709444488727, 0.0 0.0 0.0 0.00020967422601767945 0.004202188066908429 0.07814093449489383 0.91744720321218, 
57, 0011111100, 0011111100, 0.5921338681380034, 0.9868825171720582, 0.0 0.0 0.0 1.3556083591892604e-05 0.0039062457345696 0.070851737247736 0.9252284609341024, 
58, 0011111100, 0011011100, 0.5921730854029789, 0.9869477489674006, 0.0 0.0 0.0 0.00018120078230104983 0.003916963031787896 0.06993597778511884 0.9259658584007922, 
59, 0011111100, 0011111100, 0.5927303335617834, 0.9878764119412777, 0.0 0.0 0.0 8.001057472186961e-05 0.0028424931620694704 0.06681651030402923 0.9302609859591794, 
60, 0011111100, 0011111100, 0.591747152391913, 0.9862378665669695, 0.0 0.0 0.0 0.0 0.0035054401398118473 0.07556192031855816 0.92093263954163, 
61, 0011111100, 0011111100, 0.591553431633004, 0.9859150913509234, 0.0 0.0 0.0 0.00027752055355265024 0.0032991267558378458 0.07707863672212659 0.9193447159684829, 
62, 0001111100, 0011111100, 0.5912922717155361, 0.9854797454723763, 0.0 0.0 0.0 0.00014146596335490544 0.0036207400550427515 0.07945564916559263 0.9167821448160097, 
63, 0011111100, 0011111100, 0.592767462726457, 0.9879382783918482, 0.0 0.0 0.0 5.796522130630555e-05 0.0024866319552315917 0.06722317007452876 0.9302322327489334, 
64, 0011111100, 0011111100, 0.5916017944114689, 0.98599556991853, 0.0 0.0 0.0 3.309446804089205e-05 0.005278035570972015 0.07337122594275369 0.9213176440182334, 
65, 0011111100, 0011111000, 0.5914168846142314, 0.9856873814172147, 0.0 0.0 0.0 5.921203454221997e-05 0.004340640565897787 0.0770167942612898 0.9185833531382701, 
66, 0011111100, 0011111100, 0.5922457699886775, 0.9870687781558847, 0.0 0.0 0.0 3.844952086880093e-05 0.002426245869845438 0.07261949076239517 0.9249158138468906, 
67, 0011111100, 0011111100, 0.5924510049052363, 0.9874109846781137, 0.0 0.0 0.0 5.895162795112246e-05 0.004230955072706946 0.0668953269020502 0.9288147663972918, 
68, 0001111100, 0011111100, 0.5919992070699196, 0.9866579712392662, 0.0 0.0 0.0 0.00010388018095039185 0.0034417989522436605 0.07285693411706355 0.9235973867497423, 
69, 0011111100, 0011110100, 0.591716476799823, 0.986186762945325, 0.0 0.0 0.0 1.1929977355897424e-06 0.003303100878465672 0.07626964157791176 0.9204260645458869, 
70, 0011111100, 0011111100, 0.5915665900438928, 0.9859371154751008, 0.0 0.0 0.0 0.0001432187173587935 0.0037477789013676873 0.07645209319458288 0.9196569091866906, 
71, 0011111100, 0011111100, 0.5918497636920448, 0.9864089941763023, 0.0 0.0 0.0 0.00012531548554556708 0.0037021407747998315 0.07376580693594935 0.9224067368037052, 
72, 0011111100, 0011111100, 0.5912538579277946, 0.9854157997409018, 0.0 0.0 0.0 0.0 0.004466847689904988 0.07857150617477951 0.9169616461353155, 
73, 0011111100, 0011111100, 0.5911163992630627, 0.9851866590341303, 0.0 0.0 0.0 9.803930992398942e-06 0.0028386503702475057 0.08317333326174645 0.9139782124370137, 
74, 0001111100, 0011111100, 0.5914188369451835, 0.9856908162951084, 0.0 0.0 0.0 2.057936335154587e-05 0.0037385578659884077 0.07831624840731835 0.9179246143633417, 
75, 0011111100, 0011111100, 0.5923293819241263, 0.9872084284145141, 0.0 0.0 0.0 0.00010216582063884961 0.0028008284525057954 0.07084127514598769 0.9262557305808677, 
76, 0011111100, 0011111100, 0.5919318502992941, 0.986545683275701, 0.0 0.0 0.0 5.43717706107408e-05 0.003115131963476066 0.07433252110701061 0.9224979751589026, 
77, 0011111100, 0011111100, 0.5907109944573002, 0.9845110783649227, 0.0 0.0 0.0 0.00014413297174624033 0.0030553976515441633 0.08639033559213725 0.9104101337845724, 
78, 0011111000, 0011111100, 0.591164892673545, 0.9852675098752307, 0.0 0.0 3.0000634167762026e-05 0.0002433268502711398 0.0036156000674640934 0.08031375752620315 0.9157973149218939, 
79, 0011111100, 0011111100, 0.59248655564053, 0.9874702418112153, 0.0 0.0 0.0 0.0001316732778488738 0.002822814622852979 0.06913790005345591 0.9279076120458423, 
80, 0011110000, 0011111100, 0.5908101505848726, 0.9846762892265055, 0.0 0.0 0.0 0.0003753111362168334 0.0048572874039346774 0.08110175642444745 0.913665645035401, 
81, 0011111100, 0011111100, 0.592219372825217, 0.9870249806868967, 0.0 0.0 0.0 5.090952674755028e-05 0.0036180042270541088 0.07046137884426926 0.9258697074019291, 
82, 0011111100, 0011111100, 0.5922043512152083, 0.9869998862256202, 0.0 0.0 0.0 0.0 0.0022794314510570465 0.07344181974416396 0.9242787488047791, 
83, 0011111100, 0011101100, 0.5903532148299483, 0.9839147236079455, 0.0 0.0 0.00016894505851700192 0.0002848280040775594 0.0044869163336722 0.08600756143868175 0.9090517491650516, 
84, 0011111100, 0011111000, 0.5919091399492138, 0.9865078078210989, 0.0 0.0 0.0 0.00019682589797701152 0.003965065831043389 0.07243254371738776 0.9234055645535919, 
85, 0011111100, 0011111100, 0.5922472577792484, 0.9870714774336532, 0.0 0.0 0.0 0.00021915185553823195 0.0026981606853936505 0.07151735846067826 0.9255653289983898, 
86, 0011111100, 0011111100, 0.5912463802000141, 0.9854033211580953, 0.0 0.0 0.0 0.00010496011947546686 0.004605333974014407 0.07805452474497425 0.9172351811615359, 
87, 0011111100, 0011111100, 0.5923696841633808, 0.9872754034190261, 0.0 0.0 0.0 2.082493632413092e-05 0.002541346952258121 0.07120241077235523 0.9262354173390625, 
88, 0011111100, 0011111100, 0.591635802222754, 0.986052368508214, 0.0 0.0 0.0 0.00014624959626288638 0.0043594906879074425 0.0745280587861138 0.9209662009297158, 
89, 0011111100, 0011111100, 0.5919584860892184, 0.9865901309751061, 0.0 0.0 0.0 0.0 0.0019139206250515294 0.07663137289926072 0.9214547064756878, 
90, 0011111100, 0011111100, 0.5916218217775802, 0.9860289528299705, 0.0 0.0 0.0 0.0001289963136669993 0.0031666404511603 0.07710601317685489 0.9195983500583179, 
91, 0011111100, 0011111100, 0.5907521172879586, 0.9845794461103461, 0.0 0.0 0.0 4.0349869377385995e-05 0.004321612328351541 0.08375904907308734 0.9118789887291838, 
92, 0011111100, 0011111100, 0.5927856152954044, 0.9879686530213405, 0.0 0.0 0.0 0.0 0.002910349858713696 0.06636738215453024 0.9307222679867561, 
93, 0011111100, 0011111100, 0.5924102733042123, 0.98734318980518, 0.0 0.0 0.0 2.6250471183913092e-05 0.002893017760201274 0.07007607423496595 0.9270046575336488, 
94, 0011111100, 0011111100, 0.5914838108689369, 0.9857990563877786, 0.0 0.0 0.0 0.000216985012682506 0.002967765916598474 0.07861917480208364 0.9181960742686354, 
95, 0011110100, 0011111000, 0.5914190120934689, 0.9856909471529335, 0.0 0.0 0.0 0.0 0.004522047617796196 0.07681022184680657 0.9186677305353972, 
96, 0011111100, 0011111100, 0.5917370905816495, 0.9862211669723514, 0.0 0.0 0.0 0.00012882655630838303 0.0034006505208833194 0.07548521745520018 0.9209853054676082, 
97, 0011111100, 0011111100, 0.5920309002387898, 0.9867109056768015, 0.0 0.0 0.0 0.00031451705686495415 0.0035966063771288217 0.0715978020143381 0.924491074551668, 
98, 0011111100, 0011111100, 0.5919584967038799, 0.9865901803319225, 0.0 0.0 0.0 0.00019308105658968287 0.002451783084226896 0.07497610867024303 0.9223790271889404, 
99, 0011111100, 0011111100, 0.5916147373297883, 0.9860171913301992, 0.0 0.0 0.0 0.0 0.0019366111957382685 0.08002362962732802 0.9180397591769338, 
100, 0011111100, 0011111100, 0.5922911853736316, 0.9871446389761391, 0.0 0.0 0.0 4.314216205767222e-05 0.004293631650319124 0.06841547635635462 0.9272477498312686, 
run, initial grid state, final grid state, mean grid cell occupancy, mean binding site occupancy, fraction of time with N TFs bound, warning
1, 0011111100, 0011111100, 0.5927296703095731, 0.9878754301302634, 0.0 0.0 0.0 0.0001003042330145552 0.0037010645640059877 0.0650443773913638 0.9311542538116157, 
2, 0011111100, 0011111100, 0.5921686480754053, 0.986940334208121, 0.0 0.0 0.0 0.0 0.002299341057072702 0.07375931263712862 0.9239413463057987, 
3, 0011111100, 0011111100, 0.5924198915213561, 0.987359049054965, 0.0 0.0 0.0 3.7799996323301674e-05 0.00351262865289075 0.06870704837545967 0.9277425229753262, 
4, 0011111100, 0011111100, 0.5911688294024643, 0.985274073449419, 0.0 0.0 0.00013268463584922607 0.00025151643879730076 0.003843726434219731 0.07938281857525731 0.9163892539158764, 
5, 0011111100, 0011111100, 0.5922037421295508, 0.9869989292187336, 0.0 0.0 0.0 4.4083866468611214e-05 0.003802855137653826 0.07026846281288518 0.9258845981829924, 
6, 0011011000, 0011111100, 0.5920968190453981, 0.9868206872498858, 0.0 0.0 0.0 0.00016780913799995466 0.0037831422721906387 0.071006164542304 0.9250428840475055, 
7, 0011111100, 0011111100, 0.5916990703114295, 0.986157800111565, 0.0 0.0 0.0 9.938051662660779e-05 0.0032581528601968992 0.07623875206033712 0.9204037145628393, 
8, 0011111100, 0001111100, 0.5915633137352416, 0.9859315349078317, 0.0 0.0 0.0 7.474885876110621e-05 0.0030364198472647066 0.07811370428219719 0.9187751270117769, 
9, 0011111100, 0011111100, 0.5915215471563535, 0.9858619035614772, 0.0 0.0 1.5494752312387738e-05 0.0002865017940175675 0.00299102412505881 0.07792504598971695 0.9187819333388942, 
10, 0011111100, 0011111100, 0.5915807023423257, 0.9859604644629205, 0.0 0.0 0.0 0.00011095019320808705 0.002229376836417899 0.07944560897001617 0.9182140640003578, 
11, 0011111100, 0011111100, 0.592677417451186, 0.9877884013010854, 0.0 0.0 0.0 5.7340507714634844e-05 0.0029766927668245765 0.0671441851366949 0.9298217815887659, 
12, 0011111100, 0011111100, 0.5927397583382722, 0.9878921322201846, 0.0 0.0 0.0 0.0 0.002271965942164099 0.06810327479456404 0.9296247592632718, 
13, 0011111000, 0011111100, 0.590388285843264, 0.9839731249867093, 0.0 0.0 0.0 0.0004703913401115277 0.005792997615519403 0.08316408082837079 0.9105725302159983, 
14, 0011111100, 0011111100, 0.5922914479091825, 0.9871449819751361, 0.0 0.0 0.0 0.00012839321719660998 0.002127589329776278 0.0724897498380412 0.9252542676149859, 
15, 0011111100, 0011111100, 0.592327679730445, 0.9872054512464524, 0.0 0.0 0.0 0.0001418626785813059 0.003480621470596719 0.06938046154434835 0.9269970543064736, 
16, 0011111100, 0011111100, 0.5915123304929741, 0.9858464296979615, 0.0 0.0 0.0 4.6656759426139645e-05 0.0030367636702267114 0.07870792419349829 0.9182086553768489, 
17, 0011111100, 0011111100, 0.5920156437816874, 0.9866853292739848, 0.0 0.0 0.0 2.4473496379735212e-05 0.002761509720522598 0.07429158442590617 0.9229224323571915, 
18, 0011110100, 0011111100, 0.5917958041747302, 0.9863190104137706, 0.0 0.0 0.0 2.6087363064062026e-05 0.0025883954366236754 0.07683088455493713 0.9205546326453752, 
19, 0011111100, 0011111100, 0.5923380891615588, 0.9872227806815748, 0.0 0.0 0.0 8.633822249389829e-05 0.0027976898964994575 0.07080892145007064 0.926307050430936, 
20, 0011111100, 0011111100, 0.5917589057013766, 0.9862573988330391, 0.0 0.0 0.0 8.550912063609985e-05 0.004039608188413544 0.07411986326303141 0.9217550194279189, 
21, 0011111100, 0011111100, 0.5915616392711467, 0.985928787345177, 0.0 0.0 0.0 1.2970773003158114e-05 0.002958598854561029 0.07847116590080513 0.9185572644716306, 
22, 0011111100, 0011111100, 0.5916849558666161, 0.9861342347918011, 0.0 0.0 0.0 7.27578744147505e-05 0.002562749191849054 0.07785081924225147 0.9195136736914847, 
23, 0011111100, 0011111100, 0.5917873163536134, 0.9863047723550159, 0.0 0.0 0.0 0.0008101339926972843 0.0030223625775243055 0.07369623873676377 0.9224712646930147, 
24, 0011111100, 0011111100, 0.592123480522641, 0.9868649979876263, 0.0 0.0 0.0 6.282446896081878e-05 0.0037214855725475966 0.0711785675222655 0.9250371224362262, 
25, 0011111100, 0011111100, 0.5925560174512415, 0.987586059736404, 0.0 0.0 0.0 0.00019758134403716947 0.0025440790525964327 0.06880273944427236 0.9284556001590941, 
26, 0011111100, 0011111100, 0.5908535588526107, 0.9847486142429475, 0.0 0.0 0.0 0.00022586980761437185 0.005895768898381821 0.0790391673227091 0.9148391939712947, 
27, 0011111100, 0011111100, 0.5914803576808674, 0.985793268438939, 0.0 0.0 0.0 0.00016615107454163685 0.0033788158133633574 0.07798430451601479 0.9184707285960801, 
28, 0011111100, 0011111100, 0.5920375182218833, 0.9867218215127593, 0.0 0.0 0.0 3.5986683017370246e-05 0.003117349364233263 0.07332641214592515 0.9235202518068242, 
29, 0011111100, 0011111100, 0.5924228066255663, 0.9873639508124205, 0.0 0.0 0.0 6.44299320226065e-05 0.002944138963301474 0.06973472740280551 0.9272567037018703, 
30, 0011111100, 0011111100, 0.5923901725051511, 0.987309803445596, 0.0 0.0 0.0 0.0002291726383179426 0.0033740774030583173 0.06870550660535374 0.92769124335327, 
31, 0011111100, 0011111100, 0.5916340661848193, 0.9860494191194424, 0.0 0.0 0.0 0.00021789571446651502 0.004046013603331021 0.07495777093328465 0.9207783197489179, 
32, 0011111100, 0011111100, 0.5917079607732475, 0.9861727216599574, 0.0 0.0 0.0 0.0 0.001935751645518385 0.07909216674921954 0.9189720816052621, 
33, 0011111100, 0011111100, 0.5911736779171648, 0.9852821027365145, 0.0 0.0 0.0 7.826392560232252e-06 0.002836094647818853 0.08261171510759478 0.9145443638520261, 
34, 0011111100, 0011111100, 0.5919947345884675, 0.9866504899495677, 0.0 0.0 0.0 2.5897039694104872e-05 0.0036103751510917215 0.07279861888132819 0.9235651089278859, 
35, 0011111100, 0011111100, 0.5911115853823302, 0.9851786160605741, 0.0 0.0 0.0 4.319095181615579e-05 0.004946877683609837 0.07890497541388702 0.9161049559506871, 
36, 0011111100, 0011111100, 0.5920145599413842, 0.98668358298782, 0.0 0.0 0.0 2.1775939452875224e-05 0.003115639553497405 0.07360189514772614 0.9232606893593235, 
37, 0011111100, 0011111100, 0.5920628813590436, 0.9867639624282937, 0.0 0.0 0.0 9.352628672361372e-05 0.003243096137826077 0.0726494542944148 0.9240139232810356, 
38, 0011111100, 0011111100, 0.5930291147338166, 0.9883744900257321, 0.0 0.0 0.0 0.0 0.0020209465223789496 0.06571116680084951 0.9322678866767715, 
39, 0011111100, 0011111100, 0.5918014143903537, 0.9863282748341963, 0.0 0.0 0.0 0.0 0.0025062859032953253 0.07701777918823195 0.9204759349084727, 
40, 0011111100, 0011111100, 0.5919011678112798, 0.9864945747071314, 0.0 0.0 0.0 0.00015942696155497003 0.004201849535180287 0.07215057180218637 0.9234881517010785, 
41, 0011111100, 0011111100, 0.592081283989764, 0.9867946700287, 0.0 0.0 7.693511820932229e-05 7.39753593699563e-05 0.00319913613529956 0.07230404100625382 0.9243459123808674, 
42, 0011111100, 0011111100, 0.5925871020403258, 0.9876378344983844, 0.0 0.0 2.0580862051759447e-05 0.00022527339734293162 0.002737386896280518 0.06794007557689655 0.9290766832674282, 
43, 0011111100, 0011111100, 0.5918588445300198, 0.9864240875014573, 0.0 0.0 0.0 7.290193690186455e-05 0.0031082028171276616 0.07502036354629503 0.9217985316996755, 
44, 0011111100, 0011111100, 0.5914548011353384, 0.985750665457597, 0.0 0.0 0.0 0.00019207226126977375 0.003832730974911607 0.0772543285207855 0.9187208682430331, 
45, 0011111100, 0011111100, 0.5924072127746445, 0.987337961689236, 0.0 0.0 0.0 0.0 0.0027026927843315576 0.07056684429592056 0.9267304629197479, 
46, 0011111100, 0011111100, 0.5912383276711197, 0.9853899653598899, 0.0 0.0 0.0 0.0 0.0034100298839556662 0.08084014807274874 0.9157498220432956, 
47, 0011111100, 0001111100, 0.5918272282513786, 0.9863712886794825, 0.0 0.0 0.0 6.993385999276524e-05 0.003528618616334703 0.07450522911045801 0.9218962184132146, 
48, 0011111100, 0011111100, 0.591474888882909, 0.9857841611563412, 0.0 0.0 0.0 0.00010932420410658631 0.003191055602430424 0.07858494924477256 0.9181146709486904, 
49, 0010011100, 0011111100, 0.5910089691103103, 0.9850076193511198, 0.0 0.0 0.0 7.213014859537283e-05 0.0031741928916626484 0.08338950766416989 0.9133641692955721, 
50, 0011111100, 0011111100, 0.5911565528337186, 0.9852536291228472, 0.0 0.0 0.0 4.7271573863951925e-05 0.004379861377240548 0.07957668778684503 0.9159961792620505, 
51, 0011111100, 0011111100, 0.5917198821008272, 0.9861925040228584, 0.0 0.0 0.0 7.093384342108453e-05 0.003019682850647423 0.07659280863129245 0.920316574674639, 
52, 0011111100, 0011111100, 0.5920341990060002, 0.9867164248767464, 0.0 0.0 0.0 0.0 0.0032287763917353746 0.07324389795605106 0.9235273256522135, 
53, 0011111100, 0011111100, 0.5921992655052907, 0.9869914594138037, 0.0 0.0 0.0 0.0 0.0021025244277172355 0.0738461946617434 0.9240512809105395, 
54, 0011111100, 0011111100, 0.5915328815053242, 0.9858808531254002, 0.0 0.0 0.0 0.00022396253848422847 0.0033299805474883357 0.07738303253716916 0.9190630243768583, 
55, 0011111100, 0011111100, 0.5918159809319752, 0.9863525451694501, 0.0 0.0 0.0 9.516154469108296e-05 0.002751371812265742 0.07609650072469426 0.921056965918349, 
56, 0011111100, 0011111000, 0.5920373123529075, 0.986721525406987, 0.0 0.0 0.0 0.0 0.003411904207047394 0.07284703914398304 0.9237410566489695, 
57, 0011111100, 0011111100, 0.5909445573723632, 0.9849002775618085, 0.0 0.0 0.0 9.536371244461763e-05 0.0028380284290255176 0.08463618663376397 0.9124304212247659, 
58, 0011111100, 0011111100, 0.5914682567808196, 0.9857731306195207, 0.0 0.0 0.0 5.24301392563184e-05 0.003854456018830502 0.07749501382744586 0.9185981000144673, 
59, 0011111100, 0011111100, 0.5915949001414165, 0.9859841619415748, 0.0 0.0 0.0 0.0002176829699631248 0.004086625581763584 0.0752687282771352 0.9204269631711381, 
60, 0011111100, 0011111100, 0.5917922998674094, 0.9863130647395414, 0.0 0.0 0.0 2.318413167624246e-06 0.003115814841064704 0.07588302664111887 0.9209988401046487, 
61, 0011111100, 0011111100, 0.5919199984467894, 0.9865260833852755, 0.0 0.0 0.0 0.0001799227924697314 0.0035200361581868337 0.07326365899456429 0.9230363820547791, 
62, 0001111100, 0011111100, 0.591424930089712, 0.9857009839815364, 0.0 0.0 0.0 0.00011359139487197711 0.0026243739134634513 0.08020457409923894 0.9170574605924257, 
63, 0011111100, 0011111000, 0.5922786091901331, 0.9871236576837478, 0.0 0.0 0.0 0.0001451584529443156 0.002860545799295306 0.07110148694009033 0.9258928088076701, 
64, 0011111100, 0011111100, 0.5914345921470004, 0.9857170200194151, 0.0 0.0 0.0 0.0 0.0027985759404338317 0.08010072800264156 0.9171006960569247, 
65, 0011111100, 0011111100, 0.5916179514002357, 0.98602269227651, 0.0 0.0 0.0 0.0 0.0026981979092338183 0.07846745052247302 0.9188343515682931, 
66, 0011111100, 0011111100, 0.5913998733630793, 0.9856591143582341, 0.0 0.0 0.0 0.00022378587088844602 0.0034263545123002924 0.07852124721332977 0.9178286124034815, 
67, 0011111100, 0011111100, 0.5911819193002754, 0.9852958485412017, 0.0 0.0 0.0 6.779729727600301e-05 0.0031156620948747933 0.08179019267121321 0.915026347936636, 
68, 0011111100, 0011111100, 0.5915467486351739, 0.9859039601772693, 0.0 0.0 0.0 3.647594853809901e-06 0.0031098232121382374 0.07834564972754716 0.9185408794654608, 
69, 0011111100, 0011111100, 0.5919628349161975, 0.9865974138199861, 0.0 0.0 0.0 0.00020389155013830887 0.004134251816620635 0.07153533879642679 0.9241265178368143, 
70, 0011111100, 0011111100, 0.5918676393806487, 0.986438726324867, 0.0 0.0 0.0 0.0002324758513694611 0.0030477867038402563 0.07457464108900941 0.9221450963557809, 
71, 0011111100, 0011111100, 0.5915314829520785, 0.9858785538572833, 0.0 0.0 0.0 4.216791486835195e-05 0.004614987078080092 0.07537219895553651 0.919970646051515, 
72, 0011111000, 0011111100, 0.5922314952418892, 0.9870451626933024, 0.0 0.0 0.0 0.00033594734469901945 0.002711269362614073 0.07129864308086094 0.9256541402118259, 
73, 0011111100, 0011111100, 0.5914638637210871, 0.985765819857921, 0.0 0.0 0.0 0.0003528906394049099 0.00398758978712473 0.07637122936000942 0.9192882902134609, 
74, 0011101100, 0011111100, 0.5927959373241414, 0.9879858657016081, 0.0 0.0 0.0 0.00011246989891644743 0.002365056476363007 0.06701728314087603 0.9305051904838445, 
75, 0001111100, 0011111100, 0.5921455501514955, 0.9869018461317512, 0.0 0.0 0.0 0.00017836443949600058 0.0036758835929205595 0.07070206270516315 0.9254436892624203, 
76, 0011111100, 0011111100, 0.5914688259705754, 0.9857740240925233, 0.0 0.0 0.0 0.0003128055234772676 0.004458882440443204 0.0754996739935408 0.9197286380425388, 
77, 0011111100, 0011111100, 0.5924639808459593, 0.9874327078796024, 0.0 0.0 0.0 0.0 0.0026243586429798176 0.07015503543642662 0.9272206059205935, 
78, 0011111100, 0011111100, 0.5915456861702072, 0.9859019414615984, 0.0 0.0 0.0 4.3616471922624674e-05 0.004612112276312534 0.07523327726201658 0.9201109939897483, 
79, 0011111100, 0011111100, 0.5921726183079715, 0.9869470937507681, 0.0 0.0 0.0 1.8698612669422512e-05 0.0042053819791430655 0.06985057769909764 0.9259253417090899, 
80, 0011111100, 0011111100, 0.5922684757449254, 0.9871067784404133, 0.0 0.0 0.0 1.2889925780466622e-06 0.0031812832925775464 0.07099289579463124 0.9258245319202132, 
81, 0011111100, 0011111000, 0.5923641282783111, 0.9872661207459509, 0.0 0.0 0.0 0.0 0.0026173870960866977 0.0711685013321214 0.9262141115717919, 
82, 0011111100, 0011111100, 0.5920055988511592, 0.9866687188160411, 0.0 0.0 0.0 0.0 0.0019629851382072763 0.0760617168273385 0.9219752980344542, 
83, 0011111100, 0011111100, 0.5920847349694414, 0.9868004665853846, 0.0 0.0 2.3137484879720775e-05 0.0002875941541010815 0.005578576778240327 0.06708471452938995 0.9270259770533888, 
84, 0011111100, 0011111100, 0.5919742892831229, 0.9866164830687634, 0.0 0.0 0.0 1.6504020513920555e-05 0.003264991671906248 0.07372160618206557 0.9229968981255143, 
85, 0011111100, 0011111100, 0.5912551442755275, 0.9854179465913032, 0.0 0.0 0.0 8.990438398372558e-05 0.004973503437907936 0.07727560042441385 0.9176609917536944, 
86, 0011111100, 0011101100, 0.5923126822252072, 0.9871805575820171, 0.0 0.0 0.0 0.000181425018899015 0.0030536523109094917 0.07026507482938141 0.9264998478408102, 
87, 0011111100, 0011111100, 0.5924373160287815, 0.9873882705510162, 0.0 0.0 0.0 0.0 0.0019257838513597667 0.07181880899118383 0.9262554071574565, 
88, 0011111100, 0011110100, 0.5922892689159023, 0.987141447713272, 0.0 0.0 0.0 0.0 0.0017450214455938691 0.07366127082918104 0.9245937077252251, 
89, 0011111100, 0011111100, 0.5910185849778894, 0.9850237800531072, 0.0 0.0 0.0 1.0280493192445664e-06 0.004624480075709335 0.08060527538197991 0.9147692164929916, 
90, 0011111100, 0011011100, 0.5917630921454201, 0.9862643962571414, 0.0 0.0 0.0 0.0 0.00382748512698309 0.07475865220318643 0.9214138626698306, 
91, 0011111100, 0011111100, 0.590776055149772, 0.9846194605019966, 0.0 0.0 4.0080802717780066e-05 0.0003193159884509728 0.005066001291382872 0.08103296322903102 0.9135416386884173, 
92, 0011111100, 0011111100, 0.5923121927264015, 0.9871797301952413, 0.0 0.0 0.0 7.13218649932884e-05 0.003509864118536455 0.06968792499649898 0.9267308890199712, 
93, 0011111100, 0011111100, 0.5922852634670571, 0.9871347694970973, 0.0 0.0 0.0 0.0003070233230970019 0.004175751847761166 0.06791880935260278 0.927598415476539, 
94, 0011111100, 0011111100, 0.59237278227177, 0.9872807732267225, 0.0 0.0 0.0 0.00014003265532130284 0.002680642826406228 0.07053397702088944 0.9266453474973829, 
95, 0011111100, 0011111100, 0.5918231068493929, 0.9863645499247635, 0.0 0.0 0.0 0.00011090280137442583 0.003084020197936224 0.07531195165142314 0.9214931253492662, 
96, 0011111100, 0011111100, 0.5913417067442285, 0.9855621602099014, 0.0 0.0 0.0 3.459583204527695e-05 0.003362621005325218 0.07979800923380517 0.9168047739288243, 
97, 0011111100, 0011111100, 0.5925251311925992, 0.987534521899904, 0.0 0.0 0.0 0.000291415149812897 0.0035658617733774225 0.06678689960438278 0.9293558234724268, 
98, 0011111100, 0011111100, 0.5920423701329376, 0.9867297754402375, 0.0 0.0 0.0 9.36181000649929e-05 0.0026354545366129704 0.07406958398515409 0.923201343378168, 
99, 0011111100, 0011111100, 0.5908714787637934, 0.9847784828251022, 0.0 0.0 0.0 2.339545957939965e-05 0.004488835666900145 0.08228124533684864 0.9132065235366719, 
100, 0011111100, 0011111100, 0.5927208226611642, 0.9878606909615335, 0.0 0.0 0.0 6.191439197730449e-06 0.0030431988844598734 0.06673088214428645 0.930219727532056, 
