run, initial grid state, final grid state, mean grid cell occupancy, mean binding site occupancy, fraction of time with N TFs bound, warning
1, 0011111100, 0011111100, 0.5780033530236135, 0.9608124098259676, 0.013545489377218086 0.00036219575560354045 0.00028566673666704265 0.002367815418918473 0.012248354965878425 0.1192988028676872 0.8518916748780272, 
2, 0011111100, 0011111100, 0.5851777896907678, 0.9727222366027477, 0.0 0.0 5.400810177621387e-05 0.0037530513505090414 0.012572169182103205 0.1270470555606758 0.8565737158049358, 
3, 0011111100, 0011111100, 0.5847893769136674, 0.9720697287278086, 0.0 0.0 0.0 0.0007432915240822519 0.017078213924168268 0.13119532521256508 0.8509831693391844, 
4, 0011111100, 0011111100, 0.5879598561139088, 0.9773300375007642, 0.0 0.0 0.0 0.0005916713751408032 0.012301176193998554 0.10964240848199543 0.8774647439488652, 
5, 0001111100, 0001111110, 0.5885848726088347, 0.9784741383128168, 0.0 0.0 7.641955236366817e-06 0.0014573321758457592 0.009631110319471637 0.10549038513567251 0.8834135304137738, 
6, 0011111100, 0011111100, 0.586573800488958, 0.9750228304480346, 0.0 0.0 0.00016189467793168054 0.002652639945841758 0.010184784801832266 0.12088794915887607 0.8661127314155183, 
7, 0011111100, 0011111100, 0.585232825916827, 0.9727473236069328, 0.0 0.0 0.00010395010578643707 0.0012550476513885599 0.013306101376700073 0.1327229122276914 0.8526119886384336, 
8, 0011111100, 0011111100, 0.586548111009733, 0.9748980740857109, 0.0 0.0 0.0007534377550542354 0.001965019014236153 0.014824312914606277 0.11205412159359676 0.8704031087225066, 
9, 0011111100, 0011111100, 0.5848369047269967, 0.9721126031312739, 0.0 0.0 0.00010531295174825758 0.002874269981439227 0.015760452731411235 0.12675941399822355 0.8545005503371778, 
10, 0011111100, 0011111100, 0.5853735232423883, 0.9730520449060756, 0.0 0.0 0.0 0.0005910252612810191 0.016842915153712383 0.12622882447227912 0.8563372351127275, 
11, 0011111000, 0011111000, 0.5854392223967892, 0.9730883750007379, 0.0 0.0 0.0 0.0004377916439033689 0.01288684663218144 0.13438268179949986 0.8522926799244153, 
12, 0011111100, 0011111100, 0.5879155562717961, 0.9771574322681532, 0.0 0.0 0.0 0.0003188510810875999 0.011227801779277043 0.11364324958926367 0.8748100975503718, 
13, 0011111100, 0011111100, 0.5770120805561572, 0.9590906812937507, 0.014279440841549633 0.00040378960545057335 0.0003769603958708757 0.0013912584952728946 0.016333840453483937 0.11941102118467503 0.8478036890236971, 
14, 0011111100, 0011111100, 0.585419734306577, 0.9730947563185082, 0.0 0.0 0.0 0.0018331935591051121 0.011684866431719277 0.13256214854819617 0.8539197914609794, 
15, 0011111100, 0011111000, 0.585892859039405, 0.9739636225607697, 0.0 0.0 0.0 0.0009743589024317689 0.013654981676586084 0.12598522457491448 0.8593854348460677, 
16, 0011111100, 0011111100, 0.5856454608343012, 0.9734787136829818, 0.0 0.0 0.0 0.000514023801045588 0.017755019073920384 0.12207560835113243 0.8596553487739016, 
17, 0011111100, 0011111100, 0.5866634470340553, 0.9752257824403086, 0.0 0.0 0.0001376858730855442 0.0006599984123007456 0.013977451675334323 0.11815966327823656 0.8670652007610428, 
18, 0011111100, 0011111000, 0.5854066329096077, 0.9730502994993255, 0.0 0.0 0.00020674711014781678 0.0016534191013872622 0.01521232129639083 0.1254863146665121 0.8574411978255619, 
19, 0000111100, 0011111100, 0.5870704685119477, 0.9758100942612098, 0.0 0.0 0.0001509861939559664 0.0019052246412534371 0.011566170112688696 0.1156874755077802 0.8706901435443216, 
20, 0011111100, 0011111000, 0.5864157787148325, 0.9748600894790463, 0.0 0.0 0.0 0.001546149527016878 0.01756581748840232 0.11106937956786662 0.8698186534167143, 
21, 0011111100, 0011111000, 0.587949087629838, 0.9772986311232597, 0.0 0.0 2.2780752317053928e-05 0.0006232611384449686 0.011212609348222442 0.11182208813939393 0.8763192606216216, 
22, 0011111100, 0011111100, 0.5855250725205743, 0.973289842537829, 0.0 0.0 0.0001351613549083755 0.0014155846471390835 0.015798721541960534 0.12387610232805459 0.8587744301279374, 
23, 0011111100, 0011111100, 0.5846271053954143, 0.9718353438233798, 0.0 0.0 0.0 0.0012002129586422441 0.020123351904653083 0.12514059437448788 0.8535358407622168, 
24, 0011111000, 0011111100, 0.5863171584534927, 0.9746933543579529, 0.0 0.0 0.0 0.0016588169372425971 0.01265582564077238 0.12155177175901068 0.8641335856629744, 
25, 0011111100, 0011111100, 0.5873473497660193, 0.9764216615827489, 0.0 0.0 0.00014057294716556866 0.001145947891400513 0.010294230290788298 0.11688143445906628 0.8715378144115793, 
26, 0011111100, 0011111100, 0.586001554185121, 0.974086154805072, 0.0 0.0 0.0 0.0009998263788417406 0.01202836692078017 0.1284268581914818 0.8585449485088964, 
27, 0011111100, 0001111100, 0.5847394446743838, 0.9720696108797279, 0.0 0.0 0.0 0.001243305840659709 0.017520512580448396 0.1288113920387561 0.8524247895401358, 
28, 0011111000, 0011111100, 0.5878123790940526, 0.9770173840380145, 0.0 0.0 0.0 0.0008765597768915266 0.009326421139828902 0.11661317416158067 0.8731838449216989, 
29, 0011111100, 0011111100, 0.5886552452244513, 0.978473408781468, 0.0 0.0 0.0 0.0007734312070580465 0.007914834621108698 0.11100958444779968 0.8803021497240335, 
30, 0011111100, 0011111100, 0.5861466452821884, 0.9744461619990852, 0.0 0.0 0.00024239346212909333 0.0017071021984727465 0.007969871322179571 0.13129240491719604 0.8587882281000225, 
31, 0011111000, 0011111100, 0.5840959956763387, 0.9709167318009848, 0.0 0.0 0.00039404271000322835 0.0017442190773429506 0.01991664055019008 0.12785750002166968 0.8500875976407941, 
32, 0001111100, 0011111100, 0.5751199677345382, 0.9560274143724743, 0.01792580025846061 0.0004056202542826391 0.0006741191433473995 0.0022456506216492252 0.013698342374206599 0.11742249775622687 0.8476279695918266, 
33, 0011111100, 0011111100, 0.5856870701748478, 0.9735154480069681, 0.0 0.0 0.0 0.0008346678252894962 0.015254816882904646 0.12589367471651444 0.8580168405752915, 
34, 0011111100, 0011111100, 0.5854799301229916, 0.9732693909855046, 0.0 0.0 6.6921561425754e-05 0.00218151352796055 0.014093570813467784 0.12538428563045229 0.8582737084666937, 
35, 0011111100, 0011111100, 0.5866715518459256, 0.9744649378642161, 0.0 0.0 0.0 0.0008877076643633983 0.010051949492258298 0.1304433508370971 0.8586169920062813, 
36, 0011111100, 0011111100, 0.5865849110717246, 0.9750617502997414, 0.0 0.0 0.0 0.0013877678777619272 0.012052877637009258 0.12136043929424697 0.8651989151909818, 
37, 0011111100, 0011111100, 0.5839774042563752, 0.9707708580660273, 0.0 0.0 0.0004893319088277362 0.0032848146860496056 0.01725008760775883 0.12906290469485882 0.8499128611025051, 
38, 0011111100, 0011111100, 0.5854369259444793, 0.9731818015058434, 0.0 0.0 0.0 0.002179601111970203 0.01505266813415899 0.12426505136071105 0.8585026793931597, 
39, 0011111100, 0011111100, 0.5868509487907391, 0.9754350935907831, 0.0 0.0 0.0 0.001175053714587518 0.010442105183222016 0.12298006694509549 0.865402774157095, 
40, 0011111100, 0011111100, 0.5862482559119108, 0.9744917225306188, 0.0 0.0 0.0 3.8597673067762735e-05 0.010259732818308049 0.13241440616046873 0.8572872633481554, 
41, 0011111100, 0011111100, 0.5844296792471733, 0.9715098081831318, 0.0 0.0 0.00027489915264742714 0.002180444016610937 0.014734942359063358 0.13383033752266005 0.8489793769490183, 
42, 0011111100, 0011111100, 0.5871940089291287, 0.9761093813724162, 0.0 0.0 0.0 0.00022179699876932868 0.01297138197439002 0.11673555682041485 0.8700712642064258, 
43, 0011111100, 0011111100, 0.5867298142454603, 0.9752780935873655, 0.0 0.0 0.0 0.0019889234982659702 0.011294855335141213 0.11977495731072683 0.866941263855866, 
44, 0011111100, 0011111100, 0.5876174767695832, 0.9767050761467325, 0.0 0.0 0.0 0.001369830130847969 0.011839524732607864 0.11198100326184565 0.8748096418746985, 
45, 0011111100, 0011111000, 0.5867450736593162, 0.9753945132419621, 0.0 0.0 0.0011112878819482667 0.0022449516695290817 0.011612716774815682 0.11322748046221574 0.8718035632114912, 
46, 0011111100, 0011111100, 0.584825520478417, 0.9721634817598246, 0.0 0.0 0.0 0.0006501721979055517 0.01911080147205178 0.12684698990323173 0.8533920364268109, 
47, 0011111100, 0011111100, 0.5850307981491619, 0.972461083586762, 0.0 0.0 0.0 0.0012178347345169385 0.014524566406014943 0.13253086146384727 0.8517267373956208, 
48, 0001111100, 0011111100, 0.5870432243366138, 0.97589011324397, 0.0 0.0 0.0 0.0001149203016404027 0.01294639299361447 0.11842177364403007 0.868516913060715, 
49, 0011111100, 0011111100, 0.5871247683830075, 0.9759572608888092, 0.0 0.0 0.0 0.0006021910108342624 0.010954586980161949 0.12054068767431825 0.8679025343346854, 
50, 0011111100, 0011111100, 0.5871469947422739, 0.9760005835851796, 0.0 0.0 1.158346055660929e-05 0.0015184599985517383 0.009918115761534745 0.11955855312797102 0.868993287651386, 
51, 0011111100, 0000111100, 0.5862048835989614, 0.9744069152366719, 0.0 0.0 0.0 0.0001469024828938643 0.01273827109178267 0.12764125894772121 0.8594735674776022, 
52, 0011111000, 0011111100, 0.5872768967477698, 0.9761279030203316, 0.0 0.0 0.0 0.00037942168406693706 0.010994630769577416 0.1201050552866538 0.8685208922597019, 
53, 0011111100, 0011111100, 0.5854557587867091, 0.9731491201484198, 0.0 0.0 0.0 0.0014236016804523694 0.014460242623653802 0.12791398882081706 0.8562021668750768, 
54, 0011111100, 0011111100, 0.5877087918327302, 0.9769322139359534, 0.0 0.0 0.00018894625230335052 0.0005504767895203828 0.012680515140207863 0.11063847072608861 0.8759415910918796, 
55, 0011111100, 0011111100, 0.5845637073269592, 0.9716578703296828, 0.0 0.0 0.0 0.00035176774321561764 0.015812514678535575 0.1373724454351859 0.8464632721430628, 
56, 0011111100, 0011111100, 0.5835192215420746, 0.9699703273424859, 0.0019243739652708596 6.17486972941671e-05 0.00015268712891238075 0.0032849738606408945 0.014710198314352572 0.12843698194071138 0.8514290360928177, 
57, 0011111100, 0011111000, 0.585196540952532, 0.9727876673159346, 0.0 0.0 0.0 2.3366167873484746e-05 0.014039232066735886 0.13512543346730024 0.8508119682980904, 
58, 0011111100, 0011111100, 0.5855475294780745, 0.9733216818893469, 0.0 0.0 0.0 0.0005703457445593674 0.014521840823669965 0.1293151897829014 0.8555926236488692, 
59, 0011111100, 0011111100, 0.5840959496060415, 0.970979644287322, 0.0 0.0 0.0 0.0017475915327538052 0.015537052227819766 0.13780525522216722 0.8449101010172592, 
60, 0001111100, 0011111100, 0.5859359490408079, 0.9739746771148167, 0.0 0.0 0.0 0.000640570542913732 0.016307612387014916 0.12161500090832883 0.8614368161617426, 
61, 0011111100, 0011111100, 0.5846506169613471, 0.9718816827800051, 0.0 0.0 0.0004921481770043145 0.0012795532214090936 0.01710851577822123 0.12868561939128198 0.8524341634320833, 
62, 0011111100, 0011111100, 0.5881100479567853, 0.9775835448791239, 0.0 0.0 0.0 0.0002472849572467236 0.00789590608895682 0.11796506367560293 0.8738917452781935, 
63, 0011111100, 0011111100, 0.5756497463805705, 0.9568349988633007, 0.016173368687481423 0.0004199774924616586 0.0005223288246075737 0.0038859430832310655 0.011877976277357023 0.12234681013016169 0.8447735955046995, 
64, 0011111100, 0011111100, 0.5856146513418622, 0.9733726070314579, 0.0 0.0 9.453548986012026e-05 0.0009398447539879309 0.015015004581490597 0.12653667242686717 0.8574139427477943, 
65, 0011111100, 0011111100, 0.5872532096599966, 0.9762562828493185, 0.0 0.0 0.0 0.0 0.011368019078797463 0.11972626474649412 0.8689057161747085, 
66, 0011111100, 0011111100, 0.5857008996232993, 0.9735411341857981, 0.0 0.0 0.00020420172698724836 0.0011085311822470808 0.015003415928965522 0.12460396257258928 0.8590798885892109, 
67, 0011111100, 0011111100, 0.5865584489891862, 0.9749292282150317, 0.0 0.0 0.0007800536097534496 0.000856588385336995 0.015332284543971106 0.11407008202684212 0.8689609914340964, 
68, 0011111100, 0011111100, 0.5861736381610331, 0.9743742110387276, 0.0 0.0 0.0 0.0006902426169933591 0.011771894762669788 0.1281402163913147 0.8593976462290221, 
69, 0011111100, 0011111100, 0.5862526523600803, 0.9745025916251343, 0.0 0.0 6.525809581935406e-05 0.0014183871545579035 0.01592464883064788 0.1166189587409478 0.8659727471780271, 
70, 0011111100, 0011111100, 0.5869320020562555, 0.9755124519193692, 0.0 0.0 0.0 0.002075835030479431 0.01308036654814726 0.11453705029605149 0.8703067481253217, 
71, 0011111100, 0011111100, 0.5843744539703257, 0.971426006175103, 0.0 0.0 0.0 0.0010593851582144057 0.01887109180634096 0.1305236238620574 0.8495458991733872, 
72, 0011111100, 0011111100, 0.5867081412712536, 0.9752708378169855, 0.0 0.0 0.0 0.0 0.007719630517374003 0.13293571206333885 0.8593446574192871, 
73, 0011111100, 0011111100, 0.5848816736055356, 0.9722302898641072, 0.0 0.0 0.0 0.0007605883652150701 0.013607549442236884 0.13712139683523755 0.8485104653573105, 
74, 0011111100, 0011111000, 0.5860271379297839, 0.9740905726983988, 0.0 0.0 0.0 0.0015539239536081608 0.01303249936697752 0.12472979321482792 0.8606837834645864, 
75, 0011111110, 0011111100, 0.5857999517924395, 0.9737180680929417, 0.0 0.0 0.0 0.002115237807289447 0.012333684446075886 0.12667850912833048 0.8588725686183042, 
76, 0111111100, 0011111100, 0.58656268576212, 0.9749761265388579, 0.0 0.0 0.0 0.0008174500052052097 0.014717303650675698 0.11825628344988595 0.8662089628942332, 
77, 0011111100, 0011111100, 0.5871510787745008, 0.9759877521429131, 0.0 0.0 0.0 5.491061429267837e-05 0.011664534795064003 0.1205796857095151 0.8677008688811282, 
78, 0001111100, 0011111100, 0.5856256441385038, 0.9735675296506459, 0.0 0.0 0.0002998549674757889 0.002471399691194317 0.015496210573102362 0.11898878200643356 0.8627437527617939, 
79, 0011111100, 0011111100, 0.5864418202049471, 0.9747241020716715, 0.0 0.0 0.0 0.0013621723293750342 0.014820485588922988 0.11792789940399986 0.8658894426777021, 
80, 0011111100, 0011111100, 0.5867749977469464, 0.9753951657714364, 0.0 0.0 0.00014098483005963618 0.002072866525865055 0.01441987429194732 0.11200671788965388 0.8713595564624741, 
81, 0011111100, 0011111100, 0.5839654544629995, 0.9707630645903031, 0.0 0.0 0.0 0.0005163948576362927 0.01671378452290813 0.1404448588394567 0.8423249617799988, 
82, 0011111100, 0011111000, 0.5855140964187749, 0.9732711350228112, 0.0 0.0 0.0 0.0016618265423871007 0.013366197874644244 0.12865531448668335 0.8563166610962853, 
83, 0011111100, 0011111100, 0.587380887337119, 0.9763085780669385, 0.0 0.0 0.0 0.0002860815697994615 0.01324865192042159 0.11479298304812761 0.8716722834616514, 
84, 0011111100, 0011111100, 0.5876747956598306, 0.9767915628029418, 0.0 0.0 0.00010487632753874574 0.0006273574370102371 0.009611769349031365 0.117725506863101 0.8719304900233187, 
85, 0011111100, 0011111100, 0.5871227277202969, 0.9759171577812611, 0.0 0.0 0.0 9.808098952177024e-05 0.012549992095246133 0.11910282615337599 0.8682491007618561, 
86, 0011111100, 0011111100, 0.5854422898307172, 0.9731452572806805, 0.0027968286377365245 9.466044647807166e-05 0.00041941120556712144 0.0018032380512741633 0.011582262226821504 0.11362229882737401 0.8696813006047486, 
87, 0011111100, 0011111100, 0.5854581163247032, 0.9731601853489535, 0.0 0.0 0.00013270757735330433 0.0012759928450786465 0.014690575352913748 0.1272989283558021 0.8566017958688523, 
88, 0011111100, 0011111100, 0.5871061806323534, 0.9759320923937628, 0.0 0.0 0.0 0.00043706083168861405 0.012189060063759548 0.11871814301483839 0.8686557360897135, 
89, 0001111100, 0011111100, 0.5851599673475443, 0.9726564450608557, 0.0 0.0 0.0 0.0010445844653986748 0.011697778705170256 0.1375320188283286 0.8497256180011025, 
90, 0011111100, 0011111100, 0.5858477656910913, 0.9738677962588038, 0.0 0.0 0.0 0.001151127948737038 0.014238862820282435 0.1248621129604015 0.8597478962705789, 
91, 0011111100, 0011111110, 0.5870045710425439, 0.9757062427451101, 0.0 0.0 5.7945405458609255e-05 0.0035523930283769536 0.013030382539430034 0.10881281774351446 0.8745464612832199, 
92, 0011111100, 0011111100, 0.5872322176692143, 0.9761039276867176, 0.0 0.0 0.0005226369289468867 0.0009456030369043065 0.012202315901293122 0.11404444525060808 0.8722849988822475, 
93, 0011111100, 0011111100, 0.5876797990444841, 0.9768480045061932, 0.0 0.0 0.0 0.002153522217760029 0.01059881755065484 0.11125377120825138 0.8759938890233337, 
94, 0011111100, 0011111100, 0.5877488876258516, 0.9770054576058929, 0.0 0.0 0.0 0.0008432999305886881 0.008596466580844632 0.11824442141118792 0.8723158120773787, 
95, 0011111100, 0011111100, 0.5843557785481114, 0.9712952584573046, 0.0 0.0 0.00013727578081320437 0.003366971121502942 0.016863867271418604 0.12785069822557404 0.8517811876006912, 
96, 0011111100, 0011111110, 0.5853157158975494, 0.9730022273829024, 0.0 0.0 0.0003059347674443608 0.0009369565187086376 0.015692195139000095 0.1265676367986819 0.856497276776165, 
97, 0011111100, 0011111100, 0.5817971055659966, 0.9670194007317626, 0.0 0.0 0.0 0.0029329862782149227 0.023006305762945437 0.1430720252488887 0.8309886827099509, 
98, 0011111100, 0011111000, 0.5839207920456211, 0.9705806562965236, 0.0038012305426742203 6.021349310885582e-05 0.0005616560628304665 0.0009036360293993743 0.014083634472554474 0.12028281021463964 0.860306819184793, 
99, 0011111100, 0011111100, 0.5865990936605229, 0.9750202822813236, 0.0 0.0 0.0 0.0011438512272694847 0.011786245456722312 0.12287426171680481 0.8641956415992034, 
100, 0011111100, 0011111100, 0.584060871680394, 0.9708754638289295, 0.0 0.0 0.00019000288749286104 0.0007240123377243429 0.017662461818901482 0.13649024482547534 0.844933278130406, 
run, initial grid state, final grid state, mean grid cell occupancy, mean binding site occupancy, fraction of time with N TFs bound, warning
1, 0011111100, 0011111100, 0.587115600573801, 0.9758736023821963, 0.0 0.0 0.0 0.0006776263885530971 0.009981655680695704 0.12276219517977068 0.8665785227509806, 
2, 0011111100, 0001111100, 0.5878959923889513, 0.9772483442963185, 0.0 0.0 1.732131651458286e-05 8.490816149813787e-05 0.010926575726457147 0.11433277301862209 0.8746384217769081, 
3, 0001111100, 0001111100, 0.5880957620451595, 0.9774777844955266, 0.0 0.0 0.0 0.001494178907762794 0.009232068871877708 0.1121866185597957 0.8770871336605638, 
4, 0011111100, 0011111100, 0.5860588238766404, 0.9741220835264666, 0.0 0.0 0.0004708555922071706 0.002976828488049436 0.014820538467055937 0.11481251407411201 0.8669192633785754, 
5, 0011111100, 0011111100, 0.585708938510596, 0.9736358462365361, 0.0 0.0 0.0 0.0012575574195264633 0.01563919412967723 0.12313386206284999 0.8599693863879464, 
6, 0011111100, 0011111100, 0.5865151214586309, 0.9750036226084838, 0.0 0.0 0.0 0.00040105313846258884 0.012848476300664755 0.12307815233237913 0.8636723182284936, 
7, 0011111100, 0011111100, 0.5846321971176264, 0.9717684951658552, 0.0 0.0 0.0 0.0011668315381874782 0.0157130777357477 0.13446237891881085 0.848657711807254, 
8, 0001111100, 0011111100, 0.5884995987317366, 0.9781685780878784, 0.0 0.0 6.220079744554701e-05 0.0008324804898109889 0.00971603811850109 0.1088102105765125 0.88057907001773, 
9, 0011111100, 0011111100, 0.5852947322015183, 0.9729252382678412, 0.0 0.0 0.0002767873175477414 0.0014457196504014161 0.01211193450780406 0.1327803931559499 0.8533851653682969, 
10, 0011111100, 0011111100, 0.5850687202361889, 0.9725935614355687, 0.0 0.0 9.824940119028091e-05 0.002150089070137682 0.01874681528324737 0.12010173600491851 0.8589031102405061, 
11, 0011111100, 0011111100, 0.5859077082915553, 0.9739707213400952, 0.0 0.0 6.244332966918036e-06 0.0005796002704941658 0.015294665870722233 0.12382256207463395 0.8602969274511828, 
12, 0011111100, 0111111100, 0.5852872958595317, 0.9729078511753574, 0.0 0.0 0.0 0.0011569905135469351 0.014773823304539616 0.1295342747981361 0.8545349113837774, 
13, 0001111100, 0011111100, 0.5864659810495388, 0.9748084760655155, 0.0 0.0 0.0 0.0010709945325334156 0.01277528530958431 0.12238558939013905 0.8637681307677433, 
14, 0011111100, 0011111100, 0.5872362626499769, 0.9761879777149847, 0.0 0.0 0.0 0.0007617202428800399 0.011760609842444071 0.11706575329656431 0.8704119166181115, 
15, 0011111100, 0011111100, 0.5859587962743711, 0.9740572597528347, 0.0 0.0 0.00047201969034155205 0.0037153909304160444 0.013915434473037197 0.11479132098430252 0.8671058339219027, 
16, 0011111100, 0011111100, 0.5864574770902868, 0.9748316957815295, 0.0 0.0 0.0003378718226011594 0.0010831740509085143 0.009611064118752004 0.1271866876301885 0.8617812023775498, 
17, 0011111100, 0011111100, 0.5860726880502546, 0.974216477921557, 0.0 0.0 0.0 0.0018786572061205672 0.013678027030972872 0.12170910679035091 0.8627342089725557, 
18, 0011111100, 0011111100, 0.585500542721416, 0.9732266140687958, 0.0 0.0 0.0005516779189815549 0.0020710990057865634 0.014786067432546249 0.1226481720288464 0.8599429836138393, 
19, 0011111100, 0011111100, 0.5838455963985976, 0.9705078079266977, 0.0 0.0 0.0 0.001660570087585364 0.01952956694532998 0.13291230828639847 0.8458975546806862, 
20, 0011111100, 0011111100, 0.5863403374806598, 0.9746852227563794, 0.0 0.0 0.0 0.00047966362863183015 0.009333102444169449 0.1317834676874899 0.8584037662397087, 
21, 0011111100, 0011111100, 0.5863522877302108, 0.9745617688193663, 0.0 0.0 0.0 0.0007041031833109685 0.012070890358990848 0.12637529681588744 0.8608497096418107, 
22, 0111111100, 0001111100, 0.5809557719383363, 0.9657054587440581, 0.00590248962166332 0.00020470977897235322 0.0006774690031210155 0.0034625986256069507 0.01666730837073736 0.12289647228003 0.850188952319869, 
23, 0011111100, 0011111100, 0.5852289370971181, 0.972754371350654, 0.0 0.0 0.0 0.002199717468476657 0.015059046492480903 0.12675652650568414 0.8559847095333584, 
24, 0011111100, 0011111100, 0.586318116154454, 0.9746261884494699, 0.0 0.0 0.0 0.000535251047405785 0.012410949312391494 0.12581521753618086 0.8612385821040218, 
25, 0011111100, 0011111100, 0.5856729697407106, 0.9735845198978027, 0.0 0.0 0.0 0.0015549632722110973 0.010518416851150176 0.13279115709425002 0.8551354627823887, 
26, 0011111100, 0011111100, 0.5868585115135762, 0.9755185469038975, 0.0 0.0 0.0 0.00014929880984490825 0.013216557637749912 0.12000770687158097 0.8666264366808242, 
27, 0011111100, 0011111100, 0.5866481765138521, 0.9750805716337023, 0.0 0.0 0.0 0.0011252821602752094 0.011458632312177149 0.12322345909260568 0.8641926264349419, 
28, 0011111100, 0011111100, 0.5850243946800088, 0.9725254263351252, 0.0 0.0 3.3062984902064e-05 0.002801475910608385 0.0175094378703646 0.12129188657708666 0.8583641366570384, 
29, 0011111100, 0011111100, 0.5810829853763394, 0.9659021211528046, 0.007366005337144533 0.00021512094558352512 0.0003130952234243211 0.001291608505618799 0.009302971012701377 0.1355824878964307 0.8459287110790967, 
30, 0011111100, 0011111100, 0.5863563838339558, 0.9747088394188158, 0.0 0.0 0.00012454222623810881 0.0009984671507966801 0.0150930302491769 0.11806733263140935 0.865716627742379, 
31, 0011111100, 0001111100, 0.5867493381190297, 0.9752818630547557, 0.0 0.0 0.0 0.0010119957074648353 0.013469959529051877 0.11833291549096739 0.8671851292725159, 
32, 0011111100, 0011111100, 0.5850956312712263, 0.9725473695254275, 0.0 0.0 7.797607404691831e-05 0.0014109914959621287 0.01876827211525896 0.12263435983284328 0.8571084004818887, 
33, 0011111100, 0011111100, 0.5866603600745954, 0.9751120501969607, 0.0 0.0 0.0 0.0010325174999025889 0.013423450614622507 0.11938324508928343 0.8661607867961915, 
34, 0011111100, 0011111100, 0.5861857467721138, 0.9743940306010785, 0.0 0.0 0.0 0.0009251572479420757 0.01475636680021741 0.12134761104926793 0.8629708649025726, 
35, 0011111100, 0011111100, 0.5868441691817637, 0.975517568443775, 0.0 0.0 0.0007770876765910784 0.0006629932744491667 0.011935222667731595 0.11792681347217478 0.8686978829090533, 
36, 0011111000, 0011111100, 0.5840581651927778, 0.9709216152478914, 0.0 0.0 0.0 0.0022388622999932367 0.018803018932110664 0.13014768374845076 0.8488104350194453, 
37, 0011111100, 0011111000, 0.5861779504931464, 0.9743471094574009, 0.0 0.0 5.344410414729799e-05 0.0023119641833195302 0.015564183949677282 0.11563930638969257 0.8664311013731633, 
38, 0011111100, 0001111100, 0.5861424027051494, 0.9743299570451928, 0.0 0.0 0.0 0.0014121387482785503 0.01165680478031276 0.12647023192338233 0.8604608245480264, 
39, 0011111100, 0011111100, 0.5854479789571702, 0.9732766788682153, 0.0 0.0 0.0 0.00022520551434545286 0.014668760406972682 0.13032678943372691 0.854779244644955, 
40, 0011111100, 0011111100, 0.5838084387350387, 0.9704642312449037, 0.0 0.0 0.0 0.0011702132460721332 0.017769026827063637 0.13816591913823484 0.8428948407886294, 
41, 0011111100, 0011111100, 0.5839783412650782, 0.9707482252861697, 0.0 0.0 0.0 0.0011193847254774257 0.017774995849279523 0.1366025024079914 0.8445031170172517, 
42, 0011111100, 0011111100, 0.5871853024999437, 0.9760559882579178, 0.0 0.0 0.0 0.0002935166346159435 0.0071325446024289715 0.12851843134378796 0.8640555074191671, 
43, 0011111100, 0011111100, 0.5846406649687725, 0.9719076938536342, 0.0 0.0 0.00011049031290326799 0.0014568245058306625 0.014668097070711388 0.1344052079676671 0.8493593801428876, 
44, 0011111100, 0011111100, 0.5864175127874256, 0.9747991131288886, 0.0 0.0 0.0 0.000593261795592677 0.0099189486457047 0.1295876385484814 0.8599001510102212, 
45, 0001111000, 0011111100, 0.5821639879062528, 0.967664143975138, 0.0059871977614412986 0.00019371113126221155 0.0002178975942367599 0.0022883243026866795 0.012627087972644536 0.12413265469391699 0.8545531265438115, 
46, 0011111000, 0011111100, 0.5846110746938252, 0.9718667091674862, 0.0 0.0 0.00021107181303773605 0.0012968368064538635 0.016838813540344708 0.1303873202428812 0.8512659575972825, 
47, 0011111100, 0001111100, 0.5858345043614622, 0.9738183877168813, 0.0 0.0 1.954157428928784e-05 0.0012191507373900071 0.012688805694631343 0.12797644380012244 0.8580960581935669, 
48, 0011111100, 0011111100, 0.585861652004376, 0.9738341287966858, 0.0 0.0 0.0 0.0006957699127341025 0.01492592648876611 0.12505606450415088 0.859322239094349, 
49, 0011111000, 0011111100, 0.584310481488997, 0.9712818719060151, 0.0 0.0 0.0009662018304506369 0.0032210275336557906 0.017420238132640428 0.12394040237585918 0.854452130127394, 
50, 0011111100, 0011111100, 0.5856797721254398, 0.9734858411041108, 0.0 0.0 0.0 0.0007905614996984033 0.014040417516238107 0.1286324338437628 0.8565365871403007, 
51, 0011111100, 0011111100, 0.5855523184139398, 0.97340581491156, 0.0 0.0 0.0 0.0008606215974697896 0.013748611443200894 0.12948602285182945 0.8559047441075, 
52, 0011111100, 0011111100, 0.585549687156545, 0.9733049637096719, 0.0 0.0 0.0007382879974999881 0.002040640237169436 0.017939180679231604 0.11521678368199711 0.8640651074041018, 
53, 0011111100, 0011111100, 0.5866005791531328, 0.9750568833781137, 0.0 0.0 0.0 0.0016357257902690908 0.015901943830770076 0.11294763469897158 0.8695146956799893, 
54, 0011111100, 0011111100, 0.5882392793822924, 0.9778509278673834, 0.0 0.0 2.376989798446496e-05 0.001320431827360647 0.00980274952867527 0.1092325586643297 0.8796204900816499, 
55, 0011111100, 0011111100, 0.5838044537962835, 0.9704661029210545, 0.0 0.0 0.00010471360685859407 0.0014216866520876054 0.017576682951060033 0.13736610218785586 0.8435308146021379, 
56, 0011111100, 0011111100, 0.586992208417488, 0.9757080698849971, 0.0 0.0 0.00028657872540371757 0.0012934310670317424 0.013119510667688612 0.11448595125193098 0.8708145282879449, 
57, 0011111100, 0011111100, 0.5867483921470514, 0.9752734788064485, 0.0 0.0 0.00019773781276140892 0.00016778460638528777 0.012839991590927672 0.12138483890925186 0.8654096470806738, 
58, 0011111100, 0011111100, 0.5864175430107893, 0.9746968370059328, 0.0 0.0 0.0 0.00032681685736877576 0.01519658922332439 0.12044534894564829 0.8640312449736585, 
59, 0011111100, 0011111100, 0.5852281878514389, 0.9727250377409035, 0.0 0.0 3.4385147879237213e-05 0.0025495905493194714 0.018395013934262627 0.119073433446578 0.8599475769219608, 
60, 0011111100, 0001111100, 0.5847195960374972, 0.9719938439012369, 0.0 0.0 7.795460049756935e-05 0.0016094193439215136 0.01328629878481468 0.13632426258919508 0.8487020646815713, 
61, 0011111000, 0011111100, 0.5863501018132405, 0.9746803259805755, 0.0 0.0 0.0003129594865628083 0.00043835536651304786 0.008975407153594838 0.1314003257635664 0.858872952229763, 
62, 0011111100, 0011111100, 0.5862769810385557, 0.9744550005290346, 0.0 0.0 0.0 0.00012818222144898912 0.012377400135952683 0.12813064988954004 0.8593637677530583, 
63, 0011111100, 0011111100, 0.5856054798633148, 0.9732734813238569, 0.001466862040351686 3.8349036021005536e-05 0.0004157186728724979 0.001085957081311203 0.014732123225782242 0.11698120224765426 0.8652797876960071, 
64, 0011111100, 0011111100, 0.586020744394574, 0.9740519730839576, 0.0 0.0 0.0 0.000852704992526656 0.01729899949090053 0.11853204753687316 0.8633162479796996, 
65, 0011111100, 0011111100, 0.5879669952667129, 0.977292993208327, 0.0 0.0 0.000586103915949776 0.0017501069060082875 0.009740012109701334 0.10916728014881111 0.8787564969195295, 
66, 0011111100, 0011111100, 0.5848574779701096, 0.9722003812495928, 0.0 0.0 0.0 0.000382408417116737 0.015116307618793933 0.13541787201350505 0.8490834119505842, 
67, 0011111100, 0011111100, 0.5836556098247548, 0.9702470805605681, 0.0 0.0 0.0003423844230336802 0.001257934040539435 0.013987357070791137 0.1453994626812564 0.8390128617843794, 
68, 0001111100, 0011111100, 0.5854778544530544, 0.9732125842302709, 0.0 0.0 0.0 0.0018446629456188137 0.013888336253508087 0.12741383327450115 0.856853167526372, 
69, 0011111100, 0011111100, 0.5858029361510594, 0.9737811627162624, 0.0 0.0 0.0 0.0020930917761122184 0.01073195191785467 0.12956984453838058 0.8576051117676526, 
70, 0011111100, 0011111100, 0.5876908961410644, 0.976801846056813, 0.00105430081692355 2.1544789281118482e-05 0.00019582156539962403 0.0005752179757726192 0.009234018272261725 0.11177841807773588 0.8771406785026254, 
71, 0111111100, 0011111100, 0.5851980174797186, 0.9726727879386455, 0.0 0.0 0.0 0.001240770772872922 0.014528859477831238 0.13118324109384594 0.85304712865545, 
72, 0011111100, 0011111100, 0.5833191350591924, 0.9695767098841634, 0.0 0.0 8.217688626664024e-05 0.0009692926651318725 0.02087383709824716 0.13755548095806228 0.840519212392292, 
73, 0011111100, 0011111100, 0.586958189764542, 0.9756346996043457, 0.0 0.0 3.47845058051745e-05 0.0018333316544128597 0.013648145149138575 0.11325637908918856 0.8712273596014548, 
74, 0011111100, 0011111110, 0.5772517971252049, 0.9595186142299327, 0.01486415740669205 0.0005051585361795197 0.0001177130859764417 0.0005531487437987611 0.014438334686952247 0.12017060955014794 0.849350877990253, 
75, 0011111100, 0011111100, 0.5856444610040226, 0.9734952318503598, 0.0 0.0 0.0 0.002437347196164046 0.016139879389597593 0.11943680853015351 0.8619859648840849, 
76, 0011111100, 0011111000, 0.5855021882266825, 0.97323169601418, 0.0 0.0 0.0004674846267457803 0.00145694464671555 0.010826334170814399 0.13271638312616107 0.8545328534295632, 
77, 0011111100, 0011111100, 0.5839742871128532, 0.9707273449348783, 0.0 0.0 0.00043330230852811104 0.003418671570088409 0.018367614937635262 0.12691147657108226 0.850868934612666, 
78, 0011111100, 0011111100, 0.5875418782082042, 0.9766139976910293, 0.0 0.0 0.0 0.0006358429255462402 0.006652181740480643 0.12510412159622392 0.8676078537377492, 
79, 0011111100, 0011111100, 0.5869659354459957, 0.9756610705936276, 0.0 0.0 0.0 0.0009922418405257163 0.011809699516617513 0.11943745188342182 0.8677606067594349, 
80, 0011111100, 0011111100, 0.5852097471964542, 0.9727235205263804, 0.0 0.0 0.0 0.0012292389639289604 0.016903562802513712 0.12616403434490284 0.8557031638886545, 
81, 0011111100, 0011111100, 0.586380923194, 0.9747535743481984, 0.0 0.0 3.424371248279299e-05 0.0002868662154645011 0.012058080851246152 0.12636481871199262 0.861255990508814, 
82, 0011111100, 0011111100, 0.5865914934029302, 0.9750945361130895, 0.0 0.0 0.0 0.001342712769480901 0.014348418310774195 0.11670780839147163 0.8676010605282732, 
83, 0011111100, 0011111100, 0.5849572702727471, 0.9723254820409415, 0.0 0.0 4.649467216451962e-05 0.0029343732983339683 0.015784619982506565 0.12548876920567822 0.8557457428413168, 
84, 0011111100, 0011111100, 0.5860038464008004, 0.9740631315053103, 0.0 0.0 0.0 0.0005415524972065289 0.011323562811094716 0.13134942785432932 0.8567854568373694, 
85, 0011111100, 0011111100, 0.5867696202429232, 0.975351890393062, 0.0 0.0 0.0 0.0006489089610798018 0.011599795222781314 0.12274234031282609 0.8650089555033129, 
86, 0011111100, 0011111100, 0.5866162221823356, 0.9751690977116028, 0.0 0.0 0.0 0.0003296975641983978 0.014019819172256712 0.11995668269327486 0.8656938005702701, 
87, 0011111100, 0011111100, 0.5865640557545343, 0.9750807714191457, 0.0 0.0 0.0 0.0002971821667075157 0.011650421520974579 0.12532298194305352 0.8627294143692644, 
88, 0011111000, 0011111100, 0.5862863827152701, 0.9746004044905798, 0.0 0.0 0.0 0.0005210676737143879 0.015661328272185516 0.11951171349100685 0.8643058905630933, 
89, 0011111100, 0111111100, 0.5851614710797438, 0.9726937493997017, 0.0 0.0 0.0 0.0019572403336283227 0.013927589097350907 0.13011060440620295 0.8540045661628178, 
90, 0011111000, 0011111100, 0.5854210426981752, 0.9731361288118568, 0.0 0.0 0.0 0.0014102423583460136 0.01395619622385782 0.12904010760610518 0.8555934538116909, 
91, 0011111100, 0011111100, 0.5866096668134598, 0.9751802387135227, 0.0 0.0 0.0 0.002309767093170484 0.011549414745334755 0.1188904369486825 0.8672503812128123, 
92, 0011111100, 0011111100, 0.5848321442406271, 0.9722037189476721, 0.0 0.0 7.960218094076429e-05 0.0017514076986882017 0.017393646629128276 0.12641776123588347 0.8543575822553593, 
93, 0001111000, 0011111100, 0.5854388629944693, 0.9732102674705296, 0.0 0.0 0.0 0.0005404787798067927 0.01718319712750539 0.12475056458239092 0.8575257595102969, 
94, 0011111100, 0011111100, 0.5865235251290879, 0.9748859371688401, 0.0 0.0 0.0 0.00020251770796770138 0.015822090546140793 0.1184326427707752 0.8655427489751163, 
95, 0011111100, 0011111100, 0.5855233999625885, 0.9733281450783242, 0.0 0.0 0.0 0.0011999321504732256 0.01255197408100272 0.13132738491662954 0.8549207088518944, 
96, 0011111100, 0011111000, 0.5854149960414854, 0.9730703270786217, 0.0 0.0 0.0 0.0006091579649318577 0.012413215798347242 0.13492413203677942 0.8520534941999415, 
97, 0011111100, 0011111100, 0.5859251251587764, 0.9739563137742073, 0.0 0.0 0.0 0.0004700144352010788 0.011838845708984986 0.1311743826311833 0.8565167572246306, 
98, 0011111100, 0011111100, 0.586126353123566, 0.9743464672299857, 0.0 0.0 1.4957023578257786e-05 0.001750739298160452 0.01666944102041451 0.11527026859046247 0.8662945940673843, 
99, 0011111100, 0011111100, 0.584650159699135, 0.9718502063320814, 0.0 0.0 0.0 0.0012963459674258317 0.016742000149069798 0.13152572380709457 0.8504359300764098, 
100, 0011111100, 0011111100, 0.5869618737393362, 0.9755424968350115, 0.0 0.0 0.0 0.0014469851853994244 0.011436764438379605 0.1195305345569726 0.8675857158192483, 
run, initial grid state, final grid state, mean grid cell occupancy, mean binding site occupancy, fraction of time with N TFs bound, warning
1, 0011111100, 0011111100, 0.5870948992584875, 0.9758975776795493, 0.0 0.0 0.0 0.001763981898781061 0.013180050343297611 0.11296248753976527 0.8720934802181559, 
2, 0011111100, 0011111100, 0.5852573311817342, 0.9728559956736195, 0.0 0.0 0.0001602150969317981 0.001735439387097387 0.01616229614132541 0.12469225512661361 0.8572497942480318, 
3, 0011111100, 0011111100, 0.586776058945147, 0.975366103961382, 0.0 0.0 0.0 0.0017376946139761945 0.013852310214319522 0.11488567196113936 0.8695243232105649, 
4, 0011111100, 0011111100, 0.5864045619964273, 0.9747946692375515, 0.0 0.0 0.0 0.0017781397751544768 0.013596535380424416 0.11870449448837801 0.8659208303560431, 
5, 0011111100, 0011111100, 0.5879912263175577, 0.9773524904373372, 0.0 0.0 0.0 0.0 0.011947515556567381 0.1119900262628425 0.8760624581805901, 
6, 0011111100, 0011111100, 0.5851000988948765, 0.9725517053096513, 0.0 0.0 8.495044668004625e-05 0.0011568738085766597 0.01622401743307955 0.128431310063483 0.8541028482481807, 
7, 0011111100, 0011111100, 0.5845042473079604, 0.9715039690779603, 0.0 0.0 0.00021682189445881614 0.002364535477630212 0.019946170654191173 0.12312295021313013 0.8543495217605898, 
8, 0011111100, 0011111100, 0.5855912926124216, 0.9734076027748785, 0.0 0.0 0.00043500382214705144 0.0019356244923496243 0.0152642566186086 0.12147898134787569 0.860886133719019, 
9, 0011111100, 0011111100, 0.586267691437562, 0.9744253989139527, 0.0 0.0 0.0 0.0006825076793772549 0.012791555511132702 0.12581697245588758 0.8607089643536026, 
10, 0011111000, 0001111100, 0.5851782602730974, 0.972739587923037, 0.0 0.0 2.5693035937150316e-05 0.0022244581666749997 0.017027540128273046 0.12273124556145767 0.8579910631076572, 
11, 0011111100, 0011111100, 0.5856618245076899, 0.9735582081432342, 0.0 0.0 0.0 0.0 0.012692126225970529 0.13326649868865367 0.8540413750853758, 
12, 0011111100, 0011111100, 0.5878833271749825, 0.9771907867535519, 0.0 0.0 0.00011264060513598577 0.0025779565951644236 0.01115059629186325 0.10636965468892501 0.8797891518189114, 
13, 0011111100, 0011111100, 0.5849397643834754, 0.9722953001911384, 0.0 0.0 0.00026465574841137175 0.00117309595886752 0.013073009472639898 0.13550426903764176 0.8499849697824394, 
14, 0011111100, 0011111100, 0.5875362377296112, 0.9766337946263793, 0.0 0.0 0.0 0.00030536041568617024 0.010612246570835227 0.11805665785299517 0.8710257351604834, 
15, 0011111100, 0011111100, 0.5853128596221163, 0.9728717245778444, 0.0 0.0 4.086867623726526e-06 0.0018725051732330093 0.014746364323767042 0.1276430608952047 0.8557339827401715, 
16, 0011111100, 0011111100, 0.5866157366261961, 0.975075647456112, 0.0 0.0 0.0 0.0009483299725443833 0.011075605390767348 0.1245499145641607 0.8634261500725277, 
17, 0011111000, 0011111100, 0.5878099595968694, 0.9770141753685084, 0.0 0.0 0.0003431151467501549 0.0006028900336652993 0.010623420321777164 0.11348697645739911 0.8749435980404083, 
18, 0011111100, 0011111100, 0.5859857439932207, 0.9740778820734681, 0.0 0.0 2.9100467147316248e-05 0.00148386369712225 0.010619501728744306 0.12972571114174666 0.8581418229652394, 
19, 0011111100, 0011111100, 0.5855549265631614, 0.973366092767578, 0.0 0.0 0.0 0.0002473662697944187 0.013921780634741374 0.1312177833156662 0.8546130697797981, 
20, 0011111100, 0011111100, 0.586696195615084, 0.9751788539371551, 0.0 0.0 0.0 0.0016427001038722196 0.011299763344797506 0.12139924937585796 0.8656582871754722, 
21, 0011111100, 0011111100, 0.5859601939823441, 0.9739723783241173, 0.0 0.0 0.00022435233604351678 0.0034342610403509362 0.017758355118750974 0.10944882735256715 0.8691342041522875, 
22, 0011111100, 0011111100, 0.584185304593066, 0.971107946904619, 0.0 0.0 0.00048033290071464716 0.0025984616421515596 0.01666514729181569 0.13030530745934113 0.849950750705977, 
23, 0001111100, 0011111100, 0.5837148965876142, 0.970415152589517, 0.0 0.0 0.0 0.0015818426704986037 0.013804825801698662 0.14515390484800444 0.8394594266797982, 
24, 0011111100, 0011111100, 0.5854326066437766, 0.9731555759742344, 0.0 0.0 3.357048589922132e-05 0.0015161802778222587 0.018211308621876657 0.11996110413377652 0.8602778364806254, 
25, 0011111100, 0011111100, 0.5850744754995141, 0.9724473497977185, 0.0 0.0 0.0006523899729516391 0.0021093447342797242 0.014230356215797796 0.12791759468744754 0.8550903143895232, 
26, 0011111100, 0011111100, 0.5877789359681341, 0.9770200516552977, 0.0 0.0 0.0 0.0017254374984942162 0.009443177122087454 0.11381702332855659 0.8750143620508618, 
27, 0011111100, 0011111100, 0.5864190079814652, 0.9746897977104468, 0.0 0.0 0.0 0.00020449526290291828 0.016330990668664308 0.11858574661128142 0.8648787674571513, 
28, 0011111000, 0011111100, 0.5869817414870168, 0.9757319427109072, 0.0 0.0 0.0 0.0009457905074868882 0.01125538498838426 0.12026020223532707 0.8675386222688017, 
29, 0011111100, 0011111100, 0.5805091405006585, 0.9650071289087846, 0.004533491159207026 9.83295088485309e-05 0.0005584273881413113 0.003460799482994491 0.017619520138862556 0.134409483768534 0.8393199485534121, 
30, 0011111100, 0011111100, 0.586961077039226, 0.9757089995926279, 0.0 0.0 0.0 0.00028159383590198696 0.011464166208413 0.12197288851970091 0.8662813514359841, 
31, 0011111100, 0011111100, 0.5856986694637737, 0.9735989019592319, 0.0 0.0 0.0 0.0010097697811567781 0.016342253216479582 0.12269277246817938 0.8599552045341843, 
32, 0011111100, 0011111100, 0.5854595400167918, 0.9732398886885785, 0.0 0.0 0.0 0.0003761778484916474 0.013496009561184281 0.13244011520068508 0.853687697389639, 
33, 0011111100, 0011111100, 0.5841977165073462, 0.971140256966114, 0.0 0.0 0.0 0.0018146283296224899 0.019415338542279423 0.12888389612989015 0.8498861369982079, 
34, 0011111100, 0011111000, 0.587395049406047, 0.9763700446472034, 0.0 0.0 0.0 0.00123426852912531 0.011069402598462803 0.11593812133247827 0.8717582075399336, 
35, 0011111100, 0011111100, 0.5854165058111263, 0.9731018404347019, 0.0007084540644744038 1.3480729617079098e-05 0.00019800869503198632 0.0004867698731930908 0.015957679762083902 0.12290312543298232 0.8597324814426173, 
36, 0011111100, 0011111100, 0.5877099026837916, 0.976818573657028, 0.0 0.0 0.0 0.0 0.013335930637938599 0.11241669678195453 0.874247372580107, 
37, 0011111100, 0011111100, 0.5864845544566485, 0.9749852283214369, 0.0 0.0 0.00113246124080885 0.0012507771463592845 0.011158045399367609 0.11949036287033118 0.866968353343133, 
38, 0011111100, 0001111100, 0.5857595923606913, 0.973678132938155, 0.0 0.0 0.0 0.0011397046871724724 0.011561987507488861 0.1313881132945748 0.855910194510764, 
39, 0011111100, 0011111100, 0.5843064299363058, 0.9712327333314547, 0.0 0.0 0.0 0.0009692406464424586 0.013854611777107813 0.1419866545177279 0.8431894930587218, 
40, 0011111100, 0011111100, 0.5873177081813453, 0.9763695946129664, 0.0 0.0 0.0 0.002186626057194074 0.008909536671824418 0.11740348080697076 0.8715003564640108, 
41, 0011111000, 0011110000, 0.5828594661764589, 0.9687947747841976, 0.0013322514936834288 4.404265750078928e-05 0.0008291270905253999 0.004325025283084852 0.014073898097801638 0.13457824863825052 0.8448174067391534, 
42, 0011111100, 0011111100, 0.5855441046944755, 0.97340160826575, 0.0 0.0 0.0 0.0006316460896611213 0.014235281622682693 0.1292248488911513 0.855908223396505, 
43, 0011111100, 0011111100, 0.58719605145978, 0.9760549500582888, 0.0 0.0 8.428503488926659e-06 0.0012388524295996767 0.015059362424054232 0.1098013034994043 0.8738920531434529, 
44, 0011111100, 0011111100, 0.5858126752297577, 0.9737691730257405, 0.0 0.0 0.0 0.0018354020577338362 0.012318472895324034 0.1272418098817071 0.8586043151652349, 
45, 0011111100, 0011111100, 0.5875131050917298, 0.9765336911480926, 0.0 0.0 0.0 0.0008215387949127242 0.01032186027040336 0.11768951618589882 0.871167084748785, 
46, 0011111100, 0011111100, 0.5843165229877088, 0.9714299536000933, 0.0026920484534927775 7.072425474462055e-05 0.0010601568456581091 0.0015969853883931748 0.015713782284251136 0.11445521828844604 0.8644110844850141, 
47, 0011111000, 0011111100, 0.5848147888458561, 0.9720735049427047, 0.0 0.0 0.0 0.0008384734528667869 0.015478689967000386 0.134086170051171 0.8495966665289619, 
48, 0011111100, 0011111100, 0.5859379061270242, 0.9740475721404404, 0.0 0.0 0.0 0.0008713964789715834 0.014036391003942586 0.1250275957125572 0.8600646168045286, 
49, 0011111100, 0011111100, 0.5873321042785641, 0.9763330476132073, 0.0 0.0 0.0 0.0 0.010342434376098273 0.1213168455685607 0.868340720055341, 
50, 0011111100, 0011111100, 0.5854389183749296, 0.9731636310417627, 0.0 0.0 0.00016716343761534916 0.0020389203865578912 0.012520101418331733 0.12919259600262534 0.8560812187548698, 
51, 0011111100, 0011111100, 0.5806446105309769, 0.9651260146223912, 0.009666474903097832 0.000303418004130863 0.00041643028613124573 0.0012986824745142742 0.011411827727125913 0.12134254880409194 0.8555606178009079, 
52, 0011111100, 0011111100, 0.5839008194819525, 0.9707079332198953, 0.0 0.0 0.00028572713371293883 0.0021517890819821184 0.01721279362640907 0.1337285376470121 0.8466211525108839, 
53, 0011111100, 0011111100, 0.5860076392289222, 0.9741276951709501, 0.0030337190520053816 0.00011285006006521836 0.00018123823171873886 0.00037392635145066746 0.010978698767100049 0.11266313484651451 0.8726564326911456, 
54, 0011111100, 0011111100, 0.5864191173514258, 0.9747861960370283, 0.0 0.0 0.0006271448000068039 0.0020352232032706656 0.011957397789001714 0.11875377938998834 0.8666264548177324, 
55, 0011111100, 0011111100, 0.5852162257217431, 0.972783390975769, 0.0 0.0 5.3936088388760876e-05 0.001387994629542941 0.012898397301161976 0.13312313130087733 0.8525365406800289, 
56, 0011111100, 0011111100, 0.5856128406940208, 0.9735370675360177, 0.0 0.0 0.0 0.0008088085300986539 0.009413070701191182 0.13752502779121534 0.8522530929774947, 
57, 0011111100, 0011111100, 0.5866588431071716, 0.9752211096730626, 0.0 0.0 1.946568893001193e-05 0.0005156437523848243 0.010811495410322456 0.12542555712810477 0.8632278380202579, 
58, 0011111100, 0001111100, 0.575093092981367, 0.9558891796124908, 0.020308781315698396 0.0005923945909905433 0.0011438133031514144 0.0017349747744353043 0.009613630587625502 0.11084282276474905 0.8557635826633498, 
59, 0011111100, 0011111100, 0.5858406238102717, 0.9737704950754993, 0.0 0.0 0.0 0.0003053707764991763 0.011892907751179715 0.13267510171514701 0.8551266197571741, 
60, 0011111100, 0011111000, 0.5850913130327415, 0.972562105031839, 0.0 0.0 0.00021729255104541777 0.0025627435061266308 0.016504461860913117 0.12306104536457889 0.857654456717336, 
61, 0011111100, 0011111100, 0.584106863507443, 0.9710208796359788, 0.0 0.0 0.0 0.0017346663449675126 0.016668717892737397 0.1353332873637497 0.8462633283985453, 
62, 0011111100, 0011111100, 0.5861562820489431, 0.9743633911348337, 0.0 0.0 0.0 0.00022384160979055221 0.014359015595295595 0.12443009717103466 0.8609870456238792, 
63, 0001111110, 0011111100, 0.5836402638655827, 0.970233750095193, 0.0 0.0 0.0 0.0017481896597782202 0.02192344710230667 0.12950603624489357 0.8468223269930215, 
64, 0011111100, 0011111100, 0.5856193982201666, 0.9734050495199437, 0.0 0.0 0.0 0.0011332364406757126 0.014864334223738052 0.1264413251108352 0.857561104224751, 
65, 0011111100, 0011111100, 0.5861870601611575, 0.9743442337133763, 0.0 0.0 0.00010030072746969403 0.002004711426759674 0.014329506827821688 0.11886024687394095 0.8647052341440079, 
66, 0001111100, 0011111100, 0.5857496076192519, 0.973633026927463, 0.0 0.0 0.0 0.0005727157588717341 0.01105376403849277 0.1343761630816215 0.8539973571210139, 
67, 0011110000, 0011111100, 0.5852049142819153, 0.9727428935529969, 0.0 0.0 4.446314949955259e-05 0.0014292214611110231 0.015017191537574975 0.1290427386255373 0.8544663852262772, 
68, 0011111100, 0011111100, 0.5874448703109489, 0.976490706209003, 0.0 0.0 0.0 0.00048239067905653086 0.011273248893750953 0.11706209292130952 0.871182267505883, 
69, 0011111100, 0011111100, 0.5855131867376024, 0.9732778474951542, 0.0 0.0 0.0 0.0007874952104911349 0.016118742779292334 0.12573294383901662 0.8573608181711999, 
70, 0011111100, 0011111100, 0.5876632289857158, 0.9768800076618714, 0.0 0.0 0.0 0.001309970477254639 0.014314971440603806 0.10616009971579969 0.8782149583663419, 
71, 0011111100, 0011111100, 0.5850853364767336, 0.9725542403924891, 0.0036959597419194946 0.00010147389282544453 0.001451465710633255 0.0011151803450533322 0.009018923673539387 0.11480217850464906 0.86981481813138, 
72, 0011111100, 0011111000, 0.5857239436617787, 0.9736275574320458, 0.0 0.0 0.0 0.001987485434557696 0.01087049190282579 0.1305312152984006 0.8566108073642159, 
73, 0011111100, 0011111100, 0.5874977178869681, 0.976544913081444, 0.0 0.0 0.0 0.0001458253848017965 0.010107963163285234 0.12007711903035961 0.8696690924215533, 
74, 0011111100, 0011111100, 0.5853292730390519, 0.9729847197721195, 0.0 0.0 0.0 0.0019344029579244056 0.013710958931902521 0.12886655462970417 0.8554880834804688, 
75, 0011111100, 0001111100, 0.5870373906433614, 0.9757880576465271, 0.0 0.0 0.0003715016086770807 0.0033642648676877216 0.011682960610250082 0.11032693186256608 0.874254341050819, 
76, 0011111100, 0011111100, 0.5842226092932079, 0.9710908360966223, 0.0 0.0 0.0007148083957015332 0.0047852125218209906 0.012648120806077521 0.1309438706598422 0.8509079876165577, 
77, 0011111100, 0001111100, 0.5866944082131478, 0.9752233833991403, 0.0 0.0 9.420129723083404e-05 0.0004034977077087901 0.013370319175864379 0.12033176294138001 0.865800218877816, 
78, 0011111100, 0011111100, 0.587902721616343, 0.977274573268165, 0.0 0.0 0.0 0.0006406185925409375 0.007081409621109099 0.12026788537116892 0.8720100864151811, 
79, 0011111100, 0001111100, 0.5865341035380367, 0.9749997147807138, 0.0 0.0 0.0002220321926735696 0.0027821472427807816 0.010417351846986124 0.11993243712270693 0.8666460315948527, 
80, 0011111100, 0011111100, 0.5856902452943151, 0.9735216552977833, 0.0 0.0 0.00035214580805267604 0.0032139923701297968 0.014227479358279775 0.11936454915414 0.8628418333093977, 
81, 0011111100, 0011111100, 0.5867027533098452, 0.9752798842058951, 0.0 0.0 0.0 0.001222836576222025 0.011762087254202379 0.12112801052755945 0.8658870656420162, 
82, 0011111100, 0001111100, 0.5851613274253107, 0.972655569014459, 0.0 0.0 0.00015153778496344882 0.0024786038930658355 0.020202878778501257 0.11561886553719183 0.8615481140062777, 
83, 0001111100, 0011111100, 0.5855393757403466, 0.9733367894922279, 0.0 0.0 0.00021484761074542998 0.0012813292137880126 0.015102559851340036 0.12507076525960703 0.8583304980645194, 
84, 0011111100, 0001111100, 0.5841071138036686, 0.9710342481300756, 0.0 0.0 2.753473784991673e-05 0.003304199389085003 0.014825913307100036 0.134119947486692 0.8477224050792731, 
85, 0011111100, 0011111100, 0.5861382358053963, 0.9742929840786622, 0.0 0.0 0.0 0.000639000426791963 0.012461623972312881 0.12740184630302567 0.8594975292978695, 
86, 0011111100, 0011111100, 0.5869139337324037, 0.9755818747523417, 0.0 0.0 0.0 5.9160749421346746e-05 0.012330485373076844 0.1216702984915324 0.8659400553859695, 
87, 0011111100, 0011111100, 0.5849254987549699, 0.9723888651494456, 0.0 0.0 0.0 0.0021324596748471827 0.016897003276707442 0.12547542352537053 0.8554951135230748, 
88, 0011111100, 0011111100, 0.585104040493563, 0.9726936241058745, 0.0 0.0 0.0 9.465655116030148e-05 0.015401187417697153 0.13275191087587757 0.851752245155265, 
89, 0011111000, 0011111100, 0.5894699608224312, 0.9769136647574217, 0.0 0.0 0.0 0.0010873986812011025 0.01208953586729202 0.11107674367728279 0.8757463217742241, 
90, 0011111100, 0001111000, 0.5853313294613385, 0.9729583773326052, 0.0 0.0 0.0001861974193960428 0.0010921935673251179 0.013966687228039279 0.13029499116873106 0.8544599306165085, 
91, 0011111100, 0011111100, 0.5860607281425875, 0.9742667983488027, 0.0 0.0 0.0003642268949288413 0.0019986252189003284 0.012634531240285572 0.12167736419019635 0.8633252524556889, 
92, 0011111100, 0011111100, 0.5835649155643928, 0.9701181412702135, 0.0 0.0 0.0008489847912881487 0.003929298842527015 0.014897614677481285 0.1343120873310232 0.8460120143576804, 
93, 0011111100, 0011111100, 0.5853200647197041, 0.9730210801237884, 0.0 0.0 2.5000072887596628e-05 0.002814121435947077 0.014509646280264688 0.12431186209734896 0.8583393701135518, 
94, 0011111100, 0011111100, 0.5848510905466998, 0.9721438918879097, 0.0 0.0 0.0 0.0010124322324803186 0.01431416807903015 0.13547101581704077 0.8492023838714488, 
95, 0011111100, 0011111000, 0.5867317637770357, 0.9753365133511411, 0.0 0.0 0.0 0.00036355987449285525 0.01181234653293401 0.12326554720380596 0.8645585463887672, 
96, 0011111100, 0011111100, 0.5854505256376044, 0.9731535726804239, 0.0 0.0 0.0 0.000588079051892658 0.01849022701986326 0.12233387272205201 0.858587821206192, 
97, 0011111000, 0011111100, 0.587320304355887, 0.9762613795986753, 0.0 0.0 0.0 0.0008098737415381413 0.01020411850461904 0.11959386417409526 0.8693921435797476, 
98, 0011111000, 0011111100, 0.5834540366480817, 0.9698496614392594, 0.0 0.0 0.00011265957184598558 0.002669177229760126 0.02162406104001815 0.12919573930774306 0.8463983628506326, 
99, 0011111100, 0011111000, 0.5850373963523051, 0.9725010661317895, 0.0 0.0 0.0 0.001444361303869789 0.018526975295829966 0.12360656870599313 0.8564220946943071, 
100, 0011111100, 0011111100, 0.5864704330582087, 0.9747951842475137, 0.0 0.0 0.0 0.0003393402613470171 0.012625679952785136 0.12495951382530705 0.8620754659605607, 
run, initial grid state, final grid state, mean grid cell occupancy, mean binding site occupancy, fraction of time with N TFs bound, warning
1, 0011111100, 0011111100, 0.585396036088324, 0.9729862588077499, 0.0 0.0 0.0 0.0023964614165986717 0.01714941121876217 0.12059424046618074 0.8598598868984585, 
2, 0011111000, 0011111100, 0.5870669544584395, 0.975881734361497, 0.0 0.0 0.0 0.00018347909130925222 0.015582726882915796 0.11299370279125812 0.8712400912345168, 
3, 0001111100, 0011111100, 0.5865598726263272, 0.9750458966985404, 0.0 0.0 0.0005073437622589157 0.0006156105059824103 0.011139551124458701 0.12356931099285705 0.8641681836144429, 
4, 0011111100, 0011111100, 0.5854582328026285, 0.9731369267799755, 0.0 0.0 0.0 0.0003523073590759134 0.012215805578316351 0.13568990608628617 0.8517419809763215, 
5, 0011111100, 0011111100, 0.5859650550394894, 0.9740738402327401, 0.0 0.0 0.0 0.0011542513258972124 0.01580805410402669 0.12047809641781451 0.8625595981522616, 
6, 0011111100, 0011111100, 0.5846125102238509, 0.9717604607658347, 0.0 0.0 0.0 0.0008526646246064843 0.013982390735877821 0.1389144600594172 0.8462504845800984, 
7, 0011111100, 0011111100, 0.5876873670332837, 0.9769365740802383, 0.0 0.0 0.0 0.0007658541108332361 0.007757708173149977 0.12056757683977105 0.8709088608762457, 
8, 0011111100, 0011111100, 0.5877986903688395, 0.9770112601870821, 0.0 0.0 0.0002553259642406872 0.0013966094711726925 0.01009895305736563 0.11252340049229548 0.8757257110149255, 
9, 0011111100, 0001111100, 0.5875709441897073, 0.9766937546937585, 0.0 0.0 0.0 0.0011303889806457573 0.01105222655963865 0.11434185177623396 0.8734755326834817, 
10, 0011111100, 0011111100, 0.5852356222664274, 0.972763634541858, 0.0 0.0 0.0 0.0014952652599417948 0.015167891508624916 0.12859661395177613 0.8547402292796572, 
11, 0011111100, 0011111100, 0.5877926649746149, 0.9770273900157843, 0.0 0.0 0.0 0.00034227518522992017 0.008583970087925046 0.11964089417375376 0.8714328605530912, 
12, 0011111100, 0011111100, 0.5874943425901655, 0.9765756188588185, 0.0 0.0 0.0 0.00036437656741570857 0.008975664439884437 0.12150182826507376 0.869158130727626, 
13, 0011111100, 0001111000, 0.5866430530368864, 0.9750401912076815, 0.0 0.0 0.00040102865025303186 0.003030294950271518 0.01581954246243482 0.10742476837721525 0.8733243655598253, 
14, 0011111100, 0011111100, 0.5875967433926595, 0.9766871566858992, 0.0 0.0 0.0 0.0005649256864168813 0.012171767541680633 0.11383874774199296 0.8734245590299096, 
15, 0011111100, 0011111100, 0.5857613331683592, 0.9736847614235634, 0.0 0.0 0.0 0.00050153040137887 0.014949581660417415 0.12648767693364832 0.8580612110045553, 
16, 0011111100, 0011111100, 0.5856665114812194, 0.9734346409792333, 0.0 0.0 0.00012432290888627368 0.0017612105932453697 0.012110451817872672 0.12939032707357345 0.8566136876064222, 
17, 0011111100, 0001111100, 0.5862821823356424, 0.9745584319972739, 0.0 0.0 0.000191016425272056 0.0004372408601368041 0.013280609500546443 0.12401240073376589 0.8620787324802788, 
18, 0011111100, 0011111100, 0.5857811070393575, 0.9736828640295397, 0.0 0.0 0.0 0.0003855680162799926 0.013400865139817877 0.1299443814942863 0.8562691853496159, 
19, 0011111100, 0011111100, 0.5870728897531736, 0.9759082052402427, 0.0 0.0 0.0 0.001358138432388419 0.012994296629310507 0.11448776000275693 0.8711598049355441, 
20, 0011111100, 0011111100, 0.5879353485238543, 0.9772554757445072, 0.0 0.0 0.0 0.0 0.012273586451960939 0.1119199726290349 0.8758064409190042, 
21, 0011111100, 0011111100, 0.5723452648919711, 0.9514470124727247, 0.019387091374537146 0.0005252645123862084 0.0005064624899466832 0.005629324624177089 0.017566802331793696 0.11832162585859232 0.8380634288085669, 
22, 0011111100, 0011111000, 0.5853668333163616, 0.9730500844469225, 0.0 0.0 0.0 0.001066191244857311 0.00959371731819953 0.13931348494749432 0.8500266064894488, 
23, 0011111100, 0011111100, 0.587888678321492, 0.9771508121673531, 0.0 0.0 0.0 0.0015011934068084897 0.013523109007158626 0.10554532876113899 0.8794303688248939, 
24, 0011111100, 0011111100, 0.5843185480649231, 0.9712999166425177, 0.0 0.0 0.00015424241911797296 0.0011345981837977397 0.01738238180253633 0.13341497231195598 0.847913805282592, 
25, 0011111100, 0011111100, 0.5859611787143786, 0.9739793511878643, 0.0 0.0 0.0 0.0006343885346104133 0.014011418880586131 0.12619788950781058 0.859156303076993, 
26, 0011111100, 0011111100, 0.5863238576272625, 0.9745953467008608, 0.0 0.0 0.0 0.0 0.014284780167863127 0.12385835945910957 0.8618568603730273, 
27, 0011111100, 0011111100, 0.5847182070174946, 0.9719568969882926, 0.0 0.0 0.00039813118557578746 0.002157263686035302 0.01907984632726515 0.12203460961530552 0.8563301491858182, 
28, 0011111100, 0011111100, 0.587179295505755, 0.9760928832144239, 0.0 0.0 0.00018930954266006036 0.0010926098396695297 0.010232144151149026 0.11894334472151005 0.8695425917450114, 
29, 0011111100, 0011111100, 0.585520124447474, 0.9732282130005107, 0.0 0.0 3.609477817807878e-05 0.0028650766654726646 0.01956111527198631 0.1127688823438327 0.8647688309405303, 
30, 0011111100, 0011111100, 0.5879850958582121, 0.977267661781432, 0.0 0.0 0.0 0.0007329653907076801 0.009993177887283851 0.1142087773647175 0.8750650793572909, 
31, 0011111100, 0011111100, 0.5857449150182392, 0.9737121035462158, 0.0 0.0 0.0 0.0008859344768332157 0.013755567398073418 0.12755844049605822 0.8578000576290352, 
32, 0011111100, 0011111100, 0.584155853068382, 0.9710240637621603, 0.0 0.0 0.0 0.001898602115327744 0.013824022400861205 0.1405117662793325 0.8437656092044785, 
33, 0011111100, 0011111100, 0.5855416508139106, 0.9732834972018054, 0.0 0.0 0.0 0.0009100381891160067 0.014122629166004352 0.12932364388981027 0.8556436887550694, 
34, 0011111100, 0011111100, 0.5866580155627001, 0.9752094845894586, 0.0 0.0 0.0 0.0008061219976322032 0.012578426795820354 0.12116787287871161 0.8654475783278358, 
35, 0011111100, 0011111000, 0.5858372842385757, 0.973885200700973, 0.0 0.0 0.00016839303192717686 0.0015755350343396833 0.014711268834025482 0.12186608089538352 0.8616787222043241, 
36, 0001111100, 0011111100, 0.5873726637910704, 0.9764164815512907, 0.0 0.0 0.0 0.00048714973585622646 0.008842867958042747 0.12235392556860174 0.8683160567374992, 
37, 0011111100, 0011111000, 0.5853016777129485, 0.9729510340243896, 0.0 0.0 0.0002384899388194084 0.0017679553553890046 0.011354505646111623 0.13332695873999412 0.8533120903196858, 
38, 0111111100, 0011111100, 0.5849317642464656, 0.9723059301861621, 0.0 0.0 0.0002560615235425177 0.002862885339315711 0.016162617369398544 0.12422628203211322 0.8564921537356299, 
39, 0011111100, 0011111100, 0.5849697948499011, 0.9723586946666855, 0.0 0.0 0.0 0.0014090981589567942 0.020602750138143822 0.12041503724672847 0.857573114456171, 
40, 0001110000, 0001111100, 0.5850931815681117, 0.9725535638676384, 0.0 0.0 0.0 0.0009360254410044256 0.01574008550022502 0.13039036947070642 0.8529335195880642, 
41, 0011111100, 0011111100, 0.5878206142797635, 0.9770945537075026, 0.0 0.0 0.0 0.0007401871961251326 0.009368913688250432 0.11647428879010753 0.873416610325517, 
42, 0011111100, 0011111100, 0.5852658113848147, 0.9728000205263762, 0.0 0.0 0.0 0.0021557977733330782 0.015693022226566437 0.1253464390686114 0.8568047409314892, 
43, 0011111110, 0011111100, 0.5851549013984549, 0.9727107598535083, 0.0 0.0 0.0005811541240989878 0.0020594211028538145 0.012976958578005357 0.12927864391798274 0.8551038222770592, 
44, 0011111100, 0011111100, 0.5870880110236519, 0.9759341347915684, 0.0 0.0 0.0 0.00034131213205343197 0.013525337596924225 0.11632057966058064 0.8698127706104417, 
45, 0001111000, 0011111000, 0.5875956539656134, 0.9766484179668197, 0.0 0.0 0.0 0.00026836565315814244 0.011581449119058911 0.11614149700148994 0.8720086882262931, 
46, 0011111100, 0011111100, 0.5867510582833859, 0.9754035517687744, 0.0 0.0 0.0 0.0013352574991590067 0.012329666609984398 0.11891358366990804 0.8674214922209486, 
47, 0011111100, 0011111000, 0.58521958635227, 0.9727967891964487, 0.0 0.0 0.0 0.0010641948116471107 0.01620040179048093 0.12762587680540438 0.8551095265924676, 
48, 0011111000, 0011111100, 0.5855087755090809, 0.9733343448534763, 0.0 0.0 0.0 0.0010688499416179032 0.011544765649393956 0.13369784975550156 0.8536885346534865, 
49, 0011111000, 0011111100, 0.5875612418093981, 0.9766578621100782, 0.0 0.0 8.9643394644601e-05 0.0012785824106416673 0.010980950577023585 0.11389660537497968 0.8737542182427106, 
50, 0011111100, 0011111100, 0.5871507007747325, 0.9759614901257618, 0.0 0.0 0.0 0.0007373870330735047 0.012748444215810895 0.1165220097145874 0.8699921590365282, 
51, 0011111100, 0011111000, 0.585613801124136, 0.9734118014102349, 0.0 0.0 0.0 0.0016723055145411972 0.012631917800020816 0.12924843939492558 0.8564473372905124, 
52, 0011111100, 0011111100, 0.5853945287785184, 0.9730126357745844, 0.0 0.0 0.00016767963231241418 0.0007105085465964745 0.012377618741084416 0.134366703701286 0.8523774893787207, 
53, 0011111100, 0011111100, 0.5839724397770997, 0.9706070248002175, 0.004104624482399622 0.0001111565505609058 0.0009151816255006335 0.00030158229824156984 0.01288675178205582 0.12083534459065416 0.8608453586705873, 
54, 0001111100, 0011111100, 0.585450320211106, 0.9731905248682384, 0.0 0.0 0.0 0.0018229348603218225 0.01714469191343872 0.1210986623827266 0.8599337108435128, 
55, 0011111100, 0001111100, 0.58446617559273, 0.9714079115496087, 0.0 0.0 0.00040124414467834286 0.0025869209885938677 0.015987583664059866 0.13021162382973267 0.8508126273729353, 
56, 0011111100, 0011111000, 0.5842176518015615, 0.9711602256140652, 0.0 0.0 0.0 0.001221334889384806 0.014762415864657673 0.13984980991813878 0.8441664393278188, 
57, 0011111000, 0011111100, 0.5870730905717397, 0.9759050633778728, 0.001750488041146369 3.93141816611517e-05 0.0001254286582643645 0.0025220859348550296 0.00735313438383835 0.11109587937227992 0.8771136694279547, 
58, 0011111100, 0011111000, 0.5866968403738387, 0.9751972439392497, 0.0 0.0 0.0 2.3019331180055935e-05 0.008930736258397909 0.1308860058541664 0.8601602385562557, 
59, 0011111100, 0011111100, 0.5849996059883692, 0.9724302992314836, 0.0 0.0 0.0 0.000683282805961993 0.013813921139052025 0.13574051391510789 0.849762282139878, 
60, 0011111100, 0011111000, 0.5853868024277262, 0.9730711774703735, 0.0 0.0 0.00012066413169923281 0.0007528212932105858 0.01592062173557305 0.1269905713001847 0.8562153215393324, 
61, 0011111100, 0011111100, 0.5803426645678683, 0.9647232062864229, 0.008529154307758352 0.0002106751230365889 0.0008447934571607907 0.0008469290163394666 0.014755997285010806 0.12400050537204574 0.8508119454386484, 
62, 0011111100, 0011111100, 0.5863312103281477, 0.9746830936982592, 0.0 0.0 1.7787697283767517e-05 0.0014884328971461738 0.012047036256965633 0.12327091581593974 0.8631758273326646, 
63, 0011111100, 0011111100, 0.5844893598472987, 0.9717237323283084, 0.0 0.0 0.0 0.003142284949047934 0.021165640918970535 0.11789946934506461 0.8577926047869169, 
64, 0011111100, 0011111100, 0.5827934752047028, 0.9687966733500423, 0.0034372336411428446 7.833883632347696e-05 0.0008261722200227918 0.0010868623338270754 0.012068156005285083 0.13550327597912876 0.8469999609842699, 
65, 0011111100, 0011111100, 0.5861662791864394, 0.9743033621697815, 0.0 0.0 0.0 0.0009071223974678061 0.01564548604987115 0.12016748768916498 0.863279903863496, 
66, 0011111100, 0001111100, 0.586952971665713, 0.97566369268323, 0.0 0.0 0.0 0.0006204366871762559 0.010253610988784407 0.12364931186152264 0.8654766404625167, 
67, 0011111100, 0001111100, 0.5848284220125931, 0.972137902848363, 0.0 0.0 0.0 0.0013041770230374802 0.01747115883758146 0.12831773416554668 0.8529069299738343, 
68, 0011111100, 0011111100, 0.5859986358127244, 0.974151431612372, 0.0 0.0 0.0 0.0002564078206562002 0.013786469670448527 0.12674924752290176 0.8592078749859935, 
69, 0011111100, 0011111100, 0.5862032186151747, 0.9745272687468711, 0.0 0.0 0.00011667045281989232 0.000942736304209658 0.013327904595161767 0.12288568760454077 0.8627270010432679, 
70, 0011111100, 0011111100, 0.5882909310715929, 0.9778254111538098, 0.0 0.0 1.951858358349119e-05 0.0012113606993865115 0.009324746536487603 0.11068588357167268 0.8787584906088698, 
71, 0111111100, 0011111000, 0.5857215629327909, 0.9736275834427032, 0.0 0.0 0.0 0.0016331349108930427 0.011711824444950265 0.12991144572120109 0.8567435949229555, 
72, 0011111100, 0011111100, 0.5872724286133995, 0.9761503114641629, 0.0 0.0 0.0 0.0007656154976574296 0.013790913884289624 0.11321945695347044 0.8722240136645826, 
73, 0011111100, 0011111100, 0.5873726625549293, 0.9764235046335575, 0.0 0.0 0.0 0.001384270246190982 0.012548819200088004 0.11220852305990506 0.8738583874938158, 
74, 0011111100, 0011111100, 0.5849753854487411, 0.972468704202795, 0.0 0.0 0.0 0.0002482838865512893 0.016097820056486755 0.13224728301060285 0.8514066130463591, 
75, 0011111100, 0000011100, 0.5878369741241037, 0.9771080733046045, 0.0 0.0 0.0 0.0006813373307936248 0.009442487478112407 0.1164225732237678 0.8734536019673261, 
76, 0011111100, 0011111100, 0.5868203399081016, 0.9753107565269575, 0.002704819913772174 4.206838770820981e-05 0.0012693614514929339 0.0014399556346384398 0.007685988349004079 0.1069269100091858 0.8799308962541983, 
77, 0011111100, 0011110000, 0.5867109405489358, 0.9752573864131688, 0.0 0.0 0.0 0.0009373390377220794 0.014257091811357587 0.11712948078510643 0.8676760883658139, 
78, 0011111100, 0011111100, 0.5875940438612985, 0.976687656509283, 0.0 0.0 0.0 0.0006861078816217467 0.009223290354971271 0.11936915658949422 0.8707214451739127, 
79, 0001111100, 0011111100, 0.5825247393323042, 0.9683388277691937, 0.002760495437769095 0.00010464063134829202 0.00013976445659546623 0.0010079200993736016 0.01715967765306064 0.1349786841708583 0.8438488175509946, 
80, 0011111100, 0011111110, 0.5824402815177976, 0.9682072520203213, 0.0013330909072687511 2.9432411634013763e-05 0.00044947187587681265 0.0016587326868210128 0.016838098517117647 0.1421604977780836 0.8375306758231982, 
81, 0011111100, 0011111100, 0.586007690159957, 0.974153707736041, 0.0 0.0 0.0 8.3370470389667e-05 0.015252049724782444 0.12432354272301983 0.8603410370818081, 
82, 0011111100, 0011111100, 0.5873793648464262, 0.9763245683901406, 0.0 0.0 0.0 4.7157087278933744e-05 0.010750066955587778 0.12041098448614493 0.8687917914709884, 
83, 0011111100, 0011111100, 0.5865302001045568, 0.9749443283545354, 0.0 0.0 0.0 0.0019436113363621914 0.01384814505560182 0.11680690575249841 0.8674013378555375, 
84, 0011111100, 0011111100, 0.58587820524769, 0.9738306928435554, 0.0 0.0 0.00013561735094382648 0.0022242687109005448 0.01252075520164098 0.12475905699890842 0.8603603017376062, 
85, 0011111100, 0000111100, 0.5853634045256657, 0.9730927740005246, 0.0 0.0 0.0 0.0002674023809081032 0.012238228447700446 0.13616469195872705 0.8513296772126644, 
86, 0000111100, 0011111100, 0.5862435174036965, 0.9745274774075844, 0.0 0.0 0.0004638700884780429 0.0016283819622921658 0.013422333695290757 0.11924984192312332 0.8652355723308158, 
87, 0011111100, 0011111100, 0.5849382764154869, 0.9723499895653478, 0.0 0.0 0.0 0.0007237069601985386 0.013651484580435257 0.13642597256644626 0.8491988358929199, 
88, 0011111000, 0011111100, 0.5874171077970898, 0.9764746934084205, 0.0 0.0 0.0 0.0003817083675920395 0.00906907876778077 0.1218685569111392 0.868680655953488, 
89, 0011111100, 0011111100, 0.5863814831239861, 0.9747013482723419, 0.0 0.0 0.0 0.00037629339207484604 0.011486446700045365 0.12769013678963353 0.8604471231182463, 
90, 0011111100, 0011111100, 0.585737419431138, 0.9737399465538996, 0.0 0.0 0.0003547983840017659 0.001887396056570751 0.014253376903446746 0.12197218516398972 0.8615322434919909, 
91, 0011111100, 0011111100, 0.5859068366633555, 0.9739197343704877, 0.0 0.0 0.0 0.0008366945716111432 0.013170489832251121 0.1276305303977377 0.8583622851984001, 
92, 0011111100, 0111111100, 0.586024449426081, 0.9741015824431748, 0.0 0.0 0.0 0.001049528300310829 0.012684114272612793 0.12687369189479314 0.8593926655322833, 
93, 0011111100, 0011111100, 0.5864149739046155, 0.974861135488506, 0.0 0.0 0.0 0.0008332200766954144 0.011501859549579076 0.12532980773972016 0.8623351126340053, 
94, 0011111100, 0011111100, 0.5860517010952313, 0.9742172037918592, 0.0 0.0 0.0 0.0009767853102053913 0.013526152004986032 0.12471411730825709 0.8607829453765515, 
95, 0011111100, 0011111100, 0.5844683549564875, 0.9715956970469631, 0.0 0.0 0.0 0.002621523792566082 0.013684642717796666 0.13519196090492988 0.8485018725847074, 
96, 0011111100, 0011111100, 0.5869914006209269, 0.9755405516827869, 0.0 0.0 0.0002658911833154587 0.0008351318349076452 0.010382163909226385 0.12242340184684147 0.866093411225709, 
97, 0011111100, 0011111100, 0.5841137684574981, 0.9709625235037166, 0.0 0.0 0.0 0.0017968235982434805 0.016707237500639772 0.1354199131816907 0.8460760257194261, 
98, 0011111100, 0011111100, 0.5869915147033937, 0.9757460966659602, 0.0 0.0 0.0 0.0005272486301609447 0.008744941742686323 0.12645179062838263 0.86427601899877, 
99, 0011111100, 0011111100, 0.5863941781231645, 0.9746831151325761, 0.0 0.0 5.33473491028643e-05 0.0012694420894521208 0.012693922807022272 0.12249174792573093 0.8634915398286918, 
100, 0001111100, 0011111100, 0.5856512001035822, 0.9734941874582378, 0.0 0.0 5.085048744048391e-05 0.0009158693394229809 0.01609440504242496 0.12389505519769194 0.8590438199330196, 
run, initial grid state, final grid state, mean grid cell occupancy, mean binding site occupancy, fraction of time with N TFs bound, warning
1, 0011111100, 0011111100, 0.587464445411695, 0.9765057374387606, 0.0 0.0 0.0 0.000459973748563528 0.010309115753354596 0.11896742261503704 0.8702634878830449, 
2, 0011111000, 0011111100, 0.5865200793847405, 0.9748947585924749, 0.0 0.0 0.0 0.002410035773926533 0.00957448627612197 0.1242523685711269 0.8637631093788246, 
3, 0011111100, 0011111100, 0.5882873960236499, 0.9778322954581821, 0.0 0.0 3.8579620014485856e-05 0.0014578461257483844 0.010460512936835805 0.10755734451993322 0.8804857167974681, 
4, 0011111100, 0011111100, 0.5864778187588902, 0.9748482221180937, 0.0 0.0 0.0 0.0005993273907823647 0.010300099712773677 0.12851248569354362 0.8605880872029004, 
5, 0011111100, 0011111100, 0.5878729562588234, 0.977197014869447, 0.0 0.0 0.0 0.0003206031499724161 0.010987158501801611 0.11388178432979724 0.8748104540184288, 
6, 0011111100, 0011111100, 0.5890568098036938, 0.9790972182011233, 0.0 0.0 0.0 0.0004995478255216848 0.009005358464739535 0.1059073303872157 0.8845877633225231, 
7, 0011111100, 0011111100, 0.5867167940621121, 0.9752756381144843, 0.0 0.0 0.0 0.000404523184645403 0.011042035725348908 0.1250485303084609 0.8635049107815449, 
8, 0011111100, 0011111100, 0.5875325475160094, 0.9766305240997568, 0.0 0.0 0.00030915869710473784 0.0013112818573726747 0.010845650025358486 0.11335507499020527 0.8741788344299588, 
9, 0011111100, 0011111100, 0.5865358549306516, 0.9750041315429417, 0.0 0.0 0.0 0.0009449990276660804 0.00890044932123646 0.12933931501687934 0.8608152366342181, 
10, 0011111100, 0011111100, 0.5856413837237183, 0.9734377824737066, 0.0 0.0 0.0001800412555100804 0.002318742756113211 0.015185451735731336 0.12132600839591687 0.8609897558567285, 
11, 0011111100, 0011111100, 0.5870118814863471, 0.9756934545353525, 0.0 0.0 0.0 0.0014560170594847032 0.013423884919137166 0.11462345177115564 0.8704966462502224, 
12, 0011111000, 0011111100, 0.5869427712434675, 0.975644275409739, 0.0 0.0 0.0 0.0005747121108677331 0.009799832653540192 0.12481054590188223 0.8648149093337099, 
13, 0011111100, 0011111100, 0.5877744316400321, 0.9768086700519756, 0.0 0.0 0.0002747859354701496 0.0013323666362186272 0.007275769898766559 0.11950019624007684 0.8716168812894678, 
14, 0011111100, 0001111100, 0.5857851880927448, 0.9736770140673088, 0.0 0.0 0.00030035120854190946 0.0025807575673230674 0.010463914171322935 0.12806640971736458 0.8585885673354476, 
15, 0011111100, 0011111100, 0.5847385100668036, 0.9720198015768124, 0.0 0.0 0.0 0.0010310506470373982 0.012623199976591226 0.13954163864483093 0.8468041107315405, 
16, 0011111100, 0011111100, 0.5865059433023314, 0.9749091520414841, 0.0 0.0 0.0 0.0008264957406458399 0.013587601049575605 0.12089039843000635 0.8646955047797722, 
17, 0011111000, 0011111100, 0.588199820306099, 0.9776808639811111, 0.0 0.0 0.0005459400878886949 0.0015963654614765301 0.011096770997731943 0.10474841738188541 0.8820125060710174, 
18, 0011111100, 0011111100, 0.5852909133418155, 0.9729121559238494, 0.0 0.0 0.0 0.0024899609510361754 0.014874101464985296 0.125308978673824 0.8573269589101545, 
19, 0011111100, 0011111100, 0.586294559163021, 0.9746167586286036, 0.0 0.0 0.0 0.00043258789915470844 0.009824133780734899 0.13135341696944414 0.8583898613506662, 
20, 0011111100, 0011111100, 0.5884811413990965, 0.9781792590541825, 0.0 0.0 0.0 5.426567616144815e-05 0.01090889776600345 0.10894385311441472 0.8800929834434204, 
21, 0011111100, 0011111100, 0.5859185362235794, 0.9739914305838545, 0.0 0.0 0.0 0.0008231278243861098 0.017308456506034575 0.11896512001164583 0.8629032956579336, 
22, 0011111100, 0011111100, 0.5875858769310984, 0.976641567315293, 0.0 0.0 0.0 0.002396953097026497 0.012950007564918172 0.10705972168732714 0.8775933176507281, 
23, 0011111000, 0011111000, 0.5859876570351974, 0.9740263967044974, 0.0 0.0 0.0 0.0006412646820349069 0.015027045444553766 0.12386373483780372 0.8604679550356076, 
24, 0011111100, 0011111100, 0.586534036179005, 0.9749694283431578, 0.0 0.0 0.0 0.0005168759841097961 0.011874189304698123 0.12488442337932815 0.862724511331864, 
25, 0011111100, 0011111100, 0.5845376267294979, 0.9716979161032879, 0.0 0.0 0.0005064772949216478 0.0017750102374859934 0.015095664651091661 0.1322702341859453 0.8503526136305554, 
26, 0011111000, 0011111100, 0.5859520744564557, 0.9740361533207459, 0.0 0.0 0.0009291889854593929 0.0011276257779881003 0.016069513879142003 0.11654441904143883 0.8653292523159717, 
27, 0011111000, 0011111100, 0.5887417856276929, 0.9786498727967213, 0.0 0.0 5.9824280238662444e-05 0.0006138342311304754 0.010671683128264964 0.10467659714879589 0.8839780612115701, 
28, 0011111100, 0011111100, 0.5883413611180838, 0.9779200245109583, 0.0 0.0 0.0 4.375698139000506e-05 0.008562399141250997 0.11522378370757831 0.8761700601697807, 
29, 0011111100, 0011111100, 0.5865968797212612, 0.9750285789312108, 0.0 0.0 0.0 0.0010223811145467416 0.01230206311915277 0.1221572568307905 0.86451829893551, 
30, 0011111100, 0011111100, 0.5868661180702052, 0.9755022909616304, 0.0 0.0 0.0005273438283604667 0.0029664225456983414 0.01504107836479828 0.10589545455008359 0.8755697007110592, 
31, 0011111100, 0011111100, 0.5859932381294692, 0.974068893597864, 0.0 0.0 0.0 0.0015098868043390058 0.015168877510398863 0.12071922297900099 0.8626020127062611, 
32, 0011111100, 0001111100, 0.5863006363820698, 0.9745814748660572, 0.0 0.0 0.0 0.0007261627655369894 0.01173417755057962 0.12686430740588683 0.8606753522779966, 
33, 0011111100, 0001111100, 0.586731081445804, 0.9752453269631746, 0.0 0.0 0.0 0.0007644696942185433 0.013834957573609929 0.11856471399107682 0.8668358587410947, 
34, 0011111100, 0011111100, 0.5851700668641776, 0.9726162563170846, 0.0 0.0 0.00031160154853173663 0.0017079855419821527 0.015593258562844778 0.12674558215172912 0.8556415721949122, 
35, 0011111100, 0011111100, 0.5846447349798608, 0.9718944330378888, 0.0 0.0 0.0 0.001334803330621691 0.020114345318359674 0.12440030114408306 0.8541505502069355, 
36, 0011111000, 0011111000, 0.5842869237085411, 0.971286013068225, 0.0 0.0 0.00018518389905963623 0.002920826849438491 0.016384427362597653 0.13001185072090063 0.8504977111680035, 
37, 0011111100, 0011111100, 0.5868707003133518, 0.9755417753055065, 0.0 0.0 0.0 0.00025053313149980843 0.010290556781894939 0.12541663520867133 0.864042274877934, 
38, 0011111000, 0011111000, 0.5884970438495778, 0.978207786492544, 0.0 0.0 0.0 0.0012985348688899087 0.009092837684923579 0.1086720010682193 0.8809366263779672, 
39, 0011111100, 0011111100, 0.5886260660923414, 0.9783994624407445, 0.0 0.0 0.0 0.000731552529087691 0.008155728355452667 0.11109711105736507 0.8800156080580945, 
40, 0011111100, 0011111100, 0.583873657039173, 0.9705554425672639, 0.0 0.0 0.0010265257131959816 0.0010358272756702878 0.017044359490404844 0.13536504093581142 0.8455282465849175, 
41, 0011111100, 0011111100, 0.5879968889973262, 0.9774088252993993, 0.0 0.0 0.0 0.0002679488763129711 0.008050910038430175 0.11864138149780476 0.8730397595874521, 
42, 0011111100, 0011111100, 0.5875748289700921, 0.9767451829673673, 0.0 0.0 0.0 0.001484172037808157 0.012053783469320005 0.11096881914373229 0.8754932253491396, 
43, 0011111000, 0011111100, 0.5841452316046328, 0.9709928058116418, 0.0 0.0 0.0 0.001486394306390789 0.020893021922109935 0.127797938366757 0.8498226454047423, 
44, 0011111100, 0011111100, 0.5855246965780108, 0.9732840438730102, 0.0 0.0 0.0 0.0013666593068102427 0.014391514556076445 0.12741272972935547 0.8568290964077578, 
45, 0011111100, 0001111100, 0.5856593119285756, 0.9734809643807485, 0.0 0.0 0.0002397062313249281 0.0022106804101319467 0.013250042747207183 0.12502326206539893 0.859276308545937, 
46, 0011111100, 0011111100, 0.5868611393931964, 0.9755283638171174, 0.0 0.0 0.0 0.00018987981945030034 0.011395894916322577 0.12346838780630033 0.8649458374579267, 
47, 0011111100, 0011111100, 0.5855605245590636, 0.9733468024573128, 0.0 0.0 0.0 0.0012382907986845004 0.012114459621928666 0.13197539361621294 0.8546718559631739, 
48, 0011111100, 0001111100, 0.5849530691495157, 0.9723491328850952, 0.0 0.0 0.0 0.0011032558130865437 0.012871896508563444 0.13685164223304208 0.8491732054453079, 
49, 0001111100, 0011111100, 0.5869690666132977, 0.9756682435399808, 0.0 0.0 0.0 0.0012820122084257572 0.00946074520899224 0.1232230117168529 0.8660342308657291, 
50, 0011111100, 0011111100, 0.584949260134027, 0.9722908642028082, 0.0 0.0 0.0 0.000950726942910708 0.014754079801090347 0.13389447435223814 0.8504007189037608, 
51, 0011111100, 0011111100, 0.586706542193258, 0.9752656310199982, 0.0 0.0 4.389241569345905e-05 0.0015276777123507288 0.01271438093391612 0.1182188492123529 0.8674951997256867, 
52, 0011111100, 0011111100, 0.5888968330995324, 0.9789188930080296, 0.0 0.0 0.0 0.00012245802153473806 0.009102940478887024 0.10791338692944412 0.8828612145701341, 
53, 0011111100, 0011111100, 0.5838405854462756, 0.9704785452156856, 0.0 0.0 0.00043178286158624145 0.002575037560130691 0.01734713409789182 0.13298221638336613 0.8466638290970251, 
54, 0011111100, 0011111100, 0.5874117831809972, 0.9763877648436518, 0.0 0.0 9.880811766204378e-05 0.0006885530799504262 0.010488316904179854 0.1182358854192309 0.8704884364789768, 
55, 0011111100, 0011111100, 0.5846194430597726, 0.971743684937835, 0.0 0.0 5.2188693621499195e-05 0.001962001737782217 0.015839974305657218 0.13176318177384275 0.8503826534890963, 
56, 0000000000, 0011111100, 0.5853414380008615, 0.9729761761197884, 0.0008577558969441932 1.666166721136352e-05 0.00036953674541007726 0.0016944963561416279 0.01448450070322664 0.12138246210702962 0.8611945865240365, 
57, 0011111100, 0011111100, 0.5877472750369569, 0.9769606441632848, 0.0 0.0 0.00030778035212777904 0.0013027828904722417 0.013409002402418733 0.10627866013552588 0.8787017742194554, 
58, 0011111100, 0011111100, 0.5855274032350517, 0.973285176776672, 0.0 0.0 0.0001602049004219827 0.002418322069290138 0.013842341376357077 0.12470847077769534 0.8588706608762354, 
59, 0011111100, 0011111100, 0.5861324474874432, 0.9744333973121623, 0.0 0.0 0.0 0.0005789234019928886 0.015330450321963512 0.12100194527712063 0.863088680998923, 
60, 0011111100, 0011111100, 0.5863245294250716, 0.9746217042006301, 0.0 0.0 0.0 0.0007199667746266935 0.011499572881512928 0.1271107287093134 0.860669731634547, 
61, 0011111100, 0011111100, 0.5840401854016048, 0.9708592779521905, 0.0 0.0 0.0008494794740232398 0.0028942338798794856 0.011280820468963301 0.1402020718131989 0.8447733943639352, 
62, 0011111100, 0011111100, 0.5875579149462307, 0.9766642966476757, 0.0 0.0 0.0 0.0005240215128657931 0.010491117241153283 0.11745992109304194 0.8715249401529389, 
63, 0011111000, 0011111100, 0.5877053743948785, 0.9770019867553701, 0.0 0.0 0.0 0.0002739216636967091 0.011024824836954834 0.1151166648027799 0.8735845886965685, 
64, 0011111100, 0011111100, 0.5868227730722493, 0.9753584131810199, 0.0 0.0 0.000172086063707627 0.002977463325854639 0.009792225837891903 0.11864433500570219 0.8684138897668435, 
65, 0011111100, 0011111100, 0.5864246362306688, 0.9747701260750948, 0.0 0.0 0.0 0.0005270103720160608 0.01237678147331155 0.12504464948675997 0.8620515586679124, 
66, 0011111000, 0011111100, 0.5846959807572075, 0.9719466050138742, 0.0 0.0 0.0 0.0008956322947468039 0.01749363507894745 0.13064620287461973 0.850964529751686, 
67, 0011111100, 0011111100, 0.5872386853176864, 0.9762002353259603, 0.0 0.0 0.0 0.0010236481594002814 0.007068707916781391 0.12559022773247525 0.8663174161913432, 
68, 0011111100, 0011111100, 0.5871014494324577, 0.9758557691851699, 0.0 0.0 5.048995002349217e-05 0.0018724392426667468 0.01007368317858142 0.11889874100372343 0.869104646625005, 
69, 0011111100, 0011111100, 0.585603828193539, 0.9734313403179349, 0.0 0.0 2.777692008018493e-06 0.0020132114412847214 0.012464558495501375 0.1284320960095008 0.8570873563617051, 
70, 0011111100, 0011111100, 0.5872522131410355, 0.9761615959545259, 0.0 0.0 0.0 0.001830335615708388 0.014683616491006732 0.10817218444370615 0.8753138634495787, 
71, 0001111100, 0011111000, 0.5832895026977966, 0.9695249734005649, 0.0 0.0 0.0 0.0031589695298395977 0.02010995275996601 0.1331533454871602 0.8435777322230341, 
72, 0011111000, 0011111100, 0.5781563841772257, 0.9610613340864055, 0.010044399066062852 0.0002835074718644789 8.243947909340971e-05 0.002696981016479645 0.014823020062772552 0.1338813226345102 0.8381883302692169, 
73, 0011111100, 0001111100, 0.5879561245433219, 0.977338635121587, 0.0 0.0 0.00021402622876655485 0.0012022153694085278 0.010928708233136393 0.10964802178091305 0.8780070283877756, 
74, 0011111100, 0011111100, 0.5868043095020289, 0.9754366927671461, 0.0 0.0 0.0 0.00269271546002449 0.011296303238533794 0.11670909053998317 0.8693018907614586, 
75, 0001111100, 0011111100, 0.5852344657023868, 0.9728590517342368, 0.0 0.0 0.0 0.0030252638082196737 0.013000450350307963 0.12776899746930517 0.8562052883721673, 
76, 0001111100, 0011111000, 0.5846966526462963, 0.9719639634825901, 0.0 0.0 0.0 0.0008628676668386799 0.01661366442061107 0.1324002872627219 0.8501231806498284, 
77, 0011111100, 0011111100, 0.5860285460851744, 0.9740972871931929, 0.0 0.0 0.00016503554003987993 0.0021966961497046833 0.013340590184324354 0.12148486586292026 0.8628128122630108, 
78, 0011111100, 0011111100, 0.586200113871209, 0.9744635964592214, 0.0 0.0 0.0 0.0002927729772837105 0.009884321176344416 0.13257145996013203 0.8572514458862398, 
79, 0011111100, 0011111100, 0.5849117111056897, 0.9723665785879506, 0.0 0.0 4.722892426416987e-05 0.0023519568116866403 0.011586096535421413 0.13538354926933735 0.8506311684592904, 
80, 0011111100, 0011111100, 0.5851927636175492, 0.9727285541279483, 0.0 0.0 0.0003205103340064911 0.00281557810068349 0.01363899587344561 0.1266219078473422 0.8566030078445223, 
81, 0011111100, 0011111100, 0.5843165204141992, 0.9713404471497422, 0.0 0.0 0.0002300885248276804 0.0027382921755232338 0.015230242359948251 0.13236160175576975 0.8494397751839311, 
82, 0011111100, 0011111100, 0.5868490865301683, 0.9755200074700671, 0.0 0.0 0.00010746648826678592 0.0010276706463096395 0.010844918853057366 0.12167723958148634 0.8663427044308799, 
83, 0011111100, 0011111100, 0.5840109552530774, 0.9708918162533667, 0.0 0.0 1.3727084596142882e-05 0.0020887554728407022 0.01768702997709354 0.13295386776870646 0.8472566196967631, 
84, 0011111100, 0001111100, 0.5873712176467638, 0.9763201467017609, 0.0 0.0 0.0 0.0004907245015202249 0.01051880588377285 0.11956933451732825 0.8694211350973787, 
85, 0011111100, 0011111100, 0.5852752119584378, 0.972866213280508, 0.0 0.0 5.371373513426099e-06 0.0010996703960825147 0.016381488344873615 0.12671924694490275 0.8557942229406278, 
86, 0011111100, 0011111100, 0.5841540680615784, 0.9710561102741889, 0.0 0.0 0.00042547284286839615 0.003870086209249503 0.017578888147705012 0.12519341206023354 0.8529321407399435, 
87, 0011111100, 0011111100, 0.587800152169639, 0.9771397368375603, 0.0 0.0 0.0 0.0018845010138851686 0.010421315061596475 0.11066544580979082 0.8770287381147276, 
88, 0011111100, 0011111100, 0.5837573469260342, 0.9702853706537223, 0.0 0.0 0.0 0.0034523277169235685 0.018524142827136873 0.1308825072726218 0.8471410221833177, 
89, 0011111100, 0011111100, 0.5851142379501637, 0.9725874576224696, 0.0 0.0 0.00010699294232073283 0.0036132725680326416 0.017764230304283094 0.11767900418323517 0.8608365000021283, 
90, 0011111100, 0001111100, 0.5857910976645759, 0.9737356029803735, 0.0 0.0 0.0 0.0004896661088885579 0.011066223890970228 0.13398493600915204 0.8544591739909893, 
91, 0011111100, 0011111100, 0.5874249930176847, 0.976354283881086, 0.0 0.0 0.0 4.3687030558131983e-05 0.01230529012429144 0.11713265537322658 0.8705183674719238, 
92, 0011111100, 0011111100, 0.584946893748889, 0.9723799489597446, 0.0 0.0 1.5383907635041644e-05 0.001889676889676196 0.014154415780972148 0.13168090838001997 0.8522596150416966, 
93, 0011111100, 0011111100, 0.5841246784076056, 0.9710501314467651, 0.0 0.0 0.00045493328680157655 0.002312475429769896 0.015065238008954237 0.1348115758649848 0.8473557774094894, 
94, 0011110000, 0011111100, 0.5864510935902482, 0.9748638667128993, 0.0 0.0 2.890990264722279e-05 0.0013126245948565955 0.01282943363182825 0.12110441906378952 0.8647246128068784, 
95, 0011111100, 0011111110, 0.5875554528753182, 0.9766503060198448, 0.0 0.0 0.0 0.0013958139096661123 0.010408115483335824 0.1150944911852618 0.8731015794217363, 
96, 0001111100, 0011111100, 0.5865657650057551, 0.9750476946604562, 0.0 0.0 0.0 0.00034892289648128405 0.013429085549540557 0.12180889224873825 0.8644130993052399, 
97, 0011111100, 0011111100, 0.5803851482689815, 0.9647054336816178, 0.008096873606798762 0.00023313395310015902 0.0007721126308712505 0.00046394967602180577 0.014478525543704308 0.12858313586504094 0.8473722687244628, 
98, 0011111100, 0011111100, 0.5876082277012897, 0.9768245346460105, 0.0 0.0 0.0002588020129344541 0.0016373989242455752 0.014020189117963738 0.10506500906353526 0.8790186008813209, 
99, 0011111100, 0011111100, 0.5870569008139886, 0.9758039555340103, 0.0 0.0 0.0 0.0 0.012994237858056796 0.11918779107982398 0.8678179710621191, 
100, 0011111100, 0011111100, 0.5866746841894777, 0.9751989116111852, 0.0 0.0 0.00016181838318217367 0.0011302993457247244 0.012987311888837167 0.11879373498531193 0.866926835396944, 
