run, initial grid state, final grid state, mean grid cell occupancy, mean binding site occupancy, fraction of time with N TFs bound, warning
1, 0011111100, 0011111100, 0.5595158512703203, 0.9323939263725644, 0.0011577971334485496 0.00011090971871276696 0.004590500840861172 0.01858102099593151 0.05525126427003528 0.21352751547904916 0.7067809915619615, 
2, 0011111100, 0011111000, 0.5657535384711623, 0.9427962379218471, 0.0 0.0 0.0003318000339848654 0.0062453365821212095 0.04496072909631101 0.2332379043939926 0.7152242298935902, 
3, 0011111000, 0000111100, 0.566199258614225, 0.943534756426505, 0.0 1.0566582868099211e-05 0.00041127693011999125 0.004098904146844468 0.047981025948776755 0.22883475646806237 0.7186634699233284, 
4, 0011111100, 0011111100, 0.5585047185115322, 0.9307140534808537, 0.000942229198634965 0.0001293573816451572 0.0016708545004399048 0.013436288557147694 0.061374219015789405 0.23967479531006103 0.6827722560362819, 
5, 0011111100, 0011111100, 0.5593211521086179, 0.9320689306837268, 0.0 0.0 0.0013819200545869554 0.017151626850716528 0.05528455370955484 0.24003474770803176 0.6861471516771099, 
6, 0011111000, 0011111100, 0.5300795605232413, 0.8833411008136675, 0.04807659563220841 0.004071162581780524 0.0060414603664788 0.012789049371104961 0.05805515606032722 0.21249470671595747 0.6584718692721426, 
7, 0011111100, 0011111100, 0.5509801884325936, 0.918171842276433, 0.016295693598498615 0.001578248073836508 0.004747426545281382 0.009108190815980903 0.052138047518591385 0.23471317071497744 0.6814192227328338, 
8, 0011111100, 0011111100, 0.5670671449087795, 0.944976104462666, 0.0 0.0 0.0012774808791181018 0.007646811565229494 0.035026057161102624 0.23204090068963842 0.7240087497049114, 
9, 0011111000, 0011111100, 0.5597631869560677, 0.932805819401115, 0.003511876865038644 0.00024640817285821547 0.0018440977030058131 0.011616028177034258 0.053595317239799385 0.23144667171606284 0.6977396001262008, 
10, 0011111100, 0011111100, 0.5667116799040278, 0.944386397085197, 0.0 0.0 0.00047031106659165445 0.005085772012764208 0.05169251094150616 0.21315803530114685 0.7295933706779911, 
11, 0001110000, 0011111100, 0.5521301505341086, 0.9200841600769579, 0.0047474796134263555 0.0005139800537776947 0.0018130999417721087 0.018996934085983283 0.07843239026737822 0.22733227902901224 0.6681638370086501, 
12, 0011111000, 0011111100, 0.5633262524022903, 0.9387475027927797, 0.0 0.0 0.0008139206073801289 0.009227697151545413 0.046955101246074264 0.2426660068670171 0.7003372741279831, 
13, 0011111100, 0011111100, 0.5605772908273537, 0.9341586666534586, 0.0 0.0 0.0002876257017484165 0.011704681786840478 0.06271684314322608 0.23334976562528145 0.6919410837429035, 
14, 0001111100, 0000111100, 0.5437957344903418, 0.9061960294043682, 0.025340463264098504 0.002122637068679446 0.005949312629977507 0.011937765445202126 0.055161583980180486 0.23023414382992508 0.6692540937819369, 
15, 0001111100, 0011111100, 0.5649781815203369, 0.9414978380341676, 0.0 0.0 0.00018669147088683786 0.004092576037575361 0.05063812764471818 0.23671222250928467 0.7083703823375349, 
16, 0011111100, 0011111100, 0.554138822117655, 0.9234392215753843, 0.0 0.0 0.0031553608722558754 0.01687269154789962 0.0725654682434805 0.2509942159280111 0.6564122634083529, 
17, 0011111100, 0000001100, 0.5621102367492888, 0.9367158730425788, 0.00491444606723388 0.0005056830034985996 0.0021702870091967353 0.006760698750830465 0.04446075341124195 0.22980491921186913 0.7113832125461292, 
18, 0011111100, 0011111100, 0.5521977392632162, 0.9202000243562345, 0.01370350174665204 0.000992062188109358 0.001332044648256756 0.015048151765285914 0.056349989205485576 0.2284459201422779 0.6841283303039325, 
19, 0011111100, 0011111100, 0.5646199142152191, 0.9409010329626791, 0.0 0.0 0.0028278923018478777 0.01123741656774799 0.05108657880053897 0.20739682571221213 0.7274512866176529, 
20, 0011111000, 0001111100, 0.564446777547876, 0.9406081261036489, 0.0 0.0 0.0 0.013589867963130487 0.048101197597366356 0.21937924429398342 0.7189296901455198, 
21, 0011110000, 0011111100, 0.5605015416278362, 0.9340334992851257, 0.0 0.0 0.00040208494063644177 0.015346345878445562 0.05508296945315307 0.23798568798505668 0.6911829117427083, 
22, 0001111100, 0011111000, 0.5610451049591197, 0.9349409969888937, 0.0 0.0 0.003494828876114033 0.014083517691053761 0.050791150264286856 0.23254184896044652 0.6990886542080988, 
23, 0011111100, 0001111100, 0.5650958662018228, 0.941692004595482, 0.0 0.0 0.00029077357154482886 0.008015804495876508 0.049159163183528 0.22631913828624306 0.7162151204628077, 
24, 0011111100, 0011111100, 0.5637651982220513, 0.9394689650243413, 0.0 0.0 0.0007929004665812991 0.008034436616612253 0.053492557178172605 0.22892618378144522 0.7087539219571886, 
25, 0000011100, 0011111100, 0.5518109153372135, 0.9195537955861309, 0.011043451248568125 0.0010667490234446523 0.005524235607412599 0.015396475148953861 0.06124598044297238 0.22030444511212577 0.6854186634165226, 
26, 0011111100, 0011111100, 0.5396665755346288, 0.8993194565334939, 0.03470067189837024 0.0033879013531781374 0.00598711632935734 0.015424391703154584 0.050706924072982995 0.20730423407006562 0.6824887605728912, 
27, 0000011100, 0011111100, 0.5628521313852534, 0.9379487694798754, 0.0 0.0 0.0015971376401067421 0.01499600193849523 0.04716002184259272 0.22661078305964963 0.7096360555191557, 
28, 0001111100, 0000000000, 0.5567320259041311, 0.9277473956557176, 0.008454619260792164 0.0007370575303345634 0.0019875743842506406 0.00652470638940732 0.05529348948482724 0.24099122717438928 0.6860113257759988, 
29, 0011111100, 0011111100, 0.5579594818079835, 0.9297985088298719, 0.0036034718574143587 0.00022683471326396577 0.0017902186563155693 0.007150193698162562 0.055675999694930076 0.25849048720035267 0.6730627941795608, 
30, 0000111100, 0011111100, 0.5525355229626894, 0.9207550883319003, 0.009503151893631077 0.0009395879407948255 0.0021472057134469375 0.011249593964139715 0.0719638376758059 0.22748733884501887 0.6767092839671627, 
31, 0011111100, 0011111100, 0.562747682351477, 0.937773759228144, 0.0 0.0 0.001331523909769711 0.004618959530803898 0.05385539061112378 0.24646368917739786 0.6937304367709047, 
32, 0011111100, 0011111100, 0.5632078076748307, 0.9385502531665946, 0.0 0.0 0.0023499572133133806 0.007399275381044773 0.054443673619810416 0.22821347876442344 0.7075936150214079, 
33, 0011111100, 0011111100, 0.5628692724246166, 0.9379827196444454, 0.0 0.0 0.0015468364705512776 0.015787846530906372 0.04605217657527499 0.2264484435078528 0.7101646969154146, 
34, 0011111100, 0011111100, 0.5682703780154982, 0.9469798392173286, 0.0 0.0 0.0021646877292589204 0.007388324291491578 0.03608516992830831 0.21512690104790064 0.7392349170030406, 
35, 0011111100, 0011110000, 0.5506542965701632, 0.9176324798201525, 0.026752811513087237 0.002014526436647631 0.0014198401626827034 0.0144726657283051 0.026796804213679668 0.220924653554318 0.7076186983912797, 
36, 0011111100, 0011111100, 0.556380906147955, 0.9271672692902097, 0.002306784159900688 0.000336716339969635 0.00443396611710827 0.01827092467257498 0.06614990410068126 0.2166236509119693 0.6918780536977958, 
37, 0011111100, 0011111100, 0.5623147245907693, 0.9370517088189046, 0.002293808599554286 0.00035752562363817574 0.00476989739754322 0.008606523469305944 0.053866460947129775 0.20950718547870426 0.7205985984841242, 
38, 0011111100, 0001111100, 0.5655579278186901, 0.9424522135175635, 0.0017213276317100295 0.00021724203570717854 0.0025052389426854674 0.007143264868729277 0.04672217257612865 0.208977447396636 0.7327133065484035, 
39, 0011111100, 0011111100, 0.5518847427852653, 0.9196871181332862, 0.0 0.0 0.002286668991967042 0.018110786040009617 0.07601006716159499 0.266378122789195 0.6372143550172332, 
40, 0011111100, 0011110000, 0.5544399497284026, 0.9239375447986837, 0.005031555729542119 0.000463715049469698 0.0015875367809894821 0.01470694820061218 0.06414177057906888 0.24511228869936466 0.668956184960953, 
41, 0011111100, 0001111100, 0.5592960145743596, 0.932027034183313, 0.0 0.0 0.00026932643956581746 0.008083282884060171 0.06292638967109147 0.25665786114749545 0.6720631398577871, 
42, 0011111100, 0011111100, 0.5543561093554586, 0.9237942699500021, 0.0 1.4412221653631754e-05 0.006253120748459579 0.019293916847617894 0.06462968716089446 0.24500871133323798 0.6648001516881366, 
43, 0011111100, 0001111100, 0.5653059243661458, 0.9420439723387058, 0.0 0.0 0.000423283290111905 0.00911781091489411 0.042479841310747 0.23372991744114094 0.714249147043106, 
44, 0011111100, 0011111100, 0.5633137203265413, 0.9387266036541794, 0.0 0.0 0.001782123017625908 0.011161761555026541 0.056609143725871613 0.21380831388759777 0.7166386578138783, 
45, 0011111100, 0011111100, 0.5547703695867431, 0.9244829017279953, 0.009230722725102333 0.0006304665494185402 0.003306140338904999 0.01298426610267734 0.05987485959527202 0.2226388416801261 0.6913347030084988, 
46, 0001111100, 0011111000, 0.5570982617904038, 0.9283551830218102, 0.002372312251996951 0.00020931996289432048 0.0027861227753365604 0.009464599340540865 0.06413144114530214 0.246787257129112 0.6742489473948171, 
47, 0011111100, 0011111100, 0.5521664219665248, 0.9201479028883428, 0.015803257459834217 0.0012920203063917584 0.0037162991333512603 0.015941357315341742 0.049329872798529455 0.21648392230249056 0.697433270684061, 
48, 0001111100, 0011111100, 0.5619068681625781, 0.9363787663606906, 0.0 0.0 0.0008504602635941538 0.01589408720856216 0.0632473632578192 0.20414857264015426 0.7158595166298702, 
49, 0011111100, 0011111100, 0.5628199068103826, 0.9379013674477096, 0.0 0.0 0.0010626938251814388 0.01148171426760821 0.06293635275514355 0.20802317169990525 0.7164960674521614, 
50, 0011111100, 0001111100, 0.5572919517579419, 0.9286840426267617, 0.017396818606511693 0.0016118328884096938 0.0018300264328061965 0.006912208129574344 0.0422142323392835 0.2029704733597968 0.7270644082436178, 
51, 0011111100, 0011111100, 0.5620624474639669, 0.9366377404149525, 0.0 0.0 0.0039661843956425285 0.014328131523604909 0.047180149325604395 0.22696412670569094 0.7075614080494572, 
52, 0011111000, 0011110000, 0.5637581152813261, 0.9394650379895375, 0.0 0.0 0.002909706465072894 0.007816367649532712 0.0544012511803407 0.2193193408932039 0.7155533338118498, 
53, 0011111100, 0011111100, 0.5586490990567679, 0.9309526405717954, 0.00597027216805844 0.000563902384973367 0.001943678903863728 0.013313715976591641 0.053049442005310546 0.22182826408015957 0.7033307244810427, 
54, 0001111100, 0011111100, 0.563858334188997, 0.9396326082572125, 0.0 0.0 0.0009624921200101147 0.00929225079750769 0.05741033257539453 0.21565696443337243 0.7166779600737152, 
55, 0011111100, 0011111100, 0.5543892663015862, 0.9238583085139194, 0.0026373928646821064 0.0002470224661719231 0.0027670000436972432 0.01528497877542934 0.07037358228195703 0.2421205783325401 0.6665694452355223, 
56, 0011111100, 0011111100, 0.5444425950107221, 0.9072779406674484, 0.01745702701200031 0.0015326677571184293 0.007748002201814572 0.015934764873756665 0.06754342036886427 0.23004371097145862 0.6597404068149871, 
57, 0011111100, 0011111100, 0.5549760963429818, 0.9248272040142816, 0.008093994481585308 0.0006599566065502166 0.0027362440671385465 0.014829293524301334 0.05199880443186123 0.23974256028686594 0.6819391466016974, 
58, 0011111100, 0011111100, 0.5620734393788382, 0.9366611865210079, 0.0 0.0 0.001548174944206476 0.012260217079426913 0.04817690965988567 0.24070571053907522 0.6973089877774056, 
59, 0011111100, 0011111100, 0.5602081932789372, 0.9335396223521921, 0.0032991235242131774 0.0004613448497278917 0.0013450364101398275 0.013511844977648143 0.05956441176350635 0.21161629639241247 0.7102019420823521, 
60, 0011111100, 0011111100, 0.5632050475301674, 0.9385370504108215, 0.0 0.0 0.0002935426216400237 0.007429214829550896 0.05666935389797632 0.23197717476390642 0.7036307138869263, 
61, 0011111100, 0001111000, 0.5560008142770683, 0.9265312475926063, 0.010559512016258807 0.0009374583361983299 0.003034037627804109 0.010041137571705067 0.04812973879888609 0.23424910984171413 0.6930490058074334, 
62, 0011111100, 0011111100, 0.5607093855097987, 0.9343850082570643, 0.0027117704371276354 0.0002597038136186486 0.0022132227748971893 0.009637136838100944 0.049231768561754145 0.23989297002935503 0.6960534275451464, 
63, 0011111100, 0011111100, 0.561590641336164, 0.9358577472952581, 0.0004928445292344546 0.0001841615449894042 0.001750124207809028 0.017025524871474025 0.0615145668840084 0.1998694361144231 0.7191633418480616, 
64, 0011111100, 0000111100, 0.5629616992389492, 0.9381359186749808, 0.0 0.0 0.0033373931117258748 0.011384142214758995 0.051816009218810535 0.2200504704213138 0.7134119850333908, 
65, 0001111100, 0001111100, 0.5654007432997825, 0.9422053394812449, 0.0 0.0 0.0006113105811962059 0.008407066409950063 0.050788713799938705 0.2175240939580182 0.7226688152508969, 
66, 0011111100, 0011111100, 0.5643677746072685, 0.9404850458636638, 0.0 0.0 0.0009172002184359799 0.008712457777198666 0.04735245672057831 0.2325786371715203 0.7104392481122668, 
67, 0011111100, 0011111100, 0.5574849904456075, 0.92901728014348, 0.0 0.0 0.0022627415978921307 0.016020365142575637 0.06992098894414618 0.22894227943153247 0.6828536248838535, 
68, 0011111100, 0011111100, 0.5651902249618319, 0.9418579271883203, 0.0 0.0 0.00036098277859869456 0.0071955904800653945 0.04484144003476706 0.2361388542459535 0.7114631324606153, 
69, 0011111100, 0000111100, 0.5625209165408992, 0.9374028139187174, 0.0 0.0 1.2300465642242203e-05 0.013710296945614231 0.05916386771625909 0.2160752883557659 0.7110382465167187, 
70, 0011111000, 0011111100, 0.5476887141568113, 0.9126851173061244, 0.01202221347892063 0.001416175228104875 0.006309144001872596 0.017616545884293976 0.0631363043535938 0.24031631678164553 0.6591833002715687, 
71, 0001110000, 0011111000, 0.5535634286273917, 0.9224822829750132, 0.0061623636729307395 0.0004694159865171568 0.0025728388616584026 0.01611678509147177 0.07091694669045846 0.22530943607778456 0.678452213619179, 
72, 0011111100, 0011111100, 0.5563023113503631, 0.9270333875587665, 0.006767222629967303 0.000497566538819472 0.0024621242145267553 0.007996538049588614 0.05877394591655292 0.2433225033335212 0.6801800993170238, 
73, 0011111100, 0011111100, 0.5629700316381387, 0.9381440034881653, 0.0008155223423659233 0.00010346423427899678 0.00466552376023897 0.012206634395128719 0.043872543884410385 0.22269843785025445 0.7156378735333225, 
74, 0011111100, 0011111100, 0.5654539387389936, 0.9422877999162246, 0.0 0.0 0.0022235274188151244 0.011019761241028365 0.036730023003962005 0.23085976109638334 0.7191669272398112, 
75, 0011111000, 0011111000, 0.5640573176964803, 0.9399610537181168, 0.0 0.0 0.0010616369433927534 0.0045035834247474866 0.05498850339659256 0.23249937285030103 0.7069469033849662, 
76, 0011111100, 0011111100, 0.560388168954564, 0.9338430741315911, 0.0 0.0 0.0018533085111980209 0.007510134424985107 0.06458576825971653 0.237826381371272 0.6882244074328283, 
77, 0011111100, 0011111000, 0.5560373054746527, 0.926598208258784, 0.0 0.0 0.0013471928942972704 0.021204637102905786 0.07201620041655837 0.22737566672827264 0.6780563028579659, 
78, 0011111000, 0001111000, 0.5644653947441046, 0.9406391704862997, 0.0029544074264003972 0.00028123307632312884 0.0006861017667723411 0.006391414623775339 0.051823836791796855 0.21146604262017493 0.726396963694757, 
79, 0011110000, 0001111100, 0.5448901371113745, 0.9080224457586529, 0.0268386984265138 0.0021991787598563623 0.005550881629570835 0.008611998349065123 0.05347886002456702 0.22483999947510525 0.6784803833353217, 
80, 0011111100, 0000011100, 0.5529960083790272, 0.9215261351380538, 0.0032130194489991518 0.0002761882674185293 0.0048997815749912315 0.024052783022011345 0.060499209005351745 0.23742823776388647 0.6696307809173415, 
81, 0011111100, 0000111100, 0.5517629911053545, 0.9194709921292381, 0.01651864943166866 0.0011873098786187738 0.00433810315217231 0.012327255903830527 0.056814128835163964 0.2101631632509572 0.6986513895475885, 
82, 0011110000, 0011111100, 0.5603072088947147, 0.9337077834428743, 0.0062130652794018665 0.0006224928497841103 0.003843365879608747 0.015843633918920956 0.04265981074742054 0.20913845664738362 0.7216791746774801, 
83, 0001111100, 0011111100, 0.5548203429011885, 0.9245659285324461, 0.004966841767293753 0.00048680978384056255 0.006642857629589452 0.020638575505516753 0.058917951241890455 0.21404626976366956 0.6943006943081995, 
84, 0011111100, 0011111100, 0.5650743611912447, 0.9416559509245459, 0.0 0.0 0.0029408410485405436 0.007816344261280098 0.050446774045635294 0.21395834938345135 0.7248376912610927, 
85, 0011111100, 0001111100, 0.5654339987536473, 0.9422538921914134, 0.0 0.0 0.001991299064523095 0.007656382668561942 0.045608728591316594 0.22432484540510775 0.7204187442704906, 
86, 0011111100, 0011111100, 0.5634003681975266, 0.9388696034629749, 0.0 0.0 0.0013360188597043353 0.00862208262342237 0.051953160344306144 0.2316657352244539 0.7064230029481132, 
87, 0011111100, 0011111100, 0.563574303970965, 0.939158914821865, 0.0 0.0 0.0010999898100289842 0.01619437642767307 0.052942962425517465 0.20617749769463983 0.7235851736421406, 
88, 0011111100, 0011111000, 0.5612427823705823, 0.9352653794714808, 6.598650737682977e-05 7.19957677916118e-05 0.0011121941329545633 0.016506225758092283 0.05613389931429686 0.22141657285320673 0.7046931256662811, 
89, 0011111100, 0011111100, 0.5577240891285008, 0.9294068511564558, 0.0041226790071505585 0.0004597775293948536 0.008567817317874545 0.012084141117285176 0.04942465968942234 0.22715091936918924 0.6981900059696833, 
90, 0011111100, 0001111100, 0.5541688691161539, 0.92347327250031, 0.01161509587609132 0.0011542186348085742 0.0008837768589349587 0.012754481240534767 0.05058323941256792 0.24073366658507003 0.6822755213919925, 
91, 0011111100, 0011111100, 0.561704742671216, 0.9360364431708591, 0.0 0.0 0.0015074646904081246 0.01347348675906833 0.05896734130656882 0.2193963393228703 0.7066553679210845, 
92, 0011111100, 0011111000, 0.5561985172146783, 0.9268705982957556, 0.000830188947671368 1.2766013844013212e-05 0.0015013249442307579 0.017492478536029227 0.06144498895025277 0.2523587331847016 0.6663595194232702, 
93, 0011111100, 0011111100, 0.565636205877475, 0.9425970886030526, 0.0 0.0 0.0006154809138845262 0.008442959856363534 0.05296547655582608 0.2106957120454042 0.7272803706285217, 
94, 0011111100, 0011111100, 0.5613820101248215, 0.9355043008344197, 0.0 0.0 0.0 0.010421563581069706 0.06436171938004212 0.22698606549018804 0.6982306515487001, 
95, 0011111100, 0001111100, 0.5624330284837566, 0.9372586651756194, 0.0 0.0 0.0 0.007863850922043508 0.06189709527582076 0.22906226562851137 0.7011767881736244, 
96, 0011111000, 0011111000, 0.5680879204718094, 0.9466692498776027, 0.0 0.0 0.002245145201482375 0.006995028985665127 0.04088812784871667 0.2082425772740253 0.7416291206901106, 
97, 0001111100, 0011111100, 0.5517771039393974, 0.9195002106725533, 0.019206172449397242 0.0015140632722469736 0.0030922962232781447 0.011518813568997041 0.04389157285063875 0.2254826136056809 0.695294468029761, 
98, 0011111100, 0011111100, 0.5634575513140753, 0.9389606765528505, 0.0 0.0 0.0017679793889363038 0.011953330927230374 0.04978827627422887 0.2237274777970023 0.7127629356126022, 
99, 0011111100, 0011111100, 0.5618015966971583, 0.9361949487561477, 0.0005112514041646321 8.019280321722938e-05 0.0008137307011549812 0.01670930894795846 0.05156363073262289 0.2228517239082992 0.7074701615025826, 
100, 0011111100, 0011111000, 0.5565113762308214, 0.9273830810235185, 0.004629021024610882 0.0004738649256678422 0.004542728235117991 0.015131448411877267 0.04825893586045947 0.2454749331858622 0.6814890683564043, 
run, initial grid state, final grid state, mean grid cell occupancy, mean binding site occupancy, fraction of time with N TFs bound, warning
1, 0011111100, 0001111100, 0.5602073046115803, 0.9335415831759378, 0.0077748104250982535 0.0010356506484302168 0.0037349630291647284 0.011136545694784039 0.04574166863480096 0.20709055868101936 0.7234858028867024, 
2, 0011111100, 0011111000, 0.5494005889166936, 0.9155293829901449, 0.021284302673218673 0.0022705921806363545 0.0024182993056230317 0.007765668875571346 0.05333529908754429 0.22812412309234237 0.684801714785064, 
3, 0011111100, 0001111100, 0.5576264219332536, 0.9292445505015812, 0.002275393292737915 0.00017137747491126966 0.0035399495021557377 0.01708996450702291 0.05776819140179104 0.2290573755262557 0.6900977482951254, 
4, 0011110000, 0001111000, 0.5432267237447264, 0.9052526052992205, 0.01854632562241673 0.0017841614546694072 0.0031288520835260547 0.017844574338143834 0.07361308310554464 0.2350103096372042 0.6500726937584951, 
5, 0011111100, 0011111100, 0.5580375801475506, 0.9299355386452492, 0.0 0.0 0.0011159126115645112 0.011015017798968126 0.06280577036892525 0.25726652354749174 0.6677967756730504, 
6, 0001111100, 0000111000, 0.5546483262722176, 0.9242852649824341, 0.0009510240078927788 0.00011915357363189969 0.00630043900412045 0.017982891250437304 0.06587890901819742 0.2370782503856903 0.6716893327600298, 
7, 0011111100, 0000111100, 0.5600607793638206, 0.9333019835535384, 0.0 0.0 0.0006400254514562515 0.01643093344345067 0.0546930242401402 0.2389491480623121 0.6892868688026408, 
8, 0001111100, 0001111000, 0.5598571465061976, 0.9329544690831615, 0.0 0.0 0.0012387393448285828 0.01811764726304277 0.06796000225689887 0.20704528181879137 0.7056383293164384, 
9, 0011111100, 0011111100, 0.5613527374601659, 0.9354620260541989, 0.0006184140187753949 6.989594290052141e-05 0.002782449119091857 0.011629387429261362 0.05455467427432796 0.2280405725348436 0.7023046066807992, 
10, 0011111100, 0011111100, 0.561402779315975, 0.9355372443212975, 0.0 0.0 0.0010211643001680323 0.009092765639830632 0.06077359422306891 0.2338663915059137 0.6952460843310188, 
11, 0011111000, 0011111100, 0.5602577882218271, 0.933634094356502, 0.0 0.0 0.0015454938813361666 0.015294245501692776 0.054970095458714084 0.23619053091313663 0.6919996342451202, 
12, 0011111100, 0011111000, 0.5619413308129072, 0.9364301563882493, 0.0 0.0 0.001151294200739832 0.009374720446260499 0.05295495078795959 0.24277982195284364 0.6937392126121964, 
13, 0001111100, 0011111100, 0.5661041927196342, 0.9433725960136125, 0.0 0.0 1.4140476763163293e-05 0.006985261681064026 0.04632535472816218 0.22610136751175694 0.7205738756022536, 
14, 0011111100, 0011111100, 0.5632101663954243, 0.9385479260686393, 0.0 0.0 0.0010523045221306595 0.010338067067031071 0.04753729733810213 0.23841442962234397 0.7026579014503921, 
15, 0001111100, 0011111100, 0.5611455809542122, 0.9351104190195046, 0.0010552582035970686 0.00028497758932181764 0.0012421936317582006 0.010619493223112692 0.05168958367763849 0.24137462716313338 0.6937338665114384, 
16, 0011111100, 0001111100, 0.5553526148782355, 0.9254567195633203, 0.004823396351103952 0.0004631966426097211 0.0026684834283317266 0.01434215436060206 0.06094529935541876 0.24041232579443478 0.676345144067499, 
17, 0011111100, 0001111100, 0.5578252659363029, 0.9295716407257895, 0.0 0.0 0.001842266268122267 0.018536376689098185 0.0717916078430597 0.21600874481936091 0.691821004380359, 
18, 0011111100, 0011111100, 0.567154291201558, 0.9451238254090502, 0.0 0.0 0.0 0.00796928322045584 0.04359886266001207 0.21815147256430764 0.7302803815552245, 
19, 0011111000, 0011111100, 0.5601631605822043, 0.9334754766327882, 0.00031225742962939394 2.5659049039908815e-05 0.002096247900782369 0.011772936024757999 0.060992383445077986 0.23145673381273488 0.6933437823379774, 
20, 0011111100, 0011111100, 0.5588892562690817, 0.9313587136465238, 0.0 0.0 0.005497292107086792 0.01732578635090977 0.057415101397079275 0.22305098784562294 0.6967108322993013, 
21, 0011111000, 0011111100, 0.5582548240261945, 0.9302893411355018, 0.0 0.0 0.0035193040120653873 0.01358159454622754 0.07265532856911264 0.21813129636182024 0.6921124765107741, 
22, 0011110000, 0001111100, 0.5611088497910226, 0.9350501566857786, 0.0 2.536437461404573e-05 0.00326936485574955 0.008086161968313976 0.06479073094176635 0.2226548308007854 0.7011735470587707, 
23, 0011111100, 0011110000, 0.5626950755441908, 0.937695422631171, 0.0012894412257471537 7.041756210928871e-05 0.00025460127463749474 0.011037027279145054 0.04511324613598004 0.2413827498399992 0.7008525166823818, 
24, 0011111100, 0011111100, 0.5677401836731524, 0.9460909601920167, 0.0 0.0 0.0002576523940461306 0.004375656553317464 0.04836604134948061 0.21256457691280195 0.7344360727903539, 
25, 0011111100, 0011111100, 0.557814326276109, 0.9295582767539553, 0.008508440615341492 0.0005468872304857912 0.002293381030411039 0.011213162630078138 0.048265161939092555 0.2295219237417264 0.6996510428128646, 
26, 0011110000, 0001111100, 0.5625519459757152, 0.9374593108676291, 0.0 0.0 0.0035493864631140795 0.009953176827700307 0.05843601368128349 0.2143150310961015 0.7137463919318007, 
27, 0001111100, 0011111100, 0.5542078088167393, 0.9235396296414393, 0.010389190351403553 0.0009625375569645563 0.0029322996609926788 0.011675352961677422 0.060183029535102156 0.22449307565891227 0.6893645142749474, 
28, 0011111100, 0001111100, 0.5583184507110368, 0.9303935974902495, 0.002734939491825444 0.0002020911459938117 0.002056548054854529 0.012099145428418126 0.05072693752827249 0.2542408188163634 0.6779395195342721, 
29, 0011111100, 0011111100, 0.5525610551341841, 0.9208051697127008, 0.008914686194547442 0.0005876222518920613 0.004328984083686555 0.018812568333710707 0.059039027126692345 0.22691105770778705 0.6814060543016838, 
30, 0011111100, 0011111100, 0.565598487979459, 0.9425354773214857, 0.0 0.0 0.0008053328163402136 0.008023311163882375 0.05074794300541591 0.21599998530324618 0.7244234277111153, 
31, 0011111100, 0001111100, 0.5500713231844189, 0.9166566124050987, 0.017486600166388578 0.0012943595550807315 0.005277403270054005 0.01406796262261399 0.051406080334647386 0.2225432651783202 0.6879243288728951, 
32, 0011111100, 0011111100, 0.5677732040823567, 0.9461489935810846, 0.0 0.0 0.0011332831200063227 0.008549463398897839 0.045513493246145356 0.2018975293444835 0.7429062308904669, 
33, 0011111100, 0011111100, 0.5631507565716318, 0.9384558993655535, 0.0 0.0 0.001151655036014744 0.008143527734566117 0.05444518236713281 0.23133703572465633 0.70492259913763, 
34, 0011111100, 0011111100, 0.5421897068761551, 0.9035228908270032, 0.0289826545894931 0.002471903043751773 0.008235187524270006 0.013002594418777106 0.0527229989241934 0.2152126810804647 0.67937198041905, 
35, 0011111100, 0011111100, 0.5553479272407807, 0.9254522412990385, 0.0032719621264813057 0.0003238946707895823 0.002529679267591493 0.012396344799367614 0.059056034483675766 0.2606154856571134 0.6618065989949808, 
36, 0011011100, 0011111100, 0.5649657035476903, 0.9414713929346559, 0.0 0.0 3.879003624524389e-05 0.010781959891837337 0.04653922104367447 0.22559216048422248 0.7170478685440205, 
37, 0011111100, 0011111000, 0.5626774138704288, 0.9376597389721048, 0.0 0.0 0.0013927701158603172 0.008500046726912805 0.04846601823674752 0.24603830904969695 0.6956028558707824, 
38, 0000111100, 0011111100, 0.5346019500795112, 0.8908720219350313, 0.041226086419262085 0.0040386543084789455 0.007556057482811027 0.014648753061438783 0.04261611214721888 0.22781536492184637 0.6620989716589438, 
39, 0011111100, 0011111000, 0.5537094499107933, 0.9227063539333485, 0.011110141610720674 0.0009678842633681708 0.0046203974104219595 0.015150127297121773 0.05947226842588958 0.2093850970339109 0.699294083958567, 
40, 0011111100, 0011111100, 0.5485086232288999, 0.9140462258155729, 0.020979804072843507 0.0019419075385902092 0.002157911519748799 0.014152725076427983 0.05626672517538123 0.21651101131750894 0.6879899152994993, 
41, 0001111100, 0011111100, 0.545923672661177, 0.9097435143680267, 0.012087369659612943 0.0014657437565298377 0.004621658051281365 0.01703817056593369 0.07579235011606132 0.2405001329164637 0.6484945749341171, 
42, 0011111100, 0011111000, 0.5634892447998419, 0.9390166502350048, 0.0011310579961550803 0.00015029232140643253 0.003186808167826941 0.00820682935859398 0.05197083109405862 0.2170529060708014 0.7183012749911576, 
43, 0011111100, 0001111100, 0.5551653337728767, 0.9251468178243375, 0.006774558361632426 0.0006565628015402384 0.004747121411104604 0.016271341760565137 0.06085365277556846 0.21567911239922824 0.6950176504903609, 
44, 0011111100, 0011111100, 0.5644370879538101, 0.9405933011256503, 0.0 0.0 0.0015078889591011546 0.008604093904098413 0.05178992181139778 0.22101651207460363 0.7170815832507991, 
45, 0011111100, 0001111100, 0.5629549668184541, 0.9381266691882068, 0.0 0.0 0.0014377073524292877 0.007458310306627253 0.056663887656093516 0.22978644922897432 0.7046536454558755, 
46, 0011111000, 0011111100, 0.5560688508659887, 0.9266431172459828, 0.003737215069895358 0.0006158831073826267 0.01093370205526346 0.016442090190078616 0.04818880151208668 0.22519990875235493 0.6948823993129383, 
47, 0011111100, 0011111100, 0.5394107924245766, 0.8988908220955972, 0.02614794202646099 0.0021523301293107154 0.010493657990043545 0.01863146999261206 0.06212163101830502 0.21689346064647597 0.6635595081967918, 
48, 0011111100, 0001111100, 0.5575512809191382, 0.9291181741147635, 0.006841923454146157 0.0006282635467754091 0.0011099266069171541 0.006300247832106373 0.06647117374022204 0.22481529944823256 0.6938331653716002, 
49, 0011111000, 0011111100, 0.563498525594579, 0.9390373418143181, 0.0 0.0 5.123390991006578e-05 0.006864653436557263 0.05437027238710795 0.23623650839056437 0.7024773318758604, 
50, 0011111100, 0011111100, 0.5659500557212058, 0.943116263135804, 0.00025706925121057596 7.69952588672865e-05 0.001751282945069557 0.008576496476849231 0.04881446158601729 0.20901148500071554 0.7315122094812706, 
51, 0011111100, 0011111100, 0.5580892152612955, 0.9300157489651956, 0.005848315431379703 0.0006061710567356291 0.0016658763948468934 0.014779134760865086 0.05552881521409352 0.2197262180467002 0.7018454690953789, 
52, 0011111100, 0011111000, 0.5599717681538138, 0.9331547800383809, 0.0 0.0 0.0005126343812609853 0.013805657088057262 0.061654935796323314 0.23429393938785203 0.6897328333465065, 
53, 0001111100, 0011111000, 0.5547986115887982, 0.9245278738403419, 0.012781025829677793 0.0009705391117975256 0.0027057691528994694 0.009595500765047442 0.05251101894114654 0.2266622896318623 0.694773856567569, 
54, 0011111000, 0011111100, 0.5565438377143049, 0.927438253879285, 0.002368317274780046 0.0001305341902590933 0.0019610126379326553 0.01565278568617192 0.06964925970292626 0.22640697510821617 0.6838311153997138, 
55, 0011111100, 0011111100, 0.555181212670572, 0.925168457446952, 0.017182277786791465 0.0015009444326385144 0.0031231283882994024 0.010070933027809134 0.03781432365918733 0.22005690647934645 0.7102514862259277, 
56, 0011111100, 0011111100, 0.5618493307291045, 0.9362748709925786, 0.0005569112454618726 0.00011764717577798025 0.0014669680625467355 0.014673691266933362 0.05967502121819599 0.20918208220548884 0.7143276788255952, 
57, 0011111100, 0001111100, 0.5646813805050195, 0.9409970543967959, 0.0 0.0 0.0015285234363746642 0.008432082715959945 0.050672057736431596 0.2212632162529831 0.7181041198582506, 
58, 0001111100, 0011111100, 0.5466226526688163, 0.9109114778764732, 0.027714512582041596 0.0023972241569759018 0.001955364224508227 0.007332590252979017 0.05131143295911304 0.2238158428888354 0.6854730329355468, 
59, 0011111100, 0011111100, 0.5639587688331753, 0.9397879974064464, 0.0 0.0 0.00020169936014833903 0.009362172939960731 0.052037747335456803 0.2283032046299322 0.710095175734502, 
60, 0011111100, 0011111100, 0.5664034720352266, 0.9438768827369094, 0.0 0.0 8.080097492087454e-05 0.009326306676802747 0.04962257552565122 0.20919142859714937 0.7317788882254758, 
61, 0001111100, 0011111100, 0.5608322993991961, 0.9345818124263703, 0.0016871066477759677 0.00012697118230825378 0.00209553166994566 0.01407872457657122 0.05847267837431376 0.21418797248545793 0.7093510150636273, 
62, 0011111100, 0011111100, 0.558209256617628, 0.9302161544215589, 0.0 0.0 0.00178108520006106 0.017128822788004313 0.06102085210177553 0.23815056010283836 0.6819186798073207, 
63, 0011111100, 0010011100, 0.5585940920333632, 0.9308571826741963, 0.007643131312328179 0.0005538194233511742 0.0011324794564357256 0.006127284503824057 0.04399705514441276 0.2553231373380578 0.6852230928215903, 
64, 0011111100, 0011111000, 0.5649684652028241, 0.9414775279828802, 0.0 0.0 0.000656626356511343 0.004852172515474841 0.04826254006957734 0.2374267289910948 0.7088019320673418, 
65, 0011111100, 0011111100, 0.5576326711088964, 0.929257791671263, 0.0 0.0 0.002207494578852483 0.015633826207916323 0.06745544553120868 0.2338109019708453 0.6808923317111771, 
66, 0011111100, 0011111100, 0.5624439436094428, 0.9372801972336338, 0.0002446770409473351 6.744868251522382e-05 0.003570611535055183 0.00832400136105736 0.049379778395859164 0.23649950392482624 0.7019139790597395, 
67, 0011111100, 0011111000, 0.5600998204286872, 0.9333658166505926, 0.0 0.0 0.0025006856401487755 0.011566580342245338 0.05620620772007946 0.24269020106895434 0.6870363252285722, 
68, 0001111000, 0011111000, 0.5593187811848052, 0.9320651946104662, 0.00013963740232995577 3.142673552076022e-05 0.002201653144305237 0.016395253750108762 0.061186362718298304 0.22624877498147491 0.6937968912679622, 
69, 0011111100, 0011111000, 0.558184672147453, 0.9301722990084336, 0.008634768880751202 0.0008088656196816478 0.0020175604828206128 0.014486898591139863 0.05024269281363775 0.2110969412345047 0.7127122723774643, 
70, 0011111100, 0001111100, 0.5636634449915335, 0.9393065975772831, 0.0 0.0 3.485761012917473e-06 0.007542376653415084 0.05675196358537786 0.22801541436124909 0.7076867596389451, 
71, 0011111100, 0011111100, 0.5436382792717955, 0.9059340148475276, 0.02115620276648995 0.0017359279576789762 0.005692335529979296 0.023513304383160627 0.056629088330104826 0.22221162259789182 0.6690615184346945, 
72, 0011111100, 0011111100, 0.5512862863260176, 0.9186791842869905, 0.008907735719474723 0.0010697931920753206 0.005486219358284098 0.015277120696266787 0.06328274917847325 0.23478777612194898 0.6711886057334768, 
73, 0001111100, 0011111100, 0.5480792151560144, 0.9133386382355175, 0.015320741023295378 0.001511606823509307 0.0053309352098571535 0.016108157250482615 0.057674992027293155 0.23548749368411362 0.6685660739814487, 
74, 0011111100, 0011111100, 0.5657908802462419, 0.9428476033678714, 0.0 0.0 0.0 0.008339784403607156 0.05967633569194082 0.19854235519806793 0.7334415247063841, 
75, 0011111100, 0000111100, 0.5650404688064086, 0.9416024234481206, 0.00033529144107591536 0.00011614457461947485 0.000797886410729885 0.006245290735378109 0.042583714251838226 0.24069814143899307 0.7092235311473654, 
76, 0011111100, 0011111100, 0.5625558497154277, 0.9374598921417007, 0.0 0.0 0.002163421434241306 0.011893879233036406 0.05897136108839457 0.21296260153693214 0.7140087367073956, 
77, 0011111100, 0001111100, 0.5553577574954107, 0.9254637006493361, 0.0 0.0 0.002957066482825804 0.015233704769010993 0.0755111897178929 0.23866603642986092 0.6676320026004093, 
78, 0011111000, 0011111100, 0.561533206802622, 0.93575265662489, 0.0007087030224425593 6.753889571123179e-05 0.0013092019226198961 0.013081665804478518 0.0642685341198289 0.20787527429387528 0.7126890819410436, 
79, 0011111100, 0011111100, 0.5530816385976572, 0.9216653389847675, 0.01800490373917818 0.0016691492080573808 0.0016999276933056114 0.006943611443061352 0.04424080954530964 0.2375206334230136 0.6899209649480742, 
80, 0011111000, 0011111100, 0.5634313149640601, 0.9389160333470279, 0.0 0.0 0.0007998893328910427 0.008489785411866747 0.06285326485302692 0.2121283566446148 0.7157287037576004, 
81, 0011111100, 0011111100, 0.5640875050647675, 0.9400078289377252, 0.0 0.0 0.0016816739721703668 0.009825426726505364 0.04810723117391706 0.22753558795761844 0.7128500801697888, 
82, 0011111100, 0011111100, 0.555424092699924, 0.925577719306608, 0.004192850969451098 0.00046133364188222654 0.003681252950342553 0.019113997033558813 0.05777010980465534 0.2314626876228774 0.6833177679772326, 
83, 0011111100, 0011111100, 0.5598584982307341, 0.9329638445803402, 0.003410245155279945 0.0002536206655262499 0.0027583901121807307 0.00890201723333419 0.06379385328993278 0.21516003953005686 0.7057218340136893, 
84, 0001111100, 0011111100, 0.5519411775442943, 0.9197734265579868, 0.015938155928491238 0.0015245940312364555 0.00495695262410767 0.010691109269703349 0.05290356535158205 0.2203992659162457 0.6935863568786336, 
85, 0001111000, 0001111100, 0.563473356342592, 0.9389916374173852, 0.0016633127665421506 0.000264285360370477 0.0017800854792779683 0.01392594990026554 0.04679378009481573 0.2122631202870434 0.7233094661116848, 
86, 0011111100, 0011111100, 0.5504849365096657, 0.9173481914680315, 0.013624506078868677 0.0015016423077071847 0.004557551669903227 0.014021673341852245 0.057150488334844346 0.2320593998052045 0.6770847384616199, 
87, 0011111100, 0011111100, 0.5641348811820799, 0.9400869326794956, 0.006465158397500968 0.0005844534308663151 0.0017134997773338497 0.008532761857029142 0.03450133361678949 0.21631023446968764 0.7318925584507927, 
88, 0011111100, 0001111100, 0.5406842434770679, 0.9010140564196805, 0.030697076544499487 0.0025682453923763014 0.0042821659944927756 0.011730321690858041 0.06371938929680607 0.21713356760888128 0.669869233472086, 
89, 0011111100, 0011111100, 0.5457437340158382, 0.9094431772041458, 0.01937159327250736 0.0018704199852928375 0.00514664251854915 0.021770745573143187 0.06242831207512111 0.207003846269749 0.6824084403056373, 
90, 0011111100, 0011111000, 0.5614457388427023, 0.9356114231505401, 0.0 0.0 1.4048022207078478e-05 0.009822686802145715 0.056150102608289634 0.24450700338491485 0.6895061591824427, 
91, 0011111100, 0011111100, 0.559301025148685, 0.9320284268995367, 0.0019460874752637316 0.0002062698269426255 0.0039091087255669985 0.0072715477743517136 0.06296100164945302 0.231748483092255 0.6919575014561669, 
92, 0011111100, 0001111100, 0.5568664821824105, 0.9279825688658184, 0.0 0.0 0.004412078299161138 0.010888576348011407 0.06472503713321448 0.2523404702979816 0.6676338379216313, 
93, 0011111100, 0011111100, 0.5582029904455634, 0.930213497093443, 0.0 0.0 0.0035699407854389857 0.016903002007906263 0.05618546046116492 0.24135932735153717 0.6819822693939527, 
94, 0011111100, 0011111100, 0.5568463287175832, 0.9279457674766333, 0.007257602808589424 0.0005813009265913849 0.003200833288896069 0.012756690515963015 0.04865762980632277 0.23748460933958732 0.69006133331405, 
95, 0011111100, 0011111100, 0.549477010074659, 0.9156628103320914, 0.026363878133270624 0.002296579229024251 0.0011723986559445516 0.007871105268365996 0.051083843270403 0.20588637609302413 0.7053258193499674, 
96, 0011111100, 0011111100, 0.5665028679610128, 0.9440352521285801, 0.0 0.0 8.099627579571235e-05 0.006017201482587243 0.04826594143258602 0.22088101481240335 0.7247548459966278, 
97, 0011111000, 0011111100, 0.5616154795462842, 0.9358983663437038, 0.000764653194932753 7.645945154798881e-05 0.0011597428716946072 0.011147024266274695 0.06510509037333735 0.2113493604781641 0.7103976693640486, 
98, 0000111100, 0011111100, 0.562772064514921, 0.9378164659724646, 0.002416094852425037 0.0003859125116793598 0.0019071185753815158 0.008931178634121843 0.05505496441665884 0.2121431334550561 0.7191615975546772, 
99, 0011111100, 0011111100, 0.5565364986820875, 0.9274315699982639, 0.004722874778280683 0.00037346253470900507 0.004538884449475251 0.018640318605041912 0.05889579829128481 0.21333792847159058 0.6994907328696177, 
100, 0011111100, 0011111100, 0.5615773226539706, 0.9358308037689644, 0.0016868142720561934 0.00010125506512880325 0.0010117706931235108 0.009372818092347638 0.053886858518629295 0.23444876234143674 0.6994917210172779, 
run, initial grid state, final grid state, mean grid cell occupancy, mean binding site occupancy, fraction of time with N TFs bound, warning
1, 0011111000, 0011111100, 0.5630252522309707, 0.9382381510755138, 0.0 0.0 0.0006901102098178703 0.011020676387016756 0.0579436657437918 0.2188612920590125 0.7114842556003612, 
2, 0001111000, 0011111100, 0.5653324621908287, 0.9420923281099526, 0.0 0.0 0.004675159480626242 0.012191015346821602 0.044041087996171194 0.2040901713849722 0.7350025657914087, 
3, 0011111100, 0011111100, 0.5573322711368706, 0.9287638123136421, 0.0 0.0 0.0 0.008775124074775929 0.06340024065794009 0.2742912725779393 0.6535333626893447, 
4, 0011111100, 0011111100, 0.5611564247430508, 0.9351298301272822, 0.0 0.0 0.004466772186129263 0.014193182768012156 0.05053359130711314 0.2277071995735267 0.7030992541652187, 
5, 0011111100, 0011111100, 0.5352441810377306, 0.8919511504037347, 0.04380277184881414 0.004026744123357931 0.007189338044853664 0.010490108981779614 0.0553149206647144 0.19448522541373456 0.6846908909227458, 
6, 0011111100, 0001111000, 0.5593326594341372, 0.9320915575675405, 0.0 0.0 0.0015859861441951705 0.010034329426695916 0.06957817440297788 0.23184737293193286 0.6869541370941982, 
7, 0011111000, 0000111100, 0.5623897409906662, 0.9371846247198907, 0.0 0.0 8.104167218577293e-05 0.007051332209283663 0.05359135832121552 0.2482313717216308 0.6910448960756843, 
8, 0001111100, 0011111100, 0.5582269830839247, 0.9302466472309396, 0.004559847353723276 0.00037327052968967524 0.0044377866925694115 0.008245363169283525 0.05624841393797912 0.23431061568948827 0.6918247026272667, 
9, 0000111100, 0011111100, 0.56008284145439, 0.9333379058268576, 0.0 0.0 0.0025824762112123057 0.012193179618181097 0.05926650080334378 0.23453011973277532 0.6914277236344875, 
10, 0011111100, 0001111100, 0.561632126029242, 0.935921786970762, 0.0 0.0 0.002364036495930467 0.01185261182084126 0.051274506245857325 0.23690628423746804 0.6976025611999028, 
11, 0011111100, 0011111100, 0.5552549087952141, 0.9252993693919626, 0.001287306763843695 0.00021008150840543563 0.0021697339888601358 0.014249113739260704 0.07208468019590589 0.24383389795810037 0.6661651858456238, 
12, 0011111100, 0001111100, 0.5648093661143491, 0.9412100961216383, 0.0 0.0 6.71737712639854e-05 0.010181910159774063 0.038032505213734344 0.24585998727832364 0.705858423576904, 
13, 0011111100, 0011111100, 0.5561014337913205, 0.9266977307161056, 0.0 0.0 0.0037651470402396857 0.015157430906985365 0.06548183792203095 0.24831705897738937 0.6672785251533546, 
14, 0011111100, 0011111000, 0.5593308299015619, 0.9320844496716199, 7.3492886665889186e-06 1.9793833899725048e-05 0.0019447145288784729 0.015219992820412228 0.059981216813271857 0.2339489668654879 0.6888779658493831, 
15, 0011111100, 0011111100, 0.5649674995689352, 0.9414814617164207, 0.0 0.0 0.0027550918035404914 0.009416923898512003 0.04578011509738665 0.2202798605970047 0.7217680086035562, 
16, 0011111100, 0001111100, 0.5531696145275259, 0.9218262917326784, 0.007488765640737303 0.0007541790759265244 0.005316853245965597 0.015238372709240673 0.06187198140043887 0.22961226646741087 0.6797175814602803, 
17, 0011111100, 0011111100, 0.5619662811326417, 0.9364781264174018, 0.004207161383206447 0.0003526602498215153 0.0012646489050239182 0.010264486217071392 0.04465634819729431 0.2289602212813447 0.7102944737662377, 
18, 0001111100, 0011111100, 0.5657688787035982, 0.9428150931965164, 0.0 0.0 0.0003807105452384267 0.00963461708011549 0.05203501403713304 0.20861271932533573 0.7293369390121773, 
19, 0011111100, 0011111100, 0.5579062015644273, 0.9297211078722111, 0.00015325634043321013 1.552969477126286e-05 0.004796490371476631 0.014893235854531959 0.061546895578021024 0.23371670604473407 0.684877886116032, 
20, 0011111100, 0011111100, 0.555877648847344, 0.926333381929748, 0.0 0.0 0.0020870806275471616 0.014175747646917954 0.06565178042839818 0.2598205821137727 0.658264809183364, 
21, 0011111100, 0011111000, 0.5604297863340073, 0.9339087811992443, 0.002577947347449802 0.000279201885092599 0.002476743795120205 0.010904511656678701 0.06318614497427946 0.21069081919529725 0.709884631146082, 
22, 0011111100, 0011110000, 0.5639464652455486, 0.9397753031393139, 0.0 0.0 0.0008274311087935594 0.00462833000206144 0.05476538796935481 0.23462269078404896 0.7051561601357412, 
23, 0011111100, 0011111100, 0.5599588422689885, 0.9331375934852281, 0.0012094546066828 0.00018377095903442017 0.0012458080940394457 0.016818258634935388 0.060765638722027344 0.216029570928343 0.7037474980549375, 
24, 0011111100, 0011111000, 0.5647605555498731, 0.9411311351069606, 0.0 0.0 0.00029707112700854023 0.012236823716016977 0.043910132150614824 0.227494169400922 0.7160618036054378, 
25, 0011111100, 0011111000, 0.5607539614489186, 0.9344573840396636, 0.0 0.0 0.0018652353142908 0.010846238350283545 0.05850363346841793 0.23624877251716855 0.6925361203498392, 
26, 0011111100, 0011111100, 0.5592651485286265, 0.9319725818550254, 0.004711033901762678 0.0006020358265942051 0.004380431268358514 0.01010249873957267 0.05384571338998791 0.22136747825417288 0.7049908086195511, 
27, 0011111100, 0011111100, 0.5618197578354731, 0.9362378198297696, 0.0 0.0 0.0024209260793043317 0.009804058725904778 0.06064823031197429 0.22218073990250206 0.7049460449803145, 
28, 0011111000, 0011111000, 0.5657572365066836, 0.9427957479931682, 0.0 0.0 0.0019742518937718584 0.005139565607308603 0.04879238561211043 0.22232503641975637 0.7217687604670529, 
29, 0011111100, 0011111100, 0.5651858601568708, 0.9418476083620639, 0.0 0.0 0.0013032133353390579 0.00517459558275894 0.04429572979548005 0.23958625014702348 0.7096402111393985, 
30, 0011111100, 0011111100, 0.5502551561575761, 0.9169596548076097, 0.014047645386060674 0.0010803497101259515 0.004550256643155841 0.01810878006624953 0.0586302537415279 0.21876657603292013 0.6848161384199599, 
31, 0011110000, 0011111100, 0.559955341626884, 0.9331245600989083, 0.0 0.0 0.002627708505367097 0.013853314489222465 0.05784223434432821 0.23349739322875826 0.6921793494323241, 
32, 0011111100, 0011111100, 0.5646706525721802, 0.940987567584453, 0.0 0.0 0.0016035935375746373 0.0075557706442592075 0.04324455689431242 0.23850379462158122 0.7090922843022724, 
33, 0011111100, 0011111000, 0.5550287553506119, 0.9249146562182975, 0.0 0.0 0.0043563158655597475 0.01562867462619016 0.07416832304913676 0.23786412925113198 0.6679825572079813, 
34, 0001111100, 0001111000, 0.5577082515450301, 0.9293741869333482, 0.0005852468256777808 7.45576259626661e-05 0.004374362511129237 0.015120751222198745 0.06482063546911336 0.22736963466669183 0.6876548116792264, 
35, 0011111100, 0011111100, 0.558632104765525, 0.9309193457743938, 0.0 0.0 0.0015091483890945002 0.00768507092650026 0.06547109041321184 0.25444993819133416 0.6708847520798592, 
36, 0011111100, 0011111000, 0.5649077085125257, 0.9413781569360417, 0.0037074068034135157 0.00017433858059360866 0.0037533941472631407 0.008230258687319074 0.03766434568387613 0.21358188064153913 0.7328883754559954, 
37, 0011110000, 0011111000, 0.5606430954803265, 0.9342744960934372, 0.003670231007256621 0.0003077260606693086 0.0008704714306842712 0.012758450862285692 0.047147751345412076 0.2347402660920728 0.7005051032016193, 
38, 0011111100, 0011111100, 0.558297693144601, 0.9303671359433968, 0.0 0.0 0.0009837331746277353 0.01764587252788357 0.06667371536913526 0.22757720331918732 0.6871194756091661, 
39, 0011111100, 0011111100, 0.5592887455463031, 0.9320193017970788, 0.005847346226820434 0.0006153883754729089 0.0018588239869040532 0.012557504753567858 0.052114186264892344 0.22038698724113576 0.7066197631512067, 
40, 0011111100, 0011111100, 0.5636136378345219, 0.9392085083652388, 0.0044175981565510655 0.00042721878372901955 0.0022554039380083693 0.007292499841619635 0.05142870037580042 0.2023507509221221 0.7318278279821695, 
41, 0011111100, 0011111000, 0.5536583029331748, 0.9226302533863028, 0.013053790312099963 0.0008798151247682635 0.0016569774277906543 0.013602360293181388 0.0582507786461344 0.2175601143027657 0.6949961638932596, 
42, 0011111100, 0001111000, 0.5571564091110395, 0.9284619723637574, 0.0068340082056663 0.000644104442455215 0.00407024854904924 0.017547993460549048 0.05593304701336952 0.20421252576659865 0.7107580725623119, 
43, 0011111100, 0011111100, 0.5683955860908921, 0.9471844678810988, 0.0 0.0 0.0010113339667795953 0.003398914233507712 0.047455352359917546 0.20774040942593 0.7403939900138652, 
44, 0011111100, 0011111100, 0.5605799174028369, 0.9341698636080473, 0.003467080867615086 0.00034912850440699424 0.0035580893576911657 0.010406762096944553 0.0464672488219577 0.23404554925847681 0.7017061410929077, 
45, 0001111100, 0011111100, 0.5542689350066874, 0.9236539861178177, 0.006512763279482523 0.0006972944209312256 0.0035003468883661425 0.010465170017677104 0.05550850844767759 0.2590991170096914 0.6642167999361739, 
46, 0011111100, 0011111100, 0.5437724750355963, 0.9061619031305264, 0.027000652138045058 0.002222087743509497 0.0033167316353519753 0.013459706137934013 0.051644109765280326 0.2329799651852538 0.6693767473946253, 
47, 0011111100, 0011111000, 0.5666458897407444, 0.9442742956276567, 0.0 0.0 7.235541141989684e-05 0.005729215880837241 0.04781138632230052 0.22125438430126676 0.7251326580841756, 
48, 0011111000, 0011111100, 0.5639112238439111, 0.9397133280561025, 0.0 0.0 0.0011869363911309696 0.00818607085835222 0.04712616152374342 0.23816175047631757 0.7053390807504558, 
49, 0011111100, 0001111100, 0.5538796851637942, 0.9230045887558861, 0.00757896698365393 0.0004867369087249892 0.0035401407073597678 0.020609822988396368 0.05643308006951762 0.2252087890854708 0.6861424632568766, 
50, 0011111100, 0011111100, 0.5529968860901359, 0.9215254486984029, 0.02076529146842837 0.0020608882665686377 0.0041127470488278636 0.00666088346914226 0.03448330950513743 0.23055086005315556 0.70136602018874, 
51, 0011111100, 0001111100, 0.5553384413652913, 0.9254330623102586, 0.001221164171920518 0.00020793331489713416 0.00400749602872699 0.016860582459110856 0.06449154567186667 0.2434401516964654 0.6697711266570124, 
52, 0011111000, 0011111100, 0.5664849071539558, 0.944011309222759, 0.0 0.0 0.00030999999536045957 0.008538110132924687 0.054748028285513464 0.19958175771220305 0.7368221038739984, 
53, 0011111100, 0001111000, 0.5628054204625748, 0.9378761486095437, 0.0 0.0 0.0019592136849283033 0.0060564649721470435 0.0529146987786147 0.24090746112935393 0.6981621614349561, 
54, 0000111100, 0011111100, 0.5527748580098215, 0.9211645802074234, 0.011015627782596064 0.0011748797201467695 0.004545774655756297 0.012752302807209695 0.06095373541600479 0.22269687558248577 0.6868608040358006, 
55, 0011111100, 0011111000, 0.5637982777881587, 0.9395280533413796, 0.0 0.0 0.0005173211129913159 0.01187386250232197 0.05447115135463769 0.21619850528351625 0.7169391597465328, 
56, 0011111100, 0011111100, 0.5542559137302197, 0.923635209033561, 0.010690253708196934 0.0010764343660292738 0.00375802448989238 0.015978740793400007 0.0521429273715522 0.22141087663643255 0.6949427426344966, 
57, 0011111000, 0001111100, 0.5618638058549004, 0.9363046714508062, 0.0 0.0 0.0012284348673417453 0.008390449372954021 0.06098395225676344 0.23011897919340693 0.6992781843095339, 
58, 0011111100, 0000111100, 0.5642781098310385, 0.9403335231426855, 0.0 0.0 0.001872860422297872 0.009890337201958177 0.050210580777540176 0.22041524629374085 0.7176109753044629, 
59, 0011111100, 0011111100, 0.5636162862980804, 0.9392122245778194, 0.002472511262362457 0.00014085764777751195 0.0010668566868213243 0.012787350134583483 0.03937947268822018 0.22779887419254452 0.7163540773876904, 
60, 0011111000, 0011111100, 0.5602188523226556, 0.9335607902199153, 0.0033293306617567364 0.0004996783588093234 0.0009684981295912889 0.010145982199865494 0.07151183807032292 0.19882526765731318 0.7147194049223411, 
61, 0011111100, 0011111100, 0.5603258481676657, 0.9337405873172115, 0.009829268752135896 0.0008155502366171138 0.00148069140529651 0.006626895051914939 0.047834017025092934 0.21303162757371336 0.7203819499552292, 
62, 0001111100, 0011111100, 0.5639777506148956, 0.9398349461938593, 0.0001491199268732752 0.00010129300674603097 0.0028900215009208235 0.010892803840045148 0.053048234196573264 0.20925417232490967 0.7236643552039318, 
63, 0011111100, 0011111100, 0.5576490864303553, 0.929284362120622, 0.00030373925195273897 4.095351538090478e-06 0.0020409966996966372 0.013482286639602707 0.06605557443183599 0.24172891942559468 0.6763843881997791, 
64, 0011111100, 0000111000, 0.5600839623561268, 0.9333371430052139, 0.0 0.0 0.0006237485439820516 0.010679994997947329 0.058066354675471867 0.24930945344800287 0.6813204483345958, 
65, 0001111100, 0000111100, 0.5578047720581332, 0.9295382540215364, 0.0064651134513967375 0.0005788638945086797 0.001656797317510169 0.01161356970388922 0.06002413594546756 0.21956930541721445 0.7000922142700132, 
66, 0011111100, 0001111100, 0.5592650435434248, 0.931976209387479, 0.003992188394614004 0.00027716455143497103 0.003974582843323918 0.012633155801719908 0.05183231118279739 0.22534136940621657 0.7019492278198933, 
67, 0011100000, 0001111100, 0.560251452094209, 0.933620803051287, 0.0 0.0 0.0 0.009717676413026252 0.06035229518236103 0.24841756208847746 0.6815124663161352, 
68, 0011111100, 0011111100, 0.5611962103755912, 0.935190539623982, 0.0 0.0 0.00136160728144552 0.009018741854220358 0.05301280181015811 0.250328503947348 0.6862783451068281, 
69, 0011111100, 0011111100, 0.5618596694355961, 0.9363042330542062, 0.0 0.0 0.0013380705693737665 0.010143191530491428 0.06372961858381158 0.2189335076381707 0.7058556116781525, 
70, 0011110000, 0011111100, 0.5609287882681299, 0.9347378297805043, 0.0030743860695610866 0.00027048140262028996 0.0034858808349059445 0.009681690927861725 0.05020562559282676 0.22837445057764338 0.7049074845945809, 
71, 0000011100, 0011111100, 0.5564997972254155, 0.92736000258269, 0.010838974920383123 0.0014256180019535335 0.0013417082814833094 0.011902232760989144 0.05532020261445657 0.21196410833398016 0.7072071550867541, 
72, 0011111100, 0011111100, 0.5562096772297457, 0.9268892359521523, 0.011891370363445451 0.0009466528857093197 0.0020108443712268556 0.014990372494755102 0.04416438526762289 0.22123983217344778 0.7047565424437926, 
73, 0011111100, 0011111100, 0.5636611794340723, 0.9393041587044533, 0.0 0.0 0.00284988645848045 0.009516039644155662 0.052941442627484715 0.21834449775192155 0.7163481335179577, 
74, 0000000000, 0011111100, 0.553536716348557, 0.9224332272143962, 0.012134621402596215 0.0011714499856299613 0.005128810893800053 0.013524238447728465 0.05177157745308315 0.22210454454534384 0.6941647572718184, 
75, 0011111000, 0011111100, 0.5491306948728579, 0.9150928835967538, 0.010548132775795459 0.0010588858272619474 0.0074764464407816944 0.02289029148705024 0.05440921071406385 0.2334643909759904 0.6701526417790564, 
76, 0011111000, 0011111000, 0.5558823622107814, 0.926341134629492, 0.0044956020599998744 0.0003841034415861538 0.0023340554227003593 0.017821895483950658 0.06433656531325412 0.22158402388595624 0.6890437543925525, 
77, 0011111100, 0011111100, 0.55773864593538, 0.9294304879737352, 0.0 0.0 0.001806551053002221 0.013717173739604153 0.06165651703214316 0.2517263126624813 0.6710934455127692, 
78, 0011111100, 0011111100, 0.5539954391302547, 0.9231945327883989, 0.01383918434504997 0.0012203338006424903 0.0040977177974750876 0.007062499217855844 0.05697259687912772 0.22017246559437084 0.696635202365478, 
79, 0011111100, 0000000000, 0.5538488195282394, 0.922948571808987, 0.0017814338291081927 0.00020657368171334264 0.002264098808944083 0.01764479251088788 0.06357793953829455 0.26144044591783294 0.653084715713219, 
80, 0011111100, 0011111100, 0.5499988577259024, 0.9165374584581277, 0.012732913452595414 0.0010572895270315806 0.00043692830157643266 0.012079201840907319 0.06200881863017475 0.25708836491112597 0.6545964833365885, 
81, 0000111100, 0011111000, 0.5562562470162971, 0.9269601315276019, 0.01420530978233133 0.0011846734926186289 0.004257601940334277 0.009359949887648544 0.047878276523391286 0.20621717420624228 0.7168970141674336, 
82, 0011111100, 0011111000, 0.560445614431348, 0.9339438512508621, 0.0 0.0 0.004398912907821635 0.01547626990401113 0.05574947561299936 0.2208134799255091 0.7035618616496587, 
83, 0011111100, 0011111100, 0.5627699118100132, 0.9378119834280415, 0.0 0.0 0.0024115573204808007 0.011232469033962559 0.052164650502555164 0.22545516204282998 0.7087361611001716, 
84, 0011111100, 0001111100, 0.5642991552489782, 0.9403646491097157, 0.0009637885045392455 6.700714451051893e-05 0.0015604688396526516 0.01017822289093463 0.05062686171475224 0.21366407113099833 0.7229395797746124, 
85, 0011111000, 0011111100, 0.5631469642570898, 0.9384446367647091, 0.0 0.0 0.0011290027139461607 0.012364492364024185 0.05890890225755694 0.20990488694877396 0.7176927157156988, 
86, 0011111100, 0011111100, 0.5674400210434979, 0.9456050461320622, 0.0 0.0 0.00020241901989076817 0.007271326792269703 0.047017413663665825 0.20971123942392308 0.7357976011002507, 
87, 0011111100, 0011111100, 0.5600630418928552, 0.9333070227519967, 0.0 0.0 0.001973899938885825 0.012322105858995396 0.06211127760322986 0.23107339094903065 0.6925193256498582, 
88, 0011111100, 0011111100, 0.5560686911890034, 0.926647878719832, 0.011470539752954867 0.0008621820702572095 0.0025077301630783647 0.013404838380939029 0.05743973338069989 0.2018536762554631 0.7124612999966076, 
89, 0011111100, 0011111100, 0.5599116192128727, 0.9330442558734584, 0.013318615628058 0.0012473484515497797 0.0033271439872666763 0.004599328642206731 0.040481119579453946 0.20751722769855863 0.7295092160129063, 
90, 0011111100, 0011111100, 0.564182920663175, 0.9401682137936113, 0.003237110419758047 0.0003684645489125024 0.0011884710824693384 0.00960292438243621 0.04915938160685011 0.20584431128433509 0.7305993366752388, 
91, 0011111100, 0001111100, 0.5647954821036176, 0.9411904402755821, 0.0 0.0 0.0011378215941102163 0.01135457472806218 0.05142034935248949 0.21140164908090145 0.7246856052444367, 
92, 0011111100, 0011111100, 0.554012247319985, 0.9232197096976305, 0.004641380468301751 0.0003330914091432999 0.0033968283891964027 0.01583607850492897 0.06847459645565186 0.23312325997581432 0.6741947647969634, 
93, 0001111100, 0011111100, 0.5604302098382902, 0.9339161689354603, 0.0 0.0 0.0022833161685454277 0.009860586174635673 0.05935544053698095 0.23907708211518822 0.6894235750046497, 
94, 0011111100, 0001111100, 0.5487843482377694, 0.9145102895916701, 0.01824520918945335 0.0017819179157940546 0.003753623335281972 0.018527375635504908 0.05720467685597168 0.20955144377470275 0.6909357532932913, 
95, 0011111100, 0011111100, 0.5674318178137348, 0.9455783986852152, 0.0 0.0 0.00023961282199645766 0.008097273545337447 0.04476275348733322 0.2117538289900438 0.735146531155289, 
96, 0011111100, 0011111000, 0.5545080485605383, 0.9240499711260594, 0.0009416272718447729 6.617797862507048e-05 0.005269971331726998 0.016220718658910095 0.07302154059423406 0.23393439722734388 0.670545566937315, 
97, 0011111100, 0011111100, 0.5647596409154226, 0.9411276621650803, 0.0 0.0 0.0031340400887185614 0.01022972550508445 0.054020216481304534 0.20196825717678107 0.7306477607481113, 
98, 0001111000, 0011111000, 0.5632314754494568, 0.9385878206448175, 0.0 0.0 0.00014154286900009425 0.010409203410140991 0.05117096628908484 0.23433736184650214 0.7039409255852719, 
99, 0011111100, 0001111100, 0.5693888151798269, 0.9488508475595714, 0.0 3.677476894514901e-06 0.000393332452058565 0.0047629677773953615 0.03762461702296029 0.21576506007175897 0.7414503451989323, 
100, 0001111100, 0001111100, 0.5506802619606251, 0.9176723545886842, 0.005961994504837989 0.0006103949820070606 0.003023538569239179 0.02235274808707523 0.06569421079088504 0.24460111040887825 0.6577560026570772, 
run, initial grid state, final grid state, mean grid cell occupancy, mean binding site occupancy, fraction of time with N TFs bound, warning
1, 0011111100, 0011111100, 0.5601232777368342, 0.9334048540080758, 0.0 0.0 0.0038061783812963195 0.012802357453091781 0.06405679115521126 0.21782550775666149 0.7015091652537392, 
2, 0011111100, 0011111100, 0.5634478125306601, 0.9389431640936379, 0.0 0.0 0.0015451531658462966 0.009590966724564049 0.050839479989164875 0.22970854262276522 0.7083158574976596, 
3, 0011111000, 0011111100, 0.5544850070814465, 0.9240143571660286, 0.00953289143347672 0.001240283291986556 0.003287243105183726 0.011658199992137876 0.05119603863930252 0.24199944226728154 0.6810859012706311, 
4, 0011111100, 0001111000, 0.5540952589062763, 0.9233617732322716, 0.010969085650954018 0.0013344861039610134 0.005299819105936969 0.012500015445385291 0.057316460391572205 0.21401017263779262 0.6985699606643978, 
5, 0011110000, 0001111100, 0.559949186814071, 0.9331111928859169, 0.0008674558657982235 0.00011155556382531211 0.0014135358655268805 0.010543898850004034 0.062052007747405394 0.2341804741636519 0.6908310719437882, 
6, 0011111100, 0011111100, 0.5596429969188722, 0.9326009096511391, 0.0 0.0 0.00034624411876962293 0.010491681218272958 0.059737739874598454 0.2520590422140724 0.6773652925742866, 
7, 0011111100, 0011111100, 0.5536419288916719, 0.9226100775615247, 0.007990756803996107 0.0007275124026936575 0.0036207876938824848 0.015317146734978764 0.055889592052942735 0.24054365670705552 0.6759105476044508, 
8, 0011111100, 0011111100, 0.5661751094699067, 0.9434880057987776, 0.0 0.0 0.0010108439814928598 0.008779744140073912 0.04255759513093081 0.22357416659927992 0.7240776501482225, 
9, 0011111100, 0011111000, 0.5651088884016209, 0.9417163009536778, 0.0 0.0 0.0015056318154952283 0.009262209773228905 0.041908825650904896 0.2320753863944562 0.7152479463659147, 
10, 0011111100, 0011111100, 0.5631229846543669, 0.938401546227473, 0.000855793162293207 0.00012644869273685272 0.0007541561264223143 0.007386206074746158 0.0540817342182693 0.23048500903125238 0.7063106526942798, 
11, 0011111100, 0011111100, 0.5579411403923583, 0.9297700321913507, 0.00022030473825886135 1.920117726553054e-05 0.003845468543442374 0.01742889276501173 0.07013023811280088 0.21203294384160856 0.696322950821612, 
12, 0001111100, 0011111100, 0.5566566227240737, 0.9276275414530837, 0.0017029650989775712 0.00023112450196000788 0.0033005908624986805 0.014420308718121434 0.06708652776344039 0.23222499304659297 0.681033490008409, 
13, 0011111100, 0011111100, 0.5548372748325803, 0.9246052484269114, 0.0 0.0 0.0028022159791715935 0.015767261016094294 0.07602203951253064 0.24181378344850182 0.6635947000437016, 
14, 0011111100, 0001111100, 0.5557171605253657, 0.9260612820164235, 0.00732995871664524 0.0006957969201585223 0.0025575808310255546 0.010176724639053187 0.05676381175320749 0.24188545025311864 0.6805906768867914, 
15, 0011111100, 0001111100, 0.5581253998418848, 0.9300817745399785, 0.0014343461805941943 4.195025874262764e-05 0.0016931511727681045 0.010319318680546335 0.06173821738525159 0.249486528879636 0.6752864874424611, 
16, 0000000000, 0001111100, 0.5615191387301599, 0.9357279835812928, 0.003035195981870877 0.00031453163008642726 0.0013077043197927255 0.00932437294864039 0.059898061972103386 0.21284820440128613 0.71327192874622, 
17, 0001111000, 0011111100, 0.5601385811275241, 0.9334271678026695, 0.0 0.0 0.0020817108375716714 0.0138359892667815 0.06293409334577954 0.22373399534179247 0.6974142112080749, 
18, 0011111100, 0011111100, 0.5661378846350752, 0.9434276070002328, 0.0 0.0 0.0 0.0069492220407836305 0.0455984599094461 0.22738977205736047 0.7200625459924098, 
19, 0011111100, 0011111100, 0.5636082909941196, 0.9392160913151301, 0.0 0.0 0.00044797768851056335 0.004977312782998993 0.05941179218857122 0.22915601862903795 0.7060068987108813, 
20, 0011111100, 0011111100, 0.5642043707289021, 0.9402106811665945, 0.0 0.0 0.0003761497381072668 0.009023494316186138 0.053055462884372004 0.22404990533070188 0.7134949877306327, 
21, 0001111100, 0011111100, 0.5590460683991161, 0.9316174548154035, 0.0 0.0 0.002096999861858469 0.01373547627916415 0.05773877200596082 0.24522329881073163 0.6812054530422849, 
22, 0011111100, 0011111100, 0.5625184582969377, 0.9374092825741286, 0.0 0.0 9.616409510090237e-05 0.00716346016059141 0.05327970610784569 0.24710985547735917 0.6923508141591028, 
23, 0011111100, 0001111100, 0.5645453672074118, 0.94076786031772, 0.0 0.0 0.00309918897330619 0.010008676453323689 0.05068840546330369 0.21159324191387702 0.7246104871961894, 
24, 0011111100, 0011111000, 0.5659646987546205, 0.9431365337469837, 0.0 0.0 0.000748531894165987 0.0033548996151461625 0.053892940897006886 0.22033608930198195 0.721667538291699, 
25, 0000011100, 0011111100, 0.5619611167363054, 0.9364656359201634, 0.004774133967571712 0.0004076193691678274 0.0005154816569234927 0.010104093414510781 0.04481149936388968 0.22852607822874357 0.710861093999193, 
26, 0011111100, 0001111100, 0.5598015911484187, 0.9328696980824538, 0.005020375311236906 0.00040780889910827076 0.001602268364375801 0.01467353198426566 0.05086378243417063 0.21846328086367284 0.7089689521431699, 
27, 0001111100, 0011111100, 0.5576957313875952, 0.9293596883119885, 0.00400331444675911 0.0004208434357619285 0.005994826229890045 0.012545789896147973 0.05940060836165211 0.21729987493739703 0.7003347426923919, 
28, 0011111100, 0011111100, 0.55432627211153, 0.9237429511306275, 0.0 0.0 0.004567698503308151 0.01846165441742068 0.06394030568991405 0.25600592457091126 0.6570244168184459, 
29, 0011111100, 0001111100, 0.555759758878392, 0.9261366008729167, 0.0 0.0 0.0021329102955190337 0.014427471795568485 0.0692276789191511 0.25291098035541587 0.6613009586343455, 
30, 0011111100, 0001111100, 0.557368130951424, 0.9288190823856096, 0.0 0.0 0.0006904454725115639 0.010221912722180995 0.0719595451337742 0.24973889536220514 0.6673892013093281, 
31, 0011111100, 0011111100, 0.5589548787137425, 0.9314649534307148, 0.0 0.0 0.0009344889368250256 0.011780915095887013 0.06629789824351037 0.2395337818937299 0.6814529158300477, 
32, 0011111100, 0011111100, 0.552042925691051, 0.9199472363883746, 0.007917696058745042 0.0005366764970939499 0.005191289080757711 0.019767955246838505 0.05747416670680148 0.23510966735466374 0.6740025490550996, 
33, 0011111100, 0011111100, 0.566339907784576, 0.943768638832853, 0.0 0.0 0.00012961004470300104 0.00852919139062259 0.05162930495191896 0.20802354274836413 0.7316883508643913, 
34, 0011110000, 0011111100, 0.5561158183051946, 0.9267308246016914, 0.0 0.0 0.007082096248098327 0.01239961189764775 0.061983741188242 0.2501203493280314 0.6684142013379805, 
35, 0011111100, 0011111100, 0.5657902432853505, 0.9428488168311574, 0.0 0.0 0.00045766652208895905 0.008744146850482064 0.0532625762554174 0.20831883986241834 0.7292167705095932, 
36, 0011111000, 0011111100, 0.555221892688416, 0.925245645675397, 0.00758378107821385 0.0007285757338689622 0.0039990639518354045 0.01261515420140333 0.052946226914350795 0.23964638856873663 0.6824808095515911, 
37, 0011111100, 0011111100, 0.5632259886091545, 0.9385688628481411, 0.0 0.0 0.0016060629212483904 0.007139872036850466 0.06614606352219163 0.20845082807122528 0.7166571734484842, 
38, 0011111100, 0011111100, 0.5588614236628033, 0.9313008955356334, 0.0 0.0 0.003993533237709729 0.014180119237076263 0.06195934263828536 0.22976145084756058 0.6901055540393681, 
39, 0011111000, 0011111100, 0.5666439547801441, 0.9442646459919977, 0.0 0.0 0.0003794435598082769 0.004562301834106686 0.040274675698007724 0.23865809291044562 0.7161254859976317, 
40, 0011111100, 0011111100, 0.5539791295035454, 0.923174744119662, 0.011657362052407718 0.001012291436875434 0.006251628704020096 0.013863853116673758 0.05194286062285606 0.21546211037139038 0.6998098936957765, 
41, 0001111100, 0011111100, 0.5561546484387785, 0.926793299155624, 0.007694132188156672 0.0008036928797179318 0.0018383389371162508 0.010900825165660778 0.05663553716664974 0.23573004195997893 0.6863974317027197, 
42, 0000111100, 0001111100, 0.5626673555975408, 0.9376440299461107, 0.0 0.0 0.0006103578702685946 0.011191352609980162 0.05416873988488348 0.2297828512425545 0.7042466983923134, 
43, 0011111100, 0011111100, 0.5642451390834569, 0.9402765416554218, 0.0 0.0 0.0020306213967629556 0.009264994855452282 0.05466241981333124 0.21309844028739705 0.7209435236470565, 
44, 0001111100, 0011111100, 0.5607953921380614, 0.934529322037085, 0.0 0.0 0.0024361070785692473 0.00844545641486568 0.05908275325766561 0.23957776370328393 0.6904579195456155, 
45, 0011111000, 0011111100, 0.5617216481572096, 0.9360625776455578, 0.004433050233924048 0.00027301624240920653 0.0037293038179624927 0.009095959841399466 0.05029376809306316 0.2128685205288886 0.719306381242353, 
46, 0011111000, 0011111000, 0.5661052991448414, 0.9433658854613345, 0.0 0.0 0.00038623680517628077 0.00642656761255988 0.05491241874749629 0.2091551996786152 0.7291195771561524, 
47, 0001111100, 0011111100, 0.5664630676081391, 0.94396813671369, 0.0 0.0 0.0010871425050618393 0.008458103612656791 0.03632229346630728 0.23382371192702806 0.7203087484889461, 
48, 0011111100, 0011111100, 0.5585578437735201, 0.930796733109596, 0.0 0.0 0.002973524654611519 0.013338649705836541 0.06812068773334784 0.22706817813977276 0.6884989597664314, 
49, 0011111100, 0011111100, 0.5617475551119339, 0.936109669994879, 0.0 0.0 0.0009410621322128034 0.011849986992916308 0.058767861818676784 0.22649204688577215 0.701949042170422, 
50, 0011111100, 0011111100, 0.5569690689070449, 0.9281539081514544, 0.0029223074338208207 0.00021433941582835853 0.0024009400516500075 0.019383999176492677 0.05808087932227103 0.22855349302858646 0.6884440415713508, 
51, 0011111000, 0011111100, 0.5618099351049654, 0.9362137433448668, 0.0005358889295694941 8.694006385252588e-05 0.0031683847676534874 0.010951862648882298 0.04783558129721332 0.23786721642243208 0.6995541258703968, 
52, 0011111100, 0011111100, 0.558125580771135, 0.9300745839400959, 0.0 0.0 0.0009479452859536806 0.013684374725731389 0.07108799790816261 0.23253159522209024 0.6817480868580621, 
53, 0011111100, 0001111100, 0.5557877165228317, 0.9261872852706157, 0.004923998615733839 0.0004248115328886111 0.003797818264420401 0.018463157298559085 0.05985252058595162 0.22092245289219842 0.691615240810248, 
54, 0001111100, 0011111100, 0.5623478611945343, 0.937118544232343, 0.0 0.0 0.002796219982276984 0.008039381986480687 0.05299276893572672 0.23600017084593936 0.7001714582495763, 
55, 0011111100, 0011111100, 0.5606783783880421, 0.9343308154208861, 0.0 0.0 0.001164145584172067 0.015251200726935287 0.05537900627514139 0.232846910406906 0.6953587370068453, 
56, 0011111100, 0011111100, 0.5586199266239175, 0.9308979607337142, 0.00714623221161899 0.0005488023689305214 0.00217313064037533 0.009698888593732571 0.05205485062700941 0.22709194088663054 0.7012861546717026, 
57, 0011111100, 0011111100, 0.5605577976773933, 0.9341278119835593, 0.007088536492852731 0.0008747975657391902 0.0014824767456403799 0.010424000672642446 0.04480568891316993 0.22151463448600314 0.7138098651239522, 
58, 0011111100, 0011111100, 0.5613954046276397, 0.9355212094783846, 0.0 0.0 0.00182402356205694 0.012570182828050233 0.06248519235895629 0.2168957156794021 0.7062248855715344, 
59, 0011111100, 0011111100, 0.5561776916765516, 0.9268312282387039, 0.0036817992936559515 0.0003121838187496435 0.003433893373231036 0.016427865323090637 0.06140180935800372 0.22953812753388925 0.6852043212993798, 
60, 0011111100, 0011111100, 0.5609536270067633, 0.9347909805382864, 0.0020766550492933816 0.00019050209299348647 0.0012106769236855562 0.008680215510050613 0.05510656825080805 0.236745185283044 0.695990196890125, 
61, 0011111100, 0001111100, 0.5553182677388877, 0.9253950345924163, 0.012794855011881419 0.0009964878104979935 0.0038451203018853137 0.013960782527536743 0.04752030665525842 0.21357478122105555 0.7073076664718845, 
62, 0011111100, 0011111000, 0.555574631920552, 0.9258261473492503, 0.005089433254307451 0.0005019044741505667 0.0035797599329782594 0.012962687059306281 0.06746429236120839 0.22386130837565232 0.6865406145423967, 
63, 0011111100, 0011111100, 0.560120500079243, 0.933402157326328, 0.0 0.0 0.0015570784248159612 0.008316753116282707 0.05674755036466253 0.2549133822645942 0.6784652358296446, 
64, 0011111100, 0011111100, 0.562360416735335, 0.9371344908598497, 0.0 0.0 0.002596216147588065 0.011788061418290939 0.05652506445212988 0.21839387709141686 0.7106967808905743, 
65, 0011111100, 0001111100, 0.5566289051203006, 0.9275860084157127, 0.006647515927709057 0.0005914480374221574 0.0017662247373546871 0.012750586540221038 0.06394701461307667 0.2184309259561235 0.6958662841880928, 
66, 0011111100, 0011111100, 0.5616421526591369, 0.9359314833151908, 0.0 0.0 0.002216986465422085 0.015339231245841446 0.06365822994430816 0.20220900062102606 0.7165765517234023, 
67, 0011111100, 0001111100, 0.5485596146077899, 0.9141339429353311, 0.010213780547766003 0.0006909894450350033 0.0014649150684743976 0.016477869489601133 0.08247120730664578 0.2302230285202494 0.6584582096222283, 
68, 0011111100, 0011111000, 0.5633064427606402, 0.9387065233501474, 0.003737303897873645 0.00026728097582924933 0.00256300794561572 0.007624798756539439 0.046698659109771626 0.2174768853611031 0.7216320639532672, 
69, 0011111100, 0011111100, 0.5635354567817874, 0.9390937862377589, 0.0 0.0 0.0 0.00865059345030813 0.050329310612504986 0.23882688099751312 0.7021932149396737, 
70, 0001111100, 0011111100, 0.5623133311573171, 0.9370618497589823, 0.0 0.0 0.00011781130448870714 0.005915345201330142 0.04990149355169256 0.2596086335207757 0.6844567164217129, 
71, 0011111100, 0011111100, 0.5641683825803635, 0.9401474314503955, 0.0 0.0 7.614669498636608e-05 0.008880112288605257 0.04851203756603058 0.23514641251980462 0.7073852909305732, 
72, 0011111000, 0011111100, 0.5642421576587965, 0.9402674593345008, 0.0 0.0 0.00032605341017438185 0.010151128121922679 0.05087299301161294 0.2248916599633036 0.7137581654929864, 
73, 0000011100, 0011111100, 0.5589931285560314, 0.931525672766341, 0.0 0.0 0.0022782469614662532 0.01745066774477909 0.055461911893280036 0.2384571485351915 0.6863520248652831, 
74, 0011111100, 0011111100, 0.5569966839946568, 0.9282004510358886, 0.0 0.0 0.0031504408682371883 0.017875664332760315 0.06779760532820156 0.22897332665703612 0.6822029628137648, 
75, 0011111100, 0001111100, 0.5602109436222662, 0.9335495693013958, 0.0008285978815537406 0.00011418849129375957 0.0041278305528380755 0.015336365894391876 0.056212791681209254 0.21821405118888743 0.705166174309826, 
76, 0011111100, 0011111000, 0.5607834862460961, 0.934505642122864, 0.0056690520326615505 0.0005056912569969041 0.0014923276001431827 0.006765468705103684 0.048042647541975625 0.23407236718202712 0.703452445681092, 
77, 0011111100, 0011111000, 0.5515600138324256, 0.9191404689680094, 0.005495481897460108 0.0005406109901886327 0.0032123880188472636 0.014562887218418943 0.08126015975104975 0.23042270662349498 0.6645057655005403, 
78, 0011111100, 0011111000, 0.5575562276385937, 0.9291220310038226, 0.004734562790483713 0.0004444412448575853 0.004378405134015503 0.011656685361700623 0.05202789126445329 0.2380987718598039 0.6886592423446855, 
79, 0011111100, 0011111100, 0.5454525266266427, 0.9089554471037943, 0.023348537027876433 0.0022604793241897364 0.004569645705076228 0.012435603128696878 0.05454195556641218 0.23020439524980787 0.6726393839979408, 
80, 0011111100, 0011111100, 0.5625073840034105, 0.9373845313971132, 0.0 0.0 0.0010556549511674472 0.010708397821443137 0.04861289236488885 0.24211921361854336 0.6975038412439573, 
81, 0011111100, 0011111100, 0.5595725118932876, 0.9324928699464415, 0.0 0.0 0.002551296927148728 0.014592484775732526 0.059784917164424724 0.23149030395670828 0.6915809971759858, 
82, 0000111100, 0011111100, 0.5566010114341613, 0.9275342296603077, 0.0023470905317197525 0.0003492548172417141 0.00461577242173815 0.020162001609513112 0.0664559562795454 0.2071047976870436 0.6989651266531983, 
83, 0011111100, 0011111100, 0.5620465917459584, 0.9366152725740565, 0.0 0.0 0.0001822379963813509 0.010178038752703218 0.058795735774425574 0.23145382476317394 0.6993901627133159, 
84, 0011111100, 0011111100, 0.5604433213964107, 0.9339428543955545, 0.007214743893302877 0.000566869070845445 0.002580675584324449 0.007761141397532043 0.05491271010899313 0.20678851816474925 0.7201753417802528, 
85, 0011111000, 0011111100, 0.5622428222473604, 0.9369408472574361, 0.0 0.0 0.0009404484410750865 0.012149223925490747 0.04902817509325667 0.24008910072809764 0.6977930518120798, 
86, 0011111100, 0011111100, 0.5607759640464302, 0.9344932267642029, 0.0 0.0 0.0020666347281775017 0.010969186071178543 0.05267553196901615 0.24651547835050466 0.687773168881123, 
87, 0011000000, 0001111100, 0.5641074408420905, 0.9400400934828087, 0.0 0.0 0.0005267231674314489 0.005167672760269571 0.04697191096770111 0.24820570621721083 0.699127986887387, 
88, 0011111100, 0011111000, 0.5523260138179413, 0.9204162564822741, 0.006685107272755418 0.0006711782982551484 0.006135373170262213 0.015219263170410429 0.06560005755945145 0.23263652866736437 0.6730524918615008, 
89, 0011111100, 0011111000, 0.5600960957042186, 0.9333643171562722, 0.003620264435241449 0.00039378393416461484 0.0007545134495785122 0.00839792388240912 0.05761138102721215 0.23268900328012995 0.6965331299912643, 
90, 0011111100, 0001111100, 0.5629525668986962, 0.9381176945280921, 0.0 0.0 0.0018001303863764942 0.008800547971115097 0.0508021619826854 0.23608734340722506 0.7025098162525979, 
91, 0011111100, 0011111000, 0.5366859139220775, 0.8943508205776578, 0.03696625537390679 0.003756954444891874 0.005532834498320313 0.01605664461549053 0.055929437008245465 0.21115262620990874 0.6706052478492364, 
92, 0011111100, 0011111100, 0.5562133492706334, 0.9268851828924265, 0.010737470705803574 0.0008307283955392383 0.005104674775208745 0.014079197435252171 0.05076882211650099 0.20591650079332946 0.7125626057783658, 
93, 0011111000, 0001111100, 0.5664873530217838, 0.9440092690106542, 0.0 0.0 0.0015731608562459263 0.009484039372343005 0.04727882284412046 0.20664197870582124 0.7350219982214694, 
94, 0011111100, 0001111100, 0.5640559914555893, 0.9399528929552277, 0.0 0.0 0.0006371825936659177 0.006994744378796822 0.05133904989946261 0.23407157895865488 0.7069574441694197, 
95, 0011111000, 0011111100, 0.5387668808418256, 0.8978110828519865, 0.03218663544117899 0.0028329672007696965 0.008519287731747427 0.014524541650229528 0.06027033296141512 0.207657412436649 0.6740088225780102, 
96, 0011111000, 0011111100, 0.551734835194344, 0.9194237226090693, 0.019665115330782728 0.0017329513596916197 0.002044196207247802 0.012923403776055161 0.046763638237925766 0.2163279429294207 0.7005427521588762, 
97, 0011111100, 0011111100, 0.5596004435612743, 0.9325435587396415, 0.0 0.0 0.0016097385282725378 0.016468613472999615 0.05768375777955775 0.23352633747094764 0.6907115527482225, 
98, 0011111100, 0011111100, 0.5577175951982609, 0.9293948218795155, 0.0007020300447750658 7.926226847909745e-05 0.002240143834928047 0.013410032859166468 0.061653314211740536 0.24652527477116848 0.6753899420097423, 
99, 0011111100, 0011111100, 0.5355697659614245, 0.8924786975910577, 0.040268870622355506 0.0038335592285537717 0.005267373316442242 0.015871876617127915 0.04755201490987967 0.22055764163983996 0.6666486636658009, 
100, 0011111100, 0011111100, 0.563922851090301, 0.9397382751780018, 0.0 0.0 0.0007048848394181614 0.005822855434677405 0.05365453679448583 0.23397316968131227 0.7058445532501063, 
run, initial grid state, final grid state, mean grid cell occupancy, mean binding site occupancy, fraction of time with N TFs bound, warning
1, 0011111100, 0011111000, 0.5415461266801956, 0.9024488359820932, 0.021186897348124525 0.0021627078128593305 0.007201867635648342 0.018332406482062587 0.06854776256277849 0.22647184584005922 0.6560965123184674, 
2, 0011111100, 0011111100, 0.5577920126099668, 0.9295230947453039, 0.0015918072112984882 9.334871657110394e-05 0.0062513765286193 0.012321257470534414 0.05647825594749666 0.23791805425645632 0.6853458998690236, 
3, 0011111100, 0011111100, 0.5606685568046302, 0.9343160144777548, 0.00312683118205956 0.00030734144285270143 0.0014177550862350633 0.007565005143643475 0.056052531543484 0.23333511996401163 0.6981954156377136, 
4, 0011111100, 0011111100, 0.5517252289800143, 0.9194072657640742, 0.010804377050823483 0.001214287233702455 0.003145010976658016 0.019551462929797914 0.06661536163722707 0.20819355097162204 0.690475949200169, 
5, 0011111100, 0001111100, 0.5593233278624178, 0.9320699743321802, 0.00033895062214343315 6.018032646440324e-05 0.00010715743458671228 0.01029884440855658 0.056740799035063946 0.260438787607593 0.6720152805655919, 
6, 0001111100, 0011111100, 0.5543535104855782, 0.9237927073581126, 0.004837814843104935 0.00030916009841612405 0.005876634452209429 0.015141915667479534 0.06539743925352502 0.22694390298228853 0.6814931327029764, 
7, 0011111100, 0011111100, 0.5621626038571044, 0.9368067281616592, 0.0 0.0 0.0011330170031394276 0.007712436719901571 0.05765694269086119 0.2361763674760604 0.6973212361100374, 
8, 0000111100, 0011111000, 0.555234642176115, 0.9252557016573755, 0.0019243054536795046 0.0001942487313822905 0.003246183842344752 0.011592852338730085 0.07004083356457198 0.2481037541620451 0.6648978219072462, 
9, 0011111100, 0011111100, 0.5631516735278822, 0.9384554138369559, 0.0 0.0 0.001596278393199472 0.00980890222597426 0.04876460283720843 0.2359264910531277 0.7039037254904902, 
10, 0011111100, 0011111100, 0.5551576089536914, 0.925145595197185, 0.0006541393312954902 1.8371288568065277e-05 0.0018129321467822504 0.017798929345662764 0.06825385670536824 0.24795350635142274 0.6635082648309005, 
11, 0011111100, 0011111100, 0.5503613189421028, 0.917143636234716, 0.01585926215823497 0.0015178530200993445 0.0039867860726500995 0.011476429773585884 0.04564772418335525 0.2527214625637292 0.6687904822283454, 
12, 0011111100, 0011111100, 0.5624326264426164, 0.9372531120182109, 0.0 0.0 0.0015209604911723589 0.015202774669703474 0.05649493713016902 0.2117992876565966 0.7149820400523585, 
13, 0011111100, 0011111100, 0.5570141361598584, 0.9282233533974351, 0.005127803968355371 0.00033505074537027444 0.0038044984565758135 0.00971673217169103 0.05765744216039093 0.23853472741624684 0.6848237450813697, 
14, 0011111100, 0011111100, 0.5587478621259161, 0.9311129454265543, 0.005828538380915437 0.0006187182886263586 0.0038650792604820214 0.010626860831062608 0.050477202890526596 0.22696220039588033 0.7016213999525066, 
15, 0011111100, 0011111100, 0.5621211011885949, 0.9367402360048959, 0.0018822026976731843 0.00019263736695936747 0.0006262413107574269 0.010294802181724858 0.057323626529011754 0.21926555610356144 0.710414933810312, 
16, 0011111100, 0011111100, 0.5610355404289022, 0.9349291491735616, 0.0 0.0 0.0024544275926119937 0.005523411060594098 0.060167657439773946 0.2437018465268519 0.6881526573801682, 
17, 0011111100, 0011111100, 0.5603717291782851, 0.9338147961011507, 0.013598020700000126 0.0011608175305067923 0.001372306903763612 0.0058560347151619474 0.03705115182261188 0.21255937613479678 0.728402292193159, 
18, 0011111100, 0011111100, 0.559118738289162, 0.9317319837129022, 0.006993100336076084 0.000628541651701324 0.002822752968231056 0.015364642068410804 0.043065622872929775 0.22099060362360837 0.7101347364790427, 
19, 0011111100, 0011111100, 0.5588064654317971, 0.9312118383262787, 0.0 0.0 0.0014941422190363632 0.01790501744297337 0.06428872739962264 0.22445989403801728 0.6918522189003504, 
20, 0011111100, 0011111100, 0.5621207633599903, 0.9367322239881372, 0.0 0.0 0.002096330906795593 0.00977236972455235 0.04767720449108068 0.2465498142881768 0.6939042805893946, 
21, 0011111100, 0011111100, 0.5641413577850631, 0.9400957432054798, 0.0 0.0 0.0009232585960198015 0.011850990946864669 0.041488988708794965 0.23720155612485858 0.7085352056234621, 
22, 0011111100, 0011111100, 0.5636387012132551, 0.9392677015665623, 0.0 0.0 0.0009857114813611337 0.006511578992944586 0.05452307209771696 0.23187006350091402 0.7061095739270633, 
23, 0011111100, 0011111100, 0.5611272676411101, 0.9350741661953487, 0.0 0.0 0.002409123287707794 0.01158487927438177 0.05737590715167372 0.23041205755058344 0.6982180327356533, 
24, 0001111100, 0011111100, 0.5551960309398115, 0.9251883067883365, 0.0 0.0 0.003277391804583186 0.01223047711059146 0.06915411999567105 0.26076092072853124 0.6545770903606231, 
25, 0011111100, 0011111100, 0.5599877831257476, 0.9331827741425489, 0.0 0.0 0.0023671095263863174 0.008239048308498738 0.059796750371496885 0.247124271370671 0.682472820422947, 
26, 0001111100, 0001111100, 0.5555321591036846, 0.925749221645968, 0.0029635412652261766 0.00019920260317669026 0.003129021222910684 0.017994511636211564 0.06645288746433235 0.2273220147880098 0.6819388210201327, 
27, 0011111100, 0011111100, 0.5633155215872545, 0.938726015936374, 0.0009864519703103815 9.234398366393077e-05 0.00629640462348757 0.008243773525347383 0.04204185743969911 0.22726281869218362 0.7150763497653081, 
28, 0011111000, 0011111100, 0.5387874303212602, 0.8978489138602165, 0.038439462725446676 0.003151934995989515 0.00469046623833486 0.009384988224110779 0.04794197574451505 0.22370928439137194 0.6726818876802312, 
29, 0011111100, 0001111100, 0.5519059176670067, 0.9197133785777899, 0.01613968043770262 0.0012534153210337956 0.004200023247299137 0.013487064565166918 0.05021458210535547 0.22092411840646647 0.6937811159169756, 
30, 0011111100, 0011111100, 0.5564166802752, 0.9272266587175397, 0.010890063584185554 0.0009266803243918077 0.0010773969713800578 0.016026938935565598 0.04945585896327708 0.21536414194891784 0.706258919272282, 
31, 0011111000, 0001111100, 0.5608247792887975, 0.9345749901023219, 0.0 0.0 0.0015306422078499055 0.010367976201551584 0.06317927706607514 0.22896500781786364 0.6959570967066597, 
32, 0011111100, 0011111100, 0.5638136143754952, 0.9395513865593548, 0.0 0.0 0.0018340500195023273 0.005311746489269708 0.04928789647610455 0.2408444481458439 0.7027218588692795, 
33, 0011111100, 0011111100, 0.5608292419688976, 0.9345784655243341, 0.0 0.0 0.0019523832414731239 0.01600122383333567 0.056278219336923875 0.22415956371424767 0.7016086098740196, 
34, 0011111100, 0011111100, 0.5602155948198227, 0.9335649766254714, 0.006032630640309268 0.0005827378422055073 0.00036626986950262665 0.007250255878948143 0.054275778322848287 0.22773326343373643 0.7037590640124497, 
35, 0011111100, 0011111100, 0.5613458366422485, 0.9354468914146046, 0.0 0.0 0.005437502830282683 0.014745610175800507 0.05564685416503626 0.21003810133376852 0.714131931495112, 
36, 0011111100, 0011111100, 0.5623795900607369, 0.9371717855566324, 0.0 0.0 0.0006825615811888377 0.014562027933064225 0.05872277299702591 0.21310741054220653 0.7129252269465146, 
37, 0011111100, 0011111100, 0.5642037283350367, 0.9401987938802497, 0.0 0.0 0.00202804520468428 0.009463005786827915 0.045768043774418045 0.2307699509904437 0.7119709542436261, 
38, 0001111100, 0011111100, 0.5589870848705468, 0.9315119102814633, 0.0003885155140817165 8.90999185457116e-05 0.0020736401384652296 0.014083317333847411 0.06526092462430066 0.22708558382999713 0.691018918640762, 
39, 0001111100, 0011111100, 0.5630395806603843, 0.9382650684996549, 0.004893738931062732 0.0004231274416947932 0.0039745752717891426 0.008772289945006437 0.04085408214943048 0.21500818298618382 0.7260740032748326, 
40, 0001111100, 0011111100, 0.5584975423361717, 0.9306949512712646, 0.004402782872137114 0.0005478567142182305 0.003557096585683716 0.011494555549695983 0.05236521787629794 0.23323182282408086 0.6944006675778862, 
41, 0011111000, 0011111000, 0.5591745945071089, 0.9318262966637328, 0.00010134845007623944 4.422289446007637e-05 0.0030957882241306415 0.009977886755509298 0.05448718130646387 0.25692183906886645 0.6753717333004935, 
42, 0011111000, 0011111100, 0.5491882725493951, 0.9151774806292103, 0.021715451936627113 0.0018149729486047653 0.0027131191932868956 0.00843998939063325 0.0525967495035848 0.22820159590973504 0.6845181211175281, 
43, 0001111100, 0011111000, 0.5575809702150231, 0.9291693593325822, 0.003137196954381636 0.00028545382998307545 0.004192158691125611 0.012814986158371889 0.05304948028282605 0.2434208393230314 0.6830998847602804, 
44, 0011111000, 0011111100, 0.524270105384417, 0.873657431365394, 0.05714622599793686 0.004714415826490123 0.007976693304864961 0.015116618543389339 0.05763348514501653 0.19908237754790425 0.6583301836343979, 
45, 0011111100, 0011111100, 0.5654295955060155, 0.9422496344357709, 0.0 0.0 0.002504055510331534 0.00737126921976176 0.05043247402326552 0.2135072156382313 0.7261849856084098, 
46, 0011111100, 0011111100, 0.5599368084713833, 0.9330980254607653, 0.0 0.0 0.0009371524643029484 0.012805229903208683 0.06114671997693585 0.23695410771469852 0.6881567899408539, 
47, 0011111100, 0011111100, 0.5645910510579456, 0.9408555835008197, 0.0 0.0 0.00031163625751657144 0.01029469846083837 0.04958288041476601 0.22357009775296868 0.7162406871139103, 
48, 0001111100, 0011111100, 0.5517866783251786, 0.9195157478316002, 0.014042666618821732 0.0014664191570828641 0.004075017994259595 0.010584484821874044 0.06330999224289424 0.21664390658360555 0.6898775125814619, 
49, 0011111100, 0011111100, 0.5583433902467676, 0.9304425295182551, 0.010800288838601211 0.0009811469184753015 0.0014678128408782112 0.010796724526780503 0.037475235542258165 0.23442545923811478 0.7040533320948918, 
50, 0011111100, 0011111100, 0.5598807437535812, 0.9329976092028532, 4.0523853025947294e-05 3.586644995019549e-05 0.001171657699719724 0.01361503261573834 0.06806650670774453 0.21992712735339143 0.6971432853204298, 
51, 0011111100, 0011111100, 0.5589176558688872, 0.9313984735338049, 0.006819291265432891 0.0006328121909114292 0.0038118746085045105 0.010835279027234494 0.051386666486133534 0.21700268176202744 0.7095113946597558, 
52, 0011111100, 0011111100, 0.5588538588266015, 0.9312910247919733, 0.0 0.0 0.0011342104027756337 0.013340925697626009 0.07563425920796416 0.21642571412825146 0.6934648905633828, 
53, 0011111100, 0011111100, 0.5575995680452975, 0.9291982099538121, 0.0021887961353567664 0.00019491536020608172 0.002688862943265154 0.012826604408098713 0.0625338337261055 0.23640045421438793 0.6831665332125799, 
54, 0011111100, 0011111100, 0.564030008805826, 0.939916793338118, 0.0 0.0 0.0008985001946913273 0.008361770742687553 0.05252626155017528 0.2267674038641137 0.7114460636483322, 
55, 0011111100, 0011111100, 0.5586450553947242, 0.9309368870549894, 0.0 0.0 0.0014687543072131701 0.015461082671580972 0.05904859164285829 0.2440232291407509 0.6799983422375967, 
56, 0011111100, 0011111000, 0.5586669763925177, 0.9309747571309018, 0.0 5.207906019006456e-06 0.003823930786823034 0.01723528164705804 0.053542071616628474 0.2400397063627707 0.6853538016807008, 
57, 0011111100, 0011111100, 0.5615762621453546, 0.9358282069759046, 0.007719809260321542 0.0008679446634685708 0.004281323439616589 0.01436901067821413 0.03771748638944743 0.19870488069329606 0.7363395448756357, 
58, 0011111100, 0000111100, 0.5666625099307189, 0.9443033061769632, 0.0 0.0 0.0007352047485575221 0.012446128629283706 0.04782220375677206 0.1982565505425952 0.7407399123227916, 
59, 0011111100, 0011111100, 0.5550378549968642, 0.924938911194305, 0.0 0.0 0.00295177889378752 0.025986379635401676 0.06471301553028339 0.23117424729224698 0.6751745786482805, 
60, 0011111100, 0011110000, 0.5660941148109094, 0.9433550490065225, 0.0 0.0 0.0006415932222207386 0.006651209718860004 0.05722800461203314 0.20289369469133603 0.7325854977555502, 
61, 0011111100, 0011111100, 0.559049021575313, 0.9316235509021776, 0.0023095406535723804 0.00029758083986825885 0.005234373002736185 0.011595837923480437 0.05407221299393507 0.23104411469690275 0.695446339889505, 
62, 0001111100, 0011111100, 0.5581890164777756, 0.9301845672656944, 0.0 0.0 0.0008110291074894155 0.00783838606820738 0.07290824952096722 0.24631682272931893 0.6721255125740171, 
63, 0011111100, 0001111100, 0.5569509768643062, 0.9281146823059794, 0.0016792267623099825 7.736437389896028e-05 0.0036869497819677416 0.019731030103271388 0.054562137800340874 0.23778455868240195 0.682478732495809, 
64, 0001111000, 0011111100, 0.5425461657403197, 0.9041167737824358, 0.017061675401374838 0.0018179647743628705 0.00713090247650619 0.021504326664875183 0.06825372925162367 0.23429543262142463 0.6499359688098326, 
65, 0011111000, 0011111100, 0.5635121588929312, 0.9390617469913687, 0.0034620831388581363 0.0002068283304304168 0.0019046719230819882 0.011731968427708375 0.048930506991653945 0.20314727060772536 0.7306166705805418, 
66, 0001111100, 0011111100, 0.5597749005655743, 0.9328218119221673, 0.0 0.0 0.0007047561381881577 0.013941127083212611 0.06045855442253998 0.23750961381952596 0.6873859485365333, 
67, 0011111100, 0011111100, 0.5590300357163128, 0.9315844702884667, 0.0 0.0 0.001381000577618437 0.01738530081066425 0.06637166059048104 0.22006995234577054 0.6947920856754658, 
68, 0011111100, 0011111000, 0.5645679900124787, 0.9408140118909044, 0.0029881904349759645 0.0002112131848033269 0.0009151373323855513 0.0066612965578118815 0.04802611103897463 0.21643405903977436 0.7247639924112744, 
69, 0011111100, 0011111100, 0.5587137355250329, 0.9310609838045357, 0.0019683826800248735 0.00010601078232435952 0.001878682708651613 0.013271027627637131 0.059420508152146785 0.2351249171592028 0.6882304708900124, 
70, 0011111100, 0011111100, 0.562124620165189, 0.9367409166914894, 0.005633316526656888 0.0006254726768497909 0.004975968773592185 0.007412729826837578 0.041703545707145045 0.21707808131770137 0.7225708851712171, 
71, 0011111100, 0000111000, 0.5583497862029775, 0.9304578867877646, 0.0 0.0 0.0039680522010929874 0.018960652022959518 0.05482631925938437 0.23484587588139322 0.68739910063517, 
72, 0011111100, 0011111100, 0.5587473452826787, 0.9311070259724173, 0.005239743088873397 0.0006139091506553831 0.005109982953743047 0.011403976787896957 0.05327482064044512 0.21764833641942544 0.7067092309589608, 
73, 0011111100, 0011110000, 0.5598970177040651, 0.9330239984966935, 0.004568070393184479 0.0005329815917531649 0.004861718820324206 0.014006576856535998 0.04665308674779907 0.21700989935546353 0.7123676662349396, 
74, 0011111000, 0011111100, 0.5651178895684464, 0.9417308406052534, 0.0 0.0 0.0017035057957717208 0.011182606001943884 0.04538845075158079 0.21847621367639944 0.7232492237743042, 
75, 0001111000, 0011111100, 0.5565043990184398, 0.9273747721948269, 0.0035426832391633302 0.00025745429779518213 0.0009550657337901137 0.011074161818164245 0.07291621109655383 0.23033282532432178 0.6809215984902115, 
76, 0011111100, 0011111100, 0.5476651220772378, 0.9126441292682418, 0.019368871164673566 0.0016263566655234493 0.0016734106101984635 0.017170835400411186 0.05821581126351996 0.2251524429058232 0.6767922719898503, 
77, 0011111100, 0011111100, 0.5513798224119179, 0.9188378328305428, 0.015592991562367051 0.001650168757384391 0.0025577956556395117 0.016226234644634466 0.05358914567118247 0.21907603195679368 0.6913076317519984, 
78, 0001111100, 0011111100, 0.5585094012508349, 0.9307148537456641, 0.0 0.0 0.00019144668982738538 0.012498865265796424 0.06139830523749779 0.2546518844943205 0.6712594983125579, 
79, 0011111100, 0011111000, 0.5654429133943901, 0.9422706479815517, 0.0 0.0 0.002978996755547438 0.013103827835724112 0.048082009331814855 0.19898462291769767 0.7368505431592159, 
80, 0001111100, 0011111100, 0.5655144926753457, 0.942389364384878, 0.0 0.0 0.0023550801108700036 0.008237927784165626 0.044240330423070184 0.2230490490486148 0.7221176126332793, 
81, 0011111100, 0011111000, 0.563418547498248, 0.9388956053601872, 0.00025749921742189495 1.3265678607906612e-05 0.002049963866361294 0.011416836832827406 0.0534678695565987 0.21562893906418099 0.7171656257840017, 
82, 0011111000, 0001111000, 0.5587233460425474, 0.931073505441007, 0.005152189827584298 0.0005075732616627783 0.0011117686121583552 0.01419484112972374 0.05220210931150589 0.22867214561932253 0.6981593722380424, 
83, 0011111100, 0011111100, 0.5467807074147223, 0.9111732695184176, 0.01182135568121785 0.0012846502264386131 0.006485641854418913 0.021239494908644442 0.07008510931983593 0.2257777268867133 0.663306021122731, 
84, 0011111100, 0011111100, 0.5463209313159166, 0.910406794592476, 0.012058271599404811 0.0012145256579127197 0.004671907895618648 0.017336483417029674 0.07709279506193444 0.2342543026017193 0.6533717137663804, 
85, 0011111100, 0001111100, 0.5638171593954263, 0.9395575841400996, 0.0 0.0 0.0022653975301190213 0.009645405505475373 0.04699032954116929 0.23067602944016172 0.7104228379830746, 
86, 0011111100, 0011111100, 0.557775403807462, 0.9294964711492602, 0.0 0.0 0.003901066534166865 0.018413220692159615 0.06008403016128126 0.2320091845687303 0.685592498043662, 
87, 0011111100, 0011111100, 0.5552881676619305, 0.9253483688637044, 0.011873897245893307 0.0008734117022069578 0.0016469942637067747 0.012719387645229795 0.04491453741553031 0.23772413000980175 0.6902476417176311, 
88, 0011111100, 0001111100, 0.5518858489622621, 0.9196768694380182, 0.01654138673247428 0.0012899570011184328 0.0018392869742066128 0.016887587910438595 0.054790501659959225 0.208639763023392 0.7000115166984109, 
89, 0011111100, 0001111100, 0.5466648446415603, 0.910984267030039, 0.02277410824356397 0.0019432995402522313 0.004076167636977086 0.017151097333966237 0.051711675892710196 0.2165519363218944 0.685791715030636, 
90, 0011111000, 0011111100, 0.5699641317695766, 0.9498007532789025, 0.0 0.0 0.0007971308942082381 0.007664305334592716 0.031935001641488096 0.2111440374629982 0.7484595246667127, 
91, 0011111000, 0001111100, 0.5509851037382908, 0.9181751613691507, 0.010499911115178577 0.0007116992030111664 0.0016940381006931406 0.01224388370403213 0.06611557321813112 0.24865211912783702 0.6600827755311168, 
92, 0011111000, 0011111100, 0.5638556954882098, 0.939622004528789, 0.0 0.0 0.0002758185638403892 0.006425871124064517 0.05868577711854067 0.22451553096262905 0.7100970022309253, 
93, 0011111100, 0011111100, 0.5615556953352524, 0.9357912882342736, 0.0 0.0 0.002992105086902447 0.007355718925078099 0.05184527538402263 0.24752614270346923 0.6902807579005276, 
94, 0011111000, 0011111100, 0.538526355165212, 0.8974125824740626, 0.026953361390841004 0.002292096691592378 0.006094106712360864 0.014762300352988153 0.06633092651150288 0.24101867242120253 0.6425485359195121, 
95, 0001111000, 0011111100, 0.5613979216011727, 0.9355301466360906, 0.0 0.0 0.00151975163868853 0.015878109498392745 0.05181474611066586 0.2294762929121921 0.7013110998400608, 
96, 0011111100, 0011111100, 0.5603981117404097, 0.9338579144535702, 0.007860242721291268 0.0005004104523483344 0.0032644207969167683 0.009476972309146296 0.04796605031393802 0.2097683039461067 0.7211635994602525, 
97, 0011111100, 0011111100, 0.5570303035048992, 0.9282501582121782, 0.0 0.0 0.0013667053308761687 0.011059636030587496 0.07652150906491699 0.23881030318183105 0.6722418463917884, 
98, 0011111100, 0011111000, 0.562631312733992, 0.9375853799111974, 0.0 0.0 0.0012122723225385234 0.011820601739379953 0.052023988629202135 0.23012884876611817 0.7048142885427613, 
99, 0011111100, 0011111100, 0.5571528623533393, 0.9284538925429211, 0.005786390674728439 0.0004086735900497436 0.0032142336949744247 0.012968771605552352 0.06015858132151239 0.22043452050427456 0.6970288286089081, 
100, 0001111000, 0011111100, 0.5546418557769908, 0.9242763903259704, 0.002883937520845617 0.0002011209346712203 0.003021228269312041 0.013854440095175304 0.0712803250046789 0.23982354487361582 0.668935403301701, 
