run, initial grid state, final grid state, mean grid cell occupancy, mean binding site occupancy, fraction of time with N TFs bound, warning
1, 0011111100, 0011111100, 0.5932129825218011, 0.9807491307551436, 0.0 0.0 0.0 0.00010871188157666296 0.009486164717670047 0.09620675038906853 0.8941983730116848, 
2, 0011111100, 0011111100, 0.5921648286035387, 0.97943295520324, 0.0 0.0 0.0 0.000660615700262651 0.011087873048458567 0.0992446755828548 0.889006835668424, 
3, 0011111000, 0111111100, 0.5929338191336757, 0.9805518711791589, 0.0 0.0 0.0 0.0 0.006815168012924932 0.10305843689919625 0.8901263950878787, 
4, 0011111100, 0011111100, 0.5928221070331032, 0.9801363170359528, 0.0 0.0 0.00014865378426001183 0.0010348514743562397 0.0064369920685941545 0.10260894408698536 0.8897705585858042, 
5, 0011111100, 0011111100, 0.5930905969203099, 0.9805377813487149, 0.0 0.0 0.0002501945890612829 0.000779132176083752 0.009644017122846807 0.09414710277751975 0.8951795533344883, 
6, 0011111100, 0001111100, 0.5923234636991275, 0.9796766435748863, 0.0 0.0 0.0 0.00033780844351872087 0.006996192518982893 0.10693432818216138 0.885731670855337, 
7, 0011111100, 0011111100, 0.5899721300708579, 0.9757329825716111, 0.0 0.0 5.716804377703439e-05 0.002066994026800025 0.012409295667612367 0.11435385897960057 0.8711126832822099, 
8, 0011111100, 0011111100, 0.5940391363099546, 0.9822996001861933, 0.0 0.0 5.3772572723002656e-05 0.0003472794114704359 0.005883710641205562 0.09317804907512534 0.9005371882994756, 
9, 0011111100, 0011111000, 0.5940328210478253, 0.9822861297639779, 0.0 0.0 0.0 2.1329325110532695e-05 0.004624705765153084 0.09696982191049514 0.8983841429992413, 
10, 0011111100, 0011111000, 0.5942045399051751, 0.9825798157562501, 0.0 0.0 0.0 1.5974002344835372e-05 0.0050191867875513255 0.09443480988036243 0.9005300293297414, 
11, 0011111100, 0111111100, 0.5927154884597745, 0.9802157603736933, 0.0 0.0 0.0 2.2174823836258478e-05 0.008297693117093887 0.10204352705214306 0.8896366050069268, 
12, 0011111100, 0011111100, 0.5933396134399208, 0.981269770792066, 0.0 0.0 0.0 0.001020390542821884 0.004932419059188425 0.09945536550076199 0.8945918248972277, 
13, 0000111100, 0011111100, 0.5922593023142024, 0.9793051597827667, 0.0 0.0 0.0 0.00021215815051272422 0.010228836371710962 0.10307489410844053 0.8864841113693358, 
14, 0011111100, 0011111100, 0.5926805806845357, 0.9800326321558591, 0.0 0.0 0.0 0.0005643432843022616 0.007526910196604128 0.10305735681873016 0.8888513897003635, 
15, 0011111100, 0011111100, 0.5914818119963707, 0.9780622337701991, 0.0 0.0 0.0 0.0002163954926751341 0.010811409453895825 0.10935459199298866 0.8796176030604403, 
16, 0011111100, 0011111100, 0.5924442474764349, 0.9795382321885726, 0.0 0.0 0.0 0.0006000711895961278 0.00835964129683481 0.10425111070610603 0.8867891768074629, 
17, 0011111100, 0001111100, 0.5921172387240358, 0.979373054881012, 0.0 0.0 3.7485286854789364e-05 0.0006361656631854744 0.012800186909880116 0.09610285875719211 0.8904233033828876, 
18, 0011111100, 0011111100, 0.5920295184544982, 0.9787187742011331, 0.0 0.0 7.669315228382745e-05 0.0005487864172477949 0.00855282148092405 0.10862857997047559 0.8821931189790687, 
19, 0011111100, 0011111100, 0.5939999698475407, 0.9823273762648597, 0.0 0.0 0.0 3.363877344971611e-05 0.006285893795553076 0.09336303849938722 0.9003174289316099, 
20, 0011111100, 0011111100, 0.5919637661807932, 0.978947246837713, 0.0 0.0 0.0 0.0002211214979703937 0.010764562527365485 0.10412402942508035 0.8848902865495839, 
21, 0011111100, 0011111100, 0.594042546617188, 0.9823432787090884, 0.0 0.0 3.857134070918673e-05 0.0001647706789675213 0.006210884792167919 0.09286996076139435 0.900715812426761, 
22, 0001111110, 0011111100, 0.5915340906827349, 0.978280842882412, 0.0 0.0 0.0 0.0016831079765651906 0.01020643406400586 0.10485275064782087 0.883257707311608, 
23, 0011111000, 0011111100, 0.5929174073858466, 0.9804788627220389, 0.0 0.0 0.0 0.001031412009651008 0.007145449832830599 0.09974168797315242 0.892081450184366, 
24, 0011111000, 0011111100, 0.5925171208171851, 0.9796353321869834, 0.0 0.0 0.0 0.002247388820512862 0.00842017860707069 0.09860548320241921 0.8907269493699973, 
25, 0011111100, 0011111100, 0.5913788428351214, 0.9780571454618968, 0.0 0.0 0.0 0.0015681206699600671 0.010938111400932813 0.10507654241687345 0.8824172255122336, 
26, 0011111100, 0011111100, 0.5907575849676704, 0.9767177443036602, 0.0 0.0 0.0 0.0010714447325864008 0.010816577281189779 0.11484604541790007 0.8732659325683237, 
27, 0001111100, 0011111100, 0.5919891558690841, 0.9789474762016329, 0.0 0.0 0.0 0.0009402599160883398 0.010716568663986011 0.10206122571396543 0.8862819457059602, 
28, 0011111100, 0011111100, 0.5911829508931069, 0.9777637373686274, 0.0 0.0 0.0 0.00035892433575698303 0.010805268475893444 0.11073026582917748 0.8781055413591721, 
29, 0011111100, 0011111100, 0.5932834832672571, 0.9812033770583484, 0.0 0.0 0.0 0.000277350538202808 0.009084401650347967 0.09377888273460593 0.8968593650768434, 
30, 0011111100, 0011111100, 0.5925392738585562, 0.9797985384056381, 0.0 0.0 0.0 0.0007128844046306751 0.008165122317633338 0.1027398717170136 0.8883821215607224, 
31, 0011111100, 0011111100, 0.5922291950965388, 0.9792682289797853, 0.0 0.0 0.0 0.0 0.007687377933572346 0.10901587025414441 0.8832967518122832, 
32, 0111111100, 0011111100, 0.5934075568591877, 0.9813844754522405, 0.0 0.0 0.0 0.0008399693947200547 0.008337558332111486 0.09249812243817339 0.8983243498349951, 
33, 0011111100, 0111111100, 0.5922773387632387, 0.9794287976323091, 0.0 0.0 0.0 0.000912761690440632 0.007314337352825285 0.1060602544291726 0.8857126465275614, 
34, 0111111100, 0011111100, 0.5937009559564886, 0.9817154793654798, 0.0 0.0 0.0 0.0004760506864901667 0.007917862132885683 0.09244324748188017 0.899162839698744, 
35, 0011111100, 0011111100, 0.591964509582158, 0.9789453452347245, 0.0 0.0 0.0 0.0005537372718150274 0.007518350241627043 0.10963001629295359 0.8822978961936043, 
36, 0011111100, 0011111100, 0.5927299679768249, 0.9800615327822888, 0.0 0.0 0.00011645001323677243 0.00046576129671323864 0.0077606980428905495 0.10224632327739873 0.8894107673697608, 
37, 0011111100, 0001111100, 0.591772907481439, 0.9786666092723446, 0.0 0.0 0.0 0.0015538430206721453 0.00969105991810042 0.10395669546771424 0.8847984015935132, 
38, 0011111100, 0011111100, 0.5937748417480777, 0.9818944917161825, 0.0 0.0 0.0 0.00024322266457183018 0.007253602861898724 0.0933961759853926 0.8991069984881368, 
39, 0011111100, 0011111100, 0.593052030896634, 0.9805787325612452, 0.0 0.0 0.0 0.00046364735166316227 0.0067143268972311996 0.10170800878307741 0.8911140169680282, 
40, 0011111100, 0011111100, 0.5915909273911559, 0.978447126883655, 0.0 0.0 0.0 7.941968490600585e-05 0.012015045451893762 0.10504888873956506 0.8828566461236352, 
41, 0011111100, 0011111100, 0.5936688851604036, 0.9819126623494716, 0.0 0.0 0.0 4.934341147967747e-06 0.006056982741463375 0.0963952573967996 0.8975428255205891, 
42, 0011111100, 0011111100, 0.5928182905940228, 0.9805939266829342, 0.0 0.0 0.0 0.0 0.0066627268138700685 0.10311098627465436 0.8902262869114755, 
43, 0001111100, 0011111100, 0.5930614749163704, 0.9806056488615619, 0.0 0.0 0.0 0.0003593658190954299 0.008817781758560564 0.09765244585622122 0.8931704065661227, 
44, 0011111100, 0001111100, 0.5930921372165573, 0.9806875077457647, 0.0 0.0 0.00019983765164738608 0.0008806123287475108 0.009073078520070747 0.09428760889243772 0.8955588626070966, 
45, 0011111100, 0011111110, 0.5936539742122418, 0.9815165656546153, 0.0 0.0 0.0 0.00029166496103902653 0.010823585020518531 0.08837844114815356 0.9005063088702889, 
46, 0011111100, 0011111100, 0.5920129319143586, 0.9790635041520754, 0.0 0.0 0.0 0.0002562206029510498 0.00789159493574178 0.10906712340721021 0.8827850610540969, 
47, 0001111000, 0011111100, 0.590786406090682, 0.9770393019928505, 0.0 0.0 0.0 0.0006981731711018795 0.008807268740859466 0.11805513104787262 0.872439427040166, 
48, 0011111100, 0011111100, 0.5923469954033243, 0.979587384337295, 0.0 0.0 0.0 0.0006860568203292573 0.008101976464224399 0.10421357058679347 0.8869983961286529, 
49, 0011111000, 0011111100, 0.5923026544445928, 0.9795652391962891, 0.0 0.0 4.1527744882333844e-05 0.0026774228032922457 0.011470533120176284 0.09146911919250658 0.8943413971391426, 
50, 0011111100, 0011111000, 0.5935571097227947, 0.9815647360718258, 0.0 0.0 0.0 0.0012299244158292951 0.008516728944430901 0.08988835243269529 0.9003649942070445, 
51, 0011111000, 0011111100, 0.593764362698716, 0.9819446438001236, 0.0 0.0 0.0 0.00017665887390304178 0.005698921466092005 0.0964043176453651 0.8977201020146399, 
52, 0011111100, 0011111100, 0.593473151378946, 0.9816020993298986, 0.0 0.0 0.0 0.0006891885177213804 0.006646871556506916 0.09502609535443081 0.8976378445713409, 
53, 0011111100, 0011111100, 0.592265565730428, 0.9796951146286679, 0.0 0.0 0.0 0.0008052727785988647 0.00992659830813109 0.09956029727593403 0.889707831637336, 
54, 0011111100, 0011111100, 0.5919149802711932, 0.9786218296783854, 0.0 0.0 0.0 0.0007655229566552879 0.010982017030537198 0.10400841899864692 0.8842440410141605, 
55, 0011111100, 0011111100, 0.5912220964612864, 0.9776382138181676, 0.0 0.0 0.0 0.0002302936233288617 0.012329611385199645 0.10882061345060827 0.8786194815408632, 
56, 0011111100, 0011111100, 0.592335819645825, 0.9794416516299244, 0.0 0.0 0.0 0.0 0.006319941566652284 0.11071020708714946 0.8829698513461982, 
57, 0011111100, 0011111100, 0.5930243089296509, 0.9807965804655515, 0.0 0.0 0.0 0.0018437381213969274 0.007256911079228697 0.09517548068404215 0.8957238701153323, 
58, 0011111100, 0011111100, 0.5947857331328678, 0.983615219082551, 0.0 0.0 0.0 0.00038589537429877685 0.007268805831464847 0.08261338771886856 0.9097319110753678, 
59, 0011111100, 0011111100, 0.591389579260998, 0.9780112243935534, 0.0 0.0 0.0002852801000441965 0.0007103507927087516 0.00937286355306028 0.10991475375425698 0.8797167517999298, 
60, 0011111100, 0011111100, 0.5657592604824379, 0.9354966022370884, 0.04380325092752275 0.0005992611715564273 0.00018867653577498024 0.0018959489100153386 0.009884934232555116 0.09499215381629494 0.8486357744062806, 
61, 0011111100, 0011111100, 0.592363517980528, 0.9797592118530474, 0.0 0.0 0.0 0.0006395760529938765 0.009020032938447267 0.10148593484584015 0.8888544561627187, 
62, 0011111100, 0011111100, 0.593869891494558, 0.9820175560815917, 0.0 0.0 0.0 0.0001155864412884485 0.004528922525424254 0.09849005913573704 0.8968654318975503, 
63, 0011111100, 0011111100, 0.5921692251412217, 0.9789975910580866, 0.0 0.0 0.0 0.00027679520375273054 0.010640411786251028 0.10390324446772037 0.8851795485422759, 
64, 0011111000, 0001111100, 0.5925443712944622, 0.9796859998972045, 0.0 0.0 0.0 0.0010660587894870126 0.009247735304407239 0.10019035363949795 0.8894958522666078, 
65, 0011111100, 0011111100, 0.5917818625211807, 0.9788369144116619, 0.0022253447497289094 3.8657643836381886e-05 0.0009158174635216167 0.00047533787542346684 0.007408515762707796 0.09352684180670115 0.8954094846980806, 
66, 0011111100, 0011111100, 0.5938622502975055, 0.9819501315505625, 0.0 0.0 0.0 0.00023731189346415653 0.007160570227786713 0.09326613456065959 0.8993359833180895, 
67, 0011111100, 0011111100, 0.59246943541142, 0.9795772050032687, 0.0 0.0 0.0 0.0007734906731295607 0.009542302493810514 0.10113169297337779 0.8885525138596821, 
68, 0011111100, 0011111100, 0.5930356101866272, 0.9807446263100287, 0.0 0.0 1.7686085009574888e-06 0.0007565646806969528 0.007410583313931158 0.09843430703587046 0.8933967763610005, 
69, 0011111100, 0011111100, 0.5941894318031211, 0.9824584288425571, 0.0 0.0 0.0 0.00022542103663807821 0.006833076483172482 0.09090701086839817 0.9020344916117914, 
70, 0011111100, 0011111100, 0.5933027215021138, 0.9810506287305032, 0.0 0.0 0.0 0.00019172971332345688 0.005789549508927899 0.10154193945915486 0.8924767813185939, 
71, 0011111100, 0011111100, 0.591869574351802, 0.9789486862560035, 0.0 0.0 0.0 0.0005463580445421877 0.008708902795484265 0.10725100273938346 0.8834937364205901, 
72, 0011111000, 0011111100, 0.5928217132306494, 0.9801012448067059, 0.0 0.0 0.0 0.0002334944546012651 0.006362695879861683 0.1059666560362368 0.8874371536293003, 
73, 0011111110, 0011111110, 0.5934543915644916, 0.981190016909364, 0.0 0.0 0.0005358944954329444 0.0007440222114658639 0.006876930860598695 0.09473039220648918 0.8971127602260134, 
74, 0011111100, 0011111100, 0.5930849623162918, 0.980592821222244, 0.0 0.0 0.0 0.00029342737013538677 0.009706923076901719 0.09614894440232667 0.8938507051506362, 
75, 0011111100, 0011111100, 0.593217624118643, 0.9808111659120202, 0.0 0.0 0.0 0.00034644481963110816 0.007232082607386041 0.09962950485421353 0.8927919677187692, 
76, 0011111100, 0011111100, 0.594671305178851, 0.9832729446634673, 0.0 0.0 8.560978096065067e-05 0.0012022056434540236 0.006304441904882036 0.08380439215522853 0.9086033505154748, 
77, 0011111000, 0011111000, 0.5907463571232638, 0.977103203025626, 0.0 0.0 0.000515803136014768 0.0025822535984901585 0.008966242921962766 0.10963832266278883 0.8782973776807436, 
78, 0011111000, 0011111100, 0.5936811374059585, 0.981545512621945, 0.0 0.0 8.459796538466498e-05 0.00021204546680422053 0.008449285129799502 0.09285382574677992 0.8984002456912318, 
79, 0011111100, 0011111100, 0.5923038839500511, 0.979511680750139, 0.0 0.0 0.0 0.00020724866598776406 0.00892296507515104 0.10446223935090022 0.8864075469079611, 
80, 0011111100, 0011111100, 0.5926274439196701, 0.9798233947236192, 0.0 0.0 0.0 0.0003685989461437293 0.011271854204116362 0.0974101264116203 0.8909494204381195, 
81, 0011111100, 0011111100, 0.5933364063759377, 0.9811549058466459, 0.0 0.0 0.0002231862769632112 0.0008785916898063534 0.0060175120053114406 0.09750702073223011 0.895373689295689, 
82, 0011111100, 0011111100, 0.5927494103533745, 0.9799706664953663, 0.0 0.0 0.0 0.0002147985604971647 0.009488176251373886 0.10055525284356291 0.8897417723445661, 
83, 0011111000, 0011111100, 0.5929131116944223, 0.9803395308106923, 0.0 0.0 0.0 0.0013612368352941139 0.008787310942759887 0.09630448274444443 0.8935469694775016, 
84, 0011111100, 0011111100, 0.5913690723129572, 0.9777464639857907, 0.0 0.0 0.0 0.0004370674064669722 0.014169506841777675 0.1038710001823006 0.8815224255694547, 
85, 0011111100, 0011111100, 0.5939908632594981, 0.981927374797302, 0.0 0.0 0.00011772163237185703 0.0008337393497839427 0.007375573613312247 0.09071249941072379 0.9009604659938081, 
86, 0011111100, 0011111100, 0.5909536217572692, 0.9773610497128579, 0.0 0.0 0.00010507148107290266 0.0005800517258530571 0.010238478586622695 0.11319630344775693 0.8758800947586944, 
87, 0011111100, 0011111100, 0.5923158094149558, 0.9794190627878239, 0.0 0.0 0.0 0.002370110543941401 0.01019708073513182 0.09598113017096871 0.8914516785499581, 
88, 0011111100, 0011111100, 0.5930192101946947, 0.9807541416636502, 0.0 0.0 5.922286388147444e-05 0.001054324935121366 0.006054808199252179 0.09996566735870517 0.8928659766430399, 
89, 0011111100, 0011111100, 0.5933429160916279, 0.9814209931369183, 0.0 0.0 0.0 0.00041056158269870845 0.00613188649456833 0.09797858344125772 0.8954789684814752, 
90, 0011111100, 0011111100, 0.5940864581435711, 0.9822569452452192, 0.0 0.0 0.0 0.0005235192919415376 0.006893408505474541 0.09110095364191148 0.9014821185606725, 
91, 0011111100, 0011111100, 0.5921642906705032, 0.9790897612918356, 0.0 0.0 0.0 0.0008349486251214572 0.009307833287411553 0.10434091979879892 0.8855162982886681, 
92, 0001111100, 0011111100, 0.591309059922841, 0.9779260074013777, 0.0 0.0 0.0001598372119172414 0.0013424470405410584 0.008675452216904574 0.11042636118863204 0.8793959023420052, 
93, 0011111100, 0011111100, 0.5913650223605109, 0.9781664834786437, 0.0 0.0 0.0 0.000502372718564286 0.00966697490732542 0.11016003115779403 0.8796706212163163, 
94, 0011111100, 0001111100, 0.5938257866716166, 0.9817797397667922, 0.0 0.0 0.0 0.0004910561675105492 0.006242530865619047 0.09536333116547728 0.897903081801393, 
95, 0001111100, 0011111000, 0.5923114945163799, 0.9793412369261069, 0.0 0.0 0.00036056848978105043 0.0013292936893202717 0.009579437033161886 0.09936354934995031 0.8893671514377864, 
96, 0011111100, 0011111100, 0.5918234340207242, 0.978795895395095, 0.0 0.0 0.0 0.0016581867216843933 0.008010315668955817 0.10622943612646542 0.8841020614828943, 
97, 0011111100, 0011111100, 0.5926889008142489, 0.9803842835252243, 0.0 0.0 0.0 0.0005569868671067555 0.007108875314901648 0.10180558761752988 0.8905285502004617, 
98, 0011111100, 0011111100, 0.5922169037978823, 0.9793821555425729, 0.0 0.0 0.0 0.000132181903449524 0.008743296787251864 0.10582392745970971 0.8853005938495889, 
99, 0011111100, 0011111100, 0.5950666468470702, 0.983971353920332, 0.0 0.0 0.0 0.0003688612948495433 0.004299057698800361 0.08646717719585835 0.9088649038104917, 
100, 0011111100, 0011111100, 0.591522829763842, 0.9783524199326243, 0.0 0.0 0.0 0.0012925454380978713 0.010920856171440133 0.10416613174707923 0.8836204666433828, 
run, initial grid state, final grid state, mean grid cell occupancy, mean binding site occupancy, fraction of time with N TFs bound, warning
1, 0011111100, 0011111100, 0.5912250194536032, 0.9777037802293759, 0.0 0.0 0.0 0.0026812012061034497 0.01236287525905205 0.10100796448733099 0.8839479590475134, 
2, 0011111100, 0011111100, 0.5934999653743007, 0.9813066085782225, 0.0 0.0 0.00013273365808793476 0.00029973943433943246 0.01070794206916264 0.08931431145696993 0.89954527338144, 
3, 0011111100, 0011111100, 0.5935345936730339, 0.9816486648079928, 0.0 0.0 0.0 0.0007036550601075943 0.006240332201744076 0.09551638156823129 0.8975396311699172, 
4, 0011111100, 0011111100, 0.5927881020061733, 0.980384762577206, 0.0 0.0 0.0 6.797944655565988e-05 0.009316764217079948 0.09885395776293697 0.8917612985734275, 
5, 0011111100, 0011111100, 0.5931512597634484, 0.980891363136803, 0.0 0.0 0.0 0.0011672143777682383 0.0055583407445433195 0.10003349655679059 0.8932409483208978, 
6, 0011111100, 0011111100, 0.5915361849782681, 0.9782313231034969, 0.0 0.0 0.0 0.00023133389695950915 0.011231470156337154 0.10745511937546533 0.8810820765712379, 
7, 0011111100, 0011111100, 0.5917535447769151, 0.9784644746400086, 0.0 0.0 0.0 0.00048448484174065643 0.011684329904880875 0.10439103782496523 0.8834401474284133, 
8, 0011111100, 0011111100, 0.5929189653855116, 0.9804546716168564, 0.0 0.0 0.0 0.0009288590831227529 0.005002918508284553 0.10447955603292435 0.8895886663756684, 
9, 0011111100, 0011111100, 0.5921629019615331, 0.9793078172661003, 0.0 0.0 0.0 0.0007785839865611635 0.008902602986570907 0.10401213847057396 0.8863066745562941, 
10, 0011111100, 0011111100, 0.5928637613462955, 0.9803839675319459, 0.0 0.0 0.00021199122371582754 0.0003529638394962038 0.00822938711244702 0.09933056417007856 0.8918750936542624, 
11, 0011111100, 0011111100, 0.5924107944705268, 0.9796176149892998, 0.0 0.0 0.0 0.0007296599894924674 0.008888560883838803 0.10232820832804634 0.8880535707986223, 
12, 0011111100, 0011111100, 0.5928507025733711, 0.9805085682566401, 0.0 0.0 0.0 0.0005536315470756803 0.009820892470547215 0.0956459108778375 0.8939795651045397, 
13, 0011111100, 0001111100, 0.5926980920234358, 0.9801885543061931, 0.0 0.0 0.0 0.0007141673753620328 0.008505652454521001 0.09971486712771369 0.8910653130424033, 
14, 0011111100, 0011111100, 0.5923599906845778, 0.9796283752574694, 0.0 0.0 0.0 0.0007461847007094678 0.006958287809926579 0.10607461873320294 0.8862209087561611, 
15, 0011111100, 0011111100, 0.5939091879707243, 0.9818872130635132, 0.0 0.0 0.0 0.0005065328738579863 0.008779973948097682 0.08959717510115153 0.9011163180768929, 
16, 0001111100, 0011111100, 0.5921097595199564, 0.9788793083881597, 0.0 0.0 0.000519096259565458 0.0035472244900876353 0.011419259443469588 0.09116757227557697 0.8933468475313003, 
17, 0011111000, 0011111100, 0.5926774207011345, 0.9799750580817143, 0.0 0.0 0.00023532502954806597 4.649585468519301e-05 0.008417206373343807 0.10223445108077982 0.8890665216616432, 
18, 0011111100, 0011111100, 0.5931667124401522, 0.980848679206362, 0.0 0.0 0.0 0.0009085680105194023 0.011899061155566487 0.08838409841913658 0.8988082724147777, 
19, 0001111100, 0011111100, 0.5917992733011679, 0.9785547758640791, 0.0 0.0 0.0 0.00155405905628772 0.010869593642643324 0.10226998036137586 0.8853063669396931, 
20, 0001111100, 0011111100, 0.5918183904130906, 0.9785783615458143, 0.0 0.0 0.0 0.00023617997992100102 0.011724292995010745 0.10437270479532955 0.8836668222297387, 
21, 0011111100, 0011111100, 0.5936799774111029, 0.9818459112561921, 0.0 0.0 0.0 0.00037928976838954854 0.006088178989070558 0.09561030517953657 0.8979222260630033, 
22, 0011111100, 0011111100, 0.5931197720341518, 0.9806834146052316, 0.0 0.0 0.0 0.001284885341714677 0.010185951523273791 0.09167295329691927 0.8968562098380922, 
23, 0011111110, 0011111100, 0.592801018604509, 0.980058244555977, 0.0 0.0 0.0 0.0006138217686516897 0.005769044636586088 0.10627097808501094 0.8873461555097513, 
24, 0011111100, 0011111100, 0.5923226785395616, 0.9794305459469922, 0.0 0.0 0.0 0.0 0.005859741425345936 0.11169724146735437 0.8824430171072998, 
25, 0011111100, 0011111100, 0.5926878726994732, 0.9802529154391356, 0.0 0.0 0.0 0.00015358678247241744 0.010609375252864742 0.09680299651204025 0.8924340414526225, 
26, 0011111100, 0011111100, 0.5928246833354021, 0.9803693068753258, 0.0 0.0 0.0 0.0008822199893084309 0.007149307218245028 0.10083888434363103 0.8911295884488156, 
27, 0011111100, 0011111100, 0.5930531944001556, 0.9807694893915895, 0.0 0.0 0.0 4.1526488814581004e-05 0.009782508868402906 0.09569346644721342 0.8944824981955691, 
28, 0011111110, 0011111100, 0.5929832379990964, 0.9805736646144396, 0.0 0.0 0.0 0.0005233122340343112 0.006344902411682137 0.10229827078789568 0.8908335145663879, 
29, 0011111000, 0000111100, 0.5916867192975477, 0.9784108139825367, 0.0 0.0 0.0 0.0007488760918024607 0.014081934161299742 0.09912461950677255 0.8860445702401253, 
30, 0011111100, 0011111000, 0.5921802577790994, 0.9793632981419057, 0.0 0.0 0.0001041000845483371 0.0010773465338168257 0.010849672664752842 0.0984724258794162 0.8894964548374658, 
31, 0011111100, 0011111100, 0.5940757265314093, 0.9821707896293237, 0.0 0.0 0.0 0.00014104532752241405 0.004583488811208572 0.09738514861907373 0.8978903172421953, 
32, 0001111100, 0011111100, 0.5925184431839797, 0.9795821067810524, 0.0 0.0 0.0 0.0001558295415778387 0.00880257998848536 0.10443471071198121 0.8866068797579556, 
33, 0011111100, 0011111100, 0.5934983611085287, 0.9812084390586674, 0.0 0.0 0.0 0.0006150466220264722 0.007373160551624732 0.09615790467866692 0.8958538881476819, 
34, 0011111100, 0011111100, 0.5950410567958041, 0.9840486018237881, 0.0 0.0 0.0 0.0004030528767623787 0.0031078039818775863 0.08828362246322996 0.9082055206781301, 
35, 0001111100, 0011111100, 0.5925494196921954, 0.9798125090405593, 0.0 0.0 0.0 3.075146459363755e-05 0.00998016160038395 0.10107236816209596 0.8889167187729264, 
36, 0011111100, 0011111100, 0.5925525374660403, 0.9797641355114978, 0.0 0.0 0.0 0.0009666900828070867 0.008276194319541297 0.10196272804350998 0.8887943875541416, 
37, 0011111100, 0011111100, 0.5913477918048096, 0.9777548017404217, 0.0 0.0 0.0 0.000602579994501954 0.01131059280140634 0.10904226397115184 0.8790445632329398, 
38, 0011111100, 0011111100, 0.59162052129692, 0.9781490354364926, 0.0 0.0 9.973722763186408e-05 0.0011482654937002912 0.009891025345354033 0.107479991298709 0.8813809806346049, 
39, 0011111100, 0011111100, 0.5894622890928882, 0.9749277997863168, 0.0 0.0 0.0 0.0008974748976473012 0.016614174016452907 0.1145124285562512 0.8679759225296486, 
40, 0111111100, 0011111100, 0.5954070117278564, 0.9845515025476964, 0.0 0.0 0.0 0.00015680254523121174 0.0053100541417911255 0.08160046879454574 0.912932674518432, 
41, 0011111100, 0001111100, 0.5916326786793595, 0.9784222715640788, 0.0 0.0 0.0 0.0010100846045639116 0.009209863749530839 0.10801638930277381 0.8817636623431315, 
42, 0011111100, 0011111100, 0.5949248782827361, 0.9835399346494171, 0.0 0.0 0.0 0.0 0.004938914054459964 0.08888256399457756 0.9061785219509625, 
43, 0011111100, 0011111100, 0.5920534977765873, 0.9792578085668401, 0.0 0.0 0.0 0.00033723571984345 0.009990770592140217 0.10345990025514928 0.886212093432867, 
44, 0011111100, 0011111100, 0.5916967125395288, 0.978379982437986, 0.0 0.0 0.0 0.0008620978032037792 0.009484819833653664 0.10816417229516576 0.8814889100679768, 
45, 0011111100, 0011111100, 0.5932921520675518, 0.9810227871255661, 0.0 0.0 0.0 7.957393035775139e-05 0.004987045491389298 0.1036504644727514 0.8912829161055016, 
46, 0011111100, 0011111100, 0.5916628929749644, 0.9783907128575073, 0.0 0.0 0.0 0.000208835922976789 0.011933467606712041 0.10516227987260107 0.88269541659771, 
47, 0011111100, 0011111100, 0.5935289528576955, 0.9813750315969486, 0.0 0.0 0.0 0.0005731219574613797 0.008276061239628521 0.09347832206666662 0.8976724947362434, 
48, 0011111100, 0011111100, 0.592465453227391, 0.9799654929837335, 0.0 0.0 0.0005860122363642283 0.0022668334973058243 0.008108608786424852 0.09484527508737507 0.89419327039253, 
49, 0011111000, 0011111100, 0.5917876456053291, 0.978609999668732, 0.0 0.0 0.0 0.0007079323665102322 0.011808654366750956 0.10259889615457594 0.8848845171121629, 
50, 0011111100, 0011111100, 0.5931596354510402, 0.9807946981796511, 0.0 0.0 0.0 0.0007225447699500265 0.010278887460815012 0.0925064016906129 0.896492166078622, 
51, 0011111100, 0011111100, 0.5929902029477239, 0.980402863574265, 0.0 0.0 0.0 0.0008209114853927155 0.0054945923552215505 0.10413089938778868 0.8895535967715971, 
52, 0011111000, 0011111100, 0.5916162046089837, 0.9782972365291406, 0.0 0.0 0.0 0.001641022135669557 0.010578405783039195 0.10413670285206933 0.8836438692292219, 
53, 0011111100, 0011111100, 0.5936389095888652, 0.9818054741259232, 0.0 0.0 0.0 0.00019276155346140974 0.005245658777955102 0.09809755302816628 0.8964640266404172, 
54, 0011111100, 0011111100, 0.592095932825043, 0.9789914786516558, 0.0 0.0 0.0 0.0001018755160697301 0.012268980691557635 0.10120754015873963 0.886421603633633, 
55, 0011111100, 0011111100, 0.5937107290269463, 0.9815844877723389, 0.0 0.0 0.0 0.0001771567962581203 0.008077190280287304 0.09380722241661772 0.897938430506837, 
56, 0011111100, 0011111100, 0.5912997566858281, 0.9779385626556849, 0.0 0.0 0.00017552452649911244 0.000496203334386973 0.00995958076254941 0.11025875443163319 0.8791099369449312, 
57, 0011111100, 0011111100, 0.5917416717993088, 0.9783379909698803, 0.0 0.0 0.0 0.00043572732637771534 0.010557867432778246 0.10754913733602864 0.8814572679048155, 
58, 0011111100, 0011111100, 0.5928489765817728, 0.9804443389096517, 0.0 0.0 0.0 0.00116085860312354 0.008841521121306194 0.096168348490107 0.8938292717854632, 
59, 0011111100, 0011111100, 0.5923976404351065, 0.979404742296417, 0.0 0.0 0.0 0.0006333823518696852 0.008662456419927406 0.10434648632603315 0.8863576749021698, 
60, 0011111100, 0011111100, 0.5941487412676694, 0.9822935620693662, 0.0 0.0 0.0 0.00014379564245144523 0.004942951685484785 0.09592133728547915 0.8989919153865846, 
61, 0111111100, 0011111100, 0.5921816617546954, 0.9792952999388319, 0.0 0.0 0.0 0.0009072094002211377 0.01208459332913486 0.0973373855080756 0.8896708117625685, 
62, 0011111100, 0011111100, 0.5946304626523695, 0.9832931190677355, 0.0 0.0 0.0 6.992738241892485e-05 0.006058524934414319 0.08791445357750165 0.905957094105665, 
63, 0011111100, 0011111100, 0.5920383078022974, 0.9788426258122103, 0.0 0.0 0.00022204608575877686 0.0008705149417430161 0.01016562511385745 0.10311326573075993 0.8856285481278808, 
64, 0011111000, 0011111100, 0.5922408682121787, 0.9792299401236385, 0.0 0.0 0.0 0.0004518935768632661 0.006575407945149291 0.1101138626372807 0.8828588358407067, 
65, 0011111100, 0011111100, 0.5931421647342388, 0.9809344437329455, 0.0 0.0 0.0 0.0004929106371727443 0.009012137835122842 0.0948903300205632 0.8956046215071413, 
66, 0011111100, 0011111100, 0.5906468754257029, 0.9769645322183069, 0.0 0.0 0.0 0.0008238467235622191 0.013417464816936358 0.10890633688559852 0.8768523515739028, 
67, 0011111100, 0011111100, 0.5936352146125032, 0.981553351777347, 0.0 0.0 0.0 0.0010492827822852133 0.007156785988516679 0.09321846901202877 0.8985754622171692, 
68, 0011111100, 0011111100, 0.5936818326224245, 0.981563008639864, 0.0 0.0 0.0 0.0006638957208258197 0.006992474826918031 0.09464531134450295 0.8976983181077532, 
69, 0011111100, 0011111100, 0.5932233497977617, 0.9809371247793072, 0.0 0.0 0.0 0.0006751618706155675 0.007349181302148592 0.09765340310801346 0.8943222537192224, 
70, 0011111100, 0011111100, 0.5922218987129303, 0.979204811006446, 0.0 0.0 0.0 0.0008011146426235777 0.007802825605487074 0.10676213882247883 0.8846339209294106, 
71, 0011111100, 0001111100, 0.5923619887651448, 0.9796622531198165, 0.0 0.0 0.0 0.0013814145837476423 0.007466497364971673 0.10294924279991506 0.8882028452513656, 
72, 0011111100, 0011111100, 0.5935890751000844, 0.9817452221600009, 0.0 0.0 0.0 0.00040179327311073027 0.006620432709939692 0.09508242180078279 0.8978953522161668, 
73, 0001111100, 0011111100, 0.592309297884341, 0.9794133224521459, 0.0 0.0 0.0 0.000721660479288385 0.011131084185906274 0.09909291547744722 0.889054339857358, 
74, 0011111100, 0011111000, 0.5938868463771833, 0.9818237051708494, 0.0 0.0 0.00025794695652087526 0.0007076034344816207 0.00970510519452684 0.08649296045632211 0.9028363839581485, 
75, 0011111100, 0011111100, 0.5922025158804759, 0.9793917064681854, 0.0 0.0 1.763939901760646e-05 0.0016273299760628597 0.008357839460083795 0.10198153474646167 0.8880156564183741, 
76, 0011111100, 0011111100, 0.59205981901305, 0.9790780387648189, 0.0 0.0 0.0003233177630285989 0.0004896687013239378 0.009758096383680658 0.10325329748763898 0.8861756196643278, 
77, 0011111100, 0001111100, 0.5919948902404332, 0.9786874025021005, 0.0 0.0 0.0 0.0011504086828077389 0.008273541001282185 0.10787727693640935 0.8826987733795009, 
78, 0011111100, 0011111100, 0.5915373327308426, 0.9782414416899478, 0.0 0.0 0.0 0.0014016449158306915 0.011494861709439029 0.10335669169394254 0.8837468016807878, 
79, 0011111100, 0011111100, 0.5949524361060868, 0.9838586029869585, 0.0 0.0 0.0 0.0 0.004447538636063401 0.0879533048061224 0.9075991565578143, 
80, 0011111100, 0011111100, 0.5929823460806134, 0.980523741120213, 0.0 0.0 0.0 0.0006924334722874277 0.006513093747354584 0.10175406536715022 0.8910404074132077, 
81, 0011111100, 0011111100, 0.5932145653560129, 0.9807898035661348, 0.0 0.0 0.0 0.0005534564872141419 0.008029705780678768 0.09754139758019184 0.8938754401519152, 
82, 0011111100, 0011111100, 0.5931727040364886, 0.9811688431557959, 0.0 0.0 0.0 0.00032241662742132226 0.007340675181487595 0.09733834081998685 0.8949985673711043, 
83, 0011111100, 0011111100, 0.592056989257362, 0.9792615829339304, 0.0 0.0 1.8618001317637304e-05 0.0015096408174433025 0.008534607910512368 0.1027578921177915 0.8871792411529352, 
84, 0011111000, 0001111100, 0.5939449125124525, 0.9824347945443751, 0.0 0.0 0.0 0.0006863961973730722 0.005743911010529226 0.09184422212057265 0.901725470671525, 
85, 0011111100, 0011111100, 0.5951423674980219, 0.9839166958105675, 0.0 0.0 0.0 0.0 0.0054825117314922095 0.08553480167361054 0.9089826865948972, 
86, 0011111100, 0011111100, 0.5938825018719092, 0.9820690418193091, 0.0 0.0 8.530503828593662e-05 0.0005416764056578136 0.008442784985202734 0.08873392974362307 0.9021963038272305, 
87, 0011111100, 0011111100, 0.5920825987684413, 0.978886061544534, 0.0 0.0 6.165721707774769e-05 0.0008650988817695137 0.010144030224251688 0.10355364477067429 0.8853755689062267, 
88, 0011111100, 0011111100, 0.5923262898249034, 0.9794146750097649, 0.0 0.0 0.0 0.00014871626579403876 0.009598405153381975 0.1038689908372648 0.8863838877435593, 
89, 0011111100, 0011111100, 0.591142018419003, 0.9773931727663288, 0.0 0.0 0.0012956853545453434 0.001562734263112119 0.010138034224207605 0.10549395074609423 0.8815095954120407, 
90, 0011111100, 0011111100, 0.5926655722362881, 0.9799664043411856, 0.0 0.0 0.0 0.0015010582005624258 0.0074705015970736215 0.10075739615705091 0.890271044045313, 
91, 0011111100, 0011110000, 0.5918566515709719, 0.9787715842886869, 0.0 0.0 0.0 0.0007295945572760559 0.01162846921292637 0.10192477217019834 0.8857171640595992, 
92, 0011111100, 0011111100, 0.5941101263775314, 0.9822840871342652, 0.0 0.0 0.0 0.0007227646890046482 0.0073482579951348855 0.08943066713712496 0.9024983101787355, 
93, 0011111100, 0011111100, 0.5925090481384352, 0.9798823917164416, 0.0 0.0 0.0 0.0002661125274143332 0.007694839932555921 0.10451763225399559 0.8875214152860341, 
94, 0011111100, 0011111100, 0.591128373032049, 0.9776167454269735, 0.0 0.0 0.0 1.0672469393298738e-05 0.012526272566772648 0.10921496489643408 0.8782480900673999, 
95, 0011111100, 0011111100, 0.5926225511290799, 0.9799396155354569, 0.0 0.0 1.856968062287285e-05 0.0023516754330422194 0.010086334633224255 0.09306033249919216 0.8944830877539185, 
96, 0011111100, 0011111000, 0.5942785045870616, 0.9825511845343272, 0.0 0.0 0.0 0.0 0.0038258200825283 0.09704125262898075 0.8991329272884909, 
97, 0011111000, 0011111100, 0.584364180728133, 0.9663117253530897, 0.010071054906782818 0.00014453780181725818 0.00022147993438056534 0.002468647695052907 0.014669605102681442 0.103349556403634 0.869075118155651, 
98, 0011111100, 0011111100, 0.5940815434189871, 0.9823222835381308, 0.0 0.0 0.0 0.00023331455740911616 0.006459649316808888 0.09244705646537107 0.9008599796604109, 
99, 0011111100, 0011111100, 0.5943969030970393, 0.9830352801442063, 0.0 0.0 0.0 0.00012264677573215393 0.005855872902304932 0.08970863300295599 0.904312847319007, 
100, 0011111100, 0011111100, 0.5901275041254095, 0.9760134166958527, 0.0022381927968465713 3.144691247361047e-05 0.00029024243435416897 0.0008740149462899388 0.013537814754996266 0.09947446439515698 0.8835538237598825, 
run, initial grid state, final grid state, mean grid cell occupancy, mean binding site occupancy, fraction of time with N TFs bound, warning
1, 0011111100, 0011111100, 0.5923473305345307, 0.9796193205228461, 0.0 0.0 0.0 0.0002822106981732341 0.008145525354619692 0.10514639405916468 0.8864258698880424, 
2, 0011111100, 0011111100, 0.5931753906719418, 0.9810981922144681, 0.0 0.0 0.0 0.0002835181625948633 0.005585620894908407 0.10138905043559027 0.8927418105069065, 
3, 0011111100, 0011111100, 0.5946836685384147, 0.9832806923219443, 0.0 0.0 0.0 1.6481241789772395e-05 0.006408122159816594 0.08745015802333227 0.9061252385750614, 
4, 0011111100, 0011111100, 0.5927760297168778, 0.980292381531444, 0.0 0.0 5.9492358212754834e-05 0.0005790838731863384 0.010060482481215893 0.09614952479649341 0.8931514164908917, 
5, 0011111100, 0011111100, 0.5914305616728605, 0.9780878141171071, 0.0 0.0 0.0 0.0004751847470263072 0.010111009057895633 0.10982554294048684 0.8795882632545912, 
6, 0011111100, 0011111100, 0.5690274658205464, 0.9405536401981474, 0.03892228150105876 0.00047073508516203786 0.0007302346834326357 0.0008671646915639865 0.0070238769536716626 0.10122060766318791 0.8507650994219229, 
7, 0011111100, 0011111100, 0.5909451731638756, 0.9772320127321913, 0.0 0.0 0.0 0.0008490564102919327 0.010530080314933181 0.11300059374611027 0.8756202695286647, 
8, 0011111100, 0011111100, 0.5924671537535442, 0.979739299154641, 0.0 0.0 0.0 0.000399760425884752 0.0072713256714220294 0.10582227245165642 0.8865066414510369, 
9, 0011111100, 0011111100, 0.5918156649344538, 0.9787023850463161, 0.0 0.0 0.0 0.0009117935404710825 0.010095879753615528 0.10485854959345874 0.8841337771124547, 
10, 0011111100, 0011111100, 0.5943583737810892, 0.9825941666059496, 0.0 0.0 0.0 9.845759770018712e-05 0.006760389510286939 0.09061884855062884 0.902522304341384, 
11, 0111111000, 0011111100, 0.5918896001902427, 0.9786098168771187, 0.0 0.0 0.0 0.001230514691280435 0.011285973570550507 0.10207760752234629 0.8854059042158228, 
12, 0011111100, 0111111100, 0.5934714447865184, 0.9815354889042054, 0.0 0.0 0.0 0.0003278329065897351 0.008727471463437554 0.09234862492812386 0.8985960707018489, 
13, 0011111100, 0011111100, 0.5934535659787173, 0.9811582372940092, 0.0 0.0 9.012180979126975e-05 0.0005533460992428802 0.008628677300427797 0.0937726960981953 0.8969551586923428, 
14, 0011111100, 0011111100, 0.5930714768231591, 0.9805876173053127, 0.0 0.0 0.0 0.0 0.007701498588218936 0.101071298991686 0.891227202420095, 
15, 0011111100, 0011111000, 0.5930389028729184, 0.9806384761763544, 0.0 0.0 0.0002633547932968253 0.0007939043261449677 0.005956229246969392 0.10082155229631294 0.8921649593372759, 
16, 0011111110, 0011111100, 0.5923794496877697, 0.9796642724403367, 0.0 0.0 0.0 4.0135983390460406e-05 0.008703818728551239 0.10448631995070665 0.8867697253373517, 
17, 0011111100, 0011111100, 0.5926524420339304, 0.9801096431702232, 0.0 0.0 0.0 7.837874628467219e-05 0.009236803836247842 0.10063339706731109 0.8900514203501564, 
18, 0011111100, 0011111100, 0.5911639015244111, 0.9775610879420371, 0.0 0.0 0.0 0.00034315262050254 0.013686472564163001 0.10623106935794362 0.8797393054573909, 
19, 0011111100, 0011111100, 0.590352459668499, 0.976237906117073, 0.0 0.0 0.0 0.0012814446524005844 0.011806508686831403 0.11511521196669797 0.87179683469407, 
20, 0011111100, 0011111100, 0.5863671560089938, 0.969540502037216, 0.007562852361958026 9.925809006849924e-05 0.0019097603059849708 0.001978469465376621 0.012784239747475591 0.09774065403959213 0.877924765989544, 
21, 0011111100, 0011111100, 0.5910277366871629, 0.9776209256341086, 0.0 0.0 0.0 0.000398025376659064 0.009872192658655486 0.11333598474806016 0.8763937972166252, 
22, 0011111100, 0011111100, 0.5918046031945332, 0.9785091933105651, 0.0 0.0 6.586389817873636e-05 0.0006801763020611944 0.009328861171441091 0.10798313329482892 0.88194196533349, 
23, 0011111100, 0011111100, 0.5935536367628533, 0.9813953751169882, 0.0 0.0 0.0 0.0003434715398113536 0.009683682859245226 0.09122996896014647 0.8987428766407969, 
24, 0011111100, 0011111100, 0.5944613159576988, 0.9830432081582957, 0.0 0.0 0.0 0.0004832027720138572 0.006684450867244384 0.08692224099969617 0.9059101053610455, 
25, 0011111100, 0011111100, 0.5931637044822266, 0.9807954806868946, 0.0 0.0 0.0 6.619891367793082e-05 0.011632953111048623 0.0917626129155009 0.8965382350597726, 
26, 0111111100, 0001111100, 0.5912526335921114, 0.9777748613956517, 0.0 0.0 0.0 0.001142594536562193 0.011462994507562078 0.10699705900127895 0.8803973519545969, 
27, 0011111100, 0011111100, 0.5934092976705083, 0.9813215741910645, 0.0 0.0 0.0 0.0010164249623831113 0.008450907535266863 0.09211946489593074 0.8984132026064193, 
28, 0011111100, 0011111100, 0.5916130878206542, 0.978393392536248, 0.0 0.0 7.705929653985159e-05 0.0019378382138534953 0.010200934355980686 0.10311602424283074 0.8846681438907953, 
29, 0011111100, 0011111100, 0.5938795950913976, 0.9819833601584967, 0.0 0.0 0.0 0.0014855920574844874 0.007300166972768675 0.08904272893102877 0.9021715120387179, 
30, 0011111100, 0011111100, 0.5919396192802276, 0.9790195672262135, 0.0 0.0 0.0 0.0008093864678808092 0.008601109836528082 0.10625221756602042 0.8843372861295707, 
31, 0011111100, 0011111100, 0.5936466264691834, 0.9816896763604749, 0.0 0.0 0.0 0.000622623453217688 0.01004845492606915 0.08789716162535996 0.9014317599953532, 
32, 0011111100, 0011111100, 0.5929324186033464, 0.980380659957335, 0.0 0.0 0.00033969352953524813 0.0007408985519554714 0.009940233942843976 0.09425410259629427 0.8947250713793711, 
33, 0011111100, 0011111100, 0.5939085060083416, 0.9818231017942989, 0.0 0.0 0.0 0.0002062940270963169 0.005794369206506538 0.0968537687399049 0.8971455680264923, 
34, 0011111000, 0011111100, 0.5934667582957764, 0.9814550546203805, 0.0 0.0 0.0 0.0015460360043418973 0.004469413009202669 0.09769273824628578 0.8962918127401696, 
35, 0011111100, 0011111100, 0.5916698982904524, 0.9783925130078368, 0.0 0.0 0.0 0.0008193237756273859 0.009852785879382792 0.10748137886733168 0.8818465114776581, 
36, 0011111100, 0011111100, 0.5913461751787117, 0.9778807050205464, 0.0 0.0 0.0 0.000609502837922942 0.008446472143941272 0.11399431707506996 0.8769497079430657, 
37, 0011111100, 0011111100, 0.5925708800767202, 0.9801218824759528, 0.0 0.0 0.000214123192460764 2.9825972013473508e-05 0.007191797355651258 0.10393913974709772 0.8886251137327768, 
38, 0011111100, 0011111100, 0.593111237788471, 0.9807265270606466, 0.0 0.0 0.0 0.0007648675907561963 0.007237266526166572 0.0988717018115186 0.8931261640715586, 
39, 0111111100, 0011111100, 0.59316662345284, 0.9810997419138336, 0.0 0.0 0.0 0.00044321336868070416 0.010344554776431253 0.09138279885809397 0.8978294329967941, 
40, 0011111100, 0011111100, 0.5929281658846065, 0.9802475847911033, 0.0 0.0 0.0 0.0011358088995158954 0.008477507961764484 0.09815204863130365 0.892234634507416, 
41, 0011111100, 0011111100, 0.5927982055931559, 0.9803480515103293, 0.0 0.0 0.0 0.0006044984282805522 0.007172834830050872 0.10175252599308053 0.890470140748588, 
42, 0011111100, 0011111100, 0.5925885851903337, 0.979927588931331, 0.0 0.0 0.0 0.0005543881120180516 0.005121506780293477 0.10852828851537301 0.8857958165923155, 
43, 0011111100, 0011111100, 0.5921724399212639, 0.9790587736606032, 0.0 0.0 2.038482198913892e-05 0.0017548345160064524 0.009603112018356603 0.10109509116369121 0.8875265774799567, 
44, 0001111100, 0011111100, 0.5915612276194777, 0.9784401388511401, 0.0 0.0 0.0 0.0007434175496048586 0.012191289896173619 0.10274633445199732 0.8843189581022243, 
45, 0011111100, 0011111100, 0.5921606191931331, 0.9790152875801194, 0.0 0.0 0.0 0.00029952396991604846 0.006837281592021889 0.11133513942549186 0.8815280550125703, 
46, 0011111100, 0011111100, 0.5929779106512885, 0.9807238548787123, 0.0 0.0 0.0 0.0003828483162541616 0.007983881487826767 0.0985405628033105 0.8930927073926086, 
47, 0001111100, 0011111100, 0.5904843495400062, 0.976677560223777, 0.0 0.0 0.00031341775523503616 0.0006035759081786018 0.01130356582496323 0.11426310826193514 0.873516332249688, 
48, 0011111100, 0011111110, 0.5940403651627945, 0.9820969099751287, 0.0 0.0 0.0 4.03955971900622e-05 0.00541845673963564 0.09646043987838704 0.8980807077847872, 
49, 0011111100, 0111111100, 0.5936718709220509, 0.9813957330019706, 0.0 0.0 0.0 0.0007546627798442612 0.007073705169107928 0.09521420331042757 0.8969574287406201, 
50, 0011111100, 0011111100, 0.5935029378553186, 0.981398044487719, 0.0 0.0 0.0 0.0 0.006673878207419791 0.09826397665884637 0.8950621451337338, 
51, 0011111100, 0011111000, 0.5925137931845731, 0.9799197232785695, 0.0 0.0 0.0 0.00014762215104540188 0.008125463450979501 0.1037878669734881 0.8879390474244869, 
52, 0011111100, 0011111100, 0.592518895797998, 0.9800788536357932, 0.0 0.0 0.0 0.00098916463412246 0.005168839813366776 0.10622170465613949 0.8876202908963712, 
53, 0011111100, 0011111100, 0.5934083160680955, 0.9812309457099097, 0.0 0.0 0.0 0.00020726271161715186 0.008991967041069967 0.09400860352355213 0.8967921667237608, 
54, 0111111100, 0011111100, 0.5925470464379633, 0.979975584186954, 0.0 0.0 0.0 0.0006760081940066246 0.010793119052088431 0.09653223219208049 0.8919986405618245, 
55, 0011111100, 0011111100, 0.5935585533129731, 0.981491185230315, 0.0 0.0 0.0 8.606013694692225e-05 0.006850685491819968 0.09709333722363014 0.8959699171476031, 
56, 0011111100, 0011111100, 0.593690561608333, 0.9816984595322544, 0.0 0.0 0.0 0.0005691592444135461 0.009194218650138314 0.0897133277729566 0.9005232943324916, 
57, 0011111100, 0011111100, 0.5907578909827652, 0.9772115592201454, 0.0 0.0 0.0 0.0015857050242772941 0.012613218552537784 0.10674709250122008 0.8790539839219649, 
58, 0011111000, 0011111100, 0.5949829827288332, 0.983729812373309, 0.0 0.0 0.0 0.0007276012790243965 0.002939878426867425 0.0895585650693373 0.9067739552247708, 
59, 0001111100, 0011111100, 0.5939566718902723, 0.9821287926149944, 0.0 0.0 0.0 0.0005537589251141534 0.0064049529628559514 0.09275606160897984 0.90028522650305, 
60, 0011111100, 0011111100, 0.5595406602565192, 0.9253660940320989, 0.053616843370642396 0.0006676300404595671 0.00010769389818037726 0.0005264507943885249 0.01142947427426512 0.09789514885683671 0.8357567587652273, 
61, 0011111100, 0011111100, 0.5932013521611224, 0.9810533085843691, 0.0 0.0 0.0 0.0011858879514374619 0.008479939265978573 0.09316260610751599 0.897171566675068, 
62, 0011111100, 0011111100, 0.5913350472490804, 0.9778252686195409, 0.0 0.0 1.2790364062445504e-05 0.001542589429909718 0.01047929966974958 0.10741085919727598 0.8805544613390024, 
63, 0011111100, 0011111100, 0.5933887839356745, 0.9811998591453553, 0.0 0.0 0.0 7.739704271713891e-05 0.005072250840956681 0.10242415231780333 0.8924261997985228, 
64, 0011111100, 0011111100, 0.5944475947210968, 0.9829186672945515, 0.0 0.0 0.0 3.935218394773347e-05 0.00528575261037163 0.09179843446010484 0.9028764607455758, 
65, 0011111100, 0011111100, 0.5920253099839959, 0.9787916041636368, 0.0 0.0 0.0 0.0019223961901096217 0.012652157993246326 0.09617887046135873 0.8892465753552854, 
66, 0011111100, 0011111100, 0.591886487738449, 0.9785800004019529, 0.0 0.0 0.0 0.00012655573179994308 0.009729933704760725 0.10868046298336145 0.8814630475800779, 
67, 0011111100, 0011111100, 0.593194842515605, 0.980834017300586, 0.0 0.0 0.00018593317227874481 0.0007959159848930508 0.010283008427786308 0.09129839869711827 0.8974367437179237, 
68, 0011111100, 0011111100, 0.5915593810467091, 0.9780917610912186, 0.0 0.0 0.0 0.0008053613232625666 0.011717502107396575 0.10559834526810637 0.8818787913012345, 
69, 0011111100, 0111111100, 0.5926550154176246, 0.9800427115571545, 0.0 0.0 0.0 0.001503358399159596 0.008471835805145976 0.09828998384930199 0.8917348219463924, 
70, 0011111100, 0011111000, 0.592616257657116, 0.9797315266700422, 0.0 0.0 0.0 0.001635763025807426 0.007379865498331919 0.10194381990566112 0.8890405515701995, 
71, 0111111100, 0011111100, 0.5911129640164468, 0.9776540184175703, 0.0 0.0 0.0 0.0002912201737142531 0.010925253315016151 0.11135172234340374 0.8774318041678659, 
72, 0011111100, 0011111100, 0.5940452564800635, 0.9823179041067902, 0.0 0.0 0.0004722209326499984 0.0006532624571375619 0.007341556547720481 0.08756079116180487 0.903972168900687, 
73, 0011111100, 0011111100, 0.5936415065978309, 0.981526107940226, 0.0 0.0 0.0 0.0 0.007574273907542657 0.09569480454356037 0.896730921548897, 
74, 0011111100, 0011111100, 0.5955289952480691, 0.9844837674697733, 0.0 0.0 0.0 0.0007607591055202483 0.006200001444639606 0.07841511497552034 0.9146241244743197, 
75, 0001111110, 0011111100, 0.5923332874945655, 0.9792381314245936, 0.0 0.0 0.0 0.00020227302453427795 0.007461230410565428 0.10904193155770463 0.8832945650071957, 
76, 0011111100, 0011111100, 0.5918631584889993, 0.9788600201656255, 0.0 0.0 0.0 0.000924132939441839 0.006165167203988822 0.11173714577994427 0.8811735540766251, 
77, 0011111100, 0011111100, 0.5935005743905503, 0.981220639098366, 0.0 0.0 0.0 0.0018468548029855602 0.009214471198616361 0.08870665860361404 0.900232015394784, 
78, 0011111100, 0011111100, 0.5926882294829889, 0.9799494838126853, 0.0 0.0 0.0 0.0003698780206933617 0.009645607918550967 0.09990224722470549 0.8900822668360503, 
79, 0011111100, 0011111100, 0.5937038310378902, 0.9812834706896576, 0.0 0.0 0.0 0.00018890763446240195 0.005209219510058729 0.10131401393854945 0.8932878589169293, 
80, 0011111000, 0011111100, 0.5923540922580938, 0.979545752979539, 0.0 0.0 0.0 0.0009516371567990097 0.006577737148131188 0.10671509635610588 0.885755529338964, 
81, 0001111100, 0011111100, 0.5936723059109883, 0.9817693798684697, 0.0 0.0 0.0 0.0004394154407088529 0.006426839742607045 0.09521179498184153 0.8979219498348424, 
82, 0011111100, 0011111100, 0.5926659411145866, 0.9800691607281841, 0.0 0.0 0.0 0.0003706944726278668 0.007453881716632422 0.10356518877974802 0.8886102350309917, 
83, 0011111100, 0011111100, 0.5947440984690178, 0.983320187443104, 0.0 0.0 0.0 0.0009491854522424651 0.00593890644921814 0.08535350608621252 0.9077584020123268, 
84, 0011111100, 0011111100, 0.5946281147777199, 0.9832847051759306, 0.0 0.0 0.0 8.763408476193745e-05 0.0067126292671884445 0.08660360815575369 0.9065961284922959, 
85, 0011111100, 0011111100, 0.5927784831000769, 0.9800466432256446, 0.0 0.0 4.983631534391925e-06 0.0010761990436223858 0.007288606685615129 0.10189439561789695 0.8897358150213313, 
86, 0011111100, 0011111100, 0.5921528327359298, 0.9793081398816723, 0.0 0.0 0.00026481782203511243 0.0016407055311293709 0.011771616991191227 0.09462653884605597 0.8916963208095884, 
87, 0011111100, 0011111100, 0.5925461519555529, 0.9798211561880831, 0.0 0.0 0.0 0.00043458659617946256 0.00842262204445817 0.10292405899404626 0.8882187323653161, 
88, 0011111100, 0011111100, 0.5921030785480867, 0.9790420167919258, 0.0 0.0 0.0 0.0018118461593977608 0.007177479896828668 0.1059574009765941 0.8850532729671795, 
89, 0011111100, 0011111100, 0.5936825322995181, 0.9815144594373446, 0.0 0.0 0.0 0.0004775868003302528 0.007556127833014726 0.09436822730891282 0.8975980580577423, 
90, 0011111000, 0011111100, 0.5927152452347305, 0.9801334738098095, 0.0 0.0 5.1803351207687734e-05 0.0010854196303432895 0.008046071767756605 0.09964354130976755 0.8911731639409248, 
91, 0011111100, 0011111000, 0.592522134298412, 0.9795572363655664, 0.0 0.0 0.0 0.0008948693913977486 0.007750991722517552 0.10446999018737341 0.8868841486987111, 
92, 0011111100, 0011111100, 0.5921849544304754, 0.9793410440080271, 0.0 0.0 0.0 0.0006525940100708922 0.012329927193831818 0.09733609953396073 0.8896813792621366, 
93, 0011111110, 0011111100, 0.5935856741652537, 0.9815810997230042, 0.0 0.0 0.0 0.00038649126737048224 0.009437977057198304 0.09047797374546607 0.8996975579299652, 
94, 0011111000, 0011111100, 0.5930441096496621, 0.9807178758299949, 0.0 0.0 0.0 0.0011971920678317794 0.00788296300570547 0.09633524280512398 0.8945846021213388, 
95, 0011111100, 0011111100, 0.5926015373395165, 0.979966834230305, 0.0 0.0 0.0 0.002071499026271502 0.010320396618325631 0.09334370430270468 0.8942644000526981, 
96, 0011111100, 0011111100, 0.5909102054033777, 0.9772987324668513, 0.0 0.0 0.0 0.0007783761922005244 0.012482509907949252 0.10890745680639174 0.8778316570934586, 
97, 0011111100, 0011111100, 0.59153969722126, 0.9782494259159714, 0.0 0.0 7.479008937188556e-05 0.0010984222254941576 0.01106392465891877 0.10478116815236434 0.8829816948738508, 
98, 0011111100, 0011111100, 0.5930992610249205, 0.9803658231625872, 0.0 0.0 0.0 0.00030575441481547693 0.00939266300903746 0.09810247176195423 0.8921991108141929, 
99, 0001111100, 0000111100, 0.5926396287653147, 0.9800318410163809, 0.0 0.0 0.00011926461467833745 0.00028544378923654555 0.010719628861784791 0.09703630635172143 0.8918393563825789, 
100, 0011111100, 0011111100, 0.5936075445276254, 0.9815412920571067, 0.0 0.0 7.210368347741308e-05 0.00024203178087600638 0.00634256583973617 0.09705260590135004 0.8962906927945604, 
run, initial grid state, final grid state, mean grid cell occupancy, mean binding site occupancy, fraction of time with N TFs bound, warning
1, 0011111100, 0011111100, 0.5930564314970882, 0.9804800734893907, 0.0 0.0 0.0 0.001010003553289629 0.008596829544949041 0.09689588931388847 0.8934972775878729, 
2, 0011111100, 0011111100, 0.5944325991108826, 0.9827379414578596, 0.0 0.0 0.0 0.00015723577361308392 0.006657714237501111 0.08978521545700088 0.9033998345318849, 
3, 0011111000, 0011111100, 0.5917054924810792, 0.9783512639854365, 0.0 0.0 0.0 0.00011420071743476958 0.007540329355674981 0.11446915522372642 0.8778763147031637, 
4, 0011111100, 0011111100, 0.5912368095041494, 0.9779423134107239, 0.0 0.0 0.0 0.0006285943249155226 0.010912405543496175 0.10863552547391718 0.8798234746576711, 
5, 0011111100, 0011111100, 0.5904835751102444, 0.9763067876282057, 0.0 0.0 0.0 0.0016204713010979904 0.010850780295178069 0.11559629973711631 0.8719324486666077, 
6, 0011111100, 0011111100, 0.5922969749647901, 0.9792825191570553, 0.0 0.0 0.0 0.00022354180799245832 0.010908655474988397 0.10181694868371326 0.8870508540333059, 
7, 0011111100, 0011111100, 0.5932409666258656, 0.9808152713905078, 0.0 0.0 4.3585961601847686e-05 0.00046754296083092686 0.011085581993894544 0.09136023494026414 0.8970430541434086, 
8, 0011111100, 0011111100, 0.5927472561942493, 0.9799261147456475, 0.0 0.0 0.0 0.00027185630569306955 0.010045403373516967 0.09953693586200173 0.8901458044587882, 
9, 0011111100, 0011111100, 0.5911437413846526, 0.9775191909274825, 0.0 0.0 0.0 0.0015739799969136429 0.013981720382368616 0.10219947367962604 0.8822448259410918, 
10, 0011111100, 0011111100, 0.5925168854191594, 0.9794370644740863, 0.0 0.0 0.0 0.0013047760994148395 0.010370693148040656 0.09872189856115693 0.8896026321913876, 
11, 0011111100, 0011111100, 0.5945894097508612, 0.9832029279272695, 0.0 0.0 0.0 0.0006233899624458664 0.004990792783271978 0.08893067698250233 0.9054551402717799, 
12, 0011111100, 0011111100, 0.5909189899783894, 0.9773687268461767, 0.0 0.0 0.0 0.0002240078109228043 0.01591836220582519 0.10327889107852134 0.8805787389047306, 
13, 0011111100, 0011111100, 0.5904794023578633, 0.9765040503555966, 0.0 0.0 0.0008177888230938002 0.0020788018867993353 0.014854891292646525 0.10175835432835344 0.8804901636691068, 
14, 0011111100, 0011111100, 0.5917658494052012, 0.9785493468764389, 0.0 0.0 0.0 0.0018710672620206998 0.01040201760886341 0.10228668173757818 0.8854402333915377, 
15, 0011111100, 0011111100, 0.5937240909155872, 0.9817663314717512, 0.0 0.0 0.0 0.0 0.010648404929718185 0.08810520131005672 0.9012463937602251, 
16, 0011111100, 0011111100, 0.5942598972685159, 0.9826598771620397, 0.0 0.0 0.0 0.0009804199413729281 0.005936656702954541 0.08922616379773413 0.9038567595579383, 
17, 0000111100, 0011111100, 0.5937021870808449, 0.9816950222942046, 0.0 0.0 0.0 0.0008629569524617605 0.009173017729376932 0.08889495991863328 0.9010690653995281, 
18, 0011111000, 0011111110, 0.5914403323125484, 0.9779364857179385, 0.0 0.0 0.0 0.0015474280815290977 0.007205303714914594 0.11332819401795315 0.8779190741856032, 
19, 0111111100, 0011111100, 0.5912488378912338, 0.9775760342709626, 0.0 0.0 0.0 0.0011146976491676567 0.010392029815866628 0.11041564179498739 0.8780776307399784, 
20, 0011111100, 0011111100, 0.595376515539978, 0.9841846659789664, 0.0 0.0 0.0 0.0 0.005577923774100754 0.0837361565779997 0.9106859196478996, 
21, 0011111100, 0011111100, 0.5930439750627392, 0.9807031430417896, 0.0 0.0 0.0 0.00022426577224810915 0.005862334199234387 0.1033836760340489 0.8905297239944685, 
22, 0011111100, 0011111100, 0.5899189370571845, 0.975497743398108, 0.0 0.0 0.0001204380964634532 0.0020994016007895838 0.013952272274788662 0.11232903787355235 0.871498850154406, 
23, 0011111100, 0011111100, 0.5923840159547232, 0.9796400066189389, 0.0 0.0 0.0 0.0006578680534053983 0.01045681161086213 0.09927273290442568 0.8896125874313069, 
24, 0011111100, 0011111100, 0.5937509753763112, 0.9820420844201707, 0.0 0.0 0.0 0.0009654118494444233 0.01043679465260947 0.08397766862542325 0.904620124872523, 
25, 0011111100, 0011111000, 0.592944938127736, 0.9804541598819961, 0.0 0.0 0.0 0.0 0.008164539853159472 0.10094596100170465 0.8908894991451359, 
26, 0011111100, 0001111100, 0.5938731821375296, 0.9819035700719078, 0.0 0.0 0.00041863392056158607 0.0007917474449651723 0.006488999934143005 0.09155080168312633 0.9007498170172039, 
27, 0011111100, 0011111110, 0.5914722786771026, 0.9781866438572074, 0.0 0.0 0.0 0.0018117908504100921 0.013167715139560124 0.0991093340264049 0.885911159983625, 
28, 0011111100, 0011111100, 0.593777813559844, 0.9816453087021755, 0.0 0.0 0.0 0.00011933233428475401 0.007480363740402622 0.09480942330328686 0.8975908806220256, 
29, 0011111100, 0011111100, 0.5934946030683147, 0.9814993580460358, 0.0 0.0 0.0 0.0 0.008076466021249508 0.0948509196812857 0.8970726142974647, 
30, 0011111100, 0011111100, 0.5933662773567803, 0.9812393158169329, 0.0 0.0 0.0 0.0001570086035337902 0.010543840412834083 0.09100539846213389 0.8982937525214982, 
31, 0011111100, 0001111100, 0.5933909235798841, 0.9812884473848068, 0.0 0.0 0.0 0.00017335271472008454 0.007828346269670012 0.0960925650076587 0.8959057360079512, 
32, 0011111100, 0011111100, 0.5786215393117236, 0.9565385351941808, 0.025037289464556304 0.0003640592533622327 0.0001251235589215727 0.0004150258949164123 0.0071785700157579345 0.09262204382881627 0.8742578879836692, 
33, 0011111100, 0011111100, 0.5926630171686521, 0.9801635078205713, 0.0 0.0 0.0 0.0014527742443466681 0.009011360761166029 0.09663790882120099 0.8928979561732864, 
34, 0011111100, 0011111100, 0.5938528680042484, 0.9822181196191967, 0.0 0.0 0.0 0.0010735324017406645 0.006044461778657024 0.09138176152228357 0.9015002442973187, 
35, 0011111100, 0011111100, 0.594716062201784, 0.9834086663722857, 0.0 0.0 0.0 0.00012741847546920445 0.005777921220267683 0.08760990389934216 0.906484756404921, 
36, 0011111100, 0011111100, 0.5919641394129415, 0.9788103104011043, 0.0 0.0 0.0 0.0009402324024874822 0.011044308277600008 0.102228823830712 0.8857866354892006, 
37, 0011111100, 0011111100, 0.5923872873614205, 0.9793864177908539, 0.0 0.0 0.0 7.0834098485765e-05 0.008052780182316064 0.10736343059478773 0.8845129551244104, 
38, 0011111100, 0011111100, 0.5917712336728167, 0.9785074695818181, 0.0 0.0 0.0 0.0004167469286896501 0.006021100262660951 0.11566274119770055 0.8778994116109489, 
39, 0011111100, 0011111100, 0.5917175335947923, 0.9786005470591099, 0.0 0.0 0.0010968034748180706 0.0014560874327469438 0.00877918572905864 0.10208286998970985 0.8865850533736666, 
40, 0011111100, 0011111100, 0.5915155849915977, 0.9782890600459914, 0.0 0.0 0.0 0.00046699324291927467 0.008698520734939376 0.11146761852541492 0.8793668674967264, 
41, 0011111100, 0001111100, 0.5937160468504709, 0.9816401069781568, 0.0 0.0 0.0 0.0013655705184143355 0.006988599525071737 0.0920854475256726 0.8995603824308412, 
42, 0011111100, 0001111000, 0.5934989837990364, 0.9815522986690561, 0.0 0.0 0.0 0.00022554239450170877 0.005997004656506975 0.0980155714891434 0.8957618814598479, 
43, 0011111100, 0011111100, 0.5923653860108462, 0.9793233613376583, 0.0 0.0 0.0004955507778387977 0.001173834150316261 0.00956192651760713 0.09943227337653161 0.8893364151777062, 
44, 0011111100, 0011111100, 0.5939340028454764, 0.9821052802826375, 0.0 0.0 0.0 0.00019793318113951454 0.007061822719728456 0.0926508733212992 0.9000893707778328, 
45, 0011111000, 0001111100, 0.592820498171025, 0.9803636967226667, 0.0 0.0 0.0 0.0 0.007059697194356461 0.10369842527528736 0.8892418775303561, 
46, 0011111100, 0001111100, 0.5911512570962154, 0.9775271118777427, 0.0 0.0 0.0 0.0005949838706315131 0.011667271577428797 0.10971783396679155 0.8780199105851482, 
47, 0011111100, 0011111100, 0.593860074247332, 0.9820426994564053, 0.0 0.0 0.0 0.00047944811540769674 0.008068542579533319 0.09016837375627915 0.9012836355487799, 
48, 0011111100, 0011111000, 0.592579647523188, 0.9798578284371038, 0.0 0.0 0.0 0.00018470644942306336 0.010272970017654058 0.09975296999380001 0.8897893535391229, 
49, 0011111100, 0011111100, 0.5932170097000844, 0.9808029761852826, 0.0 0.0 0.0 0.0006303917495511826 0.008593936873407858 0.09610309389283463 0.8946725774842063, 
50, 0011111100, 0011111100, 0.5910558933505121, 0.9774955858268674, 0.0 0.0 1.3603729466370172e-05 0.0018422712241275962 0.013122050611503613 0.10320115522554062 0.8818209192093618, 
51, 0011111100, 0011111100, 0.5923724375400025, 0.9795528975909972, 0.0 0.0 0.0 0.000761814253484777 0.010143313880139735 0.10011054393328345 0.888984327933092, 
52, 0011111100, 0011111100, 0.5937744309678525, 0.981982163258555, 0.0 0.0 0.0 0.0006992787488516738 0.008019188438538553 0.08997080732503754 0.9013107254875723, 
53, 0011111100, 0011111100, 0.5925707358590853, 0.979958877938976, 0.0 0.0 0.0 1.0357430811950137e-05 0.006606228476001341 0.1070032031217053 0.8863802109714815, 
54, 0011111100, 0011111100, 0.5929496501972118, 0.9802893001004149, 0.0 0.0 0.0 0.0007426182273470787 0.009887479630349796 0.09626138545476903 0.8931085166875341, 
55, 0011111100, 0011111100, 0.5921146166395529, 0.9790713963282096, 0.0 0.0 0.0 0.0004990253857402858 0.0067136270605709075 0.1106472917523794 0.8821400558013094, 
56, 0111111100, 0011111100, 0.5930204817345649, 0.9806394491289072, 0.0 0.0 0.0 0.000704392514300921 0.0076089167407520746 0.09883229420214965 0.8928543965427974, 
57, 0011111100, 0011111100, 0.5927023021736151, 0.9801769641752419, 0.0 0.0 0.0 0.0023045384045280726 0.011528756115305409 0.08896708750435306 0.8971996179758135, 
58, 0011111100, 0011111100, 0.5939770641046427, 0.9823829573158595, 0.0 0.0 0.0 0.0001611746616891452 0.006430071777134865 0.09235858856550593 0.9010501649956701, 
59, 0011111100, 0011111100, 0.5901644007248729, 0.975813899543937, 0.0 0.0 6.221876024348395e-06 0.0014877108367556617 0.014385545787723464 0.11185749114656708 0.8722630303529294, 
60, 0011111100, 0011111100, 0.5934456773226466, 0.9809906120942024, 0.0 0.0 0.0 0.0 0.007459265511629655 0.09913779641152676 0.8934029380768436, 
61, 0011111100, 0011111100, 0.5919015219810754, 0.9787718920399078, 0.0 0.0 0.0 9.354369286979947e-05 0.008644798406574668 0.1097984198687943 0.8814632380317613, 
62, 0011111100, 0011111100, 0.592364055158519, 0.9793929155883115, 0.0 0.0 0.0 0.0010757418022562207 0.009379388471526631 0.1016565041203085 0.8878883656059086, 
63, 0011111100, 0011111000, 0.5930579359602973, 0.9809599951831658, 0.0 0.0 0.0 0.0002454364626965352 0.008331776271891635 0.09684016696913167 0.8945826202962802, 
64, 0011111100, 0011111100, 0.5918739095965906, 0.9789041853333466, 0.0 0.0 2.919601032393319e-06 0.0003837232154032162 0.011738442231617125 0.10193515548634699 0.8859397594656002, 
65, 0001111100, 0011111100, 0.5945033187593283, 0.982874347450583, 0.0 0.0 0.0 0.00029734902895183786 0.004986320267127163 0.0918892276753923 0.9028271030285288, 
66, 0011111100, 0011111100, 0.5919683790444598, 0.9788367286079376, 0.0 0.0 0.0 0.0011572842864473092 0.007048722774529455 0.10941032994397322 0.88238366299505, 
67, 0011111100, 0011111100, 0.5923923793891592, 0.9795939593741341, 0.0 0.0 0.0 0.0006550069549411251 0.010226341230489702 0.10001854042939241 0.8891001113851768, 
68, 0011111100, 0011111100, 0.5939363815686555, 0.9820511238961099, 0.0 0.0 1.9634057539758225e-05 0.0009204567419500719 0.006516051456857457 0.09182124725361533 0.9007226104900374, 
69, 0011111100, 0011111100, 0.5919206895304592, 0.9789829698645004, 0.0 0.0 0.00024267155095157166 0.0007632196958147344 0.009514567340572983 0.10381270084060197 0.8856668405720588, 
70, 0011111000, 0011111100, 0.5939938643056633, 0.9822548517415808, 0.0 0.0 0.0 0.0001573853716810544 0.007619783389428842 0.0907591666566154 0.9014636645822747, 
71, 0011111100, 0001110000, 0.5930070202922436, 0.9805694669697256, 0.0 0.0 0.0 0.0004571923696383975 0.007908231342569374 0.09939515838759272 0.8922394179001996, 
72, 0011111100, 0011111100, 0.5917321135169518, 0.9784034880146731, 0.0 0.0 0.0 0.00024540059374531106 0.009504430329734567 0.10983400947125532 0.8804161596052648, 
73, 0011111100, 0011111100, 0.5945562069268245, 0.9831000433801148, 0.0 0.0 0.0 0.0008038816465000011 0.005032738495521892 0.08892261778876716 0.9052407620692109, 
74, 0011111100, 0011111100, 0.5923129108408655, 0.9794737683328865, 0.0 0.0 0.0 0.000616566519040664 0.008674418113850158 0.10395885421785919 0.88675016114925, 
75, 0011111100, 0011111100, 0.5922956591005547, 0.97930508140187, 0.0 0.0 4.852503880205608e-06 0.00043158698200296784 0.010949956911842845 0.10095542680356465 0.8876581767987094, 
76, 0011111100, 0011111100, 0.5930070979554655, 0.9803657097055536, 0.0 0.0 0.0 0.000265796209486212 0.006752880695971981 0.1035025917462753 0.8894787313482665, 
77, 0011111100, 0011111100, 0.5939059455770385, 0.9819924569732532, 0.0 0.0 0.0 0.0009863921624817167 0.005846995242228138 0.093392091188579 0.8997745214067111, 
78, 0001111100, 0011111100, 0.5939353310766986, 0.9818918016106886, 0.0 0.0 0.0 0.00015144418311209903 0.00649225278990876 0.09521035220671487 0.8981459508202643, 
79, 0011111100, 0011111100, 0.59339940097308, 0.98133993292776, 0.0 0.0 0.0 0.00017589780181660535 0.006758841848118074 0.09791502533175418 0.8951502350183111, 
80, 0011111100, 0011111100, 0.5927971152879018, 0.9802936831268314, 0.0 0.0 0.0 0.0008235025927136909 0.006214183787194504 0.10333902588648161 0.8896232877336102, 
81, 0011111100, 0011111100, 0.5920052242663143, 0.9790151223497063, 0.0 0.0 0.0 0.00014678073770026364 0.008998900725016567 0.10747112223862758 0.8833831962986557, 
82, 0011111000, 0011111100, 0.5924637023852748, 0.9796680735892263, 0.0 0.0 0.0 0.0008249319585026995 0.010057929745978897 0.09940090309717606 0.8897162351983423, 
83, 0011111100, 0011111100, 0.5928550893993327, 0.9803944824735467, 0.0 0.0 0.0 0.0 0.00652597452458116 0.10458115610955766 0.8888928693658612, 
84, 0011111100, 0011111100, 0.5921229510067786, 0.979065478129171, 0.0 0.0 0.0 0.0005669376397307288 0.007970269055450402 0.1079657801948808 0.883497013109938, 
85, 0011111100, 0001111100, 0.59234543163806, 0.979522697207432, 0.0 0.0 0.0 0.001271364417005607 0.007426698804915986 0.10419632589455903 0.8871056108835194, 
86, 0011111100, 0011111000, 0.5936777895915462, 0.9817058296965196, 0.0 0.0 0.0 0.00025167107619433174 0.006180427960657874 0.09664915267098378 0.896918748292164, 
87, 0011111110, 0011111100, 0.5938654226183946, 0.9820856875135562, 0.0 0.0 0.0 0.00018274439684539675 0.009551732776873814 0.08783417617437843 0.9024313466519024, 
88, 0011111100, 0011111100, 0.5899976650451616, 0.9758571054114518, 0.0 0.0 8.558633564199719e-05 0.001743565495021304 0.0163291379100982 0.1066260498834603 0.8752156603757782, 
89, 0011111100, 0011111100, 0.5933959413563797, 0.9813006889781526, 0.0 0.0 0.0 0.0 0.006450197523586338 0.09929547108391198 0.8942543313925018, 
90, 0011111000, 0011111100, 0.5930601201649053, 0.980678497982479, 0.0 0.0 0.0 0.00047630244014637807 0.007180283266666856 0.10013953825135258 0.8922038760418343, 
91, 0011111100, 0011111100, 0.5937501171593995, 0.9816428620071421, 0.0 0.0 0.0 0.00011905959106519107 0.00889607712598829 0.0919934949319752 0.8989913683509715, 
92, 0011111100, 0001111100, 0.5922612438174825, 0.9793567739127419, 0.0 0.0 0.0 0.00026156351225702535 0.010041568707451955 0.10299152857187367 0.8867053392084173, 
93, 0011111100, 0011111100, 0.5926996997259993, 0.9797617553318592, 0.0 0.0 0.0 0.00047302405730122605 0.00967254294547596 0.10066530994598968 0.8891891230512332, 
94, 0011111100, 0011111100, 0.5922882197981267, 0.9793291072264321, 0.0 0.0 0.0010496702451466946 0.0005033036885851479 0.008387250784195844 0.10154226302667405 0.8885175122553982, 
95, 0011111000, 0011111100, 0.5926100286110203, 0.9799716088876507, 0.0 0.0 0.0 0.0014613571744252953 0.008270507906536027 0.09924525933774833 0.8910228755812902, 
96, 0011111100, 0011111100, 0.5937404131127597, 0.9819136383048422, 0.0 0.0 0.0 0.00012483308766349439 0.006718874984645247 0.0947059209386659 0.8984503709890254, 
97, 0011111100, 0011111100, 0.5923771164638834, 0.9796228450318641, 0.0 0.0 0.0 5.841970414661225e-06 0.011236743547589785 0.09977191680239161 0.888985497679604, 
98, 0011111100, 0011111100, 0.5943841651359726, 0.9830177620848048, 0.0 0.0 0.0 0.0 0.005440904493442205 0.09101161850428623 0.9035474770022716, 
99, 0011111100, 0011111100, 0.5941396602709197, 0.9825402122604544, 0.0 0.0 0.0 0.0 0.004804529378520754 0.09514966768023274 0.9000458029412465, 
100, 0011111100, 0011111100, 0.5920779273957146, 0.9791167113269674, 0.0 0.0 0.0 0.00037781562807301676 0.010638583730033013 0.10288911769391017 0.8860944829479839, 
run, initial grid state, final grid state, mean grid cell occupancy, mean binding site occupancy, fraction of time with N TFs bound, warning
1, 0011111100, 0011111100, 0.5932088073016161, 0.9809770696087253, 0.0 0.0 0.0 0.0007101635148000716 0.005941339919027895 0.10012441196519173 0.8932240846009802, 
2, 0011111100, 0011111100, 0.5934822419691731, 0.9812148196473267, 0.0 0.0 0.0 0.0001394342438768205 0.007208244870037904 0.09787628964433427 0.894776031241751, 
3, 0011111100, 0011111100, 0.5924648236689891, 0.9798571708966932, 0.0 0.0 0.0 0.0009631013146601049 0.006672794172866418 0.10462208233012825 0.8877420221823452, 
4, 0011111100, 0011111000, 0.5934367219408934, 0.9813071255169512, 0.0 0.0 0.0 0.0002741698810964539 0.0060749923527378515 0.09918475254952777 0.894466085216638, 
5, 0011111100, 0001111100, 0.5923481697526163, 0.9793397598534553, 0.0 0.0 0.0 0.0005058158223582449 0.0093740117659787 0.10369596988023659 0.8864242025314264, 
6, 0011111100, 0011111100, 0.5937919510775533, 0.9819031313450387, 0.0 0.0 0.0 0.0006913514497327804 0.004019446072619156 0.09846826543533069 0.8968209370423174, 
7, 0011111100, 0011111100, 0.5929615073271478, 0.9805676533838897, 0.0 0.0 0.0 0.0001684386341837474 0.006372863644110617 0.10334303650588833 0.8901156612158174, 
8, 0011111100, 0011111100, 0.5929072221776086, 0.9804486188241858, 0.0 0.0 0.0 0.00016116678387576624 0.0072783236884084975 0.1022681393264415 0.8902923702012743, 
9, 0011111100, 0011111100, 0.5934155863616796, 0.9811713061818845, 0.0 0.0 0.0 0.0006483802915736039 0.006296434208794089 0.09843415361638409 0.8946210318832482, 
10, 0011111100, 0011111100, 0.5928118925526055, 0.9801559657620251, 0.0 0.0 0.0 0.0007769814816956292 0.00793128689004351 0.10087068720267478 0.8904210444255861, 
11, 0011111100, 0001111100, 0.593112504962702, 0.9807730691929702, 0.0 0.0 0.0 0.0006866629815014131 0.008344651400214185 0.09661229309724716 0.8943563925210372, 
12, 0001111100, 0011111100, 0.5814004678071512, 0.9614341070304651, 0.020882155912113416 0.00027423092705227076 0.0003377913123664969 0.0010835912274417422 0.006269258059899402 0.08759081265767807 0.8835621599034486, 
13, 0011111100, 0011111100, 0.5935381095026241, 0.9813095244404249, 0.0 0.0 0.0 7.1888199046679895e-06 0.009549522112459782 0.09302224267281735 0.8974210463948182, 
14, 0011111100, 0011111100, 0.5922971488587235, 0.9794910230379943, 0.0 0.0 0.0 0.0 0.010186995569611048 0.10267987063281235 0.8871331337975765, 
15, 0011111100, 0011111100, 0.5932627436570095, 0.981087397448761, 0.0 0.0 0.0 0.0005085629128387995 0.00795836073936325 0.09603320509019214 0.8954998712576058, 
16, 0011111100, 0011111100, 0.5915640222717324, 0.9783522206236394, 0.0 0.0 0.0 0.00046406557385949855 0.009652382365794455 0.10918971480499637 0.8806938372553498, 
17, 0001111110, 0011111110, 0.5937836038133866, 0.9819028051091591, 0.0 0.0 0.0 0.0011481411913102154 0.008392041390025053 0.08835466299106563 0.9021051544275991, 
18, 0011111100, 0011111100, 0.5930632031265338, 0.9808100978673951, 0.0 0.0 0.0 7.511202858624003e-05 0.006324879200529647 0.10226431830881066 0.8913356904620734, 
19, 0011111100, 0011111100, 0.593405403340737, 0.981450916210193, 0.0 0.0 0.0 5.282698993092491e-05 0.004885967915282437 0.10136408593848481 0.8936971191563018, 
20, 0011111100, 0011111100, 0.5861881823262827, 0.9692051519097528, 0.010932999681048222 0.0001331053637233802 0.0010013267079091639 0.0012823510129824846 0.007214939908736894 0.09622332394851976 0.8832119533770801, 
21, 0011111100, 0001111100, 0.5931767669886735, 0.9809385732445388, 0.0 0.0 0.0 0.001153654716361619 0.008615557577540036 0.0936764812286024 0.8965543064774959, 
22, 0011111100, 0011111100, 0.59308510491007, 0.9806564076976043, 0.0 0.0 0.0 0.0003264207583980333 0.01185365247696963 0.09137498658524157 0.8964449401793907, 
23, 0011111110, 0011111100, 0.591443037849124, 0.9782111001457184, 0.0 0.0 0.0003662009403944015 0.0006512237740709668 0.011717832414142018 0.10387925921361531 0.8833854836577772, 
24, 0011111100, 0011111100, 0.593084567580244, 0.980818189508144, 0.0 0.0 0.0 0.0007313544896996588 0.009480916179811024 0.09393496712241474 0.8958527622080745, 
25, 0011111100, 0011111100, 0.5927580292260034, 0.980424899126166, 0.0 0.0 0.0 0.0004296152160979452 0.008604560274751245 0.09895263904520707 0.8920131854639438, 
26, 0011111100, 0011111100, 0.5921160225040673, 0.9791618602605, 0.0 0.0 0.0 0.00046709987257293286 0.010195784343648817 0.1032359701319841 0.8861011456517942, 
27, 0011111100, 0011111100, 0.5931527801756147, 0.9805584547801136, 0.0 0.0 0.0 0.0 0.005929347462011066 0.10479057639529656 0.8892800761426924, 
28, 0011111100, 0011111000, 0.5926798050752572, 0.9799088068661601, 0.0 0.0 0.0 0.0015457649744323888 0.008906182338668802 0.09809749920240482 0.891450553484494, 
29, 0011111100, 0111111100, 0.592144899453074, 0.9791257407596743, 0.0 0.0 0.0003365256475735278 0.0006919965628103415 0.008544972226739266 0.10473351870975044 0.8856929868531265, 
30, 0011111100, 0011111100, 0.5918660190234454, 0.9788513012039702, 0.0 0.0 0.0 0.0008231228567442155 0.011916954600418805 0.10058891500510841 0.8866710075377285, 
31, 0011111100, 0011111100, 0.5933207797055514, 0.9811655427124101, 0.0 0.0 0.0003173180396553448 0.000935162583213562 0.008642430134885975 0.09164712354750561 0.8984579656947395, 
32, 0011111100, 0011111100, 0.5914800120701845, 0.9783982434709428, 0.0 0.0 0.00036381177518492647 0.0008712508465189593 0.008336654559890699 0.10886823041426444 0.881560052404141, 
33, 0011111100, 0011111100, 0.5922048218842447, 0.9792278765070106, 0.0 0.0 0.0 0.00040544568887994397 0.0120510391959492 0.09931432549939836 0.8882291896157726, 
34, 0011111100, 0011111100, 0.5937892113959177, 0.9819457837062454, 0.0 0.0 0.0 0.0002075208017301843 0.005197444617855561 0.09730784612162532 0.897287188458789, 
35, 0011111100, 0011111100, 0.5929615649619205, 0.9803744155858056, 0.0 0.0 0.0 5.800815543802011e-05 0.007360868251513682 0.10285774551582516 0.8897233780772231, 
36, 0011111100, 0011111100, 0.5909207589059949, 0.9773774706804286, 0.0 0.0 0.00026832361652760273 0.0005451339556940964 0.012094764957082461 0.10883694967007158 0.8782548278006242, 
37, 0011111100, 0011111100, 0.5924426655604147, 0.979621481221245, 0.0 0.0 2.5840987696420575e-05 0.0015025273791467574 0.00995758120090266 0.09774500418249799 0.8907690462497562, 
38, 0011111100, 0011111100, 0.5911146830494596, 0.977888282838819, 0.0 0.0 0.00042316480236989396 0.0020904916824221395 0.014220630427285233 0.0962649078557693 0.8870008052321534, 
39, 0011111100, 0000111100, 0.5930769651862713, 0.980720833231526, 0.0 0.0 0.0 0.0 0.010420459023587873 0.09483408256366803 0.8947454584127441, 
40, 0011111100, 0011111100, 0.5899184570186533, 0.975457369434422, 0.0 0.0 0.00045163875232313356 0.005096072080194154 0.0134261219881848 0.10330876816722401 0.8777173990120738, 
41, 0011111100, 0011111100, 0.5939576663487587, 0.9823659014662823, 0.0 0.0 0.0 0.000820664914017944 0.004886205190636117 0.09357018607898004 0.9007229438163659, 
42, 0011111100, 0011111100, 0.592809700615027, 0.9805907788958308, 0.0 0.0 0.0 0.0004895099261673291 0.004584772905809999 0.10581725103489409 0.8891084661331285, 
43, 0111111100, 0011111100, 0.5936965303548796, 0.9815316120939342, 0.0 0.0 0.0 0.00031065201601630164 0.0066793347858870675 0.09651970181657211 0.8964903113815245, 
44, 0011111100, 0011111100, 0.5930411542691753, 0.9808120807987933, 0.0 0.0 0.0 0.0006962196992825893 0.01128526258196761 0.09046833094545823 0.8975501867732917, 
45, 0011111100, 0011111100, 0.59181570532562, 0.9790001698684984, 0.0 0.0 0.0 0.0015433143122797564 0.007843219381841208 0.1056825990884892 0.8849308672173899, 
46, 0011111100, 0011111100, 0.5926595947864151, 0.9801266716162393, 0.0 0.0 0.0 7.825956233251662e-05 0.008980796909425144 0.10104359779671676 0.8898973457315256, 
47, 0011111100, 0011111100, 0.5921371271864218, 0.9792756926584804, 0.0 0.0 0.0 0.0003518511580447923 0.010102621441561856 0.10308504769185974 0.8864604797085336, 
48, 0011111000, 0011111100, 0.5923297623740722, 0.9794153886397275, 0.0 0.0 0.0 0.0005897389741395058 0.008199664610949538 0.10533912201731696 0.8858714743975941, 
49, 0011111100, 0011111100, 0.5739018840590729, 0.9489096551834288, 0.027293543119629875 0.0003561138738614888 0.0003711059144517637 0.0022344793237866955 0.014019302413734504 0.10477377435570401 0.8509516809988317, 
50, 0011111100, 0011111100, 0.5937377688573384, 0.9818200012262671, 0.0 0.0 0.00018615377442995706 0.0005634045607344877 0.007373694343443278 0.0918977751755877 0.8999789721458046, 
51, 0011111100, 0011111100, 0.5917154701602648, 0.9785931459528655, 0.0 0.0 0.0 0.0009334025678645499 0.009739612275633318 0.10616169202794684 0.8831652931285553, 
52, 0011111100, 0011111100, 0.5933945890663376, 0.981074581044093, 0.0 0.0 9.313706509033838e-05 0.0007446003313006389 0.006897221060046663 0.0971517223610859 0.8951133191824765, 
53, 0011111000, 0011111100, 0.5929869138544175, 0.9806206703660194, 0.0 0.0 0.00021370712483658675 0.00036834907773009365 0.006297713487135664 0.10172067509707561 0.8913995552132221, 
54, 0011111000, 0001111100, 0.5913352390192514, 0.9777169155772014, 0.0 0.0 9.137616156952721e-05 0.0016103575989616483 0.01004893259153382 0.1084040639105615 0.8798452697373734, 
55, 0011111100, 0011111100, 0.590105880523191, 0.9759980395559823, 0.0 0.0 0.00011558367636056172 0.0012858408369916675 0.017181943802231724 0.10532801784322501 0.8760886138411911, 
56, 0011111100, 0011111100, 0.595124109148812, 0.9841031719938158, 0.0 0.0 0.0 0.0006778899886952127 0.005932099223196843 0.08148309962462563 0.9119069111634822, 
57, 0011111100, 0011111100, 0.5933841928151118, 0.9809229054211362, 0.0 0.0 0.0 0.00024679291284710164 0.008653282314727844 0.09641562410518566 0.8946843006672394, 
58, 0011111110, 0011111100, 0.5936735547960158, 0.9816502486366747, 0.0 0.0 0.0 0.0005290858613970165 0.005462926584373548 0.09758539742701347 0.8964225901272159, 
59, 0011111100, 0011111110, 0.5923211609369197, 0.9793326947210368, 0.0 0.0 0.0 0.0019551753184877973 0.007973858179611626 0.1021905893590925 0.8878803771428081, 
60, 0001111000, 0011111100, 0.5932853197675308, 0.9811451234178785, 0.0 0.0 0.0 0.00046044699381050605 0.005703064105062252 0.10034179030117311 0.8934946985999541, 
61, 0011111110, 0011111100, 0.591545019392609, 0.9780491354319659, 0.0 0.0 0.0 0.0018621771696220124 0.010447470176799388 0.10522371554574038 0.8824666371078382, 
62, 0011111100, 0011111100, 0.5935312539491278, 0.9811863702412618, 0.0 0.0 0.0 0.0006192343896263554 0.009112769914867511 0.09279853555381537 0.8974694601416908, 
63, 0011111000, 0011111100, 0.5940381241678534, 0.9819308697827118, 0.0 0.0 0.0 0.0 0.008694083384664654 0.0910266145344003 0.9002793020809351, 
64, 0011111000, 0011111100, 0.590975913982483, 0.9774104851188888, 0.0 0.0 0.00031652654163139205 0.00126200552163222 0.009621497111681922 0.11124197233188186 0.8775579984931727, 
65, 0011111100, 0011111100, 0.5917075209477992, 0.9784656328906958, 0.0 0.0 0.0007297205278815825 0.003377699918510488 0.008522176854164997 0.099109867080438 0.888260535619005, 
66, 0011111100, 0011111100, 0.5937991849748822, 0.9820558628214938, 0.0 0.0 0.0 0.00016562199652180783 0.005109844008280767 0.09694826906491069 0.8977762649302867, 
67, 0011111100, 0011111100, 0.591003294596625, 0.9773632600271899, 0.0 0.0 0.0 0.0006652508190272251 0.011172221210773707 0.11148024495823264 0.8766822830119664, 
68, 0011111100, 0011111100, 0.592099619702623, 0.979043490503745, 0.0 0.0 0.0 0.0007872561718214125 0.008590145563684398 0.1061969973346974 0.8844256009297968, 
69, 0011111100, 0011111100, 0.5944936521904384, 0.9829559247673335, 0.0 0.0 0.0 0.00015033945958682466 0.00403700026050315 0.09373943249623144 0.9020732277836786, 
70, 0011111100, 0011111100, 0.5925310215661276, 0.9798824582412934, 0.0 0.0 0.0003228123090795959 0.0021272956694739203 0.00602896423057776 0.10097418584634306 0.8905467419445255, 
71, 0011111100, 0011111100, 0.5944474142761772, 0.9830940513432229, 0.0 0.0 0.0 0.0 0.005035973182625472 0.0913637455754123 0.9036002812419622, 
72, 0011111100, 0011111100, 0.5926013651577672, 0.9798187136944674, 0.0 0.0 0.0 0.0008636349551751783 0.009759462856167078 0.0989778872553358 0.890399014933322, 
73, 0111111100, 0011111100, 0.5922381045964398, 0.9793570365041201, 0.0 0.0 0.0 0.00019598884670155386 0.010671635059930826 0.10192654431531263 0.887205831778055, 
74, 0011111100, 0011111100, 0.5948497984198068, 0.9838698788620598, 0.0 0.0 0.0 0.0008304590480146095 0.007100335743765369 0.08008867819606659 0.9119805270121535, 
75, 0001111100, 0011111100, 0.5924366703405481, 0.979546226188713, 0.0 0.0 6.257918527977806e-05 0.0010005684669684369 0.005466739789038555 0.10853714114762018 0.8849329714110931, 
76, 0011111100, 0011111100, 0.5946586153335812, 0.9831379196120942, 0.0 0.0 0.00019744708169778185 0.00034822737959248673 0.007383993964042152 0.08457002393378209 0.9075003076408854, 
77, 0011111100, 0011111100, 0.5934957383367552, 0.981275898809923, 0.0 0.0 0.0 0.00019028266191499572 0.006659541421619752 0.09845467631147707 0.8946954996049882, 
78, 0011111100, 0011111100, 0.5909143921570451, 0.9771092591002821, 0.0 0.0 5.7312957474163595e-06 0.0006128763141194978 0.010041787730241012 0.11539931581247717 0.8739402888474149, 
79, 0011111100, 0011111100, 0.5949812046167716, 0.9838867071878011, 0.0 0.0 0.0 0.0003014516208143461 0.003995316899522131 0.08778476821170593 0.9079184632679576, 
80, 0011111100, 0011111100, 0.5928283648922987, 0.9802452438658261, 0.0 0.0 0.0 0.0009415522394974458 0.006836376019575304 0.10203112804740012 0.8901909436935271, 
81, 0011111000, 0011111100, 0.5934379454467661, 0.9813551549917734, 0.0 0.0 0.0 0.0012225895327447709 0.00846125073913191 0.09127879997286144 0.8990373597552619, 
82, 0011111100, 0011111100, 0.5915778476506653, 0.9782474896162892, 0.0 0.0 0.0 0.001220300808008682 0.011254830707979138 0.10434449846228058 0.8831803700217316, 
83, 0011111100, 0011111100, 0.5934561580380596, 0.9811804599206583, 0.0 0.0 0.0 9.98104909081686e-05 0.00966643288348134 0.0932849432363636 0.8969488133892468, 
84, 0011111100, 0011111100, 0.5945588447629542, 0.9830594696609869, 0.0 0.0 0.0 5.775307827322255e-05 0.006882125106863003 0.08770567258553318 0.9053544492293306, 
85, 0011111100, 0011111100, 0.5931144015235668, 0.9810566406255866, 0.0 0.0 0.0 0.0003236986771987733 0.005247005896987536 0.10219504842090878 0.8922342470049048, 
86, 0011111100, 0011111100, 0.5919396685900526, 0.9787881080559119, 0.0 0.0 0.0 0.0015639548886876161 0.01068297593219644 0.1012135351340735 0.8865395340450425, 
87, 0011111100, 0001111100, 0.5944029182505733, 0.9825024283692924, 0.0 0.0 4.6947672114613507e-05 0.0004555093540771163 0.005163186374017766 0.09310473828552046 0.9012296183142701, 
88, 0011111100, 0011111100, 0.5925828605806557, 0.9800125774435527, 0.0 0.0 0.0 0.00027282201709270473 0.006281325932369274 0.1065434174226668 0.8869024346278712, 
89, 0011111100, 0111111100, 0.5905410604947852, 0.9767097622680135, 0.0 0.0 0.0 0.0018107017083683467 0.010271128593141545 0.11376706408053058 0.8741511056179595, 
90, 0011111100, 0011111100, 0.595359712032264, 0.9845493481651164, 0.0 0.0 0.0 0.0001872727966970489 0.004485883211542204 0.08317032619612542 0.9121565177956353, 
91, 0011111100, 0011111100, 0.5917628171830387, 0.978606911608449, 0.0 0.0 0.0005676156295502752 0.0014514566948064876 0.006478422062552858 0.10877685362157993 0.8827256519915105, 
92, 0011111100, 0011111100, 0.5925844456231473, 0.9797243970105275, 0.0 0.0 0.0 0.00041438947045970524 0.011560535832124613 0.09728937786120732 0.8907356968362083, 
93, 0011111100, 0001111100, 0.5909578819408, 0.977229257303334, 0.0 0.0 0.00015357847277266637 0.0013177470747483342 0.010516239782419282 0.11102442149982195 0.8769880131702378, 
94, 0011111100, 0011111100, 0.5936609756150766, 0.9816409612388238, 0.0 0.0 0.0 0.00017608165355460981 0.007132115867575932 0.09536175587124045 0.897330046607629, 
95, 0011111100, 0011111100, 0.5922167818646551, 0.9795264867274553, 0.0 0.0 0.0 0.0014782552462420007 0.008269400170912428 0.10186751355471683 0.8883848310281288, 
96, 0011111100, 0011111100, 0.5923700529744328, 0.9795861682902663, 0.0 0.0 0.0 0.0003022133555090995 0.008878303802551746 0.10381974258677197 0.8869997402551671, 
97, 0011111100, 0011111100, 0.5922614014339863, 0.9795990810146133, 0.0 0.0 0.0003704346424217451 0.00034143358994029815 0.009371739016195388 0.10115599654042126 0.8887603962110213, 
98, 0001111110, 0001111100, 0.5947515280219181, 0.9833632043007449, 0.0 0.0 0.0 7.117489658821197e-05 0.005917906439116192 0.08777143662753309 0.9062394820367626, 
99, 0011111100, 0011111110, 0.5857911615976756, 0.9687892732321747, 0.012536889682733898 0.00016255462569543291 0.0010128580652419726 0.0004258943719376552 0.007244593446344734 0.09141194711260031 0.8872052626954459, 
100, 0011111000, 0111111100, 0.5923074326741016, 0.9795422626213001, 0.0 0.0 0.0 0.0006910135597681999 0.007052164900785145 0.10656905379132454 0.8856877677481221, 
